      3900.00      53.4978      7.11995
      3901.40      48.5571      6.65646
      3902.80      51.2883      5.84473
      3904.20      55.4442      5.64632
      3905.60      53.0618      5.28628
      3907.00      58.4137      5.91230
      3908.40      59.0227      6.22120
      3909.80      58.3761      5.78603
      3911.20      59.5994      5.76849
      3912.60      58.2771      5.81512
      3914.00      54.3249      6.28523
      3915.40      52.0083      6.18476
      3916.80      59.7323      6.05604
      3918.20      52.9627      5.43812
      3919.60      47.9110      5.33600
      3921.00      55.6681      6.02096
      3922.40      59.8076      6.33313
      3923.80      59.3071      6.35075
      3925.20      57.0074      5.75598
      3926.60      52.6400      5.06295
      3928.00      53.5053      5.25658
      3929.40      44.5717      4.66516
      3930.80      33.6049      4.61364
      3932.20      14.2306      3.34676
      3933.60      15.7348      3.69638
      3935.00      34.5606      4.50434
      3936.40      49.4729      5.21975
      3937.80      52.3591      5.37351
      3939.20      54.0977      5.06925
      3940.60      58.4603      5.48752
      3942.00      54.6362      5.86499
      3943.40      58.0026      5.74222
      3944.80      52.9629      5.41634
      3946.20      59.4327      5.30649
      3947.60      53.9923      5.40130
      3949.00      53.9970      5.42431
      3950.40      55.7639      5.30219
      3951.80      56.5891      5.18578
      3953.20      58.6969      4.99532
      3954.60      50.5771      4.99658
      3956.00      51.9839      5.13668
      3957.40      54.3568      5.35742
      3958.80      57.4763      5.55211
      3960.20      50.5246      5.53412
      3961.60      53.8783      5.42576
      3963.00      52.3745      5.11076
      3964.40      41.7796      4.52827
      3965.80      30.0990      4.17658
      3967.20      14.8675      3.51953
      3968.60      13.9137      3.34047
      3970.00      22.5662      3.68819
      3971.40      35.8246      4.42284
      3972.80      43.6825      4.78253
      3974.20      44.2693      5.23182
      3975.60      50.6965      5.44987
      3977.00      50.0016      4.71479
      3978.40      53.7581      4.94908
      3979.80      55.3167      4.65329
      3981.20      51.2231      5.02245
      3982.60      53.3514      4.99909
      3984.00      52.7120      4.94366
      3985.40      54.1080      4.82716
      3986.80      56.0962      4.98225
      3988.20      54.7043      5.13527
      3989.60      54.3839      5.20461
      3991.00      59.8264      5.32150
      3992.40      59.9849      4.94134
      3993.80      60.5725      4.89288
      3995.20      52.8784      4.68825
      3996.60      58.5764      4.99195
      3998.00      52.4728      4.51470
      3999.40      58.0681      4.80336
      4000.80      57.2891      4.86154
      4002.20      58.1996      4.73953
      4003.60      59.6287      4.73060
      4005.00      52.7786      4.90612
      4006.40      62.3102      5.08569
      4007.80      64.3481      5.04229
      4009.20      56.3336      4.81912
      4010.60      56.3590      5.01879
      4012.00      58.4351      4.93520
      4013.40      55.7962      4.80835
      4014.80      58.4594      4.91026
      4016.20      60.8835      5.00878
      4017.60      57.8442      4.67839
      4019.00      57.7019      5.00518
      4020.40      56.6082      4.97677
      4021.80      56.2032      4.85279
      4023.20      53.2012      4.84856
      4024.60      57.4227      4.92526
      4026.00      55.4639      4.80174
      4027.40      58.7209      4.75963
      4028.80      58.4026      4.85644
      4030.20      57.4236      4.73016
      4031.60      57.3095      5.18173
      4033.00      60.1808      5.03865
      4034.40      55.7426      4.90946
      4035.80      58.4108      4.89240
      4037.20      63.9399      4.89680
      4038.60      58.2625      4.87071
      4040.00      60.8007      5.00599
      4041.40      56.6721      5.03012
      4042.80      57.0642      5.24744
      4044.20      55.2534      5.32912
      4045.60      53.2622      5.06403
      4047.00      59.1919      5.51651
      4048.40      58.5484      5.44745
      4049.80      59.5511      4.77266
      4051.20      57.6891      4.47359
      4052.60      56.6752      4.91018
      4054.00      55.9397      4.96911
      4055.40      57.9941      5.02022
      4056.80      56.9317      4.67695
      4058.20      61.2293      4.62127
      4059.60      60.8989      4.59660
      4061.00      55.4804      4.61862
      4062.40      50.6996      4.62428
      4063.80      54.9310      4.70633
      4065.20      56.0199      4.71223
      4066.60      54.1099      4.66574
      4068.00      57.9382      4.44409
      4069.40      56.3017      4.65543
      4070.80      50.6680      4.65862
      4072.20      55.4869      4.92112
      4073.60      55.4519      4.75356
      4075.00      52.5331      4.69534
      4076.40      46.8392      4.40736
      4077.80      53.7174      4.60841
      4079.20      53.8331      4.92540
      4080.60      58.6037      4.80869
      4082.00      58.3977      4.87021
      4083.40      54.3521      4.75120
      4084.80      53.8922      4.52454
      4086.20      55.8199      4.57212
      4087.60      55.5137      4.99296
      4089.00      55.7288      4.67850
      4090.40      53.3805      4.51230
      4091.80      50.9506      4.48955
      4093.20      51.4570      4.18852
      4094.60      52.7522      4.42821
      4096.00      44.0864      4.05235
      4097.40      43.3114      4.01467
      4098.80      41.8709      4.03081
      4100.20      30.6763      3.61765
      4101.60      27.3925      3.47781
      4103.00      36.7484      3.87549
      4104.40      42.9589      4.04908
      4105.80      45.9482      4.00455
      4107.20      48.7513      4.08020
      4108.60      49.8916      4.29880
      4110.00      52.3566      4.40967
      4111.40      54.0974      4.40315
      4112.80      53.6790      4.38999
      4114.20      55.2139      4.37256
      4115.60      55.7385      4.60407
      4117.00      56.8700      4.35275
      4118.40      51.7442      4.13788
      4119.80      54.0466      4.36044
      4121.20      53.4217      4.28520
      4122.60      53.9747      4.25728
      4124.00      55.5090      4.42322
      4125.40      56.9946      4.27846
      4126.80      54.8978      4.27472
      4128.20      56.9302      4.43600
      4129.60      53.4841      4.32359
      4131.00      52.4320      4.45029
      4132.40      55.7652      4.51659
      4133.80      55.2063      4.33010
      4135.20      53.8922      4.18328
      4136.60      59.3788      4.47893
      4138.00      56.1202      4.42055
      4139.40      56.2620      4.33511
      4140.80      58.1152      4.45564
      4142.20      54.6475      4.16506
      4143.60      53.6738      4.23937
      4145.00      55.7869      4.40653
      4146.40      54.3759      4.41113
      4147.80      55.8251      4.23770
      4149.20      56.1702      4.19481
      4150.60      54.3917      4.03667
      4152.00      57.0466      4.26426
      4153.40      56.1783      4.29337
      4154.80      50.6940      4.43252
      4156.20      53.2428      4.52154
      4157.60      54.1842      4.56886
      4159.00      58.9568      4.45845
      4160.40      55.6085      4.27978
      4161.80      49.9638      4.20617
      4163.20      54.5838      4.21381
      4164.60      57.4194      4.33457
      4166.00      57.6541      4.49457
      4167.40      56.9755      4.39911
      4168.80      59.3183      4.26452
      4170.20      50.6864      4.11449
      4171.60      55.2989      4.31577
      4173.00      51.4339      4.27178
      4174.40      54.1534      4.23158
      4175.80      52.6950      4.12903
      4177.20      49.6787      4.22325
      4178.60      53.7157      4.02147
      4180.00      53.8410      4.03322
      4181.40      52.9757      4.15617
      4182.80      54.7067      4.19941
      4184.20      53.4241      3.99420
      4185.60      53.5997      4.20047
      4187.00      52.3920      4.12955
      4188.40      54.9856      4.14899
      4189.80      53.2866      4.19081
      4191.20      51.7585      4.09800
      4192.60      55.9324      3.88005
      4194.00      52.3669      4.00523
      4195.40      56.8216      4.17111
      4196.80      54.2523      4.05955
      4198.20      53.5080      3.84054
      4199.60      52.0991      3.98915
      4201.00      55.5374      4.06890
      4202.40      50.2472      3.84947
      4203.80      54.5238      4.16446
      4205.20      52.4902      4.11148
      4206.60      54.7842      4.11523
      4208.00      54.4895      4.08018
      4209.40      55.4383      4.02356
      4210.80      54.5377      3.74448
      4212.20      56.0585      4.25428
      4213.60      54.1176      4.15127
      4215.00      48.2398      4.35973
      4216.40      54.7890      4.32951
      4217.80      49.4721      4.34624
      4219.20      57.2195      4.05722
      4220.60      50.9659      3.75007
      4222.00      54.3243      3.87108
      4223.40      51.1328      3.89741
      4224.80      47.3895      3.88072
      4226.20      47.9178      3.94682
      4227.60      49.7945      3.99060
      4229.00      55.2562      4.33586
      4230.40      58.5135      4.08075
      4231.80      51.0366      3.95296
      4233.20      51.7127      3.90703
      4234.60      51.3164      3.97522
      4236.00      51.7267      4.02339
      4237.40      51.9616      4.07408
      4238.80      51.7100      4.08508
      4240.20      55.8073      4.07626
      4241.60      54.1548      3.88436
      4243.00      54.0491      4.03050
      4244.40      51.9780      3.84891
      4245.80      46.1312      3.53534
      4247.20      51.2680      4.07080
      4248.60      51.4461      4.18436
      4250.00      49.7151      3.97170
      4251.40      52.5094      4.12221
      4252.80      52.3282      3.91945
      4254.20      49.2814      3.84794
      4255.60      52.8284      4.03796
      4257.00      52.7676      3.92519
      4258.40      50.5514      3.86084
      4259.80      51.2915      3.88815
      4261.20      51.9715      3.88392
      4262.60      54.9786      3.78016
      4264.00      54.4604      3.82636
      4265.40      56.7906      3.98395
      4266.80      52.1699      3.86601
      4268.20      51.1164      3.97579
      4269.60      50.3918      3.72797
      4271.00      46.4443      3.86982
      4272.40      54.1015      3.88653
      4273.80      50.2491      4.12598
      4275.20      51.0520      4.14859
      4276.60      56.8513      4.08460
      4278.00      55.3503      4.19371
      4279.40      55.9528      4.08941
      4280.80      51.5387      3.75156
      4282.20      50.4072      3.92867
      4283.60      57.1157      3.90084
      4285.00      53.8548      3.89813
      4286.40      50.2262      3.75521
      4287.80      51.0222      3.73683
      4289.20      45.4421      3.55266
      4290.60      51.3247      3.74701
      4292.00      53.7582      3.75809
      4293.40      52.3004      3.97063
      4294.80      52.6564      3.82027
      4296.20      52.6675      3.88789
      4297.60      50.4387      3.98912
      4299.00      46.7333      3.70753
      4300.40      46.8741      3.57193
      4301.80      46.2690      3.76496
      4303.20      45.8791      3.65462
      4304.60      52.4747      3.90371
      4306.00      49.1184      3.60289
      4307.40      48.0365      3.46394
      4308.80      48.6380      3.58141
      4310.20      53.2906      3.73032
      4311.60      52.0694      3.64864
      4313.00      48.2672      3.64947
      4314.40      47.9660      3.78140
      4315.80      53.2872      3.77318
      4317.20      48.9627      3.76464
      4318.60      50.4113      3.75102
      4320.00      45.8188      3.53095
      4321.40      53.4436      3.91421
      4322.80      49.4875      3.82384
      4324.20      47.6277      3.56787
      4325.60      46.6181      3.46039
      4327.00      50.4981      3.66023
      4328.40      49.9327      3.70444
      4329.80      49.3187      3.89058
      4331.20      48.8163      4.03546
      4332.60      50.4392      3.82601
      4334.00      45.2332      3.38497
      4335.40      44.4899      3.49826
      4336.80      41.9455      3.55064
      4338.20      34.6095      3.15531
      4339.60      25.5304      2.75543
      4341.00      27.7297      2.95103
      4342.40      43.2734      3.27356
      4343.80      40.1086      3.58816
      4345.20      44.0279      3.52969
      4346.60      48.7425      3.73918
      4348.00      47.2399      3.65476
      4349.40      50.0276      3.78712
      4350.80      46.7097      3.59686
      4352.20      48.0667      3.59552
      4353.60      52.5003      3.78265
      4355.00      51.7517      3.54818
      4356.40      53.9070      3.60647
      4357.80      51.3015      3.80838
      4359.20      50.1261      4.27397
      4360.60      53.3057      4.32365
      4362.00      54.6970      4.04215
      4363.40      53.8188      3.85545
      4364.80      53.0675      3.84148
      4366.20      51.4466      3.55890
      4367.60      52.7565      3.71671
      4369.00      54.9775      3.82930
      4370.40      56.4857      3.81011
      4371.80      54.3259      4.02857
      4373.20      49.4055      3.74240
      4374.60      50.4352      3.82251
      4376.00      52.8456      3.82829
      4377.40      53.5622      3.88236
      4378.80      52.0815      4.00410
      4380.20      52.0909      4.10384
      4381.60      50.1326      3.73936
      4383.00      44.8684      3.32159
      4384.40      47.5988      3.47370
      4385.80      49.6223      3.72050
      4387.20      50.9482      3.67189
      4388.60      52.0024      3.79044
      4390.00      51.7564      3.82304
      4391.40      53.0638      3.77739
      4392.80      52.6919      3.65073
      4394.20      46.2059      3.56323
      4395.60      48.8448      3.53546
      4397.00      53.3063      3.63873
      4398.40      50.3528      3.63677
      4399.80      49.8249      3.77440
      4401.20      50.0996      3.57405
      4402.60      48.5597      3.53607
      4404.00      51.0495      3.61015
      4405.40      49.1057      3.44429
      4406.80      51.1663      3.55697
      4408.20      52.7835      3.65397
      4409.60      50.4072      3.58564
      4411.00      52.8774      3.48394
      4412.40      51.4037      3.67695
      4413.80      48.1855      3.51939
      4415.20      45.4195      3.47290
      4416.60      47.4533      3.46677
      4418.00      46.4136      3.45939
      4419.40      50.2370      3.51295
      4420.80      48.2399      3.52452
      4422.20      50.8041      3.63338
      4423.60      49.5267      3.44581
      4425.00      52.9281      3.41223
      4426.40      48.4801      3.43942
      4427.80      51.5676      3.76644
      4429.20      52.0327      3.83639
      4430.60      49.3503      3.50217
      4432.00      49.0335      3.35521
      4433.40      49.9173      3.71618
      4434.80      50.1924      3.75726
      4436.20      52.1884      3.75896
      4437.60      51.3960      3.64442
      4439.00      55.0084      3.59721
      4440.40      50.1429      3.59784
      4441.80      45.6361      3.20565
      4443.20      47.8210      3.53485
      4444.60      47.8233      3.41615
      4446.00      49.0737      3.37731
      4447.40      48.2949      3.35744
      4448.80      48.8775      3.52848
      4450.20      49.8915      3.64429
      4451.60      49.4831      3.64893
      4453.00      48.8464      3.63248
      4454.40      47.5842      3.42548
      4455.80      49.0174      3.40077
      4457.20      49.9569      3.41355
      4458.60      48.9622      3.41840
      4460.00      52.2208      3.31781
      4461.40      50.4912      3.52110
      4462.80      49.2640      3.29691
      4464.20      50.2970      3.58083
      4465.60      51.4515      3.55088
      4467.00      47.8287      3.21829
      4468.40      48.1204      3.48136
      4469.80      51.9712      3.47131
      4471.20      50.1206      3.67240
      4472.60      51.8262      3.76265
      4474.00      52.0303      3.85617
      4475.40      48.1493      3.65266
      4476.80      48.8102      3.54443
      4478.20      50.6003      3.37207
      4479.60      49.5344      3.41145
      4481.00      47.4473      3.47632
      4482.40      49.6621      3.33069
      4483.80      47.7017      3.30883
      4485.20      50.4359      3.45554
      4486.60      52.3313      3.64620
      4488.00      50.1516      3.52582
      4489.40      48.0101      3.59009
      4490.80      51.8546      3.64256
      4492.20      50.2456      3.43616
      4493.60      50.3341      3.55607
      4495.00      51.9526      3.39281
      4496.40      51.1271      3.50407
      4497.80      51.3680      3.49325
      4499.20      48.2704      3.40534
      4500.60      46.8397      3.42932
      4502.00      49.8251      3.46927
      4503.40      51.3223      3.30899
      4504.80      52.9669      3.42366
      4506.20      49.1371      3.39427
      4507.60      48.1684      3.31306
      4509.00      48.7164      3.20677
      4510.40      49.7604      3.42852
      4511.80      51.0294      3.53780
      4513.20      51.5709      3.40933
      4514.60      48.0419      3.30148
      4516.00      46.5214      3.37828
      4517.40      50.7596      3.45791
      4518.80      46.6840      3.34936
      4520.20      47.4859      3.47666
      4521.60      47.0790      3.44806
      4523.00      48.2249      3.50121
      4524.40      48.3889      3.30374
      4525.80      50.9717      3.32015
      4527.20      50.9098          Inf
      4528.60      50.8479          Inf
      4530.00      50.7861      3.94348
      4531.40      47.3688      3.54028
      4532.80      43.7647      3.40707
      4534.20      46.9520      3.48073
      4535.60      47.7383      3.24637
      4537.00      49.4633      3.47231
      4538.40      50.6788      3.46258
      4539.80      50.0810      3.35525
      4541.20      48.3870      3.37461
      4542.60      51.7488      3.37455
      4544.00      49.3908      3.46832
      4545.40      50.6438      3.49860
      4546.80      49.3657      3.38085
      4548.20      45.8061      3.24800
      4549.60      48.2992      3.35658
      4551.00      48.8027      3.44466
      4552.40      45.8181      3.53756
      4553.80      47.3150      3.36133
      4555.20      44.3065      3.09638
      4556.60      50.4355      3.16979
      4558.00      49.3282      3.19089
      4559.40      48.9976      3.23175
      4560.80      48.9964      3.27132
      4562.20      47.5606      3.30160
      4563.60      45.7350      2.90661
      4565.00      49.6299      3.15805
      4566.40      50.7429      3.26637
      4567.80      50.5913      3.38909
      4569.20      48.9030      3.27427
      4570.60      45.7074      3.40121
      4572.00      48.8508      3.55596
      4573.40      47.8646      3.30137
      4574.80      50.2167      3.28623
      4576.20      49.5254      3.23505
      4577.60      48.6409      3.13844
      4579.00      50.5532      3.41860
      4580.40      49.8550      3.51150
      4581.80      50.9233      3.38294
      4583.20      48.0787      3.24480
      4584.60      46.4596      3.05949
      4586.00      48.5412      3.30631
      4587.40      46.7310      3.23606
      4588.80      49.3508      3.30923
      4590.20      49.7470      3.24247
      4591.60      49.7637      3.26689
      4593.00      47.9776      3.14671
      4594.40      51.2953      3.27329
      4595.80      50.4313      3.26637
      4597.20      50.7386      3.41314
      4598.60      49.2093      3.12026
      4600.00      49.0763      3.30057
      4601.40      46.8956      3.22143
      4602.80      49.7011      3.31903
      4604.20      49.8356      3.21356
      4605.60      50.0427      3.31229
      4607.00      50.4861      3.26216
      4608.40      48.7827      3.31874
      4609.80      53.9850      3.28762
      4611.20      48.8505      3.16570
      4612.60      47.6154      3.31300
      4614.00      51.0126      3.40571
      4615.40      50.4514      3.24394
      4616.80      49.8578      3.18584
      4618.20      48.7348      3.26501
      4619.60      47.7965      3.33784
      4621.00      48.8497      3.31032
      4622.40      47.3925      3.07441
      4623.80      48.1224      3.32867
      4625.20      49.8967      3.31756
      4626.60      48.2964      3.14772
      4628.00      47.1069      3.10883
      4629.40      46.4555      3.07431
      4630.80      48.4516      3.45623
      4632.20      49.6831      3.45694
      4633.60      47.6092      3.19906
      4635.00      49.5559      3.18143
      4636.40      49.7861      3.12803
      4637.80      48.8533      3.27199
      4639.20      49.6602      3.26502
      4640.60      47.4099      3.14351
      4642.00      48.6769      3.27788
      4643.40      50.2871      3.17736
      4644.80      48.6609      3.18416
      4646.20      47.9732      3.12209
      4647.60      47.3628      3.19236
      4649.00      49.1634      3.37689
      4650.40      48.6148      3.26411
      4651.80      47.6588      2.93089
      4653.20      50.2847      3.13415
      4654.60      48.4873      3.20528
      4656.00      46.8988      3.01862
      4657.40      50.4471      3.17686
      4658.80      48.8344      3.26002
      4660.20      48.2985      3.21336
      4661.60      48.6576      3.16025
      4663.00      47.8587      3.39024
      4664.40      47.8288      3.67711
      4665.80      46.7361      3.35850
      4667.20      48.7471      3.20472
      4668.60      48.8619      3.21496
      4670.00      45.1790      3.36063
      4671.40      48.1697      3.38278
      4672.80      48.6156      3.27833
      4674.20      49.6613      3.22688
      4675.60      50.9867      3.31842
      4677.00      49.3734      3.04763
      4678.40      46.7167      3.05007
      4679.80      47.7346      3.13952
      4681.20      49.9259      3.18799
      4682.60      50.1327      3.35028
      4684.00      48.3440      3.19097
      4685.40      48.2075      3.01909
      4686.80      50.0630      3.14267
      4688.20      50.2027      3.18356
      4689.60      49.0749      3.17209
      4691.00      49.2684      3.14304
      4692.40      49.5050      3.01466
      4693.80      48.3515      3.13766
      4695.20      48.5838      3.16932
      4696.60      51.2539      3.39912
      4698.00      50.5671      3.31783
      4699.40      48.2596      3.15744
      4700.80      49.4085      3.05171
      4702.20      48.3052      3.13746
      4703.60      48.5657      2.98814
      4705.00      50.0858      3.10696
      4706.40      49.5413      3.29725
      4707.80      47.7028      3.05967
      4709.20      46.5291      3.10407
      4710.60      47.5982      3.10979
      4712.00      48.2285      3.04938
      4713.40      45.8785      3.12841
      4714.80      48.7177      3.17807
      4716.20      48.9563      3.15577
      4717.60      49.2791      3.09819
      4719.00      47.6502      3.07379
      4720.40      46.0233      2.99070
      4721.80      48.7516      3.09632
      4723.20      48.4751      3.14321
      4724.60      47.3770      3.04841
      4726.00      48.3605      3.04381
      4727.40      47.6984      3.04267
      4728.80      48.7765      3.09405
      4730.20      45.9341      3.04453
      4731.60      47.2570      3.07705
      4733.00      50.8019      3.17472
      4734.40      48.3095      3.18749
      4735.80      47.2311      3.14660
      4737.20      48.5036      3.06609
      4738.60      50.6401      3.09703
      4740.00      49.7136      3.14702
      4741.40      48.2452      3.15330
      4742.80      46.7178      3.18548
      4744.20      45.9141      2.96527
      4745.60      48.5194      2.95902
      4747.00      47.0467      3.14855
      4748.40      48.3513      3.15874
      4749.80      47.6248      2.96740
      4751.20      49.4853      3.04707
      4752.60      49.7373      3.15830
      4754.00      49.4357      3.26752
      4755.40      47.3667      3.32112
      4756.80      48.0288      3.25799
      4758.20      47.4547      3.01149
      4759.60      47.5990      2.98178
      4761.00      46.6533      2.95753
      4762.40      46.1647      3.09523
      4763.80      45.3527      3.33561
      4765.20      50.1215      3.30022
      4766.60      47.9010      3.10293
      4768.00      48.2043      2.99250
      4769.40      47.5569      3.06621
      4770.80      47.8821      3.05958
      4772.20      49.4313      3.05675
      4773.60      48.5802      3.05082
      4775.00      47.4299      2.96699
      4776.40      46.1452      2.99765
      4777.80      50.1162      3.21812
      4779.20      47.7658      3.10001
      4780.60      46.3378      3.09726
      4782.00      48.0684      3.28100
      4783.40      46.9590      3.21654
      4784.80      49.1968      3.31083
      4786.20      48.8077      3.21444
      4787.60      48.0325      3.02824
      4789.00      47.9310      3.02039
      4790.40      46.7019      3.04334
      4791.80      48.2703      3.08243
      4793.20      48.0703      2.95907
      4794.60      48.2317      2.94164
      4796.00      48.2745      3.02299
      4797.40      47.3928      3.16633
      4798.80      47.9809      3.11604
      4800.20      46.7820      2.98954
      4801.60      46.6121      2.89192
      4803.00      46.1945      3.05396
      4804.40      46.0708      3.16163
      4805.80      47.0027      3.12377
      4807.20      45.6535      2.91221
      4808.60      48.2360      3.02383
      4810.00      48.4918      2.94984
      4811.40      46.2055      2.95149
      4812.80      46.9406      3.10751
      4814.20      47.9822      3.15102
      4815.60      47.1860      3.03187
      4817.00      47.8032      3.00307
      4818.40      48.0182      2.99235
      4819.80      48.3762      2.99554
      4821.20      46.1445      2.94958
      4822.60      48.6084      2.97821
      4824.00      43.9862      2.88384
      4825.40      50.6852      3.09251
      4826.80      45.4496      2.99579
      4828.20      48.1200      3.01503
      4829.60      47.3714      3.05925
      4831.00      46.4454      3.02839
      4832.40      45.5108      3.04974
      4833.80      45.2671      3.06552
      4835.20      46.4290      3.00808
      4836.60      47.7420      3.04997
      4838.00      47.7862      3.14733
      4839.40      46.7536      3.04200
      4840.80      47.5440      3.06771
      4842.20      45.4460      2.90251
      4843.60      46.1316      2.98032
      4845.00      47.1466      3.01010
      4846.40      45.2819      2.92825
      4847.80      45.0766      3.03994
      4849.20      43.7603      2.91789
      4850.60      45.4276      2.98088
      4852.00      45.9494      3.02055
      4853.40      43.5570      2.88401
      4854.80      40.6387      2.87044
      4856.20      40.5329      2.82684
      4857.60      38.5991      2.85229
      4859.00      30.4663      2.54013
      4860.40      23.7140      2.32835
      4861.80      26.8626      2.46731
      4863.20      36.0579      2.87155
      4864.60      38.3344      2.81593
      4866.00      41.3851      2.79543
      4867.40      41.7958      2.82368
      4868.80      43.7545      2.90608
      4870.20      41.6289      2.78918
      4871.60      41.0028      2.80468
      4873.00      45.0758      2.90519
      4874.40      44.9611      2.96941
      4875.80      42.8911      2.89462
      4877.20      44.6851      2.98488
      4878.60      44.6640      2.92328
      4880.00      44.7857      2.93310
      4881.40      46.4798      2.93942
      4882.80      46.0652      2.92715
      4884.20      44.4949      2.94065
      4885.60      45.0630      2.98172
      4887.00      46.7434      3.07567
      4888.40      46.2352      3.13292
      4889.80      44.6315      2.98906
      4891.20      41.7073      2.82620
      4892.60      47.8140      3.12458
      4894.00      46.0348      3.06436
      4895.40      46.6953      3.22742
      4896.80      46.1659      3.15614
      4898.20      45.8779      3.07326
      4899.60      45.0290      2.95547
      4901.00      47.5725      3.00264
      4902.40      46.8669      3.00865
      4903.80      45.6366      3.04111
      4905.20      50.1063      3.29951
      4906.60      47.5766      2.97464
      4908.00      45.9042      2.83423
      4909.40      45.3714      2.97044
      4910.80      46.1558      2.98672
      4912.20      45.4739      3.08368
      4913.60      47.6710      3.10843
      4915.00      50.7908      3.12249
      4916.40      48.0678      2.92918
      4917.80      45.3431      2.79978
      4919.20      43.0733      2.86430
      4920.60      43.5667      2.83596
      4922.00      45.3046      2.86293
      4923.40      40.9792      2.72757
      4924.80      44.0825      2.83431
      4926.20      43.7782      2.83284
      4927.60      45.5613      2.91038
      4929.00      47.3922      2.91971
      4930.40      48.0303      2.93966
      4931.80      46.3042      2.92729
      4933.20      43.9923      3.02476
      4934.60      45.5333      3.03077
      4936.00      45.8114      3.01502
      4937.40      45.2938      3.02937
      4938.80      45.4533      3.01919
      4940.20      45.6720      2.92245
      4941.60      46.0430      2.89032
      4943.00      46.1239      2.80832
      4944.40      46.0095      2.93988
      4945.80      47.3582      2.91602
      4947.20      48.0371      3.03629
      4948.60      45.6403      2.86841
      4950.00      46.3714      2.94815
      4951.40      48.3132      3.17519
      4952.80      46.0953      3.04884
      4954.20      47.7438      2.86800
      4955.60      44.3979      2.91340
      4957.00      45.0804      2.81409
      4958.40      45.9794      2.89280
      4959.80      46.2103      2.95481
      4961.20      47.0756      2.84008
      4962.60      46.0752      2.90878
      4964.00      47.6045      2.85589
      4965.40      46.6526      2.91375
      4966.80      46.3898      2.92649
      4968.20      47.7259      2.90689
      4969.60      44.9446      2.88287
      4971.00      44.0035      2.86936
      4972.40      46.0973      2.88930
      4973.80      46.2673      3.01398
      4975.20      46.9740      2.93758
      4976.60      45.0907      3.09620
      4978.00      45.6904      2.92290
      4979.40      44.6839      2.79309
      4980.80      44.8921      2.87443
      4982.20      45.0111      2.93097
      4983.60      43.1642      2.83101
      4985.00      47.0386      2.88758
      4986.40      45.5589      2.93454
      4987.80      44.6182      2.96934
      4989.20      46.0583      2.85600
      4990.60      45.1853      3.06258
      4992.00      44.7535      3.00749
      4993.40      45.3441      2.89028
      4994.80      44.2824      2.88594
      4996.20      45.4473      2.77543
      4997.60      45.4124      2.85229
      4999.00      44.2708      2.73753
