      3900.00      64.1700      7.05686
      3901.40      64.9163      7.21421
      3902.80      75.8493      7.25799
      3904.20      76.7939      7.63559
      3905.60      71.9730      7.45847
      3907.00      73.5906      7.46688
      3908.40      86.4176      8.35020
      3909.80      84.0288      8.22719
      3911.20      82.2698      8.03446
      3912.60      78.2584      7.91074
      3914.00      85.2903      7.79950
      3915.40      90.5430      8.16023
      3916.80      87.2330      7.62217
      3918.20      78.3562      7.46398
      3919.60      91.0726      7.96783
      3921.00      88.6242      7.48167
      3922.40      79.9187      7.14361
      3923.80      90.4634      7.51040
      3925.20      89.4300      7.84804
      3926.60      91.5233      7.76034
      3928.00      85.8261      7.36808
      3929.40      88.6909      7.27323
      3930.80      86.1838      7.20928
      3932.20      83.7993      7.31797
      3933.60      68.7523      6.70396
      3935.00      51.4639      6.12730
      3936.40      50.9774      6.07551
      3937.80      71.7704      6.84470
      3939.20      75.6618      7.17443
      3940.60      83.8460      7.40380
      3942.00      87.4877      7.64527
      3943.40      88.2367      7.51147
      3944.80      85.8269      7.61655
      3946.20      85.8014      7.38916
      3947.60      81.9728      7.28080
      3949.00      74.0338      7.18901
      3950.40      90.0500      7.65473
      3951.80      80.8045      7.57279
      3953.20      82.8289      7.38463
      3954.60      78.9093      7.05516
      3956.00      78.0211      7.02312
      3957.40      76.1842      7.00423
      3958.80      73.3336      6.97398
      3960.20      70.2772      6.60708
      3961.60      69.8477      6.43939
      3963.00      68.3962      6.30440
      3964.40      60.1926      6.08473
      3965.80      63.4454      6.59882
      3967.20      55.1835      6.55751
      3968.60      43.0048      5.81638
      3970.00      32.8878      5.22836
      3971.40      23.5217      4.77511
      3972.80      27.0998      4.67026
      3974.20      37.2341      5.20860
      3975.60      49.1264      5.85146
      3977.00      49.7625      5.80073
      3978.40      57.7863      6.28771
      3979.80      70.4472      6.35049
      3981.20      65.9081      6.28209
      3982.60      68.0535      6.42161
      3984.00      70.2110      6.55645
      3985.40      69.7298      6.50803
      3986.80      71.7606      6.45225
      3988.20      77.5482      6.84895
      3989.60      79.4249      7.21011
      3991.00      77.8232      7.55523
      3992.40      85.0726      8.91069
      3993.80      82.4652      7.07768
      3995.20      82.2735      6.59164
      3996.60      86.5544      6.65987
      3998.00      73.5753      6.40634
      3999.40      82.6864      6.70956
      4000.80      80.0284      6.84618
      4002.20      89.3422      6.95087
      4003.60      77.5490      6.52382
      4005.00      84.3392      6.63544
      4006.40      89.4878      6.70678
      4007.80      77.9423      6.59532
      4009.20      84.7452      6.85484
      4010.60      78.1360      7.03887
      4012.00      78.4724      7.21398
      4013.40      83.6892      7.21567
      4014.80      91.1172      6.87701
      4016.20      87.3464      6.57707
      4017.60      73.8251      6.17876
      4019.00      81.0588      6.25583
      4020.40      84.0306      6.63765
      4021.80      82.0366      6.63799
      4023.20      85.2753      6.68731
      4024.60      81.0091      6.61814
      4026.00      91.0878      6.64430
      4027.40      78.9016      6.47783
      4028.80      83.3501      6.36895
      4030.20      83.7989      6.39295
      4031.60      81.6022      6.48668
      4033.00      82.9605      6.63371
      4034.40      85.2815      6.20698
      4035.80      84.7303      6.33408
      4037.20      85.6425      6.51393
      4038.60      81.3396      6.45563
      4040.00      79.8767      6.71304
      4041.40      85.9396      6.69301
      4042.80      82.2787      7.14664
      4044.20      80.2617      7.13040
      4045.60      85.6393      6.93934
      4047.00      79.4287      7.03422
      4048.40      82.6544      7.09159
      4049.80      84.2578      7.41415
      4051.20      80.7140      7.03200
      4052.60      84.1420      6.76521
      4054.00      82.3728      6.31021
      4055.40      78.5971      6.35484
      4056.80      79.2966      6.40071
      4058.20      79.7676      6.30547
      4059.60      81.7192      6.56724
      4061.00      85.9485      6.53896
      4062.40      86.2395      6.92177
      4063.80      83.7595      7.19867
      4065.20      76.5345      7.05197
      4066.60      80.4237      7.28812
      4068.00      77.7669      7.06159
      4069.40      86.6809      6.94362
      4070.80      84.0923      6.62347
      4072.20      82.3503      6.19100
      4073.60      77.4354      5.84998
      4075.00      82.0128      6.35462
      4076.40      82.9225      6.34946
      4077.80      76.1680      6.08221
      4079.20      69.4698      5.87148
      4080.60      70.8146      6.17241
      4082.00      77.2175      6.12165
      4083.40      78.0407      5.93804
      4084.80      74.8371      5.89243
      4086.20      74.2218      5.90339
      4087.60      73.3026      5.90515
      4089.00      72.9341      5.64815
      4090.40      68.3397      5.46926
      4091.80      63.2893      5.39531
      4093.20      62.0841      5.41603
      4094.60      66.9256      5.56410
      4096.00      61.3804      5.28419
      4097.40      57.3202      5.12951
      4098.80      50.9341      4.98885
      4100.20      48.5370      4.88088
      4101.60      40.0351      4.50563
      4103.00      35.6754      4.30397
      4104.40      27.0138      4.04423
      4105.80      32.3931      4.22951
      4107.20      45.4478      4.66566
      4108.60      45.7220      4.93233
      4110.00      63.4144      5.62738
      4111.40      56.9487      5.18069
      4112.80      64.6589      5.33922
      4114.20      63.4425      5.22131
      4115.60      63.3782      5.39763
      4117.00      65.3856      5.37412
      4118.40      73.8841      5.78183
      4119.80      69.1646      5.58051
      4121.20      70.0959      5.49173
      4122.60      73.0608      5.51511
      4124.00      73.4516      5.71830
      4125.40      75.1236      5.72974
      4126.80      76.1657      5.62318
      4128.20      70.4261      5.62827
      4129.60      64.2286      5.27564
      4131.00      79.4780      5.86139
      4132.40      74.8447      5.76261
      4133.80      77.8418      5.57960
      4135.20      83.1699      6.07893
      4136.60      74.3676      6.29633
      4138.00      75.8382      6.46077
      4139.40      73.9272      5.63556
      4140.80      76.2016      5.62113
      4142.20      76.9558      5.59645
      4143.60      82.8217      6.27394
      4145.00      75.6996      6.05369
      4146.40      77.6634      5.99462
      4147.80      80.6375      5.70932
      4149.20      74.5164      5.60308
      4150.60      74.2066      5.45909
      4152.00      76.2998      5.28995
      4153.40      78.9685      5.53830
      4154.80      76.3770      5.55352
      4156.20      78.4311      5.70733
      4157.60      81.2078      5.86480
      4159.00      77.2085      5.53453
      4160.40      75.8740      5.41006
      4161.80      77.7315      5.84245
      4163.20      83.4732      6.53009
      4164.60      82.2020      6.57356
      4166.00      77.3811      5.61074
      4167.40      73.8541      5.47803
      4168.80      77.2300      5.81228
      4170.20      79.2904      5.65103
      4171.60      76.1541      5.67306
      4173.00      75.6816      5.61690
      4174.40      69.7431      5.18107
      4175.80      75.3510      5.52328
      4177.20      77.3324      5.63016
      4178.60      79.3724      5.57412
      4180.00      74.9599      5.42509
      4181.40      75.7937      5.41789
      4182.80      78.1100      5.67087
      4184.20      79.7388      5.55186
      4185.60      74.6090      5.58435
      4187.00      78.3376      5.46661
      4188.40      77.0964      5.56392
      4189.80      77.5998      5.52045
      4191.20      76.3376      5.60997
      4192.60      75.4080      5.30801
      4194.00      82.9972      5.65937
      4195.40      74.6884      5.38312
      4196.80      78.0144      5.48171
      4198.20      82.9665      5.49684
      4199.60      79.8197      5.44021
      4201.00      72.6621      5.18369
      4202.40      73.6426      5.52116
      4203.80      83.8470      5.96328
      4205.20      75.3143      5.72584
      4206.60      74.0385      5.07615
      4208.00      73.4989      5.27077
      4209.40      77.3780      5.62861
      4210.80      76.7560      5.52618
      4212.20      74.7134      5.41075
      4213.60      82.6013      5.32980
      4215.00      81.0248      5.35101
      4216.40      86.1727      5.70672
      4217.80      80.7323      5.45073
      4219.20      83.8839      5.32635
      4220.60      73.0278      5.36377
      4222.00      78.7827      5.40627
      4223.40      71.8026      5.52174
      4224.80      74.1598      5.19355
      4226.20      70.0702      5.16221
      4227.60      74.0015      5.32123
      4229.00      70.8580      5.04888
      4230.40      72.0999      5.13918
      4231.80      79.6494      5.43389
      4233.20      73.4870      5.44394
      4234.60      78.0099      5.32690
      4236.00      71.4955      5.05488
      4237.40      73.7919      5.05017
      4238.80      81.1512      5.43428
      4240.20      79.4540      5.61250
      4241.60      74.4009      5.48920
      4243.00      74.3673      5.34136
      4244.40      76.1522      5.17183
      4245.80      74.7573      5.25099
      4247.20      76.3017      5.74791
      4248.60      76.0758      5.82400
      4250.00      75.1924      5.60594
      4251.40      74.8969      5.26784
      4252.80      76.0696      5.21402
      4254.20      72.5992      5.08877
      4255.60      73.1102      5.10466
      4257.00      76.0962      5.18204
      4258.40      81.3386      5.49918
      4259.80      78.1905      5.34732
      4261.20      76.0032      5.22568
      4262.60      74.6538      5.07597
      4264.00      73.9350      5.10452
      4265.40      79.9096      5.21914
      4266.80      73.6039      5.35199
      4268.20      71.5710      5.28376
      4269.60      71.7816      4.92610
      4271.00      70.3505      5.02030
      4272.40      74.8201      5.34274
      4273.80      71.3007      5.12286
      4275.20      76.5634      5.14740
      4276.60      74.7444      5.13381
      4278.00      75.4927      5.16775
      4279.40      70.8142      4.97270
      4280.80      72.8336      5.08194
      4282.20      74.9405      5.06485
      4283.60      76.6120      5.25061
      4285.00      80.2439      5.25176
      4286.40      75.3709      5.05887
      4287.80      74.6185      5.22105
      4289.20      77.0496      5.45033
      4290.60      68.9122      5.03734
      4292.00      68.2138      4.97574
      4293.40      72.4920      4.90904
      4294.80      72.7937      4.95859
      4296.20      71.9441      4.98599
      4297.60      72.0884      5.12804
      4299.00      70.8542      4.96534
      4300.40      74.0219      5.11461
      4301.80      69.0373      5.09165
      4303.20      68.4567      4.99957
      4304.60      72.8736      5.16623
      4306.00      73.6443      4.87054
      4307.40      73.1608      5.26295
      4308.80      76.9402      5.20099
      4310.20      72.0528      5.00071
      4311.60      68.2414      4.67608
      4313.00      67.0362      5.01946
      4314.40      65.7469      4.70495
      4315.80      71.1996      4.99695
      4317.20      72.9010      4.90662
      4318.60      73.5816      4.99351
      4320.00      68.2600      4.88248
      4321.40      68.6329      4.81822
      4322.80      66.3366      5.06330
      4324.20      65.6552      4.82395
      4325.60      63.3144      4.79308
      4327.00      64.1870      5.03685
      4328.40      67.9079      5.01862
      4329.80      65.4041      4.93264
      4331.20      61.8091      4.78548
      4332.60      56.6958      4.71348
      4334.00      58.3746      4.64510
      4335.40      53.6217      4.74276
      4336.80      53.6043      5.05028
      4338.20      45.7784      4.96841
      4339.60      48.2877      4.62676
      4341.00      29.8644      3.98743
      4342.40      26.8196      3.35382
      4343.80      28.8040      3.32154
      4345.20      35.3914      3.66093
      4346.60      45.7973      4.02409
      4348.00      54.2529      4.32494
      4349.40      47.1867      4.23856
      4350.80      54.9380      4.45628
      4352.20      54.5996      4.37118
      4353.60      55.3655      4.29367
      4355.00      57.5930      4.44835
      4356.40      63.0427      4.68138
      4357.80      64.4772      4.95047
      4359.20      71.3363      5.82626
      4360.60      70.1383      5.75919
      4362.00      67.2765      5.12837
      4363.40      69.3814      4.97770
      4364.80      71.9008      4.89127
      4366.20      70.0241      4.80916
      4367.60      67.5967      4.59140
      4369.00      65.9212      4.68633
      4370.40      64.1259      4.57718
      4371.80      69.0555      4.74020
      4373.20      64.7287      4.62784
      4374.60      69.2988      4.86435
      4376.00      69.1484      5.33102
      4377.40      69.2167      5.07701
      4378.80      72.3677      4.80068
      4380.20      67.1392      4.57073
      4381.60      73.0693      5.08099
      4383.00      68.8521      5.13471
      4384.40      67.8147      4.72724
      4385.80      63.8341      4.56589
      4387.20      59.4103      4.43233
      4388.60      69.3323      4.76447
      4390.00      70.3727      4.82562
      4391.40      63.7469      4.73591
      4392.80      70.2952      4.92221
      4394.20      68.9264      4.67640
      4395.60      63.0012      4.45015
      4397.00      67.9805      4.64457
      4398.40      69.0556      4.57089
      4399.80      69.1547      4.67108
      4401.20      72.0985      4.96638
      4402.60      66.6725      4.77065
      4404.00      69.5910      4.83025
      4405.40      69.5741      4.75070
      4406.80      65.6561      4.71255
      4408.20      70.0077      4.88733
      4409.60      71.3840      4.94045
      4411.00      66.0460      4.77611
      4412.40      72.5876      4.96200
      4413.80      70.3488      4.74959
      4415.20      67.6513      5.18943
      4416.60      65.3752      5.23964
      4418.00      65.7844      5.17752
      4419.40      65.9673      4.79514
      4420.80      69.5442      4.67190
      4422.20      71.0118      4.74874
      4423.60      72.1093      5.01107
      4425.00      68.7572      4.91940
      4426.40      68.8520      5.19585
      4427.80      70.8414      5.43170
      4429.20      67.5404      4.83373
      4430.60      68.5944      4.60179
      4432.00      71.1582      4.54871
      4433.40      65.2062      4.70941
      4434.80      72.4522      4.75688
      4436.20      66.4901      4.54817
      4437.60      65.1758      4.59740
      4439.00      69.8739      4.56990
      4440.40      69.4649      4.78618
      4441.80      68.4939      4.68934
      4443.20      66.5563      4.46949
      4444.60      65.6683      4.45864
      4446.00      69.3246      4.41920
      4447.40      65.5218      4.48240
      4448.80      66.5146      4.47681
      4450.20      72.4775      4.70256
      4451.60      72.5089      4.65337
      4453.00      70.3423      4.73471
      4454.40      65.1915      4.92553
      4455.80      68.3969      4.68222
      4457.20      65.7863      4.39932
      4458.60      71.5749      4.41605
      4460.00      67.3075      4.49031
      4461.40      64.6004      4.31559
      4462.80      67.7082      4.44555
      4464.20      67.6245      4.56791
      4465.60      72.1851      4.75680
      4467.00      64.6021      4.50037
      4468.40      68.8255      4.51381
      4469.80      66.9631      4.56085
      4471.20      62.5312      4.34839
      4472.60      66.2929      4.38703
      4474.00      68.7695      4.47189
      4475.40      69.8575      4.51476
      4476.80      65.6147      4.53810
      4478.20      68.9325      4.91136
      4479.60      70.7721      5.03072
      4481.00      65.3197      4.27279
      4482.40      67.8345      4.36835
      4483.80      66.4519      4.66154
      4485.20      58.9726      5.13684
      4486.60      69.9088      4.96934
      4488.00      66.5875      4.42606
      4489.40      62.4081      4.35181
      4490.80      63.3144      4.37648
      4492.20      70.2007      4.64404
      4493.60      66.8728      4.52242
      4495.00      66.1258      4.48738
      4496.40      66.1678      4.66659
      4497.80      67.6095      4.56427
      4499.20      65.5943      4.46511
      4500.60      67.6036      4.35374
      4502.00      67.7090      4.51460
      4503.40      59.5687      4.40636
      4504.80      62.4579      4.41617
      4506.20      67.4351      4.61045
      4507.60      70.3604      4.99831
      4509.00      74.0798      4.69423
      4510.40      68.2231      4.38198
      4511.80      65.1869      4.39226
      4513.20      66.2975      4.98038
      4514.60      69.2757      4.45409
      4516.00      69.5223      4.38994
      4517.40      67.3040      4.55263
      4518.80      65.1227      4.29824
      4520.20      65.0180      4.42243
      4521.60      62.7139      4.29529
      4523.00      64.8513      4.33722
      4524.40      67.4945      4.38873
      4525.80      61.6680      4.25463
      4527.20      64.4337      4.23376
      4528.60      64.3642      4.32220
      4530.00      63.0784      4.29763
      4531.40      63.8611      4.26513
      4532.80      66.7342      4.61017
      4534.20      62.5707      4.29853
      4535.60      63.9603      4.21690
      4537.00      64.4676      4.26293
      4538.40      62.5047      4.42788
      4539.80      67.4471      4.61974
      4541.20      70.4908      4.76730
      4542.60      63.5571      4.39807
      4544.00      70.2075      4.51883
      4545.40      68.4671      4.47197
      4546.80      62.3094      4.30714
      4548.20      61.7599      4.28183
      4549.60      68.4533      4.39024
      4551.00      59.9238      4.19809
      4552.40      64.6907      4.30062
      4553.80      60.2255      4.19415
      4555.20      65.0721      4.40755
      4556.60      63.7498      4.33188
      4558.00      66.2583      4.48522
      4559.40      66.4141      4.30187
      4560.80      60.3053      4.32478
      4562.20      63.7099      4.41518
      4563.60      65.9451      4.48020
      4565.00      63.8382      4.42352
      4566.40      62.8437      4.30341
      4567.80      67.1602      4.39424
      4569.20      65.7180      4.30491
      4570.60      69.6591      4.31261
      4572.00      68.9532      4.33773
      4573.40      62.2597      4.26772
      4574.80      60.2960      4.12666
      4576.20      66.0371      4.23541
      4577.60      66.5708      4.36829
      4579.00      62.9104      4.21542
      4580.40      62.2931      4.36624
      4581.80      65.5549      4.59596
      4583.20      68.9482      4.63247
      4584.60      64.6286      4.31379
      4586.00      62.5989      4.35081
      4587.40      65.1932      4.40557
      4588.80      65.9078      4.60280
      4590.20      66.0902      4.51740
      4591.60      65.2850      4.32407
      4593.00      64.5687      4.20491
      4594.40      66.9337      4.24174
      4595.80      66.8852      4.18578
      4597.20      61.9855      4.10907
      4598.60      60.2196      4.41758
      4600.00      62.1590      4.44481
      4601.40      63.9837      4.29321
      4602.80      64.6020      4.25754
      4604.20      63.9977      4.22018
      4605.60      64.8862      4.43174
      4607.00      63.1389      4.53008
      4608.40      60.4881      4.49420
      4609.80      62.1655      4.23746
      4611.20      63.9825      4.20201
      4612.60      65.2282      4.23045
      4614.00      64.9232      4.27031
      4615.40      61.4372      4.18248
      4616.80      63.5326      4.08746
      4618.20      64.6890      4.26759
      4619.60      64.0736      4.14756
      4621.00      66.5590      4.34969
      4622.40      66.2367      4.31906
      4623.80      63.0233      4.06122
      4625.20      64.3651      4.16059
      4626.60      64.5426      4.24274
      4628.00      59.9620      4.19226
      4629.40      62.2272      4.21959
      4630.80      64.1427      4.31638
      4632.20      60.8388      3.96828
      4633.60      65.5170      4.11889
      4635.00      62.8941      4.27436
      4636.40      59.3164      4.30012
      4637.80      65.0362      4.54203
      4639.20      62.5351      4.26528
      4640.60      58.6022      3.94844
      4642.00      62.6178      4.21220
      4643.40      63.1554      4.12233
      4644.80      60.8636      4.12742
      4646.20      64.2919      4.17705
      4647.60      61.6395      4.08198
      4649.00      59.2024      3.90181
      4650.40      61.5685      3.99901
      4651.80      62.3230      3.99297
      4653.20      63.5468      4.08871
      4654.60      65.4083      3.98575
      4656.00      64.9307      4.05721
      4657.40      60.6696      3.98188
      4658.80      62.1568      4.07351
      4660.20      61.9135      3.99895
      4661.60      56.9309      3.93545
      4663.00      60.6786      4.08768
      4664.40      67.4000      4.02569
      4665.80      67.8946      4.13907
      4667.20      63.6078      4.04279
      4668.60      61.4717      4.09990
      4670.00      62.7301      4.14846
      4671.40      59.1580      3.88203
      4672.80      61.8388      4.19790
      4674.20      63.5607      4.21186
      4675.60      65.7709      4.30014
      4677.00      67.6992      4.21022
      4678.40      62.0855      4.07462
      4679.80      63.5899      4.13229
      4681.20      60.2329      4.04838
      4682.60      60.1456      4.16800
      4684.00      63.1004      4.12222
      4685.40      62.7030      4.02116
      4686.80      67.1356      4.16059
      4688.20      59.9330      4.14222
      4689.60      60.1258      4.19393
      4691.00      62.9440      4.03262
      4692.40      59.9087      3.96587
      4693.80      62.1906      4.14111
      4695.20      61.8742      4.13052
      4696.60      62.2086      4.01633
      4698.00      60.2660      3.77572
      4699.40      57.6949      3.89182
      4700.80      64.4359      4.05846
      4702.20      58.7553      4.05774
      4703.60      60.4818      4.25192
      4705.00      60.5769      4.12242
      4706.40      58.4429      4.15330
      4707.80      66.5216      4.14210
      4709.20      57.1894      3.89571
      4710.60      59.3738      3.78233
      4712.00      64.8878      4.01482
      4713.40      64.0620      4.03484
      4714.80      63.7233      3.98712
      4716.20      62.4767      4.00282
      4717.60      61.2799      3.92174
      4719.00      61.7630      4.13535
      4720.40      61.7859      4.04445
      4721.80      59.4798      3.93405
      4723.20      62.6956      3.94183
      4724.60      62.8238      4.09094
      4726.00      62.0146      4.08352
      4727.40      61.2035      3.99154
      4728.80      60.6699      3.89838
      4730.20      60.7482      3.83435
      4731.60      59.2155      3.86717
      4733.00      57.1860      3.81790
      4734.40      61.2015      3.94774
      4735.80      58.8535      3.92155
      4737.20      61.2361      4.03972
      4738.60      60.4139      3.88687
      4740.00      60.3654      3.85585
      4741.40      61.2104      4.14192
      4742.80      60.8466      3.90836
      4744.20      62.5587      3.98595
      4745.60      63.7974      4.03435
      4747.00      60.2299      3.88032
      4748.40      59.8071      3.78784
      4749.80      61.1302      4.08069
      4751.20      57.3618      4.04493
      4752.60      59.4947      4.13660
      4754.00      60.9733      3.93349
      4755.40      60.6295      3.90199
      4756.80      63.4985      3.89228
      4758.20      61.0259      3.95364
      4759.60      61.1006      4.07169
      4761.00      62.6802      4.34457
      4762.40      58.4677      4.29258
      4763.80      59.2341      3.85899
      4765.20      60.8601      3.81461
      4766.60      58.1489      3.83137
      4768.00      62.1648      3.85300
      4769.40      64.2062      3.92688
      4770.80      62.7472      3.98036
      4772.20      62.7053      3.96932
      4773.60      58.4258      3.73888
      4775.00      59.1011      3.98356
      4776.40      56.4699      3.79984
      4777.80      61.4742      3.86282
      4779.20      55.7576      4.13342
      4780.60      62.4666      4.16039
      4782.00      64.0613      3.83581
      4783.40      59.6325      3.71330
      4784.80      55.4517      3.66699
      4786.20      58.1417      3.78331
      4787.60      60.7415      3.92529
      4789.00      61.6818      3.82825
      4790.40      59.1530      4.03565
      4791.80      58.9980      4.07344
      4793.20      57.7937      3.74712
      4794.60      56.4226      3.78827
      4796.00      60.6342      3.87132
      4797.40      62.1839      4.04968
      4798.80      61.0876      3.93713
      4800.20      60.3902      3.81567
      4801.60      58.1241      3.67528
      4803.00      58.8100      3.77199
      4804.40      60.5239      3.92612
      4805.80      59.6939      3.85845
      4807.20      58.7509      3.79459
      4808.60      55.5875      3.73693
      4810.00      58.2567      3.92709
      4811.40      60.2701      3.95419
      4812.80      57.5362      3.75029
      4814.20      60.9821      3.82929
      4815.60      62.9166      3.94408
      4817.00      61.1374      4.33500
      4818.40      61.4042      4.37276
      4819.80      58.9003      3.96072
      4821.20      59.2266      3.83935
      4822.60      58.6769      3.81091
      4824.00      58.3602      3.78595
      4825.40      60.2868      3.85310
      4826.80      57.0870      3.70437
      4828.20      56.0202      3.75962
      4829.60      57.4054      3.83916
      4831.00      56.2483      3.78487
      4832.40      59.5150      3.81981
      4833.80      61.7400      3.84921
      4835.20      57.2420      3.69192
      4836.60      56.9231      3.79665
      4838.00      55.3632      3.76111
      4839.40      56.3364      3.69277
      4840.80      52.1704      3.62521
      4842.20      54.4461      3.62809
      4843.60      55.2324      3.85531
      4845.00      55.4206      3.69833
      4846.40      55.4227      3.73607
      4847.80      53.0116      3.61555
      4849.20      50.7994      3.98802
      4850.60      49.6793      4.13178
      4852.00      50.6695      3.81672
      4853.40      48.2425      3.54492
      4854.80      46.8124      3.48005
      4856.20      43.1218      3.38565
      4857.60      48.1851      3.42990
      4859.00      42.4043      3.33446
      4860.40      38.3784      3.13305
      4861.80      34.4475      2.94608
      4863.20      23.1894      2.70714
      4864.60      22.3368      2.65988
      4866.00      29.8249      2.97099
      4867.40      36.7383      3.07474
      4868.80      39.0905      3.39609
      4870.20      40.9271      3.54463
      4871.60      45.2676      3.79492
      4873.00      47.4214      3.74759
      4874.40      47.5380      3.52924
      4875.80      43.4416      3.33823
      4877.20      51.9865      3.65322
      4878.60      50.5042      3.69228
      4880.00      51.8269      3.57124
      4881.40      51.6286      3.77191
      4882.80      53.1827      4.01497
      4884.20      55.6396      4.08233
      4885.60      57.0661      3.84684
      4887.00      56.9742      3.87112
      4888.40      54.8418      3.78209
      4889.80      55.6359      3.80457
      4891.20      56.7640      3.69277
      4892.60      55.5782      3.82809
      4894.00      56.7812      3.79261
      4895.40      54.6227      3.97930
      4896.80      54.7725      3.75348
      4898.20      57.6060      3.76956
      4899.60      53.8796      3.81135
      4901.00      58.3484      4.09388
      4902.40      57.7799      4.14227
      4903.80      53.1340      3.93175
      4905.20      52.6768      3.68342
      4906.60      55.7134      3.72803
      4908.00      59.0143      3.91791
      4909.40      59.9613      3.82057
      4910.80      59.5514      3.88956
      4912.20      58.5874      3.82660
      4913.60      56.5201      3.70800
      4915.00      57.5018      3.62345
      4916.40      57.7794      3.68163
      4917.80      54.8316      3.70637
      4919.20      57.1385      3.51457
      4920.60      59.6925      3.72137
      4922.00      58.1991      3.61290
      4923.40      51.8326      3.62816
      4924.80      55.6233      3.94099
      4926.20      53.7212      3.92267
      4927.60      54.2523      3.65871
      4929.00      55.3619      3.65723
      4930.40      59.5674      3.69157
      4931.80      58.1784      3.71290
      4933.20      52.8336      3.66656
      4934.60      53.2621      3.57225
      4936.00      55.6581      3.63759
      4937.40      58.1969      3.63075
      4938.80      57.5948      3.66515
      4940.20      53.7993      3.60942
      4941.60      55.8407      3.58325
      4943.00      59.4708      3.85783
      4944.40      56.9146      3.95152
      4945.80      58.0619      3.93950
      4947.20      58.2995      3.73256
      4948.60      59.7927      3.76302
      4950.00      56.6490      3.62103
      4951.40      58.4960      3.79045
      4952.80      55.5603      3.68044
      4954.20      58.1147      3.69764
      4955.60      59.3502      3.73480
      4957.00      54.4638      3.68097
      4958.40      54.6965      3.70235
      4959.80      56.3942      3.68000
      4961.20      55.2055      3.73751
      4962.60      56.0923      3.84945
      4964.00      56.1933      3.79668
      4965.40      57.9878      3.96187
      4966.80      59.4688      3.71174
      4968.20      53.6248      3.59340
      4969.60      56.1355      3.55791
      4971.00      57.5406      3.65293
      4972.40      51.4865      3.59892
      4973.80      57.3152      3.65314
      4975.20      59.2230      3.92873
      4976.60      56.2809      4.03056
      4978.00      58.5627      4.11616
      4979.40      59.9547      3.93687
      4980.80      59.3554      4.01907
      4982.20      59.2529      3.88971
      4983.60      56.3987      3.80112
      4985.00      55.7523      3.76922
      4986.40      57.4961      3.97655
      4987.80      60.6131      3.86906
      4989.20      53.9016      3.71864
      4990.60      50.6787      3.56164
      4992.00      50.8255      3.50826
      4993.40      55.7838      3.72334
      4994.80      53.8264      3.70592
      4996.20      55.0798      3.77992
      4997.60      56.5228      3.66931
      4999.00      55.5851      3.57983
