      3900.00      87.5307      4.56569
      3901.40      93.6241      4.80819
      3902.80      95.4378      4.96386
      3904.20      96.5811      4.87675
      3905.60      100.671      4.99668
      3907.00      101.846      5.19186
      3908.40      100.992      4.83617
      3909.80      105.572      5.15273
      3911.20      104.684      5.04773
      3912.60      101.401      5.10130
      3914.00      106.826      5.19757
      3915.40      107.394      5.30548
      3916.80      109.206      5.18231
      3918.20      106.467      5.11436
      3919.60      106.192      5.14912
      3921.00      106.269      5.04151
      3922.40      106.478      5.00856
      3923.80      107.628      4.95331
      3925.20      107.042      5.07120
      3926.60      105.904      5.15536
      3928.00      102.181      5.05929
      3929.40      101.471      5.16232
      3930.80      83.0652      4.51090
      3932.20      67.5661      4.21957
      3933.60      79.6134      4.11036
      3935.00      99.4098      4.78506
      3936.40      106.280      5.28661
      3937.80      106.707      5.18319
      3939.20      104.496      5.21823
      3940.60      104.910      4.96443
      3942.00      101.673      4.93813
      3943.40      101.227      4.88830
      3944.80      103.412      4.93240
      3946.20      102.701      4.95015
      3947.60      102.654      5.02404
      3949.00      96.7902      4.85784
      3950.40      101.659      4.83898
      3951.80      96.3614      4.63291
      3953.20      96.1132      4.70139
      3954.60      91.9821      4.60876
      3956.00      90.5811      4.39717
      3957.40      85.9208      4.46132
      3958.80      79.7207      4.20168
      3960.20      80.1251      4.30087
      3961.60      75.9747      4.19471
      3963.00      67.9172      3.63166
      3964.40      58.9061      3.43474
      3965.80      47.0848      3.04111
      3967.20      29.2964      2.45480
      3968.60      25.0195      2.27233
      3970.00      37.8127      2.52776
      3971.40      51.1279      2.98695
      3972.80      60.1986      3.35023
      3974.20      68.1627      3.60928
      3975.60      70.8174      3.67333
      3977.00      77.5132      3.81714
      3978.40      83.4957      4.13671
      3979.80      85.4334      4.27154
      3981.20      89.3020      4.32595
      3982.60      91.4425      4.33182
      3984.00      93.4103      4.36860
      3985.40      93.2279      4.59339
      3986.80      94.9378      4.44790
      3988.20      98.7761      4.60690
      3989.60      97.6149      4.56752
      3991.00      98.4124      4.44282
      3992.40      102.209      4.67647
      3993.80      101.286      4.64230
      3995.20      101.489      4.47641
      3996.60      102.289      4.68086
      3998.00      103.397      4.77562
      3999.40      103.649      4.85343
      4000.80      105.636      4.76440
      4002.20      100.586      4.73422
      4003.60      100.071      4.75274
      4005.00      102.400      4.52787
      4006.40      103.459      4.66144
      4007.80      103.412      4.62536
      4009.20      105.685      4.72338
      4010.60      101.880      4.69530
      4012.00      102.670      4.50516
      4013.40      102.555      4.59657
      4014.80      104.177      4.64355
      4016.20      103.804      4.73772
      4017.60      103.378      4.69640
      4019.00      103.497      4.69339
      4020.40      100.675      4.83728
      4021.80      101.929      4.63092
      4023.20      101.188      4.47838
      4024.60      101.858      4.56743
      4026.00      106.023      4.66876
      4027.40      102.329      4.57986
      4028.80      102.394      4.49660
      4030.20      102.055      4.69021
      4031.60      102.510      4.63780
      4033.00      100.923      4.68677
      4034.40      102.656      4.78961
      4035.80      104.693      4.58858
      4037.20      102.245      4.57189
      4038.60      103.470      4.63663
      4040.00      103.165      4.74969
      4041.40      103.020      4.70110
      4042.80      100.447      4.49831
      4044.20      100.894      4.52346
      4045.60      97.8255      4.44094
      4047.00      102.345      4.56287
      4048.40      100.353      4.70597
      4049.80      102.392      4.83091
      4051.20      101.259      4.54729
      4052.60      99.7353      4.52400
      4054.00      101.186      4.49249
      4055.40      101.244      4.50669
      4056.80      100.311      4.45260
      4058.20      100.064      4.39650
      4059.60      101.153      4.53523
      4061.00      97.4253      4.27262
      4062.40      96.0399      4.30937
      4063.80      97.2398      4.46769
      4065.20      98.1977      4.45409
      4066.60      98.8961      4.54365
      4068.00      98.8067      4.45484
      4069.40      96.1279      4.26326
      4070.80      95.9132      4.27082
      4072.20      97.1037      4.29857
      4073.60      96.0850      4.19629
      4075.00      93.8325      4.22183
      4076.40      91.6541      4.30850
      4077.80      92.3064      4.36493
      4079.20      93.2323      4.27541
      4080.60      90.5793      4.10280
      4082.00      89.3039      4.16801
      4083.40      90.7288      4.07563
      4084.80      85.6174      3.88966
      4086.20      88.5317      3.96020
      4087.60      83.6544      3.93682
      4089.00      81.3866      3.75355
      4090.40      77.6429      3.67135
      4091.80      72.9978      3.64021
      4093.20      72.8997      3.62137
      4094.60      64.1382      3.28799
      4096.00      59.0705      3.11835
      4097.40      50.7633      2.85277
      4098.80      37.9104      2.42479
      4100.20      29.8824      2.21502
      4101.60      36.5007      2.34214
      4103.00      50.6277      2.68710
      4104.40      59.0033      3.01104
      4105.80      63.8523      3.17275
      4107.20      68.1966      3.32673
      4108.60      72.3736      3.51897
      4110.00      78.2274      3.63971
      4111.40      81.1089      3.80040
      4112.80      82.7761      3.85523
      4114.20      85.0069      3.98025
      4115.60      86.9256      4.01104
      4117.00      86.1306      3.92938
      4118.40      88.5748      3.89971
      4119.80      88.6625      4.05502
      4121.20      90.8059      4.13472
      4122.60      90.9685      4.02345
      4124.00      92.2147      4.15352
      4125.40      92.7277      4.04841
      4126.80      91.0981      4.05725
      4128.20      94.8166      4.15891
      4129.60      90.5658      4.12553
      4131.00      93.6808      4.13824
      4132.40      94.2249      4.10045
      4133.80      94.6779      4.20171
      4135.20      95.1505      4.31628
      4136.60      95.3490      4.15052
      4138.00      98.7253      4.20355
      4139.40      94.4036      4.16301
      4140.80      94.5156      4.11143
      4142.20      94.6116      4.17649
      4143.60      94.7045      4.20551
      4145.00      96.5474      4.30772
      4146.40      95.0582      4.03562
      4147.80      96.0826      4.11031
      4149.20      93.4682      4.14217
      4150.60      95.9100      4.13617
      4152.00      93.8347      4.20916
      4153.40      95.0897      4.11740
      4154.80      94.2281      4.05331
      4156.20      95.6888      4.14757
      4157.60      95.1158      4.17460
      4159.00      93.8080      4.13101
      4160.40      96.2733      4.12976
      4161.80      95.4493      4.12214
      4163.20      93.7975      4.03376
      4164.60      95.3540      4.12454
      4166.00      95.6624      4.24368
      4167.40      94.8743      4.13862
      4168.80      94.3557      4.07337
      4170.20      91.5495      4.14563
      4171.60      92.5009      4.15063
      4173.00      91.6870      3.97426
      4174.40      94.6064      4.10015
      4175.80      93.6448      4.15866
      4177.20      92.1670      4.10330
      4178.60      94.6575      4.07539
      4180.00      94.0176      4.23504
      4181.40      96.6559      4.12153
      4182.80      92.9298      4.12529
      4184.20      94.0843      4.13684
      4185.60      92.2981      4.09243
      4187.00      94.7367      4.06618
      4188.40      94.4862      4.04794
      4189.80      93.2722      3.86719
      4191.20      92.6208      3.87294
      4192.60      95.4509      4.07796
      4194.00      94.2217      3.95705
      4195.40      92.5578      4.01330
      4196.80      91.6575      3.95466
      4198.20      93.8395      4.00237
      4199.60      93.0661      4.08493
      4201.00      92.8053      4.09183
      4202.40      93.1031      4.06492
      4203.80      93.0434      3.91254
      4205.20      92.8133      3.96186
      4206.60      93.6487      3.97035
      4208.00      93.5807      4.00543
      4209.40      91.6673      3.90885
      4210.80      92.6889      4.04784
      4212.20      93.3165      3.95350
      4213.60      89.8172      3.83894
      4215.00      91.6892      3.87582
      4216.40      91.5032      3.97480
      4217.80      92.9501      3.98741
      4219.20      92.3133      3.97128
      4220.60      90.4273      3.84811
      4222.00      94.7620      4.05417
      4223.40      91.7916      3.95136
      4224.80      88.4491      3.81296
      4226.20      89.3368      3.89225
      4227.60      95.3376      3.97356
      4229.00      92.2842      4.02797
      4230.40      91.0025      3.99031
      4231.80      89.1325      3.92033
      4233.20      90.0079      3.86312
      4234.60      92.0717      3.96598
      4236.00      92.8715      3.99106
      4237.40      93.5817      3.81716
      4238.80      91.1990      3.91080
      4240.20      94.6560      3.94579
      4241.60      90.9927      3.72695
      4243.00      93.5355      3.96702
      4244.40      88.5587      3.74728
      4245.80      91.0182      4.01427
      4247.20      92.8665      3.94904
      4248.60      91.8093      3.91469
      4250.00      91.7261      3.79818
      4251.40      91.2930      3.85982
      4252.80      91.6442      3.95939
      4254.20      91.6034      3.92453
      4255.60      91.9611      3.93338
      4257.00      90.0025      3.87121
      4258.40      89.6208      3.95759
      4259.80      93.4140      3.90687
      4261.20      94.1865      3.91441
      4262.60      91.1947      3.89027
      4264.00      91.1930      3.81341
      4265.40      92.9546      3.84097
      4266.80      90.8703      3.74984
      4268.20      90.3038      3.80807
      4269.60      88.5946      3.96369
      4271.00      90.2050      3.87692
      4272.40      89.6541      3.78509
      4273.80      89.9555      3.75576
      4275.20      89.8602      3.84227
      4276.60      91.4255      3.90604
      4278.00      91.2860      3.96730
      4279.40      89.7350      3.83729
      4280.80      90.2459      3.90710
      4282.20      91.1052      3.88619
      4283.60      91.2831      3.95891
      4285.00      89.4890      3.79457
      4286.40      89.6134      3.78896
      4287.80      87.8854      3.83028
      4289.20      87.4685      3.82868
      4290.60      92.3792      3.85527
      4292.00      88.1224      3.82827
      4293.40      87.3993      3.78335
      4294.80      89.8649      3.80136
      4296.20      89.8774      3.73736
      4297.60      87.6480      3.66472
      4299.00      85.1562      3.75185
      4300.40      87.4114      3.63013
      4301.80      85.9755      3.68926
      4303.20      86.6558      3.59334
      4304.60      88.0137      3.71437
      4306.00      83.1054      3.62641
      4307.40      87.4035      3.72586
      4308.80      85.9254      3.72341
      4310.20      85.6993      3.71994
      4311.60      82.7282      3.73708
      4313.00      82.2228      3.73660
      4314.40      85.8319      3.72698
      4315.80      84.4880      3.58355
      4317.20      81.5490      3.56811
      4318.60      80.4831      3.56786
      4320.00      81.9178      3.56942
      4321.40      82.6512      3.60578
      4322.80      78.9957      3.46537
      4324.20      74.9537      3.26868
      4325.60      76.9003      3.45211
      4327.00      74.1670      3.32412
      4328.40      72.3712      3.21714
      4329.80      69.8649      3.15664
      4331.20      66.4611      2.98463
      4332.60      63.4930      2.93997
      4334.00      57.8083      2.76420
      4335.40      51.1250      2.51832
      4336.80      41.9383      2.23506
      4338.20      31.0065      1.98389
      4339.60      31.6199      1.91041
      4341.00      41.5853      2.14546
      4342.40      51.7407      2.44760
      4343.80      58.2169      2.75924
      4345.20      62.4900      2.93442
      4346.60      65.6835      3.11179
      4348.00      71.0377      3.16453
      4349.40      70.0710      3.19335
      4350.80      70.8022      3.15959
      4352.20      76.1594      3.33034
      4353.60      77.2103      3.26913
      4355.00      79.8323      3.44843
      4356.40      79.6036      3.44450
      4357.80      82.2824      3.56910
      4359.20      82.9333      3.64466
      4360.60      82.4405      3.77495
      4362.00      83.8835      3.60509
      4363.40      83.9022      3.55808
      4364.80      84.2770      3.63187
      4366.20      83.9569      3.54713
      4367.60      83.0200      3.59346
      4369.00      83.8291      3.58202
      4370.40      85.1122      3.65985
      4371.80      84.0168      3.69314
      4373.20      82.5514      3.64638
      4374.60      85.0330      3.61780
      4376.00      84.7524      3.61161
      4377.40      88.2586      3.76128
      4378.80      83.5972      3.61484
      4380.20      84.3146      3.59939
      4381.60      82.8236      3.58663
      4383.00      82.6059      3.48983
      4384.40      83.1388      3.58464
      4385.80      83.9027      3.58235
      4387.20      86.2151      3.59230
      4388.60      85.7393      3.61304
      4390.00      86.1571      3.57624
      4391.40      86.0189      3.59517
      4392.80      83.4057      3.46410
      4394.20      82.3021      3.61652
      4395.60      83.8676      3.55723
      4397.00      84.2953      3.55516
      4398.40      83.1995      3.51299
      4399.80      83.5972      3.54629
      4401.20      84.2610      3.51447
      4402.60      82.7821      3.54353
      4404.00      82.8923      3.68674
      4405.40      83.7589      3.57706
      4406.80      84.5366      3.57287
      4408.20      83.8623      3.60137
      4409.60      84.7910      3.74972
      4411.00      83.3990      3.54246
      4412.40      83.1374      3.55597
      4413.80      81.4509      3.50002
      4415.20      82.3652      3.63992
      4416.60      83.1292      3.47416
      4418.00      84.6661      3.48946
      4419.40      84.1015      3.57129
      4420.80      83.1958      3.44758
      4422.20      81.8423      3.52601
      4423.60      82.4458      3.56108
      4425.00      84.2234      3.49977
      4426.40      82.1248      3.32200
      4427.80      82.5377      3.37502
      4429.20      83.2332      3.45701
      4430.60      81.1383      3.49341
      4432.00      82.7920      3.55847
      4433.40      82.2757      3.55206
      4434.80      82.3516      3.51732
      4436.20      83.9312      3.47106
      4437.60      82.6444      3.45491
      4439.00      82.7597      3.52385
      4440.40      81.1803      3.47916
      4441.80      79.9340      3.45199
      4443.20      80.6555      3.41594
      4444.60      82.6447      3.46695
      4446.00      81.0029      3.51188
      4447.40      82.3994      3.44333
      4448.80      81.0307      3.37331
      4450.20      82.2249      3.43689
      4451.60      83.3939      3.60081
      4453.00      80.7425      3.47419
      4454.40      81.7252      3.44512
      4455.80      81.9636      3.43356
      4457.20      83.2380      3.51181
      4458.60      80.4897      3.44088
      4460.00      81.9716      3.42789
      4461.40      82.9231      3.39226
      4462.80      83.1942      3.50382
      4464.20      83.3678      3.57111
      4465.60      80.2937      3.39505
      4467.00      79.9914      3.46111
      4468.40      79.0034      3.44420
      4469.80      82.9155      3.40649
      4471.20      81.4157      3.38882
      4472.60      82.8086      3.41285
      4474.00      80.5258      3.41952
      4475.40      80.6195      3.42660
      4476.80      82.3093      3.36113
      4478.20      79.4147      3.32602
      4479.60      77.5563      3.29045
      4481.00      79.3790      3.28124
      4482.40      79.7927      3.38702
      4483.80      80.6336      3.44198
      4485.20      81.2774      3.39537
      4486.60      82.6654      3.45674
      4488.00      81.0361      3.40076
      4489.40      81.6239      3.35834
      4490.80      80.9852      3.37330
      4492.20      79.2377      3.28220
      4493.60      81.6241      3.28289
      4495.00      79.2246      3.33587
      4496.40      81.0180      3.32899
      4497.80      79.5213      3.45091
      4499.20      80.7710      3.39145
      4500.60      78.9184      3.37100
      4502.00      80.2173      3.35295
      4503.40      79.4273      3.30233
      4504.80      80.7033      3.45110
      4506.20      79.2815      3.34345
      4507.60      80.4777      3.39028
      4509.00      80.1901      3.37583
      4510.40      82.8243      3.31882
      4511.80      80.6438      3.38175
      4513.20      82.5764      3.40503
      4514.60      79.0891      3.34964
      4516.00      80.1352      3.26450
      4517.40      78.9626      3.29842
      4518.80      78.6929      3.25677
      4520.20      77.8662      3.39435
      4521.60      77.5965      3.25509
      4523.00      79.0047      3.34122
      4524.40      78.4342      3.26867
      4525.80      79.4243      3.29149
      4527.20      79.8214      3.31012
      4528.60      78.9281      3.29563
      4530.00      79.7766      3.35600
      4531.40      78.2945      3.44477
      4532.80      77.0237      3.25201
      4534.20      80.2921      3.35181
      4535.60      79.4620      3.23925
      4537.00      78.7237      3.31726
      4538.40      79.2142      3.27694
      4539.80      78.6345      3.23687
      4541.20      78.5440      3.21933
      4542.60      79.2030      3.23113
      4544.00      79.6969      3.33180
      4545.40      78.7481      3.23149
      4546.80      75.3921      3.17879
      4548.20      74.2841      3.09291
      4549.60      77.9533      3.24088
      4551.00      77.9247      3.30547
      4552.40      79.2661      3.33947
      4553.80      76.7483      3.24002
      4555.20      76.9979      3.24253
      4556.60      77.2985      3.23085
      4558.00      77.9550      3.34943
      4559.40      78.9562      3.22679
      4560.80      77.6005      3.20640
      4562.20      75.5838      3.19127
      4563.60      77.8700      3.32300
      4565.00      78.2583      3.23220
      4566.40      79.8394      3.34824
      4567.80      77.5605      3.23251
      4569.20      76.5873      3.20387
      4570.60      76.4590      3.13903
      4572.00      77.0545      3.17709
      4573.40      80.3491      3.29857
      4574.80      77.3669      3.29497
      4576.20      77.4602      3.30864
      4577.60      79.0210      3.23094
      4579.00      80.0880      3.28611
      4580.40      77.5904      3.21194
      4581.80      76.9058      3.16099
      4583.20      77.0515      3.25532
      4584.60      78.3405      3.33407
      4586.00      77.9029      3.33497
      4587.40      77.6101      3.24834
      4588.80      77.2990      3.23445
      4590.20      76.6348      3.19767
      4591.60      77.4443      3.12788
      4593.00      77.3102      3.19915
      4594.40      78.0439      3.21867
      4595.80      76.9352      3.17815
      4597.20      77.6690      3.19554
      4598.60      76.7276      3.19194
      4600.00      76.1321      3.12464
      4601.40      78.6450      3.14877
      4602.80      77.9080      3.08306
      4604.20      77.4344      3.19239
      4605.60      78.4484      3.21410
      4607.00      78.9546      3.27640
      4608.40      78.3921      3.32670
      4609.80      77.6369      3.04885
      4611.20      78.3863      3.16396
      4612.60      78.9054      3.22864
      4614.00      78.0256      3.22410
      4615.40      76.7838      3.23490
      4616.80      76.5288      3.08718
      4618.20      76.2869      3.13742
      4619.60      76.5651      3.22931
      4621.00      77.3603      3.14529
      4622.40      76.7910      3.18028
      4623.80      76.5609      3.18141
      4625.20      77.1867      3.25594
      4626.60      76.1525      3.14401
      4628.00      75.3586      3.27413
      4629.40      76.7218      3.19848
      4630.80      76.8353      3.19621
      4632.20      76.7867      3.15208
      4633.60      76.3397      3.12237
      4635.00      77.1745      3.15949
      4636.40      77.6293      3.24141
      4637.80      75.7942      3.22162
      4639.20      76.6562      3.14061
      4640.60      76.9362      3.21331
      4642.00      77.1331      3.15641
      4643.40      75.9215      3.11798
      4644.80      76.4969      3.17114
      4646.20      76.9049      3.10060
      4647.60      76.3209      3.12238
      4649.00      75.3954      3.16355
      4650.40      75.6876      3.13714
      4651.80      75.3964      3.19713
      4653.20      76.8210      3.15254
      4654.60      75.7516      3.12595
      4656.00      76.4998      3.09323
      4657.40      75.7128      3.15823
      4658.80      76.8944      3.21227
      4660.20      75.4675      3.10631
      4661.60      75.4578      3.05676
      4663.00      75.8727      3.13855
      4664.40      75.6857          Inf
      4665.80      75.4987          Inf
      4667.20      75.3117      3.12015
      4668.60      77.0584      3.18162
      4670.00      74.8650      3.13399
      4671.40      74.9740      3.12160
      4672.80      76.5478      3.19616
      4674.20      75.1657      3.14384
      4675.60      75.8183      3.18362
      4677.00      75.1861      3.24387
      4678.40      74.4134      3.10997
      4679.80      75.7915      3.20144
      4681.20      76.1483      3.12650
      4682.60      76.5555      3.17191
      4684.00      75.8710      3.07138
      4685.40      75.0929      3.09580
      4686.80      75.1247      3.06464
      4688.20      74.0344      3.14470
      4689.60      73.8377      3.10239
      4691.00      74.9755      3.08051
      4692.40      74.9781      3.06100
      4693.80      75.0291      3.16274
      4695.20      75.2212      3.12391
      4696.60      75.3593      3.09100
      4698.00      74.9270      3.05540
      4699.40      73.9733      3.05219
      4700.80      74.2524      3.07310
      4702.20      74.8591      3.04667
      4703.60      74.5425      3.01870
      4705.00      74.5289      2.95902
      4706.40      74.8915      3.12855
      4707.80      74.4979      3.11767
      4709.20      74.9897      3.00207
      4710.60      74.9914      3.05533
      4712.00      73.3528      3.12002
      4713.40      73.9596      3.06179
      4714.80      74.2369      3.01980
      4716.20      73.1720      2.99783
      4717.60      74.3823      3.04791
      4719.00      74.7705      3.18898
      4720.40      74.4640      3.11142
      4721.80      73.2330      3.08774
      4723.20      73.5307      2.99344
      4724.60      73.3133      3.02596
      4726.00      74.1128      3.00534
      4727.40      74.2054      3.04273
      4728.80      73.8419      3.03844
      4730.20      73.3613      3.06977
      4731.60      73.9622      3.22631
      4733.00      73.1951      3.28598
      4734.40      75.5117      3.06099
      4735.80      73.0741      2.93019
      4737.20      73.3173      3.06574
      4738.60      74.1718      3.10030
      4740.00      73.9374      3.01231
      4741.40      73.1731      3.01036
      4742.80      72.2861      3.05643
      4744.20      74.6919      3.06446
      4745.60      71.8941      3.04945
      4747.00      73.2522      2.97210
      4748.40      72.2169      2.98437
      4749.80      72.0658      2.94581
      4751.20      72.2370      3.00051
      4752.60      71.1522      2.97415
      4754.00      71.8795      3.03469
      4755.40      72.6551      3.04634
      4756.80      72.4245      2.94938
      4758.20      73.9300      2.98444
      4759.60      73.6715      3.01360
      4761.00      72.4694      2.97258
      4762.40      72.0135      2.95740
      4763.80      72.5576      3.00118
      4765.20      71.7376      3.04962
      4766.60      70.8881      2.93849
      4768.00      71.4869      2.91193
      4769.40      71.3867      2.93408
      4770.80      71.6502      2.93449
      4772.20      71.9768      2.98454
      4773.60      71.9912      3.05078
      4775.00      72.5547      3.04396
      4776.40      71.6180      2.94739
      4777.80      70.6436      2.91761
      4779.20      71.1555      2.86366
      4780.60      71.6931      2.95845
      4782.00      72.2405      3.01169
      4783.40      71.4059      2.98788
      4784.80      71.4781      2.94422
      4786.20      71.2988      2.92284
      4787.60      70.3792      2.87778
      4789.00      70.9537      3.02165
      4790.40      71.1902      3.06153
      4791.80      71.5391      2.99597
      4793.20      69.4878      2.96254
      4794.60      71.1509      2.84011
      4796.00      71.1641      2.93329
      4797.40      70.6375      2.98207
      4798.80      71.2682      2.97642
      4800.20      71.4808      2.95392
      4801.60      70.1525      2.98405
      4803.00      70.9687      2.95505
      4804.40      69.6767      2.88756
      4805.80      70.3893      2.84965
      4807.20      69.5254      2.97825
      4808.60      68.9806      2.87266
      4810.00      69.4872      2.93755
      4811.40      70.2170      2.98520
      4812.80      70.5455      2.91923
      4814.20      71.4031      3.78282
      4815.60      72.3813      3.30959
      4817.00      70.5843      2.90547
      4818.40      69.2732      2.85368
      4819.80      69.1415      2.86613
      4821.20      69.1512      2.84886
      4822.60      69.0315      2.88317
      4824.00      68.9869      2.83004
      4825.40      68.8560      2.81800
      4826.80      68.4805      2.76929
      4828.20      69.0044      2.86354
      4829.60      66.7686      2.75188
      4831.00      67.9704      2.79673
      4832.40      68.4112      2.76387
      4833.80      65.9624      2.75016
      4835.20      66.0795      2.80545
      4836.60      66.2200      2.80106
      4838.00      66.2490      2.75866
      4839.40      66.1242      2.80828
      4840.80      63.3997      2.67778
      4842.20      64.0065      2.68406
      4843.60      63.4629      2.67579
      4845.00      61.4146      2.54385
      4846.40      60.4350      2.57283
      4847.80      60.3914      2.60866
      4849.20      58.1496      2.51133
      4850.60      55.8410      2.38202
      4852.00      55.1748      2.35582
      4853.40      51.1584      2.22060
      4854.80      47.4961      2.16873
      4856.20      44.0204      2.06546
      4857.60      36.2805      1.89894
      4859.00      28.0501      1.58196
      4860.40      28.9156      1.58354
      4861.80      38.1678      1.83272
      4863.20      44.3089      2.02973
      4864.60      48.8615      2.11414
      4866.00      51.7636      2.29628
      4867.40      53.9937      2.37636
      4868.80      56.2305      2.41218
      4870.20      56.4779      2.44246
      4871.60      59.9543      2.48930
      4873.00      59.7762      2.52192
      4874.40      60.9257      2.54139
      4875.80      61.6377      2.61274
      4877.20      63.2983      2.60951
      4878.60      62.8823      2.64406
      4880.00      63.3340      2.70858
      4881.40      64.1791      2.73623
      4882.80      65.0350      2.71432
      4884.20      65.3689      2.72427
      4885.60      66.0196      2.76839
      4887.00      65.7928      2.81428
      4888.40      64.9890      2.86395
      4889.80      65.0121      2.80853
      4891.20      66.0673      2.76019
      4892.60      67.2531      2.81989
      4894.00      66.6292      2.87525
      4895.40      67.1195      2.78234
      4896.80      66.3303      2.80760
      4898.20      66.0356      2.81859
      4899.60      65.9114      2.82107
      4901.00      66.9917      2.85684
      4902.40      68.3250      2.93825
      4903.80      67.4998      2.88861
      4905.20      67.1812      2.81692
      4906.60      67.2422      2.82332
      4908.00      67.7992      2.74365
      4909.40      67.2331      2.73417
      4910.80      68.4352      2.80819
      4912.20      68.0723      2.79758
      4913.60      66.7723      2.81258
      4915.00      67.0958      2.93610
      4916.40      66.9667      2.80599
      4917.80      66.7887      2.79006
      4919.20      67.2754      2.81133
      4920.60      65.5753      2.72001
      4922.00      65.1848      2.70020
      4923.40      65.8298      2.88764
      4924.80      68.6816      2.81690
      4926.20      67.2073      2.78319
      4927.60      68.5289      2.80377
      4929.00      66.4975      2.82224
      4930.40      67.5844      2.90743
      4931.80      67.9238      2.90388
      4933.20      67.1063      2.85044
      4934.60      67.1292      2.86603
      4936.00      66.5053      2.80315
      4937.40      67.5728      2.84668
      4938.80      68.3734      2.76565
      4940.20      68.0804      2.79835
      4941.60      67.0816      2.87935
      4943.00      66.6331      2.86128
      4944.40      67.5319      2.83380
      4945.80      66.1855      2.70021
      4947.20      67.6917      2.77203
      4948.60      66.1076      2.77408
      4950.00      66.3171      2.78097
      4951.40      65.7750      2.82469
      4952.80      67.4496      2.76261
      4954.20      66.3817      2.66206
      4955.60      64.6760      2.65491
      4957.00      65.4700      2.68528
      4958.40      65.8160      2.72261
      4959.80      66.8885      2.82507
      4961.20      67.8456      2.90368
      4962.60      67.0075      2.78940
      4964.00      66.4424      2.78720
      4965.40      66.8151      2.70507
      4966.80      65.9007      2.77602
      4968.20      65.0715      2.68332
      4969.60      66.2523      2.75661
      4971.00      67.3528      2.75662
      4972.40      65.5855      2.75572
      4973.80      64.4382      2.74032
      4975.20      66.8183      2.74074
      4976.60      64.7434      2.71422
      4978.00      66.2493      2.74271
      4979.40      66.0586      2.75371
      4980.80      66.4901      2.77491
      4982.20      66.0077      2.80683
      4983.60      65.9616      2.70309
      4985.00      65.5304      2.70468
      4986.40      64.8360      2.73268
      4987.80      65.6399      2.74376
      4989.20      64.8948      2.71463
      4990.60      65.6668      2.78206
      4992.00      66.7470      2.77692
      4993.40      65.3419      2.74312
      4994.80      65.2156      2.76958
      4996.20      66.0135      2.71757
      4997.60      65.9518      2.69569
      4999.00      66.0077      2.69419
