      3900.00      61.4823      9.42919
      3901.40      63.5299      9.59578
      3902.80      72.5507      10.1110
      3904.20      61.4833      10.4913
      3905.60      67.3648      9.78538
      3907.00      60.1066      9.38968
      3908.40      67.3835      9.55338
      3909.80      65.1917      8.83132
      3911.20      68.7174      9.71513
      3912.60      69.1187      10.1985
      3914.00      63.3250      9.29836
      3915.40      66.2222      9.09386
      3916.80      63.4802      9.27577
      3918.20      62.4492      8.70939
      3919.60      64.6351      8.55035
      3921.00      69.0529      8.69747
      3922.40      68.5177      8.72424
      3923.80      71.0163      9.20860
      3925.20      60.2455      8.57234
      3926.60      77.8105      9.00406
      3928.00      62.7154      8.54392
      3929.40      66.4597      8.21495
      3930.80      60.8940      8.45190
      3932.20      50.4813      7.84759
      3933.60      29.6911      6.72154
      3935.00      29.8955      6.93573
      3936.40      56.4749      7.75071
      3937.80      67.6996      8.33774
      3939.20      59.6277      8.42440
      3940.60      70.8930      8.55094
      3942.00      68.9017      8.71171
      3943.40      73.5954      8.53368
      3944.80      64.3854      8.32030
      3946.20      71.6124      8.66795
      3947.60      69.5568      8.00686
      3949.00      68.3134      8.72338
      3950.40      70.1339      9.19817
      3951.80      59.5998      9.08190
      3953.20      63.0227      9.22605
      3954.60      60.1246      8.71331
      3956.00      60.8727      7.97060
      3957.40      53.2754      8.05630
      3958.80      62.0017      7.78802
      3960.20      59.2829      8.25048
      3961.60      55.7155      7.48839
      3963.00      54.9384      7.54928
      3964.40      50.2032      7.39491
      3965.80      57.2423      7.52536
      3967.20      30.9713      6.17380
      3968.60      24.3090      5.95908
      3970.00      12.7909      6.13723
      3971.40      23.1503      6.16753
      3972.80      35.7318      7.07103
      3974.20      42.9817      7.11510
      3975.60      51.3284      7.90697
      3977.00      50.7887      7.94897
      3978.40      54.0496      8.24433
      3979.80      53.8055      8.03550
      3981.20      60.6706      7.88083
      3982.60      56.6115      7.46856
      3984.00      56.3217      7.08165
      3985.40      60.7206      7.41215
      3986.80      52.2444      7.29059
      3988.20      61.1072      7.22355
      3989.60      66.3148      7.92456
      3991.00      65.6931      7.89927
      3992.40      65.2108      8.20223
      3993.80      61.7799      8.31391
      3995.20      63.2787      7.61996
      3996.60      64.4232      7.93568
      3998.00      66.6071      8.33213
      3999.40      65.9200      8.32728
      4000.80      70.8608      8.59955
      4002.20      76.8539      8.19751
      4003.60      69.8419      7.42172
      4005.00      74.2951      7.45814
      4006.40      61.5077      7.32592
      4007.80      63.5342      7.46092
      4009.20      71.8757      7.82467
      4010.60      66.0884      7.43559
      4012.00      63.4613      7.42172
      4013.40      69.7356      7.34065
      4014.80      67.9266      7.29489
      4016.20      66.7237      7.15006
      4017.60      64.6615      7.48712
      4019.00      73.8061      7.86880
      4020.40      67.9466      7.71692
      4021.80      69.8018      7.35682
      4023.20      66.6088      7.00486
      4024.60      65.3853      6.87055
      4026.00      69.2108      7.17391
      4027.40      62.1538      7.34262
      4028.80      71.2574      7.31531
      4030.20      70.9427      7.26164
      4031.60      63.0205      7.05946
      4033.00      66.9510      7.21687
      4034.40      64.2468      7.16218
      4035.80      61.4691      7.16738
      4037.20      68.2284      7.33279
      4038.60      68.7486      7.11125
      4040.00      61.1057      6.92752
      4041.40      60.9123      6.87854
      4042.80      68.9815      6.78626
      4044.20      62.8687      6.63623
      4045.60      61.5697      7.30231
      4047.00      66.5164      9.28266
      4048.40      73.7911      10.0868
      4049.80      64.5048      7.91390
      4051.20      69.3893      6.64453
      4052.60      62.7149      6.88519
      4054.00      59.6458      6.82461
      4055.40      67.6287      6.58209
      4056.80      66.8838      6.95670
      4058.20      64.1081      6.80350
      4059.60      66.0835      6.74797
      4061.00      66.2109      6.84317
      4062.40      62.1286      6.79058
      4063.80      63.5980      6.88046
      4065.20      67.8552      6.75517
      4066.60      62.3628      6.90943
      4068.00      66.2880      6.71443
      4069.40      68.8887      6.75826
      4070.80      70.0835      6.90527
      4072.20      59.2743      6.64485
      4073.60      62.9599      6.52005
      4075.00      64.0777      6.61232
      4076.40      64.3537      6.83087
      4077.80      55.3906      6.54687
      4079.20      56.8205      6.78263
      4080.60      59.5822      6.89963
      4082.00      64.2396      7.10150
      4083.40      65.6175      6.48273
      4084.80      53.2577      6.31364
      4086.20      61.3325      6.56915
      4087.60      60.0480      6.96009
      4089.00      56.0510      7.06581
      4090.40      52.0965      6.86900
      4091.80      57.1788      6.36437
      4093.20      50.8464      6.20680
      4094.60      53.8681      5.84469
      4096.00      43.2720      5.97125
      4097.40      43.1954      6.60816
      4098.80      40.1946      6.69603
      4100.20      39.1803      6.19706
      4101.60      24.3916      5.57401
      4103.00      25.5612      5.55630
      4104.40      39.0935      5.52279
      4105.80      41.3071      5.45463
      4107.20      46.2797      5.53749
      4108.60      51.0550      5.84674
      4110.00      48.1262      5.86756
      4111.40      56.1391      6.03825
      4112.80      51.5492      5.92203
      4114.20      58.0691      5.91146
      4115.60      54.8487      6.01432
      4117.00      55.4390      5.73940
      4118.40      52.3596      5.89797
      4119.80      58.5707      5.83485
      4121.20      53.5453      6.08412
      4122.60      57.6788      6.06409
      4124.00      56.3002      5.99866
      4125.40      57.7885      5.61460
      4126.80      55.2827      5.99672
      4128.20      60.7460      6.27889
      4129.60      56.2538      6.09869
      4131.00      56.4149      6.17159
      4132.40      53.5132      5.68826
      4133.80      57.9682      5.75051
      4135.20      63.4483      6.09942
      4136.60      64.7667      6.28886
      4138.00      62.0413      5.87589
      4139.40      59.0006      5.95656
      4140.80      59.9153      5.70185
      4142.20      64.5504      6.11243
      4143.60      52.9685      5.63273
      4145.00      60.0011      5.59365
      4146.40      58.3235      5.62897
      4147.80      62.8089      5.96804
      4149.20      57.7286      5.96012
      4150.60      60.8879      5.92534
      4152.00      64.6445      6.20321
      4153.40      64.6909      6.28762
      4154.80      55.7620      5.97310
      4156.20      60.3799      6.04194
      4157.60      60.3912      6.39123
      4159.00      60.7011      5.84522
      4160.40      62.0713      5.88625
      4161.80      59.0534      5.77731
      4163.20      56.8358      5.94659
      4164.60      62.6876      5.81997
      4166.00      56.9777      5.79753
      4167.40      58.1995      6.05282
      4168.80      59.4118      6.11262
      4170.20      64.0612      5.85416
      4171.60      62.0829      5.78833
      4173.00      53.9343      5.72300
      4174.40      55.4963      5.72410
      4175.80      56.0809      5.63908
      4177.20      57.8721      5.62011
      4178.60      58.6192      5.60626
      4180.00      59.3451      5.68039
      4181.40      59.0095      5.94476
      4182.80      60.9819      5.97070
      4184.20      60.1384      5.61269
      4185.60      60.0212      5.72497
      4187.00      63.3845      5.93845
      4188.40      54.2720      5.54117
      4189.80      61.6736      5.65432
      4191.20      58.4251      5.72810
      4192.60      61.4515      5.71157
      4194.00      61.6592      6.12545
      4195.40      57.4989      6.02764
      4196.80      62.1729      6.04297
      4198.20      54.9999      5.99637
      4199.60      57.3822      5.80432
      4201.00      61.6095      5.80546
      4202.40      53.7382      5.75390
      4203.80      55.8181      5.96119
      4205.20      58.4747      5.97686
      4206.60      53.7019      5.59497
      4208.00      58.4636      5.82102
      4209.40      58.0803      5.50778
      4210.80      58.7712      5.57548
      4212.20      59.3686      5.53096
      4213.60      56.5391      5.24624
      4215.00      56.2430      5.26004
      4216.40      54.9439      5.56227
      4217.80      58.7596      5.35470
      4219.20      56.3585      5.46771
      4220.60      57.7714      5.38294
      4222.00      60.5070      5.58689
      4223.40      60.2116      5.58814
      4224.80      57.7153      5.37536
      4226.20      54.6822      5.24755
      4227.60      51.4725      5.09493
      4229.00      57.6774      5.16475
      4230.40      56.2001      5.18105
      4231.80      62.6468      5.59593
      4233.20      56.9203      5.66110
      4234.60      56.2441      5.52459
      4236.00      54.1566      5.18329
      4237.40      53.6415      5.09896
      4238.80      59.0177      5.29958
      4240.20      58.3580      5.36968
      4241.60      61.0694      5.42889
      4243.00      57.9742      5.35839
      4244.40      59.2786      5.32255
      4245.80      56.9183      5.35582
      4247.20      54.7091      5.38712
      4248.60      60.3466      5.94779
      4250.00      52.5326      5.33239
      4251.40      56.0731      5.06201
      4252.80      56.8320      5.08321
      4254.20      58.7411      5.17440
      4255.60      53.6897      5.07593
      4257.00      53.9110      5.33119
      4258.40      57.3373      5.34643
      4259.80      57.7344      5.33090
      4261.20      58.7758      5.29871
      4262.60      53.9996      5.17681
      4264.00      50.6662      5.04070
      4265.40      61.4083      5.01825
      4266.80      57.4344      5.31642
      4268.20      59.4084      5.25847
      4269.60      53.2113      4.99372
      4271.00      58.5138      4.92023
      4272.40      52.8158      5.13031
      4273.80      56.6489      5.47973
      4275.20      51.5579      5.69718
      4276.60      56.4587      5.59105
      4278.00      54.0871      5.38525
      4279.40      55.2489      4.87532
      4280.80      55.8847      5.20454
      4282.20      55.5440      4.95688
      4283.60      55.0289      4.90809
      4285.00      55.8927      5.35959
      4286.40      56.3978      5.42304
      4287.80      57.5276      5.44546
      4289.20      50.2956      5.04375
      4290.60      52.2250      4.95731
      4292.00      55.2749      4.94044
      4293.40      52.2412      4.93039
      4294.80      52.7205      5.11340
      4296.20      54.9276      5.19287
      4297.60      53.9547      5.05234
      4299.00      52.6305      5.10113
      4300.40      50.4526      4.80573
      4301.80      49.8279      4.76858
      4303.20      49.1321      4.68910
      4304.60      53.1753      5.01282
      4306.00      54.2569      4.88203
      4307.40      52.1952      4.99069
      4308.80      48.4959      5.12462
      4310.20      49.4295      4.56230
      4311.60      53.2815      4.75474
      4313.00      50.4570      4.54007
      4314.40      51.1527      4.75195
      4315.80      49.8040      4.58576
      4317.20      47.3689      4.76476
      4318.60      51.4299      5.04180
      4320.00      49.5560      4.67468
      4321.40      46.8686      4.72708
      4322.80      54.0214      4.76493
      4324.20      55.4524      4.88823
      4325.60      46.2920      4.71035
      4327.00      44.8632      4.73375
      4328.40      49.3252      5.04397
      4329.80      48.0482      5.22299
      4331.20      48.3829      4.99975
      4332.60      47.1843      4.62860
      4334.00      46.9566      4.38424
      4335.40      43.6929      4.28198
      4336.80      39.9172      4.40407
      4338.20      31.8836      3.94849
      4339.60      30.0077      3.89280
      4341.00      23.0454      3.90302
      4342.40      24.9990      3.87217
      4343.80      34.3372      4.60633
      4345.20      40.4208      4.71557
      4346.60      36.3789      4.44336
      4348.00      43.2565      4.41227
      4349.40      45.3529      4.54243
      4350.80      44.3654      4.33320
      4352.20      44.9721      4.47935
      4353.60      47.1074      4.53876
      4355.00      49.5432      4.46143
      4356.40      47.2062      4.43041
      4357.80      49.5096      4.83144
      4359.20      49.5363      5.97790
      4360.60      53.2713      5.58881
      4362.00      49.5760      4.71557
      4363.40      52.4025      5.02870
      4364.80      51.5874      4.69670
      4366.20      51.6803      4.81779
      4367.60      49.7963      4.73075
      4369.00      49.8889      4.73481
      4370.40      52.5812      4.76891
      4371.80      53.4341      4.70252
      4373.20      54.6219      4.91236
      4374.60      51.2748      4.80485
      4376.00      50.0817      4.65057
      4377.40      52.0009      5.02847
      4378.80      53.8088      4.74102
      4380.20      55.5372      4.92977
      4381.60      54.7532      4.78865
      4383.00      50.4873      4.72136
      4384.40      47.2220      4.52613
      4385.80      49.2067      4.44958
      4387.20      53.1951      4.64638
      4388.60      49.7368      4.43478
      4390.00      52.5244      4.84435
      4391.40      53.1079      4.75902
      4392.80      50.4962      4.77524
      4394.20      50.2057      4.51524
      4395.60      44.5025      4.26025
      4397.00      49.5580      4.28529
      4398.40      49.5453      4.40107
      4399.80      53.6386      4.52470
      4401.20      45.5934      4.52525
      4402.60      52.3235      4.76698
      4404.00      51.2349      4.49046
      4405.40      48.7978      4.49561
      4406.80      47.9815      4.38993
      4408.20      52.3227      4.53388
      4409.60      50.8779      4.42348
      4411.00      51.5119      4.76550
      4412.40      51.7908      4.65900
      4413.80      51.2457      4.67303
      4415.20      52.5082      4.47208
      4416.60      51.7498      4.33860
      4418.00      48.2279      4.23196
      4419.40      49.4522      4.23197
      4420.80      52.6627      4.45577
      4422.20      51.9754      4.66494
      4423.60      48.8711      4.50952
      4425.00      52.0829      4.54304
      4426.40      46.8047      4.47792
      4427.80      51.3753      4.32597
      4429.20      50.9151      4.49187
      4430.60      55.0105      4.82144
      4432.00      48.5262      4.76828
      4433.40      52.7930      4.70055
      4434.80      51.0168      4.34575
      4436.20      43.5934      4.45841
      4437.60      47.9946      4.38256
      4439.00      48.4166      4.42128
      4440.40      49.1650      4.25772
      4441.80      48.0927      4.11493
      4443.20      45.6146      4.15107
      4444.60      44.3536      4.03618
      4446.00      45.5223      4.13566
      4447.40      50.7353      4.36317
      4448.80      49.0947      4.47988
      4450.20      48.6079      4.49972
      4451.60      48.7739      4.29664
      4453.00      50.5109      4.23667
      4454.40      50.2484      4.30904
      4455.80      49.2546      4.37853
      4457.20      49.0682      4.20677
      4458.60      48.1996      4.01409
      4460.00      51.9159      4.23033
      4461.40      49.9452      4.95464
      4462.80      45.0362      4.66334
      4464.20      50.3469      4.45069
      4465.60      46.9253      4.20546
      4467.00      48.8063      4.15838
      4468.40      44.1734      3.99147
      4469.80      46.4749      3.98766
      4471.20      49.0330      4.09764
      4472.60      50.5819      4.07419
      4474.00      48.7661      4.01426
      4475.40      50.0121      4.00924
      4476.80      50.4524      4.07562
      4478.20      48.7142      3.97447
      4479.60      51.7371      4.10222
      4481.00      47.9147      4.10211
      4482.40      49.3781      4.25594
      4483.80      43.8841      4.22199
      4485.20      50.3746      4.27102
      4486.60      48.5691      4.29851
      4488.00      50.4233      4.08846
      4489.40      51.6628      4.29446
      4490.80      49.0108      4.18852
      4492.20      47.1733      4.15632
      4493.60      51.6469      4.29151
      4495.00      51.3399      4.25414
      4496.40      46.5554      4.12688
      4497.80      45.6585      4.10356
      4499.20      48.7277      4.40949
      4500.60      50.1516      4.26973
      4502.00      47.3397      4.11730
      4503.40      47.5515      4.24753
      4504.80      51.6029      4.11586
      4506.20      49.4731      4.01122
      4507.60      46.8530      4.01934
      4509.00      46.5865      3.97921
      4510.40      48.7618      4.21527
      4511.80      44.8086      4.18071
      4513.20      52.1485      4.48094
      4514.60      46.3574      4.08435
      4516.00      49.7346      4.11163
      4517.40      47.0152      3.99628
      4518.80      45.1210      3.88111
      4520.20      48.9101      3.93158
      4521.60      48.0801      3.91800
      4523.00      43.9725      3.89087
      4524.40      49.6141      3.95179
      4525.80      49.2626      3.99051
      4527.20      46.6177      3.95106
      4528.60      47.6811      3.99571
      4530.00      46.0982      4.09009
      4531.40      50.3657      4.49378
      4532.80      48.4050      4.46445
      4534.20      49.4315      4.11328
      4535.60      46.7153      3.92835
      4537.00      49.1160      3.84868
      4538.40      49.5366      4.08850
      4539.80      48.2457      4.48475
      4541.20      45.4261      4.59572
      4542.60      44.4071      4.20037
      4544.00      45.5483      3.83476
      4545.40      46.3651      3.76041
      4546.80      46.0021      4.04593
      4548.20      46.0288      3.99882
      4549.60      46.0171      3.89710
      4551.00      44.2905      3.77328
      4552.40      43.2323      3.79136
      4553.80      47.5046      3.80570
      4555.20      45.8500      3.74539
      4556.60      45.8424      3.85452
      4558.00      46.1590      3.85383
      4559.40      41.9152      3.83334
      4560.80      45.1979      4.00488
      4562.20      45.2649      4.12082
      4563.60      51.9881      4.35532
      4565.00      42.6806      4.08150
      4566.40      48.4618      4.07139
      4567.80      49.2259      3.82925
      4569.20      46.9250      3.83643
      4570.60      48.4761      3.88327
      4572.00      47.7402      3.82568
      4573.40      46.2777      3.89828
      4574.80      47.7945      3.83118
      4576.20      50.4620      3.95827
      4577.60      49.0391      3.91644
      4579.00      47.8771      3.81174
      4580.40      48.0071      3.81019
      4581.80      46.4716      3.79354
      4583.20      41.6137      3.62551
      4584.60      43.1882      3.61613
      4586.00      44.6987      3.63326
      4587.40      46.6276      3.71758
      4588.80      44.5695      3.73806
      4590.20      43.9404      3.74421
      4591.60      45.7365      3.57182
      4593.00      43.5213      3.75073
      4594.40      46.3265      4.04797
      4595.80      45.9493      3.90250
      4597.20      47.3447      3.63100
      4598.60      47.5910      3.71790
      4600.00      48.6070      3.73131
      4601.40      47.2708      3.91420
      4602.80      46.4426      3.93715
      4604.20      48.3998      3.81105
      4605.60      43.4526      3.72792
      4607.00      48.4553      3.83327
      4608.40      46.7758      3.82735
      4609.80      42.4507      4.10115
      4611.20      42.6905      4.07753
      4612.60      46.1912      3.82025
      4614.00      47.6654      3.79848
      4615.40      47.2424      3.75258
      4616.80      43.8549      3.70020
      4618.20      48.7389      3.84162
      4619.60      46.3277      3.71717
      4621.00      43.5274      3.64096
      4622.40      46.5249      3.66922
      4623.80      44.6636      3.66136
      4625.20      45.0797      3.77292
      4626.60      44.2331      3.69731
      4628.00      44.2600      3.60672
      4629.40      44.2646      3.51533
      4630.80      46.5083      3.84812
      4632.20      46.2937      3.66469
      4633.60      47.7818      3.73901
      4635.00      45.6162      3.57661
      4636.40      46.9454      3.89517
      4637.80      46.2946      3.82723
      4639.20      44.4507      3.63238
      4640.60      46.0291      3.58143
      4642.00      46.8454      3.76051
      4643.40      45.2845      3.59290
      4644.80      44.1279      3.72308
      4646.20      44.6131      3.72169
      4647.60      43.5563      3.44386
      4649.00      45.9614      3.59712
      4650.40      45.3714      3.50002
      4651.80      46.5665      3.63374
      4653.20      50.0254      3.69817
      4654.60      48.5521      3.89242
      4656.00      42.9671      3.81208
      4657.40      46.2317      4.06030
      4658.80      47.9188      3.91818
      4660.20      46.9701      3.88624
      4661.60      45.4981      3.67880
      4663.00      44.9740      3.76341
      4664.40      45.6148      3.63210
      4665.80      44.2953      3.55612
      4667.20      45.5553      3.62525
      4668.60      44.8595      3.54462
      4670.00      44.4621      3.60822
      4671.40      46.1816      3.50651
      4672.80      45.7985      3.53040
      4674.20      45.3430      3.91285
      4675.60      46.9876      3.91761
      4677.00      47.2397      3.71527
      4678.40      44.5086      3.58262
      4679.80      44.4925      3.58207
      4681.20      47.4367      3.77185
      4682.60      44.8941      3.93094
      4684.00      45.8426      3.81959
      4685.40      46.6082      3.53130
      4686.80      43.5942      3.73130
      4688.20      43.6987      3.60010
      4689.60      44.3959      3.53794
      4691.00      44.5531      3.56833
      4692.40      46.0989      3.58790
      4693.80      46.2729      3.66696
      4695.20      45.0168      4.10407
      4696.60      43.0492      3.71037
      4698.00      46.0826      3.47511
      4699.40      44.8446      3.59240
      4700.80      45.8217      3.47073
      4702.20      45.6666      3.44385
      4703.60      41.9133      3.57013
      4705.00      44.5844      3.47053
      4706.40      44.4579      3.67218
      4707.80      43.5549      3.47304
      4709.20      45.1575      3.39691
      4710.60      44.1499      3.45332
      4712.00      44.2870      3.67554
      4713.40      45.5897      3.58278
      4714.80      42.2201      3.39165
      4716.20      47.1848      3.61306
      4717.60      43.3535      3.43121
      4719.00      44.4368      3.57900
      4720.40      43.3000      3.51073
      4721.80      44.5893      3.34565
      4723.20      42.4368      3.67916
      4724.60      42.6778      3.40520
      4726.00      44.8524      3.67081
      4727.40      45.5861      3.84835
      4728.80      44.4726      3.77320
      4730.20      45.1073      3.69369
      4731.60      43.6935      3.62769
      4733.00      44.2811      3.59175
      4734.40      42.6084      3.51183
      4735.80      44.8279      3.49894
      4737.20      44.9772      3.40303
      4738.60      43.7794      3.46569
      4740.00      43.9062      3.54192
      4741.40      44.1001      3.58162
      4742.80      43.4635      3.59155
      4744.20      43.6128      3.45956
      4745.60      44.3981      3.46253
      4747.00      43.4477      3.59157
      4748.40      42.8809      3.79179
      4749.80      45.8959      3.74685
      4751.20      44.8946      3.62816
      4752.60      42.9393      3.59586
      4754.00      46.6531      3.45384
      4755.40      44.2661      3.53030
      4756.80      42.9920      3.50137
      4758.20      45.3656      3.74787
      4759.60      43.3265      3.52838
      4761.00      44.5450      3.70575
      4762.40      43.3051      3.46158
      4763.80      39.8728      3.36335
      4765.20      43.9405      3.19888
      4766.60      44.0043      3.46277
      4768.00      44.0635      3.51347
      4769.40      43.8431      3.55389
      4770.80      39.6932      3.38187
      4772.20      42.5331      3.25770
      4773.60      42.2121      3.30986
      4775.00      42.9120      3.46856
      4776.40      40.7990      3.49270
      4777.80      40.3672      3.16972
      4779.20      42.5104      3.34173
      4780.60      40.4859      3.26763
      4782.00      42.4095      3.46293
      4783.40      42.2764      3.50331
      4784.80      47.0506      3.47507
      4786.20      42.6738      3.32999
      4787.60      43.4890      3.33044
      4789.00      44.4461      3.39729
      4790.40      41.8077      3.60046
      4791.80      42.8782      3.61514
      4793.20      43.5534      3.47187
      4794.60      41.4345      3.28215
      4796.00      44.6326      3.30546
      4797.40      44.9277      3.35949
      4798.80      41.0284      3.26846
      4800.20      41.8011      3.18277
      4801.60      39.7761      3.37679
      4803.00      43.8818      3.48502
      4804.40      44.2472      3.37840
      4805.80      44.8488      3.42336
      4807.20      40.5973      3.19491
      4808.60      48.7860      3.33552
      4810.00      44.1074      3.49180
      4811.40      39.8166      3.48167
      4812.80      38.4612      3.33893
      4814.20      43.7512      3.35888
      4815.60      42.1801      3.40346
      4817.00      40.9627      3.22330
      4818.40      41.5904      3.34816
      4819.80      41.3694      3.45112
      4821.20      41.1002      3.48432
      4822.60      42.2529      3.33191
      4824.00      43.7178      3.45259
      4825.40      40.1214      3.21556
      4826.80      39.5764      3.20051
      4828.20      41.3586      3.25846
      4829.60      38.6110      3.24675
      4831.00      40.8414      3.26165
      4832.40      44.4330      3.37562
      4833.80      41.8630      3.23640
      4835.20      41.2470      3.40299
      4836.60      42.7556      3.44822
      4838.00      41.6576      3.47506
      4839.40      38.8359      3.17064
      4840.80      40.4559      3.34507
      4842.20      41.5452      3.34724
      4843.60      37.9582      3.37363
      4845.00      41.3900      3.28803
      4846.40      37.3476      3.16917
      4847.80      35.1558      3.12101
      4849.20      35.3117      3.15466
      4850.60      36.8866      3.19744
      4852.00      35.6956      3.03768
      4853.40      36.2380      3.15302
      4854.80      35.4532      3.12752
      4856.20      35.3513      2.92234
      4857.60      31.2989      2.97782
      4859.00      28.6829      2.90856
      4860.40      25.5497      2.61995
      4861.80      16.9383      2.33181
      4863.20      18.5185      2.48486
      4864.60      25.8276      2.70444
      4866.00      30.2791      2.97308
      4867.40      31.6947      3.38859
      4868.80      32.7763      3.28365
      4870.20      34.7561      3.12264
      4871.60      34.6943      2.96736
      4873.00      34.3563      3.05344
      4874.40      35.9585      3.19253
      4875.80      37.0467      3.20149
      4877.20      38.0538      3.07335
      4878.60      37.6690      3.08176
      4880.00      35.7122      3.31434
      4881.40      38.9638      3.26423
      4882.80      42.0086      3.29584
      4884.20      40.0026      3.26147
      4885.60      37.1076      3.19512
      4887.00      38.0308      3.21254
      4888.40      38.8958      3.25560
      4889.80      38.0080      3.06190
      4891.20      40.6221      3.23164
      4892.60      35.2110      3.09461
      4894.00      38.2421      3.14104
      4895.40      39.2852      3.30680
      4896.80      41.5712      3.24928
      4898.20      39.6223      3.37132
      4899.60      39.8141      3.41836
      4901.00      39.8297      3.52063
      4902.40      38.8738      3.37667
      4903.80      39.8257      3.30412
      4905.20      43.2808      3.27067
      4906.60      42.5606      3.38973
      4908.00      43.1632      3.31492
      4909.40      42.7030      3.49880
      4910.80      40.3055      3.44491
      4912.20      41.2689      3.21330
      4913.60      41.8403      3.21902
      4915.00      43.0143      3.33035
      4916.40      41.1075      3.34651
      4917.80      41.7554      3.58002
      4919.20      39.9184      3.48963
      4920.60      38.8802      3.16529
      4922.00      38.4478      3.00707
      4923.40      40.2781      3.10728
      4924.80      40.6720      3.13161
      4926.20      37.2952      3.11491
      4927.60      43.0066      3.06991
      4929.00      38.7921      3.39171
      4930.40      39.3443      3.54202
      4931.80      40.4416      3.30998
      4933.20      42.1991      3.16465
      4934.60      40.9164      3.02272
      4936.00      38.6420      3.23897
      4937.40      39.0617      3.16873
      4938.80      41.6805      3.19562
      4940.20      40.8771      3.29009
      4941.60      38.7220      3.14667
      4943.00      40.9558      3.42440
      4944.40      42.0863      3.22885
      4945.80      39.8041      3.11843
      4947.20      39.1959      3.03552
      4948.60      38.7930      3.09359
      4950.00      42.0407      3.18615
      4951.40      42.3320      3.27026
      4952.80      40.7953      3.14521
      4954.20      41.9817      3.21929
      4955.60      40.7339      3.15700
      4957.00      40.3138      3.07363
      4958.40      37.5023      3.10767
      4959.80      36.3327      2.91135
      4961.20      39.8085      3.00662
      4962.60      38.4782      3.07371
      4964.00      38.7960      3.12919
      4965.40      40.4193      3.46121
      4966.80      38.0319      3.44564
      4968.20      37.1060      3.24941
      4969.60      40.0628      3.15310
      4971.00      40.6931      3.07470
      4972.40      39.5320      3.05159
      4973.80      40.4716      3.11985
      4975.20      41.2594      3.34014
      4976.60      41.1347      3.48954
      4978.00      41.3278      3.16042
      4979.40      39.1616      3.10215
      4980.80      40.6264      3.16251
      4982.20      40.1404      3.18875
      4983.60      39.3693      3.11796
      4985.00      37.2689      3.04466
      4986.40      39.0290      3.19137
      4987.80      39.9202      3.26026
      4989.20      40.9282      3.34412
      4990.60      38.5014      3.61953
      4992.00      40.2632      3.34223
      4993.40      40.2876      3.12936
      4994.80      36.9633      3.04009
      4996.20      40.3084      2.97052
      4997.60      40.3555      3.14323
      4999.00      40.9646      3.17142
