      3900.00      53.5298      3.66565
      3901.40      60.4367      3.89177
      3902.80      60.8501      3.91859
      3904.20      59.8855      3.89320
      3905.60      67.0495      4.20463
      3907.00      63.7376      4.03960
      3908.40      59.0694      3.88253
      3909.80      66.8398      4.09786
      3911.20      69.3821      4.24051
      3912.60      74.0518      4.34088
      3914.00      67.3730      4.18195
      3915.40      73.8587      4.27551
      3916.80      70.6103      4.16982
      3918.20      71.6692      4.08875
      3919.60      64.9816      4.00472
      3921.00      71.8989      4.17231
      3922.40      70.3118      4.20268
      3923.80      68.4885      4.13824
      3925.20      70.8708      4.22285
      3926.60      75.0015      4.33892
      3928.00      74.6349      4.13802
      3929.40      77.1086      4.23291
      3930.80      70.6370      4.06063
      3932.20      70.8998      4.03419
      3933.60      65.5016      3.86357
      3935.00      55.2304      3.50854
      3936.40      43.7320      3.19235
      3937.80      66.1157      3.88628
      3939.20      68.1152      3.95469
      3940.60      73.7226      4.08569
      3942.00      75.7870      4.24773
      3943.40      76.7371      4.30489
      3944.80      73.5107      4.17227
      3946.20      72.9287      4.21820
      3947.60      68.9110      4.02276
      3949.00      74.4126      4.11649
      3950.40      69.6046      3.98075
      3951.80      69.5303      3.90996
      3953.20      69.3560      3.96174
      3954.60      66.3847      3.90140
      3956.00      66.7308      3.88327
      3957.40      60.3552      3.71778
      3958.80      71.1735      3.87904
      3960.20      57.8163      3.54289
      3961.60      51.8173      3.37137
      3963.00      61.8993      3.60090
      3964.40      55.1120      3.49312
      3965.80      52.1595      3.41873
      3967.20      44.6624      3.20130
      3968.60      37.5640      2.88546
      3970.00      28.0240      2.52430
      3971.40      28.0630      2.41602
      3972.80      23.7679      2.32846
      3974.20      27.8235      2.49718
      3975.60      39.8961      2.84485
      3977.00      45.2399      3.05702
      3978.40      47.2197      3.14551
      3979.80      53.9779      3.33282
      3981.20      57.3792      3.45290
      3982.60      56.4431      3.47833
      3984.00      55.0500      3.49160
      3985.40      64.9235      3.77928
      3986.80      57.6423      3.55142
      3988.20      64.2782      3.65061
      3989.60      64.1301      3.71652
      3991.00      67.9704      3.83666
      3992.40      70.2142      3.85854
      3993.80      69.4336      3.94878
      3995.20      66.8060      3.80970
      3996.60      77.0510      4.02514
      3998.00      71.3599      3.85567
      3999.40      73.9627      3.86112
      4000.80      68.7098      3.88756
      4002.20      70.4961      3.96675
      4003.60      67.7618      3.94372
      4005.00      68.3903      3.83663
      4006.40      66.5244      3.76416
      4007.80      71.2880      3.83576
      4009.20      72.0318      3.83285
      4010.60      69.9638      3.82300
      4012.00      73.6975      3.83912
      4013.40      74.0396      3.98065
      4014.80      74.9489      3.87523
      4016.20      64.8472      3.61874
      4017.60      76.8307      3.90191
      4019.00      69.4797      3.79554
      4020.40      70.2284      3.86913
      4021.80      67.6991      3.82229
      4023.20      75.5159      4.03488
      4024.60      72.4042      3.93971
      4026.00      69.9520      3.79000
      4027.40      68.3467      3.70459
      4028.80      72.4401      3.83701
      4030.20      76.2187      4.03988
      4031.60      69.6006      3.92766
      4033.00      72.9597      3.86132
      4034.40      66.7666      3.65175
      4035.80      69.2510      3.66947
      4037.20      72.6793      3.76205
      4038.60      70.6208      3.73634
      4040.00      69.9810      3.66491
      4041.40      72.6620      3.76730
      4042.80      65.8526      3.61543
      4044.20      74.5936      3.81951
      4045.60      65.7638      3.68599
      4047.00      72.6584      3.87082
      4048.40      66.4001      3.85716
      4049.80      69.0113      3.73507
      4051.20      70.5155      3.71881
      4052.60      70.8798      3.71918
      4054.00      70.1289      3.72594
      4055.40      75.7122      3.84220
      4056.80      68.3836      3.64247
      4058.20      69.4440      3.63831
      4059.60      69.5933      3.64352
      4061.00      71.8371      3.66598
      4062.40      64.6203      3.53383
      4063.80      69.8815      3.65072
      4065.20      67.6724      3.61745
      4066.60      71.5253      3.76109
      4068.00      70.9854      3.71386
      4069.40      69.6469      3.73307
      4070.80      67.9292      3.68661
      4072.20      69.4264      3.70476
      4073.60      69.4430      3.67503
      4075.00      67.0923      3.65433
      4076.40      65.9703      3.61835
      4077.80      64.8643      3.61256
      4079.20      64.1998      3.58798
      4080.60      62.3039      3.39952
      4082.00      65.3216      3.48685
      4083.40      64.3530      3.45864
      4084.80      66.4136      3.48512
      4086.20      61.6062      3.53131
      4087.60      64.9729      3.49353
      4089.00      57.3566      3.29769
      4090.40      57.5453      3.20665
      4091.80      58.3068      3.21473
      4093.20      57.5847      3.17940
      4094.60      54.1536      3.07556
      4096.00      49.5148      2.92732
      4097.40      45.3953      2.78618
      4098.80      41.5187      2.70116
      4100.20      38.9260      2.52271
      4101.60      37.0294      2.48996
      4103.00      28.6282      2.30865
      4104.40      22.4085      2.38163
      4105.80      26.1354      2.55008
      4107.20      36.8803      2.65385
      4108.60      41.8637      2.59444
      4110.00      43.8003      2.73628
      4111.40      50.6331      2.89742
      4112.80      54.7718      3.09157
      4114.20      49.4094      2.90879
      4115.60      51.8655      2.96579
      4117.00      59.5138      3.20071
      4118.40      60.7454      3.22330
      4119.80      57.4450      3.26410
      4121.20      56.4471      3.10927
      4122.60      58.2431      3.15657
      4124.00      61.7541      3.22834
      4125.40      56.5516      3.13236
      4126.80      62.3331      3.27139
      4128.20      65.7285      3.33446
      4129.60      66.4209      3.45273
      4131.00      66.1473      3.38612
      4132.40      64.7824      3.42178
      4133.80      65.2853      3.49390
      4135.20      66.7958      3.57032
      4136.60      63.2869      3.49334
      4138.00      66.1878      3.52021
      4139.40      66.6135      3.39241
      4140.80      63.2157      3.28594
      4142.20      63.2434      3.52993
      4143.60      155.789      5.06238
      4145.00      109.499      3.99153
      4146.40      63.6652      3.26847
      4147.80      60.8080      3.30128
      4149.20      69.4299      3.41628
      4150.60      70.2700      3.52132
      4152.00      67.7564      3.38995
      4153.40      65.1172      3.32202
      4154.80      67.5311      3.37077
      4156.20      62.7692      3.28914
      4157.60      67.4851      3.35873
      4159.00      63.0977      3.27855
      4160.40      65.3410      3.26819
      4161.80      62.2538      3.25577
      4163.20      67.6413      3.39855
      4164.60      63.1232      3.31284
      4166.00      68.8364      3.56389
      4167.40      67.7943      3.52683
      4168.80      66.5627      3.51205
      4170.20      62.1524      3.31445
      4171.60      71.2310      3.47428
      4173.00      69.4654      3.46364
      4174.40      66.0727      3.42389
      4175.80      69.2556      3.44294
      4177.20      61.8941      3.31408
      4178.60      63.9673      3.35533
      4180.00      66.4449      3.38620
      4181.40      65.1270      3.31704
      4182.80      67.4279      3.31624
      4184.20      69.5119      3.39935
      4185.60      64.9186      3.29697
      4187.00      61.9014      3.19663
      4188.40      63.2310      3.20425
      4189.80      66.7851      3.28727
      4191.20      68.2466      3.32648
      4192.60      67.1560      3.31418
      4194.00      64.4570      3.28931
      4195.40      68.5501      3.46720
      4196.80      66.6784      3.42868
      4198.20      69.1675      3.40297
      4199.60      65.9535      3.29122
      4201.00      67.6023      3.30237
      4202.40      64.9935      3.26042
      4203.80      66.2240      3.26422
      4205.20      65.3828      3.26765
      4206.60      69.7563      3.37181
      4208.00      66.6493      3.33389
      4209.40      62.0536      3.33889
      4210.80      68.8907      3.48240
      4212.20      58.1245      3.13217
      4213.60      63.5098      3.13902
      4215.00      61.8467      3.16593
      4216.40      67.5770      3.29707
      4217.80      58.8902      3.07571
      4219.20      63.6761      3.18719
      4220.60      61.8281      3.09507
      4222.00      63.7366      3.14081
      4223.40      65.7245      3.25033
      4224.80      64.2186      3.21502
      4226.20      63.7048      3.23300
      4227.60      68.6600      3.31106
      4229.00      63.5402      3.18220
      4230.40      62.2104      3.16186
      4231.80      64.8525      3.25979
      4233.20      65.1672      3.33526
      4234.60      60.2198      3.13806
      4236.00      64.2533      3.23900
      4237.40      60.7953      3.07038
      4238.80      65.9184      3.19735
      4240.20      61.0984      3.09969
      4241.60      65.3398      3.17678
      4243.00      68.3362      3.27864
      4244.40      61.2839      3.09620
      4245.80      65.2375      3.17484
      4247.20      66.0726      3.19658
      4248.60      68.2075      3.31541
      4250.00      60.9264      3.10074
      4251.40      63.0638      3.17625
      4252.80      63.7406      3.16612
      4254.20      65.6652      3.18361
      4255.60      64.1827      3.14563
      4257.00      61.8776      3.07547
      4258.40      63.6943      3.16532
      4259.80      68.2002      3.23691
      4261.20      61.1487      3.11886
      4262.60      61.7149      3.10547
      4264.00      62.7842      3.13677
      4265.40      65.2135      3.17388
      4266.80      64.7077      3.16779
      4268.20      66.4357      3.21397
      4269.60      62.9138      3.12638
      4271.00      61.2592      3.14794
      4272.40      63.4266      3.22361
      4273.80      67.1216      3.27227
      4275.20      58.3154      3.01435
      4276.60      59.6300      3.00759
      4278.00      64.8982      3.08096
      4279.40      61.4525      3.11376
      4280.80      64.6537      3.12036
      4282.20      60.6589      3.03199
      4283.60      62.3798      3.07179
      4285.00      61.0950      3.04558
      4286.40      65.0102      3.09572
      4287.80      57.4293      2.95083
      4289.20      63.6273      3.11508
      4290.60      63.7095      3.09420
      4292.00      64.5681      3.09646
      4293.40      62.3581      3.15948
      4294.80      62.8131      3.10938
      4296.20      65.7038      3.15580
      4297.60      62.9271      3.08007
      4299.00      62.0258      3.04230
      4300.40      65.6871      3.15498
      4301.80      60.4247      3.04082
      4303.20      61.4251      3.09761
      4304.60      58.6620      2.96149
      4306.00      62.4494      3.02887
      4307.40      60.1728      2.98690
      4308.80      63.0258      3.03662
      4310.20      57.0362      2.90415
      4311.60      59.1626      2.95105
      4313.00      62.2761      3.05507
      4314.40      60.0244      3.03702
      4315.80      58.6639      3.01755
      4317.20      57.5785      2.98892
      4318.60      59.8156      3.00945
      4320.00      61.4480      3.01533
      4321.40      61.0000      2.98673
      4322.80      57.2649      2.92649
      4324.20      59.6222      2.89148
      4325.60      54.5262      2.79062
      4327.00      56.0530      2.83053
      4328.40      53.4159      2.74579
      4329.80      52.1640      2.72864
      4331.20      54.4172      2.78799
      4332.60      50.1393      2.66559
      4334.00      47.9304      2.59914
      4335.40      48.1557      2.56311
      4336.80      42.7289      2.51847
      4338.20      40.6884      2.30996
      4339.60      37.5868      2.26334
      4341.00      31.8494      2.06861
      4342.40      25.4825      1.83632
      4343.80      23.7400      1.82968
      4345.20      29.3213      1.97897
      4346.60      36.5636      2.18921
      4348.00      40.2488      2.33445
      4349.40      43.5146      2.46102
      4350.80      45.6374      2.46788
      4352.20      45.8429      2.56775
      4353.60      49.7616      2.64704
      4355.00      50.3713      2.69286
      4356.40      49.3193      2.69119
      4357.80      53.7084      2.83078
      4359.20      53.9436      3.02179
      4360.60      59.1789      3.16302
      4362.00      59.3963      2.96534
      4363.40      54.6645      2.84285
      4364.80      57.4839      2.89687
      4366.20      55.9472      2.89922
      4367.60      56.4732      2.91626
      4369.00      58.2577      2.87210
      4370.40      54.2174      2.75433
      4371.80      59.1673      2.90474
      4373.20      59.0509      2.89649
      4374.60      60.2235      2.90916
      4376.00      56.3940      2.87253
      4377.40      61.1436      3.00922
      4378.80      56.8125      2.87587
      4380.20      59.2998      2.92742
      4381.60      62.3815      3.04415
      4383.00      60.0765      2.91938
      4384.40      59.7564      2.89103
      4385.80      58.2169      2.85799
      4387.20      61.9958      3.04035
      4388.60      61.4104      3.05581
      4390.00      60.3443      2.98352
      4391.40      58.5823      2.91505
      4392.80      62.0305      2.96340
      4394.20      59.8168      2.91507
      4395.60      60.3867      2.91146
      4397.00      54.5280      2.72410
      4398.40      52.4533      2.70778
      4399.80      57.7254      2.87328
      4401.20      60.3466      2.89191
      4402.60      58.0066      2.89164
      4404.00      60.2998      2.94931
      4405.40      62.0318      2.97680
      4406.80      59.8067      2.87713
      4408.20      57.8282      2.85042
      4409.60      61.3782      2.96480
      4411.00      60.4848      2.95314
      4412.40      61.2045      2.95036
      4413.80      59.9507      2.91246
      4415.20      63.7987      3.05265
      4416.60      58.2827      3.02542
      4418.00      59.8691      2.95352
      4419.40      56.2420      2.80338
      4420.80      58.7044      2.84915
      4422.20      57.4388      2.90340
      4423.60      56.9986      2.87316
      4425.00      57.6273      2.82049
      4426.40      59.9452      2.89331
      4427.80      57.5033      2.87325
      4429.20      57.2754      2.78984
      4430.60      55.8537      2.75587
      4432.00      59.7661      2.88093
      4433.40      60.0231      2.88764
      4434.80      57.3300      2.78946
      4436.20      58.6153      2.82519
      4437.60      57.9488      2.85962
      4439.00      58.1352      2.84107
      4440.40      57.5835      2.87782
      4441.80      59.6574      2.90908
      4443.20      62.7741      2.98758
      4444.60      56.2687      2.80808
      4446.00      57.3137      2.77447
      4447.40      54.0471      2.71216
      4448.80      58.0301      2.80070
      4450.20      58.7664      2.84684
      4451.60      57.7774      2.83552
      4453.00      60.5624      2.83884
      4454.40      59.3165      2.84288
      4455.80      58.9894      2.80881
      4457.20      56.6210      2.76434
      4458.60      54.9367      2.76687
      4460.00      59.3516      2.92844
      4461.40      59.3952      2.89646
      4462.80      55.9486      2.80718
      4464.20      58.9050      2.75376
      4465.60      58.7227      2.84203
      4467.00      57.9185      2.75996
      4468.40      56.9850      2.75557
      4469.80      55.4446      2.67460
      4471.20      57.4950      2.75910
      4472.60      57.2268      2.74627
      4474.00      58.4968      2.79643
      4475.40      58.9334      2.76139
      4476.80      56.6103      2.77660
      4478.20      58.4942      2.74262
      4479.60      54.6013      2.68280
      4481.00      57.7210      2.76401
      4482.40      54.5111      2.69535
      4483.80      56.9196      2.71959
      4485.20      58.3691      2.77436
      4486.60      57.5500      2.80854
      4488.00      59.8133      2.86567
      4489.40      56.9907      2.78918
      4490.80      56.0214      2.72341
      4492.20      55.6642      2.74118
      4493.60      59.9596      2.85441
      4495.00      56.3585      2.76166
      4496.40      57.5545      2.73741
      4497.80      57.0942      2.73871
      4499.20      54.8323      2.67164
      4500.60      56.2928      2.71163
      4502.00      55.3955      2.71073
      4503.40      54.3255      2.66705
      4504.80      54.8541      2.66750
      4506.20      57.4263      2.72339
      4507.60      56.6053      2.70632
      4509.00      58.8942      2.75535
      4510.40      56.7886      2.73248
      4511.80      58.2213      2.76693
      4513.20      58.0389      2.79163
      4514.60      59.1695      2.76198
      4516.00      57.0195      2.71911
      4517.40      55.7285      2.68394
      4518.80      57.3643      2.77874
      4520.20      53.7826      2.71032
      4521.60      57.4938      2.70163
      4523.00      53.7794      2.63149
      4524.40      58.3713      2.72838
      4525.80      54.7191      2.66467
      4527.20      57.7185      2.68571
      4528.60      56.8666      2.70191
      4530.00      59.2208      2.77204
      4531.40      55.3706      2.65264
      4532.80      54.5994      2.62328
      4534.20      55.0725      2.64476
      4535.60      53.2385      2.61306
      4537.00      54.4891      2.65558
      4538.40      59.8926      2.77567
      4539.80      59.4723      2.71752
      4541.20      52.0756      2.57497
      4542.60      56.9374      2.65734
      4544.00      54.1713      2.64844
      4545.40      57.8301      2.68322
      4546.80      53.9475      2.60922
      4548.20      58.2294      2.71111
      4549.60      55.3276      2.65386
      4551.00      54.3520      2.58678
      4552.40      55.2538      2.66775
      4553.80      57.5692      2.72094
      4555.20      56.8867      2.68582
      4556.60      55.9871      2.66158
      4558.00      55.3894      2.60008
      4559.40      56.5642      2.69494
      4560.80      58.0847      2.70840
      4562.20      56.8580      2.64913
      4563.60      51.8776      2.50687
      4565.00      53.1039      2.55692
      4566.40      53.3803      2.56857
      4567.80      53.7566      2.60457
      4569.20      54.4551      2.65302
      4570.60      56.9108      2.69156
      4572.00      57.2040      2.69520
      4573.40      58.4816      2.70770
      4574.80      55.3406      2.61159
      4576.20      55.5866      2.60713
      4577.60      55.0417      2.65365
      4579.00      54.1131      2.65632
      4580.40      54.5517      2.67074
      4581.80      58.6944      2.78798
      4583.20      59.0744      2.75386
      4584.60      54.8745      2.62469
      4586.00      54.7926      2.57108
      4587.40      54.4112      2.64248
      4588.80      53.8916      2.54596
      4590.20      55.2322      2.60746
      4591.60      51.4811      2.48448
      4593.00      54.1603      2.58807
      4594.40      55.0979      2.57603
      4595.80      51.3431      2.52763
      4597.20      55.1720      2.62061
      4598.60      58.8881      2.74677
      4600.00      54.7716      2.61578
      4601.40      57.3206      2.62971
      4602.80      54.0665      2.57950
      4604.20      58.2751      2.75329
      4605.60      54.2403      2.69435
      4607.00      56.3662      2.68733
      4608.40      55.4228      2.63862
      4609.80      53.6600      2.55739
      4611.20      56.8900      2.61982
      4612.60      53.7435      2.61200
      4614.00      56.8718      2.71053
      4615.40      55.9188      2.67112
      4616.80      52.4832      2.55520
      4618.20      53.6813      2.50844
      4619.60      57.0989      2.69003
      4621.00      59.2421      2.81261
      4622.40      53.8773      2.59888
      4623.80      52.3711      2.53056
      4625.20      55.1498      2.56875
      4626.60      55.6787      2.59205
      4628.00      52.9863      2.52851
      4629.40      56.3728      2.69931
      4630.80      57.9997      2.72915
      4632.20      54.6266      2.61217
      4633.60      54.6370      2.56239
      4635.00      55.7781      2.58958
      4636.40      53.7828      2.62086
      4637.80      53.6199      2.64496
      4639.20      54.2846      2.60737
      4640.60      52.9257      2.49466
      4642.00      53.1084      2.52245
      4643.40      52.1055      2.51073
      4644.80      53.3139      2.54984
      4646.20      54.0994      2.60582
      4647.60      52.7204      2.50744
      4649.00      54.4037      2.54052
      4650.40      55.0504      2.56527
      4651.80      54.7255      2.53739
      4653.20      49.7131      2.43085
      4654.60      56.8063      2.56857
      4656.00      54.1958      2.53698
      4657.40      52.2037      2.49036
      4658.80      54.3334      2.53349
      4660.20      52.6165      2.58498
      4661.60      55.2816      2.58959
      4663.00      54.7203      2.56497
      4664.40      54.8461      2.56337
      4665.80      54.6762      2.55724
      4667.20      52.9933      2.52474
      4668.60      55.1219      2.57552
      4670.00      56.5224      2.59810
      4671.40      53.4096      2.56400
      4672.80      54.6013      2.52703
      4674.20      51.9226      2.50602
      4675.60      56.8747      2.64078
      4677.00      54.1050      2.57854
      4678.40      52.3174      2.55235
      4679.80      52.5192      2.48649
      4681.20      51.1231      2.44415
      4682.60      55.8285      2.60778
      4684.00      54.9424      2.58376
      4685.40      54.8298      2.57142
      4686.80      53.0724      2.50154
      4688.20      52.1077      2.47365
      4689.60      51.1446      2.44229
      4691.00      53.2996      2.48252
      4692.40      53.0972      2.49248
      4693.80      53.3700      2.50329
      4695.20      53.4612      2.56143
      4696.60      53.5497      2.54025
      4698.00      52.7878      2.54200
      4699.40      55.4298      2.56722
      4700.80      54.6720      2.58206
      4702.20      51.6972      2.41915
      4703.60      51.0993      2.44612
      4705.00      51.0991      2.42626
      4706.40      52.4729      2.46613
      4707.80      54.4922      2.52981
      4709.20      54.8605      2.56216
      4710.60      50.5765      2.44682
      4712.00      50.4482      2.44563
      4713.40      52.3267      2.43026
      4714.80      49.7785      2.41610
      4716.20      54.1794      2.51042
      4717.60      61.8370      2.79789
      4719.00      59.0761      2.63228
      4720.40      51.5009      2.49337
      4721.80      53.5722      2.57099
      4723.20      55.3779      2.58914
      4724.60      51.6949      2.44975
      4726.00      52.0434      2.46534
      4727.40      54.1335      2.55899
      4728.80      54.6633      2.58381
      4730.20      53.2971      2.50493
      4731.60      52.0161      2.43662
      4733.00      52.4167      2.45793
      4734.40      51.6054      2.42717
      4735.80      52.4847      2.44442
      4737.20      51.1076      2.43679
      4738.60      52.1156      2.51332
      4740.00      52.8942      2.55242
      4741.40      53.7078      2.55698
      4742.80      52.8727      2.53281
      4744.20      56.5774      2.59107
      4745.60      52.5108      2.51048
      4747.00      52.1845      2.49556
      4748.40      53.4096      2.54028
      4749.80      49.8583      2.46274
      4751.20      48.6650      2.35209
      4752.60      50.8771      2.39810
      4754.00      51.7743      2.41644
      4755.40      51.1289      2.41420
      4756.80      50.8516      2.39378
      4758.20      50.5569      2.39592
      4759.60      49.7741      2.33048
      4761.00      50.0706      2.37665
      4762.40      50.3072      2.35582
      4763.80      49.7778      2.37591
      4765.20      52.8424      2.39353
      4766.60      51.0173      2.42511
      4768.00      49.0100      2.32240
      4769.40      51.2285      2.38704
      4770.80      51.6941      2.41268
      4772.20      50.9187      2.37135
      4773.60      49.4398      2.35631
      4775.00      52.3321      2.40881
      4776.40      53.3523      2.45639
      4777.80      52.4363      2.38723
      4779.20      53.4871      2.48037
      4780.60      49.5540      2.35364
      4782.00      49.4886      2.34468
      4783.40      50.6099      2.39993
      4784.80      48.6694      2.27148
      4786.20      48.2521      2.30070
      4787.60      49.0747      2.31289
      4789.00      51.1348      2.39050
      4790.40      52.3568      2.40933
      4791.80      50.6168      2.37272
      4793.20      52.2264      2.41688
      4794.60      50.9506      2.40637
      4796.00      52.4352      2.41032
      4797.40      50.9065      2.42859
      4798.80      52.5385      2.46410
      4800.20      50.6328      2.36166
      4801.60      49.2655      2.32492
      4803.00      50.5805      2.36828
      4804.40      50.6256      2.33269
      4805.80      55.7697      2.55149
      4807.20      52.8639      2.48421
      4808.60      50.8785      2.44478
      4810.00      51.2929      2.41845
      4811.40      50.6733      2.33686
      4812.80      51.0516      2.39409
      4814.20      50.7954      2.35564
      4815.60      49.6462      2.34017
      4817.00      49.0312      2.31084
      4818.40      48.9910      2.33377
      4819.80      51.7000      2.39577
      4821.20      51.6844      2.42120
      4822.60      48.0704      2.34755
      4824.00      49.3467      2.32510
      4825.40      48.2369      2.29583
      4826.80      48.4020      2.30549
      4828.20      51.2894      2.36964
      4829.60      47.6180      2.26910
      4831.00      48.0939      2.31340
      4832.40      50.0322      2.33418
      4833.80      45.9686      2.26076
      4835.20      50.5637      2.34128
      4836.60      49.3236      2.34458
      4838.00      49.9547      2.34028
      4839.40      46.5293      2.25339
      4840.80      47.9199      2.28659
      4842.20      45.4517      2.28853
      4843.60      49.0415      2.34882
      4845.00      45.7050      2.24912
      4846.40      48.7428      2.26838
      4847.80      46.5753      2.25053
      4849.20      42.7971      2.13043
      4850.60      44.3880      2.17781
      4852.00      44.5182      2.18975
      4853.40      42.6091      2.20661
      4854.80      46.0395      2.28975
      4856.20      44.3424      2.09346
      4857.60      35.9033      1.99550
      4859.00      38.2667      1.92039
      4860.40      34.0636      1.85915
      4861.80      30.7998      1.75390
      4863.20      27.1610      1.71507
      4864.60      25.3385      1.65310
      4866.00      23.1610      1.65175
      4867.40      26.7256      1.78417
      4868.80      35.2395      1.99249
      4870.20      34.4233      1.99851
      4871.60      34.8161      1.95008
      4873.00      36.2457      1.92082
      4874.40      39.0544      2.04039
      4875.80      42.5252      2.17055
      4877.20      42.6536      2.21269
      4878.60      44.3499      2.21189
      4880.00      45.0971      2.23503
      4881.40      43.8691      2.19790
      4882.80      45.6988      2.24120
      4884.20      45.3796      2.23965
      4885.60      43.2048      2.17058
      4887.00      46.7876      2.29557
      4888.40      47.5694      2.30909
      4889.80      46.9844      2.35878
      4891.20      49.4214      2.41953
      4892.60      44.7403      2.28506
      4894.00      46.7199      2.29789
      4895.40      48.4875      2.32756
      4896.80      47.6934      2.31611
      4898.20      47.9613      2.31115
      4899.60      46.8406      2.27976
      4901.00      47.8376      2.32723
      4902.40      48.8930      2.31115
      4903.80      47.0719      2.30528
      4905.20      49.2127      2.36323
      4906.60      49.9072      2.44833
      4908.00      46.2132      2.35447
      4909.40      47.5904      2.40977
      4910.80      53.2940      2.66248
      4912.20      50.1747      2.46465
      4913.60      44.6546      2.24546
      4915.00      48.4977      2.29331
      4916.40      45.7707      2.22026
      4917.80      45.7735      2.21879
      4919.20      47.9573      2.24944
      4920.60      45.7976      2.19884
      4922.00      47.4644      2.26316
      4923.40      46.4672      2.24153
      4924.80      46.4262      2.23378
      4926.20      45.7191      2.19973
      4927.60      46.7515      2.21809
      4929.00      46.2530      2.18177
      4930.40      45.6285      2.20654
      4931.80      47.6700      2.23515
      4933.20      47.5836      2.29226
      4934.60      48.0832      2.31401
      4936.00      49.3919      2.31586
      4937.40      47.6871      2.23932
      4938.80      48.2316      2.26354
      4940.20      48.4295      2.26688
      4941.60      48.7020      2.32436
      4943.00      48.1582      2.29961
      4944.40      47.0930      2.26604
      4945.80      47.9274      2.24867
      4947.20      47.7752      2.23705
      4948.60      49.7944      2.28776
      4950.00      50.4107      2.29616
      4951.40      48.2217      2.26676
      4952.80      47.6318      2.21099
      4954.20      47.4879      2.22953
      4955.60      47.8543      2.25526
      4957.00      48.0878      2.19028
      4958.40      47.7838      2.27914
      4959.80      48.4832      2.21254
      4961.20      47.3599      2.20950
      4962.60      45.0071      2.19299
      4964.00      49.5794      2.26016
      4965.40      47.7633      2.22234
      4966.80      50.0904      2.27935
      4968.20      44.5021      2.15192
      4969.60      46.9181      2.18278
      4971.00      48.5016      2.24219
      4972.40      46.0126      2.16750
      4973.80      47.8450      2.27105
      4975.20      50.0539      2.29880
      4976.60      46.4176      2.20818
      4978.00      46.0397      2.20177
      4979.40      48.6718      2.24779
      4980.80      46.8624      2.21937
      4982.20      46.5033      2.21630
      4983.60      47.7315      2.23723
      4985.00      48.2465      2.23958
      4986.40      47.2314      2.23248
      4987.80      49.1162      2.32608
      4989.20      46.1164      2.26645
      4990.60      48.1745      2.21421
      4992.00      46.2233      2.19703
      4993.40      46.6693      2.19451
      4994.80      45.0800      2.10984
      4996.20      46.2680      2.19084
      4997.60      47.7124      2.18283
      4999.00      45.1810      2.13723
