      3900.00      47.1982      3.70866
      3901.40      43.5616      3.79680
      3902.80      44.3676      3.78408
      3904.20      52.6877      3.96715
      3905.60      55.1336      4.88474
      3907.00      53.4180      4.02941
      3908.40      49.5512      4.13826
      3909.80      50.7267      4.30789
      3911.20      51.5543      4.31888
      3912.60      56.9543      4.04414
      3914.00      55.1696      4.03864
      3915.40      54.6110      4.11747
      3916.80      51.5148      4.05971
      3918.20      57.5117      4.33719
      3919.60      52.5968      4.13580
      3921.00      51.5692      3.77372
      3922.40      51.9143      3.68267
      3923.80      51.0648      3.59214
      3925.20      52.2166      3.69703
      3926.60      51.4173      3.72820
      3928.00      54.8831      3.64867
      3929.40      51.4716      3.62834
      3930.80      49.2799      3.43641
      3932.20      46.4413      3.35771
      3933.60      41.2261      3.12571
      3935.00      30.1090      2.83348
      3936.40      19.5752      2.37663
      3937.80      21.1612      2.60100
      3939.20      39.6099      3.17511
      3940.60      49.7253      3.66385
      3942.00      51.2832      3.70634
      3943.40      52.7634      3.72658
      3944.80      49.0241      3.48520
      3946.20      52.0711      3.45615
      3947.60      45.9702      3.34164
      3949.00      54.3946      3.49836
      3950.40      50.6066      3.54075
      3951.80      52.0185      3.46083
      3953.20      50.7617      3.51784
      3954.60      46.3363      3.31737
      3956.00      50.7975      3.44322
      3957.40      53.7898      3.44341
      3958.80      46.5565      3.45306
      3960.20      45.9013      3.35059
      3961.60      47.5511      3.42214
      3963.00      47.1109      3.56067
      3964.40      42.6961      3.39737
      3965.80      40.7076      3.16478
      3967.20      34.5629      2.96015
      3968.60      35.5899      2.93701
      3970.00      26.0114      2.70379
      3971.40      14.6641      2.44172
      3972.80      16.0792      2.51630
      3974.20      18.5510      2.69238
      3975.60      28.7074      3.13464
      3977.00      37.0527      3.57933
      3978.40      44.2300      4.98508
      3979.80      43.8504      3.64298
      3981.20      47.9699      3.65928
      3982.60      50.8688      3.78472
      3984.00      53.7157      3.72792
      3985.40      44.3751      3.27658
      3986.80      47.7071      3.34787
      3988.20      50.6753      3.43697
      3989.60      46.1878      3.31847
      3991.00      55.8196      3.45953
      3992.40      47.7553      3.30150
      3993.80      50.9635      3.44932
      3995.20      50.5644      3.58545
      3996.60      50.8188      3.40196
      3998.00      51.0444      3.40404
      3999.40      50.1377      3.30982
      4000.80      51.2427      3.43129
      4002.20      51.0114      3.45551
      4003.60      56.3980      3.63597
      4005.00      57.2502      3.41854
      4006.40      52.8779      3.23562
      4007.80      50.4418      3.27251
      4009.20      50.2373      3.11081
      4010.60      48.8184      3.13984
      4012.00      54.9407      3.35400
      4013.40      52.3164      3.22874
      4014.80      50.1341      3.27780
      4016.20      56.1655      3.39478
      4017.60      47.7015      3.20037
      4019.00      53.9871      3.25922
      4020.40      52.2403      3.25228
      4021.80      54.6861      3.34375
      4023.20      54.7228      3.18044
      4024.60      52.6326      3.28035
      4026.00      53.0554      3.22136
      4027.40      48.9390      3.23428
      4028.80      53.3665      3.25853
      4030.20      54.0511      3.38664
      4031.60      53.6436      3.23282
      4033.00      52.2575      3.16540
      4034.40      50.2683      3.09638
      4035.80      53.9350      3.28179
      4037.20      53.2533      3.19979
      4038.60      52.8740      3.17499
      4040.00      51.0643      3.26588
      4041.40      51.2437      3.23440
      4042.80      53.0025      3.25548
      4044.20      50.0684      3.15477
      4045.60      51.6594      3.23705
      4047.00      54.2105      3.42527
      4048.40      47.4765      3.28451
      4049.80      47.7434      3.11894
      4051.20      52.5468      3.15950
      4052.60      52.1282      3.24123
      4054.00      53.1550      3.43776
      4055.40      54.0343      3.44263
      4056.80      50.2751      3.31885
      4058.20      52.8418      3.32878
      4059.60      50.3814      3.34723
      4061.00      47.5386      3.33398
      4062.40      52.8302      3.35840
      4063.80      54.5143      3.38121
      4065.20      49.8961      3.24545
      4066.60      48.2275      3.23421
      4068.00      52.1110      3.35914
      4069.40      45.6098      3.14303
      4070.80      51.1892      3.22365
      4072.20      50.5918      3.26505
      4073.60      51.3125      3.38791
      4075.00      49.6088      3.34736
      4076.40      51.5152      3.33381
      4077.80      53.0058      3.39440
      4079.20      48.3537      3.10731
      4080.60      49.9913      3.18800
      4082.00      50.2991      3.26169
      4083.40      53.9796      3.42579
      4084.80      53.1531      3.27556
      4086.20      50.9268      3.14087
      4087.60      49.1580      3.14861
      4089.00      46.9791      3.00849
      4090.40      50.5093      3.22213
      4091.80      45.4834      3.01773
      4093.20      44.3958      2.89791
      4094.60      44.2892      2.97471
      4096.00      43.1979      2.99747
      4097.40      41.5777      2.81562
      4098.80      42.0796      2.98707
      4100.20      39.0435      2.69181
      4101.60      34.2322      2.51097
      4103.00      30.5038      2.27729
      4104.40      21.4190      2.04679
      4105.80      23.1792      2.10282
      4107.20      29.3038      2.24602
      4108.60      36.2127      2.51369
      4110.00      39.1733      2.71192
      4111.40      39.1571      2.63965
      4112.80      42.3024      2.87266
      4114.20      45.7674      3.01932
      4115.60      49.1528      3.10743
      4117.00      46.0362      2.89329
      4118.40      45.6310      2.92948
      4119.80      49.3045      3.02888
      4121.20      47.5578      2.93097
      4122.60      49.1737      2.89329
      4124.00      48.7976      2.94233
      4125.40      45.3537      2.88601
      4126.80      49.7870      3.02674
      4128.20      51.7209      3.02464
      4129.60      45.5589      2.87550
      4131.00      48.3637      2.91422
      4132.40      50.0464      3.02261
      4133.80      48.5323      2.93354
      4135.20      46.8140      2.90364
      4136.60      48.7690      3.07567
      4138.00      48.9603      3.07120
      4139.40      50.3757      3.04422
      4140.80      52.5970      3.10820
      4142.20      51.4904      3.01098
      4143.60      50.4782      2.96110
      4145.00      49.4125      2.87844
      4146.40      45.5979      2.81707
      4147.80      48.2863      2.99917
      4149.20      53.4184      3.04488
      4150.60      48.9763      2.90506
      4152.00      47.7289      2.85017
      4153.40      53.3574      2.95484
      4154.80      51.7121      2.99757
      4156.20      53.1357      3.13109
      4157.60      49.5838      2.82152
      4159.00      48.7443      2.84253
      4160.40      50.4576      2.94196
      4161.80      52.7545      2.93442
      4163.20      50.5351      3.08394
      4164.60      50.8750      3.09352
      4166.00      48.2812      2.98396
      4167.40      47.7955      2.83698
      4168.80      50.7290      2.82995
      4170.20      49.5826      2.84948
      4171.60      50.6455      2.85971
      4173.00      48.6955      2.80869
      4174.40      45.3448      2.73689
      4175.80      47.5990      2.85152
      4177.20      44.9178      2.79626
      4178.60      48.8395      2.83975
      4180.00      48.3848      2.82836
      4181.40      49.2568      2.84371
      4182.80      50.7747      2.90121
      4184.20      48.2192      2.80258
      4185.60      47.9293      2.75120
      4187.00      50.4024      2.76582
      4188.40      46.9481      2.86006
      4189.80      45.5459      2.86529
      4191.20      49.7321      2.82257
      4192.60      46.6081      2.75818
      4194.00      48.3945      2.74996
      4195.40      49.1076      2.77723
      4196.80      51.5952      2.80105
      4198.20      47.7844      2.76462
      4199.60      45.0342      2.71889
      4201.00      46.2501      2.73546
      4202.40      46.3376      2.60857
      4203.80      48.6968      2.65076
      4205.20      46.2229      2.67255
      4206.60      45.5191      2.66270
      4208.00      51.5779      2.83295
      4209.40      49.2159      2.92845
      4210.80      47.9572      2.84312
      4212.20      50.2094      2.80370
      4213.60      46.8255      2.82555
      4215.00      48.2875      2.89245
      4216.40      48.5505      2.90161
      4217.80      47.4506      2.82639
      4219.20      50.4305      2.73210
      4220.60      49.4140      2.77576
      4222.00      47.0622      2.68319
      4223.40      49.2973      2.76248
      4224.80      48.8069      2.71836
      4226.20      48.9766      2.76594
      4227.60      47.1041      2.66528
      4229.00      46.9003      2.63918
      4230.40      42.9016      2.59182
      4231.80      47.7655      2.63075
      4233.20      49.2281      2.79855
      4234.60      47.8801      2.79541
      4236.00      49.4455      2.87555
      4237.40      44.6302      2.54940
      4238.80      49.5717      2.64117
      4240.20      46.9664      2.61316
      4241.60      48.8893      2.68104
      4243.00      45.0417      2.60226
      4244.40      46.7293      2.61469
      4245.80      47.4895      2.64066
      4247.20      46.8331      2.59476
      4248.60      46.6209      2.70769
      4250.00      46.8194      2.60806
      4251.40      46.1150      2.59352
      4252.80      44.9795      2.62606
      4254.20      46.0057      2.68390
      4255.60      45.3360      2.79308
      4257.00      48.9426      2.71745
      4258.40      45.8366      2.57420
      4259.80      46.9424      2.60932
      4261.20      51.6763      2.76261
      4262.60      49.3853      2.76924
      4264.00      49.0650      2.75929
      4265.40      48.0892      2.76239
      4266.80      48.6651      2.82209
      4268.20      49.1609      2.81697
      4269.60      46.4356      2.71000
      4271.00      47.4357      2.65020
      4272.40      49.4092      2.76584
      4273.80      48.6202      2.62911
      4275.20      42.4762      2.49438
      4276.60      45.1027      2.52577
      4278.00      43.8798      2.43819
      4279.40      45.9584      2.59348
      4280.80      50.0197      2.62166
      4282.20      48.1543      2.60134
      4283.60      51.2569      2.70224
      4285.00      48.2973      2.72221
      4286.40      48.6916      2.75796
      4287.80      49.3283      2.80426
      4289.20      49.3482      2.68306
      4290.60      45.7182      2.51035
      4292.00      48.8528      2.62882
      4293.40      47.3884      2.49762
      4294.80      46.5057      2.54358
      4296.20      48.8271      2.58207
      4297.60      43.0862      2.61086
      4299.00      47.9122      2.70259
      4300.40      45.7932      2.58338
      4301.80      45.0861      2.60225
      4303.20      43.8181      2.56073
      4304.60      43.9361      2.47661
      4306.00      43.3036      2.47299
      4307.40      44.5533      2.44514
      4308.80      45.0487      2.54526
      4310.20      46.0391      2.48366
      4311.60      43.8857      2.45906
      4313.00      44.6822      2.50543
      4314.40      47.0980      2.66166
      4315.80      44.3729      2.63973
      4317.20      44.6025      2.63893
      4318.60      41.7121      2.54466
      4320.00      44.8190      2.53222
      4321.40      46.5059      2.55870
      4322.80      44.6354      2.53352
      4324.20      43.9106      2.54007
      4325.60      44.7663      2.46460
      4327.00      43.9015      2.40594
      4328.40      40.0378      2.28999
      4329.80      40.4094      2.30813
      4331.20      40.4629      2.30322
      4332.60      42.8570      2.39132
      4334.00      40.3300      2.35993
      4335.40      44.2439      2.52410
      4336.80      37.8194      2.34152
      4338.20      38.1607      2.28712
      4339.60      35.9752      2.10215
      4341.00      31.2152      1.98079
      4342.40      24.2081      1.85435
      4343.80      22.2884      1.76521
      4345.20      20.5513      1.84022
      4346.60      32.5357      2.11816
      4348.00      36.0846      2.45353
      4349.40      37.6243      2.44525
      4350.80      40.3608      2.37581
      4352.20      39.5400      2.26598
      4353.60      42.5062      2.29514
      4355.00      38.5001      2.28874
      4356.40      40.5267      2.29556
      4357.80      42.7702      2.55813
      4359.20      41.8515      2.68154
      4360.60      45.1343      2.73799
      4362.00      48.4151      2.66089
      4363.40      45.0960      2.46704
      4364.80      44.7235      2.41180
      4366.20      45.0834      2.42305
      4367.60      45.3600      2.49591
      4369.00      46.3817      2.52802
      4370.40      44.6776      2.52786
      4371.80      45.9105      2.54352
      4373.20      47.1340      2.66943
      4374.60      47.8706      2.82030
      4376.00      46.5557      2.75285
      4377.40      45.1401      2.45850
      4378.80      43.1646      2.38384
      4380.20      44.5027      2.38106
      4381.60      46.6539      2.52883
      4383.00      49.1705      2.56944
      4384.40      45.7769      2.61899
      4385.80      46.1469      2.56326
      4387.20      41.0395      2.33634
      4388.60      45.1110      2.45583
      4390.00      42.6831      2.36430
      4391.40      45.0273      2.49383
      4392.80      45.2930      2.65000
      4394.20      46.5107      2.74675
      4395.60      48.3679      2.70045
      4397.00      44.4285      2.44665
      4398.40      43.4675      2.41829
      4399.80      44.0940      2.40533
      4401.20      47.5619      2.50657
      4402.60      45.7568      2.51365
      4404.00      44.6334      2.41513
      4405.40      44.9579      2.40866
      4406.80      45.7268      2.52006
      4408.20      41.8353      2.44761
      4409.60      45.7917      2.48979
      4411.00      46.0443      2.51597
      4412.40      45.2932      2.44182
      4413.80      48.0762      2.48675
      4415.20      48.0297      2.47351
      4416.60      45.8762      2.42854
      4418.00      44.2326      2.38779
      4419.40      43.1333      2.35965
      4420.80      41.4648      2.31953
      4422.20      41.9793      2.37420
      4423.60      44.6105      2.46942
      4425.00      47.4080      2.48639
      4426.40      44.3759      2.37414
      4427.80      45.0106      2.46364
      4429.20      45.3651      2.45401
      4430.60      43.3252      2.32901
      4432.00      46.4913      2.42742
      4433.40      44.6087      2.36688
      4434.80      45.1552      2.36135
      4436.20      45.2489      2.38156
      4437.60      43.4352      2.39737
      4439.00      43.1242      2.30390
      4440.40      43.3055      2.43954
      4441.80      46.3265      2.51326
      4443.20      46.6442      2.43783
      4444.60      45.2707      2.34394
      4446.00      43.7226      2.30064
      4447.40      41.8405      2.34927
      4448.80      44.2018      2.40385
      4450.20      44.8907      2.41714
      4451.60      43.9485      2.37060
      4453.00      48.5757      2.44013
      4454.40      47.1529          Inf
      4455.80      45.7301      2.42425
      4457.20      44.2890      2.32786
      4458.60      44.9375      2.30127
      4460.00      44.3339      2.44732
      4461.40      45.7911      2.61425
      4462.80      43.5925      2.43969
      4464.20      43.4223      2.29400
      4465.60      44.5561      2.36405
      4467.00      44.3975      2.34548
      4468.40      41.9210      2.36198
      4469.80      44.0493      2.36180
      4471.20      43.9156      2.30389
      4472.60      43.5530      2.31098
      4474.00      43.4257      2.24697
      4475.40      43.9667      2.35152
      4476.80      47.0072      2.37890
      4478.20      45.5230      2.38897
      4479.60      44.8254      2.42868
      4481.00      43.4923      2.47563
      4482.40      44.9388      2.37840
      4483.80      44.5895      2.42330
      4485.20      42.1385      2.36020
      4486.60      42.6885      2.29895
      4488.00      44.8308      2.50509
      4489.40      42.5744      2.46650
      4490.80      44.5551      2.39722
      4492.20      40.1534      2.14553
      4493.60      45.5907      2.27372
      4495.00      42.7435      2.26084
      4496.40      42.3123      2.24658
      4497.80      41.2902      2.19271
      4499.20      43.7330      2.23373
      4500.60      44.0979      2.36138
      4502.00      45.7577      2.36426
      4503.40      40.9254      2.24018
      4504.80      43.4534      2.23130
      4506.20      43.5469      2.32575
      4507.60      44.8599      2.40918
      4509.00      44.5024      2.36024
      4510.40      44.2753      2.32589
      4511.80      40.8722      2.22859
      4513.20      43.6275      2.26293
      4514.60      45.0779      2.34299
      4516.00      45.3534      2.43817
      4517.40      43.7083      2.35320
      4518.80      40.8955      2.21815
      4520.20      43.2723      2.23378
      4521.60      42.1933      2.19712
      4523.00      43.0692      2.21251
      4524.40      45.3846      2.27083
      4525.80      41.9222      2.27355
      4527.20      42.7440      2.25799
      4528.60      46.5808      2.26710
      4530.00      43.0616      2.25857
      4531.40      41.7531      2.18157
      4532.80      43.3642      2.27626
      4534.20      41.6988      2.26399
      4535.60      43.3791      2.25032
      4537.00      40.8793      2.21016
      4538.40      39.8296      2.25404
      4539.80      46.2673      2.45933
      4541.20      44.1639      2.30093
      4542.60      44.1571      2.27016
      4544.00      45.0697      2.32016
      4545.40      44.2172      2.26753
      4546.80      42.1349      2.34250
      4548.20      44.0129      2.25546
      4549.60      45.4006      2.33137
      4551.00      43.0890      2.30129
      4552.40      42.6591      2.22574
      4553.80      41.5047      2.25700
      4555.20      44.3774      2.37355
      4556.60      43.9777      2.33636
      4558.00      43.0203      2.28292
      4559.40      43.5507      2.26386
      4560.80      43.3453      2.31180
      4562.20      45.5211      2.30753
      4563.60      45.8046      2.31220
      4565.00      46.3235      2.39710
      4566.40      45.5685      2.57821
      4567.80      42.7020      2.29048
      4569.20      41.3219      2.15663
      4570.60      44.1253      2.30946
      4572.00      45.0555      2.32615
      4573.40      45.7172      2.33515
      4574.80      40.3964      2.14520
      4576.20      39.8956      2.14711
      4577.60      43.6964      2.30697
      4579.00      43.2035      2.38463
      4580.40      44.3980      2.37258
      4581.80      44.6550      2.31350
      4583.20      41.8482      2.15653
      4584.60      41.9621      2.18038
      4586.00      43.0388      2.22190
      4587.40      41.6247      2.19918
      4588.80      43.7998      2.21901
      4590.20      46.5866      2.30106
      4591.60      43.8948      2.21975
      4593.00      42.6195      2.33808
      4594.40      43.2023      2.32613
      4595.80      42.9388      2.28377
      4597.20      43.7284      2.17473
      4598.60      42.5502      2.16054
      4600.00      43.4535      2.23914
      4601.40      44.6133      2.29281
      4602.80      42.7070      2.28585
      4604.20      43.3315      2.18492
      4605.60      45.0816      2.27605
      4607.00      44.7642      2.26515
      4608.40      43.3087      2.25182
      4609.80      43.4296      2.28363
      4611.20      43.4802      2.26206
      4612.60      43.8847      2.25685
      4614.00      44.5477      2.28488
      4615.40      42.0465      2.27604
      4616.80      42.6059      2.27471
      4618.20      42.8273      2.24264
      4619.60      43.3257      2.25279
      4621.00      45.4052      2.30390
      4622.40      41.4586      2.20101
      4623.80      40.0639      2.17050
      4625.20      44.3601      2.29661
      4626.60      43.5994      2.28718
      4628.00      40.8003      2.11313
      4629.40      42.2187      2.21718
      4630.80      42.5369      2.23244
      4632.20      42.4958      2.22861
      4633.60      42.4778      2.18783
      4635.00      42.4058      2.16399
      4636.40      42.6054      2.19338
      4637.80      41.9151      2.15411
      4639.20      43.3052      2.22759
      4640.60      43.1834      2.22990
      4642.00      41.7207      2.18091
      4643.40      41.2270      2.11905
      4644.80      43.4458      2.19445
      4646.20      41.8458      2.19555
      4647.60      42.3049      2.17954
      4649.00      42.8789      2.22926
      4650.40      46.5956      2.39546
      4651.80      42.4005      2.25787
      4653.20      42.2166      2.21411
      4654.60      41.6988      2.20907
      4656.00      43.0339      2.21932
      4657.40      41.1351      2.13273
      4658.80      42.3712      2.13984
      4660.20      45.0231      2.21576
      4661.60      43.7254      2.20351
      4663.00      41.5629      2.17778
      4664.40      40.5054      2.19447
      4665.80      40.6071      2.24817
      4667.20      42.9783      2.16533
      4668.60      42.9532      2.18386
      4670.00      42.5692      2.10238
      4671.40      42.0182      2.11234
      4672.80      44.2987      2.16807
      4674.20      41.6797      2.14014
      4675.60      42.3281      2.17218
      4677.00      43.2607      2.26953
      4678.40      44.3105      2.25669
      4679.80      41.8393      2.11744
      4681.20      42.7926      2.09509
      4682.60      42.4691      2.16009
      4684.00      41.2445      2.10336
      4685.40      41.5077      2.11329
      4686.80      44.5474      2.21783
      4688.20      40.8016      2.06486
      4689.60      43.2269      2.17942
      4691.00      43.4366      2.13806
      4692.40      41.3484      2.11151
      4693.80      42.8967      2.12104
      4695.20      40.9574      2.08694
      4696.60      45.0606      2.17322
      4698.00      41.9281      2.11077
      4699.40      42.6791      2.14032
      4700.80      42.9925      2.22926
      4702.20      42.8106      2.22749
      4703.60      44.8933      2.24134
      4705.00      43.5809      2.13521
      4706.40      40.8413      2.06277
      4707.80      40.7633      2.11119
      4709.20      41.0402      2.13241
      4710.60      43.0779      2.24489
      4712.00      42.4173      2.25613
      4713.40      41.7541      2.23438
      4714.80      42.7873      2.26182
      4716.20      41.9884      2.20424
      4717.60      42.7162      2.17923
      4719.00      43.1096      2.20486
      4720.40      42.2090      2.16785
      4721.80      42.0970      2.15386
      4723.20      40.3295      2.15209
      4724.60      42.0097      2.20220
      4726.00      43.8678      2.18076
      4727.40      42.2327      2.10462
      4728.80      42.1865      2.14162
      4730.20      43.6420      2.26171
      4731.60      41.2188      2.13556
      4733.00      40.5868      2.09153
      4734.40      41.3572      2.10143
      4735.80      41.0650      2.10701
      4737.20      43.8713      2.20774
      4738.60      42.3276      2.27183
      4740.00      42.1313      2.23591
      4741.40      42.2507      2.20736
      4742.80      44.1492      2.21307
      4744.20      43.3235      2.10526
      4745.60      42.5280      2.18985
      4747.00      42.4703      2.18115
      4748.40      42.1789      2.12918
      4749.80      41.4324      2.09210
      4751.20      41.5301      2.09991
      4752.60      39.9586      2.02807
      4754.00      38.8097      2.02361
      4755.40      41.9996      2.03875
      4756.80      42.0346      2.11497
      4758.20      41.1776      2.10185
      4759.60      41.4383      2.09856
      4761.00      40.6674      2.09377
      4762.40      40.7348      2.03006
      4763.80      43.6874      2.12481
      4765.20      43.4971      2.11050
      4766.60      39.6916      2.03357
      4768.00      40.4548      2.04159
      4769.40      41.9138      2.04185
      4770.80      40.9892      2.03090
      4772.20      40.7919      2.03611
      4773.60      41.5809      2.07657
      4775.00      40.3656      2.07203
      4776.40      42.8374      2.08823
      4777.80      42.3728      2.09294
      4779.20      40.2951      1.99915
      4780.60      40.7993      1.99174
      4782.00      39.1497      2.04507
      4783.40      41.2202      2.07438
      4784.80      39.8530      2.08887
      4786.20      40.5213      2.02147
      4787.60      42.0202      2.06540
      4789.00      41.8820      2.03189
      4790.40      40.6235      2.01775
      4791.80      42.9453      2.11040
      4793.20      39.5937      1.98843
      4794.60      38.6467      1.92490
      4796.00      39.2315      1.96004
      4797.40      41.4420      2.00768
      4798.80      40.5915      2.07950
      4800.20      40.9794      2.07978
      4801.60      41.7848      2.17753
      4803.00      39.0133      2.03547
      4804.40      39.6363      2.07094
      4805.80      39.1431      2.08192
      4807.20      41.7685      2.10067
      4808.60      39.1453      2.07408
      4810.00      40.8340      2.08771
      4811.40      39.5928      2.03100
      4812.80      39.3724      2.03240
      4814.20      42.1804      2.00839
      4815.60      43.4926      2.05375
      4817.00      43.7155      1.97995
      4818.40      39.8376      2.00684
      4819.80      41.2837      2.04274
      4821.20      40.9605      1.99324
      4822.60      39.4663      2.02693
      4824.00      40.3857      2.01201
      4825.40      39.4169      2.01320
      4826.80      38.4308      1.91204
      4828.20      38.7698      1.95955
      4829.60      38.4533      1.93636
      4831.00      39.1898      2.02440
      4832.40      40.2138      2.01529
      4833.80      38.9900      2.04372
      4835.20      38.7015      2.01533
      4836.60      39.1702      1.95942
      4838.00      38.3502      1.95879
      4839.40      39.9818      1.97820
      4840.80      37.6024      2.01725
      4842.20      39.6840      1.97538
      4843.60      38.0099      1.89846
      4845.00      37.6445      1.98031
      4846.40      39.5932      2.02508
      4847.80      39.2913      2.04153
      4849.20      38.7127      1.99165
      4850.60      38.9420      1.95003
      4852.00      36.7362      1.88879
      4853.40      37.4706      1.93101
      4854.80      37.7561      1.92183
      4856.20      36.9568      1.93551
      4857.60      35.2303      1.81990
      4859.00      33.7614      1.78664
      4860.40      33.6929      1.83535
      4861.80      31.3342      1.74025
      4863.20      25.9687      1.58187
      4864.60      21.0640      1.38006
      4866.00      19.1636      1.37377
      4867.40      27.9597      1.65612
      4868.80      29.8840      2.00787
      4870.20      32.9590      1.82806
      4871.60      34.1153      1.93349
      4873.00      35.0704      2.01110
      4874.40      35.0840      1.96647
      4875.80      34.4474      1.86164
      4877.20      36.1289      1.89734
      4878.60      35.4354      1.86804
      4880.00      36.3547      1.90356
      4881.40      35.6991      1.90080
      4882.80      37.0157      1.94759
      4884.20      38.0743      1.91271
      4885.60      36.9955      1.92497
      4887.00      38.5047      1.96874
      4888.40      38.1993      1.94310
      4889.80      37.6754      1.92125
      4891.20      40.4285      2.07911
      4892.60      38.2168      2.03150
      4894.00      37.1996      1.93698
      4895.40      36.3071      1.91668
      4896.80      39.2921      1.94746
      4898.20      39.3136      1.92171
      4899.60      38.4895      1.94673
      4901.00      39.1178      1.91202
      4902.40      39.4020      1.93735
      4903.80      39.4099      1.94019
      4905.20      38.6668      2.07598
      4906.60      38.0210      1.98520
      4908.00      37.3829      1.90005
      4909.40      38.0414      1.90695
      4910.80      40.1427      1.97543
      4912.20      39.2614      2.04565
      4913.60      39.4521      1.97586
      4915.00      39.4354      1.93490
      4916.40      37.9889      1.92282
      4917.80      38.7673      1.90386
      4919.20      39.0808      1.99275
      4920.60      37.9102      1.91797
      4922.00      39.1702      1.89160
      4923.40      36.4359      1.91884
      4924.80      38.3287      1.98288
      4926.20      38.6336      1.97587
      4927.60      35.8500      1.88350
      4929.00      36.9992      1.90028
      4930.40      39.5726      1.93859
      4931.80      39.2752      1.95305
      4933.20      39.4655      1.96456
      4934.60      38.8479      1.93327
      4936.00      39.5962      1.94857
      4937.40      37.5996      1.91720
      4938.80      36.1958      1.85684
      4940.20      37.4048      1.84782
      4941.60      39.8581      1.97650
      4943.00      38.7457      1.90886
      4944.40      39.1031      1.84141
      4945.80      37.9023      1.83396
      4947.20      38.6856      1.82344
      4948.60      38.5816      1.99622
      4950.00      38.0098      1.96366
      4951.40      39.3146      2.01267
      4952.80      39.5280      1.98623
      4954.20      40.2311      1.94788
      4955.60      37.0150      1.85796
      4957.00      39.7341      1.86455
      4958.40      38.1022      1.91426
      4959.80      40.2540      2.01170
      4961.20      35.8463      1.94837
      4962.60      35.9291      1.83211
      4964.00      38.5677      1.91189
      4965.40      37.7593      1.85695
      4966.80      39.0385      1.90048
      4968.20      39.4510      1.91029
      4969.60      39.0162      1.85587
      4971.00      40.2092      1.94908
      4972.40      38.6414      1.99796
      4973.80      39.0424      1.98042
      4975.20      37.8918      1.95868
      4976.60      38.9063      1.90885
      4978.00      38.6077      2.04637
      4979.40      37.5535      2.01197
      4980.80      39.0038      2.01454
      4982.20      38.1000      1.97513
      4983.60      37.9559      1.93024
      4985.00      39.3907      1.97959
      4986.40      38.0590      1.94705
      4987.80      35.7970      1.81456
      4989.20      36.8887      1.84150
      4990.60      38.4740      1.91678
      4992.00      37.8218      1.92866
      4993.40      37.1407      1.86215
      4994.80      38.1996      1.87082
      4996.20      40.0319      1.93974
      4997.60      38.5288      1.88608
      4999.00      38.1839      1.84821
