      3900.00      675.957      25.1826
      3901.40      668.995      25.1651
      3902.80      730.821      26.4657
      3904.20      745.112      27.2015
      3905.60      781.513      28.5644
      3907.00      785.589      28.9230
      3908.40      809.088      29.4670
      3909.80      832.636      29.7276
      3911.20      851.977      30.5885
      3912.60      847.433      30.2904
      3914.00      828.679      29.9183
      3915.40      817.680      30.3338
      3916.80      852.541      30.4127
      3918.20      864.172      30.7489
      3919.60      869.184      31.0030
      3921.00      851.709      30.3871
      3922.40      852.439      30.8142
      3923.80      871.065      31.3516
      3925.20      871.769      30.9382
      3926.60      872.290      31.2681
      3928.00      876.720      30.9958
      3929.40      860.720      30.7719
      3930.80      834.495      30.4555
      3932.20      808.478      28.5882
      3933.60      608.487      22.9115
      3935.00      421.469      17.7300
      3936.40      619.297      23.0066
      3937.80      833.195      30.0492
      3939.20      841.225      30.0279
      3940.60      844.035      30.3640
      3942.00      856.081      30.7218
      3943.40      847.830      30.3352
      3944.80      807.051      29.5930
      3946.20      819.305      29.8233
      3947.60      808.652      29.7854
      3949.00      807.150      30.2272
      3950.40      801.616      29.9170
      3951.80      795.345      29.5377
      3953.20      788.596      29.3666
      3954.60      792.473      29.4241
      3956.00      785.401      29.0824
      3957.40      752.182      27.2628
      3958.80      734.040      26.7483
      3960.20      729.809      26.3974
      3961.60      717.375      26.4814
      3963.00      657.371      24.0228
      3964.40      636.791      23.5125
      3965.80      587.377      22.1306
      3967.20      522.223      19.5128
      3968.60      384.321      14.9956
      3970.00      228.668      10.6195
      3971.40      234.325      10.8589
      3972.80      341.095      14.0792
      3974.20      448.058      17.1001
      3975.60      525.865      19.4267
      3977.00      578.937      21.2067
      3978.40      625.974      22.6177
      3979.80      653.763      23.6929
      3981.20      689.458      24.6817
      3982.60      703.629      25.0779
      3984.00      723.346      26.1844
      3985.40      749.133      26.3264
      3986.80      768.702      27.0259
      3988.20      773.642      27.0519
      3989.60      789.869      28.1340
      3991.00      801.940      27.9200
      3992.40      817.843      28.4702
      3993.80      827.440      28.8069
      3995.20      838.652      29.2696
      3996.60      827.858      28.6935
      3998.00      829.283      28.9618
      3999.40      822.694      28.9506
      4000.80      829.676      29.0591
      4002.20      854.147      29.6869
      4003.60      855.485      29.8374
      4005.00      846.884      29.0224
      4006.40      825.375      28.8685
      4007.80      841.710      29.5824
      4009.20      856.323      29.5368
      4010.60      848.810      29.4409
      4012.00      858.564      30.2172
      4013.40      839.892      29.5229
      4014.80      860.806      29.6758
      4016.20      851.390      29.5208
      4017.60      881.736      30.1177
      4019.00      871.172      30.7176
      4020.40      845.280      29.0035
      4021.80      875.149      30.3614
      4023.20      849.672      29.1704
      4024.60      850.784      29.8676
      4026.00      847.677      29.9440
      4027.40      860.789      29.8021
      4028.80      848.073      29.6473
      4030.20      854.994      29.7789
      4031.60      847.560      29.1886
      4033.00      845.463      29.6609
      4034.40      854.558      30.2735
      4035.80      862.885      29.7600
      4037.20      863.779      29.9917
      4038.60      843.236      29.7443
      4040.00      867.058      29.9942
      4041.40      857.629      29.7982
      4042.80      849.121      29.5746
      4044.20      858.145      29.5369
      4045.60      852.493      29.7751
      4047.00      820.964      28.9044
      4048.40      835.530      29.2331
      4049.80      857.440      29.4692
      4051.20      854.405      29.9841
      4052.60      872.458      29.7916
      4054.00      843.182      28.6455
      4055.40      854.538      29.7643
      4056.80      843.496      29.5401
      4058.20      835.459      28.5417
      4059.60      855.310      29.1129
      4061.00      846.788      29.4857
      4062.40      852.773      29.0669
      4063.80      821.187      28.1115
      4065.20      803.739      27.8685
      4066.60      818.295      28.5153
      4068.00      828.346      28.5756
      4069.40      817.254      28.0612
      4070.80      820.526      28.3871
      4072.20      805.350      27.1821
      4073.60      785.598      27.4746
      4075.00      810.607      27.7593
      4076.40      810.682      27.7914
      4077.80      777.467      27.3782
      4079.20      754.813      26.1084
      4080.60      769.842      26.4760
      4082.00      774.127      26.6455
      4083.40      769.729      26.9302
      4084.80      761.581      26.9932
      4086.20      739.069      26.0865
      4087.60      731.518      25.3450
      4089.00      728.308      25.5700
      4090.40      698.885      23.7618
      4091.80      681.683      23.8230
      4093.20      661.665      23.3587
      4094.60      637.177      22.6159
      4096.00      607.251      21.5636
      4097.40      575.701      20.6453
      4098.80      523.856      18.8075
      4100.20      448.856      16.3201
      4101.60      346.930      13.3919
      4103.00      273.281      11.4573
      4104.40      330.753      13.0949
      4105.80      439.508      16.5427
      4107.20      515.663      18.2127
      4108.60      559.533      19.8963
      4110.00      601.597      21.2347
      4111.40      627.666      21.8953
      4112.80      656.183      23.1417
      4114.20      667.822      23.4469
      4115.60      704.867      24.6090
      4117.00      714.001      25.0122
      4118.40      732.057      25.0324
      4119.80      743.863      25.4221
      4121.20      747.656      25.5889
      4122.60      751.161      25.7424
      4124.00      755.597      26.0899
      4125.40      772.213      26.5336
      4126.80      789.341      27.0014
      4128.20      780.042      26.8634
      4129.60      780.014      26.5838
      4131.00      779.254      27.1934
      4132.40      774.489      26.3980
      4133.80      780.686      26.7239
      4135.20      786.535      26.4336
      4136.60      789.491      26.8340
      4138.00      803.122      27.2259
      4139.40      794.697      26.9664
      4140.80      813.651      27.4514
      4142.20      799.360      27.2278
      4143.60      788.016      26.6101
      4145.00      772.938      26.1227
      4146.40      775.087      26.2751
      4147.80      799.916      27.1804
      4149.20      795.181      27.0030
      4150.60      789.281      26.9192
      4152.00      801.522      27.1185
      4153.40      794.277      27.0366
      4154.80      802.177      27.4276
      4156.20      804.466      27.3066
      4157.60      795.031      26.9510
      4159.00      797.358      27.2038
      4160.40      798.058      27.3636
      4161.80      792.152      26.7879
      4163.20      796.343      27.4320
      4164.60      802.797      27.5067
      4166.00      785.721      26.6484
      4167.40      799.407      26.6760
      4168.80      788.683      26.4003
      4170.20      806.777      27.2513
      4171.60      788.222      26.5559
      4173.00      767.563      26.6108
      4174.40      768.754      25.9640
      4175.80      786.895      26.2196
      4177.20      786.668      26.6484
      4178.60      796.404      26.8099
      4180.00      776.604      26.4708
      4181.40      794.533      27.2830
      4182.80      797.132      27.2491
      4184.20      798.420      26.9581
      4185.60      799.583      26.9549
      4187.00      789.196      26.8026
      4188.40      789.924      26.4995
      4189.80      799.534      26.7831
      4191.20      790.660      27.0489
      4192.60      798.045      26.9223
      4194.00      806.164      27.3174
      4195.40      803.787      27.1496
      4196.80      806.107      27.0561
      4198.20      795.639      26.8704
      4199.60      791.624      26.1866
      4201.00      787.880      26.6131
      4202.40      792.720      26.7349
      4203.80      791.090      26.0885
      4205.20      781.445      26.1924
      4206.60      799.612      27.2624
      4208.00      800.388      26.8578
      4209.40      808.369      27.2188
      4210.80      795.777      26.8989
      4212.20      799.197      26.7526
      4213.60      805.484      27.0505
      4215.00      801.499      26.7013
      4216.40      771.164      25.9056
      4217.80      782.166      26.4522
      4219.20      789.220      26.4517
      4220.60      785.618      26.2153
      4222.00      789.036      26.2821
      4223.40      802.070      26.8120
      4224.80      793.983      27.4013
      4226.20      786.933      26.5236
      4227.60      739.871      25.0879
      4229.00      759.866      25.4858
      4230.40      778.626      26.2855
      4231.80      800.162      26.6497
      4233.20      784.407      26.1340
      4234.60      750.325      25.1042
      4236.00      779.183      25.8967
      4237.40      787.631      26.3769
      4238.80      786.299      26.1758
      4240.20      797.280      26.9248
      4241.60      802.042      27.4589
      4243.00      796.444      28.0046
      4244.40      796.954      26.7627
      4245.80      795.011      26.6216
      4247.20      766.757      25.9967
      4248.60      758.932      25.6161
      4250.00      773.451      25.9940
      4251.40      766.839      25.8028
      4252.80      780.231      26.5915
      4254.20      779.971      26.1430
      4255.60      785.139      26.4653
      4257.00      798.248      26.7293
      4258.40      792.239      26.8084
      4259.80      786.257      26.1634
      4261.20      778.910      25.8327
      4262.60      782.079      26.2262
      4264.00      787.845      26.5187
      4265.40      805.513      26.4788
      4266.80      800.358          Inf
      4268.20      795.202      25.9562
      4269.60      796.829      26.5055
      4271.00      779.105      25.9130
      4272.40      757.184      25.4606
      4273.80      750.280      25.4519
      4275.20      776.581      25.9789
      4276.60      766.774      25.8851
      4278.00      790.857      26.4722
      4279.40      785.638      26.4256
      4280.80      784.203      26.0688
      4282.20      790.956      26.2461
      4283.60      774.094      26.0337
      4285.00      771.035      26.0502
      4286.40      788.676      26.1518
      4287.80      781.272      26.3208
      4289.20      756.399      25.5943
      4290.60      752.119      25.2190
      4292.00      749.486      25.5950
      4293.40      762.286      25.8402
      4294.80      752.829      25.5250
      4296.20      749.889      25.6925
      4297.60      771.186      25.7106
      4299.00      773.483      25.8233
      4300.40      738.281      24.5715
      4301.80      705.874      23.8970
      4303.20      731.718      24.4037
      4304.60      735.929      25.0105
      4306.00      777.158      26.4055
      4307.40      754.359      24.8802
      4308.80      720.660      24.2757
      4310.20      724.776      24.1731
      4311.60      744.618      24.8005
      4313.00      748.217      24.7408
      4314.40      712.660      24.5104
      4315.80      707.934      23.9991
      4317.20      711.136      23.9955
      4318.60      731.007      24.3292
      4320.00      717.553      24.0054
      4321.40      720.213      24.1190
      4322.80      706.707      23.8375
      4324.20      715.783      23.9331
      4325.60      675.927      22.8946
      4327.00      663.712      22.3379
      4328.40      655.383      21.8110
      4329.80      657.804      22.0686
      4331.20      641.958      21.7341
      4332.60      612.000      20.7064
      4334.00      598.143      20.1834
      4335.40      565.224      19.4441
      4336.80      526.777      17.9729
      4338.20      475.582      16.3870
      4339.60      401.052      14.2039
      4341.00      293.017      11.0784
      4342.40      289.265      10.9722
      4343.80      378.011      13.2879
      4345.20      467.834      16.3208
      4346.60      515.967      18.0411
      4348.00      555.850      18.8366
      4349.40      580.734      19.9591
      4350.80      608.357      20.4459
      4352.20      621.631      20.9642
      4353.60      627.232      21.1807
      4355.00      651.310      22.3013
      4356.40      674.912      22.6343
      4357.80      685.082      22.9006
      4359.20      699.324      23.6530
      4360.60      695.502      22.9403
      4362.00      713.191      24.0533
      4363.40      718.223      24.0602
      4364.80      720.202      24.0639
      4366.20      734.640      24.5011
      4367.60      734.608      24.3023
      4369.00      725.278      24.4556
      4370.40      735.094      24.6828
      4371.80      752.512      24.9950
      4373.20      760.174      25.5858
      4374.60      746.998      25.3081
      4376.00      734.113      24.6497
      4377.40      736.772      24.6851
      4378.80      751.343      25.5802
      4380.20      757.777      25.2935
      4381.60      750.182      25.0534
      4383.00      743.802      25.2106
      4384.40      721.731      24.8896
      4385.80      725.069      24.0153
      4387.20      730.223      24.3241
      4388.60      752.322      24.9788
      4390.00      745.880      25.0471
      4391.40      753.296      25.1137
      4392.80      758.746      25.0599
      4394.20      740.626      24.7970
      4395.60      720.162      24.1959
      4397.00      712.008      24.1222
      4398.40      746.467      24.5520
      4399.80      735.367      24.4348
      4401.20      728.352      24.1575
      4402.60      731.891      24.6171
      4404.00      739.427      24.5113
      4405.40      727.315      24.5345
      4406.80      725.190      24.4205
      4408.20      745.383      24.7056
      4409.60      738.010      24.6385
      4411.00      739.018      24.6269
      4412.40      739.614      24.3958
      4413.80      733.531      24.4910
      4415.20      731.274      23.9037
      4416.60      720.513      23.8547
      4418.00      703.666      23.4442
      4419.40      719.508      23.8520
      4420.80      733.869      24.2798
      4422.20      737.128      24.3998
      4423.60      731.960      24.0417
      4425.00      726.658      24.3047
      4426.40      720.420      23.8934
      4427.80      721.485      24.2271
      4429.20      727.415      23.8705
      4430.60      726.638      24.3878
      4432.00      734.212      24.4460
      4433.40      726.623      24.2358
      4434.80      728.348      24.1038
      4436.20      726.301      24.1000
      4437.60      718.365      24.2447
      4439.00      728.060      24.1384
      4440.40      739.358      24.5530
      4441.80      732.237      24.1232
      4443.20      718.736      23.9595
      4444.60      692.221      23.1865
      4446.00      705.356      23.2142
      4447.40      718.720      23.7974
      4448.80      721.391      24.2624
      4450.20      725.629      24.2706
      4451.60      721.235      24.3358
      4453.00      723.559      24.2816
      4454.40      732.235      24.0450
      4455.80      710.122      23.7695
      4457.20      712.399      23.7035
      4458.60      716.770      23.6210
      4460.00      731.700      23.9384
      4461.40      719.187      24.0380
      4462.80      721.817      24.1308
      4464.20      715.967      23.9335
      4465.60      720.251      24.2689
      4467.00      714.298      23.7302
      4468.40      713.500      23.3020
      4469.80      686.826      22.9715
      4471.20      696.055      22.8055
      4472.60      712.856      23.8409
      4474.00      717.440      23.9622
      4475.40      730.015      24.3816
      4476.80      725.244      24.0393
      4478.20      707.903      23.4804
      4479.60      722.605      23.9068
      4481.00      711.338      23.6379
      4482.40      672.043      22.2979
      4483.80      694.145      22.8931
      4485.20      713.908      23.7208
      4486.60      704.878      23.2864
      4488.00      712.496      23.3107
      4489.40      713.105      23.3705
      4490.80      719.448      23.4466
      4492.20      704.015      23.3356
      4493.60      710.812      23.1640
      4495.00      713.124      23.5433
      4496.40      708.549      23.2857
      4497.80      714.478      23.6598
      4499.20      723.950      23.4829
      4500.60      707.812      23.1297
      4502.00      690.555      22.8149
      4503.40      678.326      22.9429
      4504.80      713.654      23.4647
      4506.20      708.488      23.9920
      4507.60      712.070      23.3408
      4509.00      709.715      23.6163
      4510.40      706.444      23.5111
      4511.80      709.326      23.6289
      4513.20      714.025      23.4388
      4514.60      707.646      23.4153
      4516.00      699.282      23.2955
      4517.40      698.641      23.2077
      4518.80      706.125      23.2872
      4520.20      703.500      23.4316
      4521.60      705.834      23.2599
      4523.00      693.333      23.0344
      4524.40      692.250      22.9710
      4525.80      705.329      23.3661
      4527.20      716.514      23.6352
      4528.60      707.010      23.5934
      4530.00      701.034      23.1075
      4531.40      712.885      23.4450
      4532.80      707.517      23.1839
      4534.20      692.179      22.9233
      4535.60      689.328      22.8763
      4537.00      702.803      23.1173
      4538.40      713.681      23.4548
      4539.80      725.822      23.8750
      4541.20      709.454      23.7531
      4542.60      712.058      23.1338
      4544.00      713.206      23.8193
      4545.40      711.263      23.3769
      4546.80      704.455      23.1353
      4548.20      712.187      23.1838
      4549.60      683.252      22.7045
      4551.00      655.508      21.4305
      4552.40      681.447      22.8017
      4553.80      702.898      23.2642
      4555.20      698.933      22.8515
      4556.60      680.683      22.9743
      4558.00      685.217      22.2806
      4559.40      689.253      22.7846
      4560.80      697.733      23.0017
      4562.20      708.175      23.1075
      4563.60      697.519      23.0559
      4565.00      673.609      22.3933
      4566.40      689.415      22.7976
      4567.80      699.922      23.2420
      4569.20      705.718      23.3938
      4570.60      705.819      23.2269
      4572.00      698.362      22.9560
      4573.40      667.723      22.2020
      4574.80      682.704      22.1825
      4576.20      697.208      22.9642
      4577.60      694.007      23.0894
      4579.00      694.769      22.9070
      4580.40      700.877      23.3835
      4581.80      692.992      23.1401
      4583.20      705.126      22.9394
      4584.60      667.826      22.3566
      4586.00      681.141      22.2244
      4587.40      695.068      23.2284
      4588.80      683.381      22.8986
      4590.20      693.723      22.8491
      4591.60      684.258      22.4985
      4593.00      698.737      23.0524
      4594.40      693.100      23.0934
      4595.80      696.589      23.0875
      4597.20      699.565      23.0335
      4598.60      692.963      22.8096
      4600.00      699.455      22.8178
      4601.40      685.875      22.6894
      4602.80      699.466      23.1626
      4604.20      692.748      23.0542
      4605.60      692.724      22.6927
      4607.00      687.620      22.3845
      4608.40      691.984      22.7504
      4609.80      701.409      23.2424
      4611.20      696.566      23.0662
      4612.60      695.910      23.1863
      4614.00      689.305      22.9901
      4615.40      695.544      22.9272
      4616.80      693.060      22.7818
      4618.20      684.658      22.7359
      4619.60      683.459      22.4257
      4621.00      684.130      22.3572
      4622.40      685.634      22.5168
      4623.80      692.696      22.7617
      4625.20      688.371      22.5712
      4626.60      683.041      22.5697
      4628.00      690.161      22.9296
      4629.40      681.444      22.6628
      4630.80      685.571      22.5533
      4632.20      676.291      22.4388
      4633.60      699.622      22.7091
      4635.00      677.448      22.3791
      4636.40      688.160      22.5731
      4637.80      687.099      22.7509
      4639.20      686.070      22.8043
      4640.60      683.059      22.3711
      4642.00      685.358      22.8255
      4643.40      683.842      22.6943
      4644.80      692.092      22.9136
      4646.20      677.598      22.1396
      4647.60      684.592      22.4356
      4649.00      681.940      22.2183
      4650.40      688.280      22.4678
      4651.80      683.719      22.6499
      4653.20      682.097      22.5192
      4654.60      678.850      22.4180
      4656.00      681.464      22.2449
      4657.40      677.655      22.2001
      4658.80      679.408      22.1121
      4660.20      680.350      22.5904
      4661.60      682.231      22.4758
      4663.00      682.512      22.4220
      4664.40      680.673      22.4666
      4665.80      677.923      22.2241
      4667.20      671.038      22.0870
      4668.60      674.658      22.1765
      4670.00      676.918      22.3434
      4671.40      675.263      22.1379
      4672.80      673.706      22.5760
      4674.20      677.557      22.5138
      4675.60      678.692      22.0814
      4677.00      680.516      22.3286
      4678.40      681.018      22.3645
      4679.80      676.802      22.2692
      4681.20      670.780      22.2722
      4682.60      671.832      22.1911
      4684.00      677.243      22.5461
      4685.40      665.972      21.7618
      4686.80      670.088      22.2005
      4688.20      666.685      22.0242
      4689.60      674.318      22.6483
      4691.00      676.952      22.4123
      4692.40      667.568      22.1881
      4693.80      673.760      22.3192
      4695.20      681.128      22.3872
      4696.60      677.297      22.3156
      4698.00      679.859      22.4729
      4699.40      678.114      22.4070
      4700.80      674.531      22.4209
      4702.20      677.295      22.1433
      4703.60      668.906      22.3183
      4705.00      660.870      21.7784
      4706.40      672.385      22.0527
      4707.80      676.886      22.2029
      4709.20      672.670      22.3480
      4710.60      676.257      22.5025
      4712.00      676.365      22.2797
      4713.40      677.069      22.3050
      4714.80      676.833      22.2593
      4716.20      679.709      22.3046
      4717.60      685.567      22.3485
      4719.00      681.520      22.6462
      4720.40      680.935      22.2815
      4721.80      662.853      22.1121
      4723.20      677.379      22.3300
      4724.60      660.561      21.6218
      4726.00      668.681      21.9560
      4727.40      658.394      22.1393
      4728.80      660.456      21.9955
      4730.20      661.266      21.8387
      4731.60      663.776      21.6030
      4733.00      655.056      21.4020
      4734.40      660.038      21.7642
      4735.80      662.199      21.9085
      4737.20      654.600      21.8076
      4738.60      658.225      21.2667
      4740.00      658.983      21.4881
      4741.40      667.482      21.4511
      4742.80      675.929      21.5817
      4744.20      666.588      21.9048
      4745.60      665.404      21.7597
      4747.00      661.689      21.5317
      4748.40      664.146      21.9011
      4749.80      660.832      22.0128
      4751.20      653.006      21.4758
      4752.60      654.360      21.6810
      4754.00      654.465      21.7115
      4755.40      660.293      21.6818
      4756.80      656.244      21.6279
      4758.20      652.251      21.6064
      4759.60      657.312      21.6757
      4761.00      653.384      21.4635
      4762.40      647.328      21.1921
      4763.80      647.204      21.3963
      4765.20      649.438      21.3764
      4766.60      654.392      21.4914
      4768.00      656.704      21.7032
      4769.40      647.517      21.4837
      4770.80      641.874      21.0827
      4772.20      652.487      21.5845
      4773.60      647.173      21.6291
      4775.00      646.330      21.3540
      4776.40      638.742      21.0213
      4777.80      649.577      21.1090
      4779.20      651.850      21.2857
      4780.60      643.027      21.0942
      4782.00      644.928      21.2965
      4783.40      644.707      21.0367
      4784.80      638.912      21.1722
      4786.20      647.398      21.2356
      4787.60      638.418      21.0357
      4789.00      636.776      20.9381
      4790.40      640.912      21.2659
      4791.80      645.201      21.2645
      4793.20      639.972      21.0394
      4794.60      644.024      21.0640
      4796.00      639.506      20.5652
      4797.40      639.019      21.1428
      4798.80      636.187      21.0829
      4800.20      642.081      21.1942
      4801.60      637.402      21.0869
      4803.00      634.690      21.0484
      4804.40      634.027      20.6966
      4805.80      625.889      20.5603
      4807.20      624.719      20.5244
      4808.60      631.628      21.1416
      4810.00      637.508      20.6846
      4811.40      636.725      20.7092
      4812.80      635.136      20.7824
      4814.20      627.828      20.7998
      4815.60      642.500      20.9828
      4817.00      627.238      20.8745
      4818.40      628.481      20.6258
      4819.80      623.500      20.9389
      4821.20      621.877      20.4379
      4822.60      622.406      20.5960
      4824.00      617.972      20.8418
      4825.40      615.748      20.4839
      4826.80      614.294      20.5093
      4828.20      618.170      20.7486
      4829.60      611.748      20.1553
      4831.00      615.255      20.3842
      4832.40      616.416      20.3778
      4833.80      614.305      20.2121
      4835.20      610.596      20.1783
      4836.60      607.121      20.3966
      4838.00      606.360      20.0669
      4839.40      601.070      19.9141
      4840.80      593.710      19.8910
      4842.20      592.926      19.7317
      4843.60      591.315      19.9180
      4845.00      587.006      19.3786
      4846.40      581.247      19.1784
      4847.80      571.645      19.0064
      4849.20      561.509      18.7875
      4850.60      550.712      18.4543
      4852.00      531.880      17.7180
      4853.40      519.341      17.2671
      4854.80      499.523      16.8364
      4856.20      485.626      16.1985
      4857.60      454.511      15.2914
      4859.00      422.793      14.4175
      4860.40      373.199      12.5677
      4861.80      281.335      9.94244
      4863.20      254.701      9.31594
      4864.60      329.073      11.1896
      4866.00      401.537      13.6280
      4867.40      439.000      14.7975
      4868.80      471.438      15.6520
      4870.20      495.090      16.4755
      4871.60      509.494      16.9128
      4873.00      521.378      17.4145
      4874.40      530.870      17.7010
      4875.80      545.096      17.9965
      4877.20      551.867      18.2541
      4878.60      548.740      18.1580
      4880.00      561.323      18.5254
      4881.40      572.616      18.5944
      4882.80      574.444      19.0162
      4884.20      581.519      19.2513
      4885.60      590.556      19.4859
      4887.00      590.915      19.4159
      4888.40      589.643      19.2708
      4889.80      589.383      19.2307
      4891.20      585.179      19.0553
      4892.60      584.204      19.1881
      4894.00      593.892      19.6653
      4895.40      601.257      19.8689
      4896.80      600.400      19.9119
      4898.20      603.511      19.8216
      4899.60      605.202      20.0626
      4901.00      602.875      19.7225
      4902.40      597.521      19.8644
      4903.80      604.626      19.8926
      4905.20      606.737      20.2176
      4906.60      610.598      20.1281
      4908.00      601.505      20.0369
      4909.40      604.813      19.4512
      4910.80      609.366      19.9485
      4912.20      598.166      19.8768
      4913.60      608.516      19.9722
      4915.00      609.417      19.7442
      4916.40      604.991      19.8502
      4917.80      607.622      20.1202
      4919.20      608.896      19.8480
      4920.60      603.642      19.7314
      4922.00      593.372      19.7368
      4923.40      594.523      19.6764
      4924.80      585.283      19.1496
      4926.20      587.290      19.4942
      4927.60      604.778      19.8562
      4929.00      603.867      19.9259
      4930.40      598.317      19.7298
      4931.80      608.910      20.0714
      4933.20      601.051      19.9957
      4934.60      592.991      19.7506
      4936.00      599.806      20.0971
      4937.40      605.391      20.1147
      4938.80      604.144      19.9677
      4940.20      604.059      19.9729
      4941.60      606.081      20.1562
      4943.00      602.085      19.5363
      4944.40      599.048      19.6937
      4945.80      606.534      19.7480
      4947.20      594.869      19.6064
      4948.60      602.761      19.8076
      4950.00      603.889      19.7273
      4951.40      607.150      20.2041
      4952.80      602.106      19.8109
      4954.20      597.291      19.5935
      4955.60      594.872      19.5181
      4957.00      596.682      19.4667
      4958.40      589.597      19.4086
      4959.80      583.354      19.1092
      4961.20      589.858      19.5536
      4962.60      598.934      19.6620
      4964.00      601.484      19.7215
      4965.40      598.799      19.7707
      4966.80      592.942      19.6293
      4968.20      599.420      19.6117
      4969.60      596.354      19.5047
      4971.00      608.137      19.8605
      4972.40      591.633      19.3028
      4973.80      601.548      19.5401
      4975.20      597.864      19.8190
      4976.60      596.947      19.5686
      4978.00      598.521      19.5304
      4979.40      597.187      19.6089
      4980.80      594.601      19.6739
      4982.20      596.190      19.5572
      4983.60      599.756      19.4172
      4985.00      594.348      19.2841
      4986.40      588.173      19.3775
      4987.80      590.657      19.4065
      4989.20      599.665      19.7669
      4990.60      592.495      19.4214
      4992.00      584.835      19.4730
      4993.40      590.952      19.7186
      4994.80      589.877      19.3994
      4996.20      594.385      19.3656
      4997.60      598.996      19.7013
      4999.00      590.783      19.6023
