      3900.00      173.142      7.66681
      3901.40      177.601      7.73139
      3902.80      165.311      7.57337
      3904.20      195.556      8.25130
      3905.60      189.996      8.04707
      3907.00      185.502      8.01549
      3908.40      182.912      7.85462
      3909.80      204.391      8.56617
      3911.20      215.934      9.01615
      3912.60      223.103      9.07074
      3914.00      214.014      8.88851
      3915.40      203.200      8.48903
      3916.80      201.197      8.37754
      3918.20      205.373      8.50733
      3919.60      202.578      8.41928
      3921.00      199.861      8.34302
      3922.40      206.391      8.45138
      3923.80      202.924      8.49296
      3925.20      210.705      8.60525
      3926.60      208.452      8.52818
      3928.00      204.394      8.45847
      3929.40      198.894      8.20230
      3930.80      190.218      7.85216
      3932.20      166.482      7.18438
      3933.60      138.819      6.33661
      3935.00      85.7067      4.70887
      3936.40      79.4841      4.67454
      3937.80      139.237      6.46852
      3939.20      185.932      7.74629
      3940.60      191.708      8.02098
      3942.00      206.331      8.35518
      3943.40      208.075      8.40181
      3944.80      206.279      8.52318
      3946.20      208.794      8.44679
      3947.60      214.027      8.65049
      3949.00      210.634      8.51059
      3950.40      197.546      8.19375
      3951.80      201.249      8.25188
      3953.20      200.643      8.19562
      3954.60      205.501      8.30666
      3956.00      203.356      8.28834
      3957.40      197.859      8.05577
      3958.80      184.040      7.61533
      3960.20      190.682      7.84504
      3961.60      179.829      7.53143
      3963.00      192.331      7.78012
      3964.40      166.559      7.20879
      3965.80      176.194      7.23333
      3967.20      155.532      6.64638
      3968.60      122.766      5.53709
      3970.00      68.2354      3.95628
      3971.40      62.1423      3.72566
      3972.80      87.1273      4.52835
      3974.20      129.632      5.81240
      3975.60      151.472      6.51359
      3977.00      173.190      7.32325
      3978.40      181.075      7.33275
      3979.80      176.792      7.32490
      3981.20      184.223      7.53750
      3982.60      199.444      7.83829
      3984.00      190.289      7.82431
      3985.40      200.658      8.02365
      3986.80      203.704      8.09375
      3988.20      201.462      8.06369
      3989.60      217.218      8.40879
      3991.00      209.227      8.38427
      3992.40      216.063      8.48039
      3993.80      228.903      8.84009
      3995.20      214.307      8.45391
      3996.60      223.062      8.64172
      3998.00      206.088      8.19968
      3999.40      197.977      7.70809
      4000.80      202.723      8.04711
      4002.20      215.062      8.40704
      4003.60      216.897      8.46451
      4005.00      211.528      8.43217
      4006.40      223.083      8.53504
      4007.80      200.369      7.95883
      4009.20      213.404      8.17357
      4010.60      208.899      8.32671
      4012.00      219.011      8.42424
      4013.40      217.856      8.47557
      4014.80      218.684      8.48459
      4016.20      208.813      8.27702
      4017.60      221.879      8.60310
      4019.00      220.667      8.63522
      4020.40      226.496      8.94613
      4021.80      238.543      9.08684
      4023.20      216.543      8.40860
      4024.60      211.683      8.17528
      4026.00      210.037      8.13538
      4027.40      214.332      8.27105
      4028.80      212.550      8.19289
      4030.20      217.756      8.38029
      4031.60      205.015      7.99111
      4033.00      205.228      7.89740
      4034.40      200.717      7.81252
      4035.80      202.831      7.86742
      4037.20      206.364      7.90992
      4038.60      216.764      8.27263
      4040.00      214.977      8.24904
      4041.40      221.597      8.37947
      4042.80      211.865      8.16390
      4044.20      215.055      8.32544
      4045.60      216.632      8.34448
      4047.00      201.154      7.90799
      4048.40      196.348      7.75968
      4049.80      210.927      8.02349
      4051.20      214.194      8.13097
      4052.60      205.530      8.11903
      4054.00      213.481      8.16903
      4055.40      207.780      8.01529
      4056.80      197.326      7.62359
      4058.20      207.146      7.95344
      4059.60      211.753      8.05997
      4061.00      199.755      7.74888
      4062.40      205.602      7.95200
      4063.80      215.132      8.19120
      4065.20      202.709      7.81794
      4066.60      205.975      7.86606
      4068.00      212.661      8.04174
      4069.40      204.462      7.81293
      4070.80      203.720      7.84709
      4072.20      215.837      8.03725
      4073.60      194.511      7.52687
      4075.00      203.901      7.74176
      4076.40      208.516      7.86774
      4077.80      203.334      7.79965
      4079.20      191.550      7.39849
      4080.60      182.089      7.17047
      4082.00      209.098      7.91351
      4083.40      205.443      7.75917
      4084.80      199.673      7.73089
      4086.20      196.204      7.45449
      4087.60      192.174      7.43178
      4089.00      202.429      7.69573
      4090.40      196.863      7.57283
      4091.80      194.798      7.41785
      4093.20      187.318      7.19351
      4094.60      194.371      7.39053
      4096.00      177.603      6.91757
      4097.40      175.683      6.87619
      4098.80      168.663      6.57763
      4100.20      151.631      6.12652
      4101.60      142.827      5.78420
      4103.00      105.061      4.66776
      4104.40      97.3794      4.50327
      4105.80      124.196      5.11573
      4107.20      151.146      6.07702
      4108.60      166.796      6.53280
      4110.00      169.409      6.64788
      4111.40      174.981      6.83158
      4112.80      185.188      7.10373
      4114.20      185.843      7.09968
      4115.60      191.503      7.26495
      4117.00      194.321      7.40193
      4118.40      198.151      7.40705
      4119.80      195.884      7.45429
      4121.20      197.784      7.47865
      4122.60      193.896      7.33784
      4124.00      194.476      7.33967
      4125.40      199.848      7.57263
      4126.80      200.681      7.51367
      4128.20      199.303      7.49531
      4129.60      200.038      7.49589
      4131.00      200.528      7.57231
      4132.40      201.750      7.56708
      4133.80      192.013      7.23387
      4135.20      185.188      7.09640
      4136.60      196.298      7.38674
      4138.00      200.394      7.37087
      4139.40      207.628      7.84892
      4140.80      206.773      7.68885
      4142.20      208.101      7.70164
      4143.60      200.946      7.58768
      4145.00      205.271      7.59769
      4146.40      192.185      7.31613
      4147.80      208.727      7.79759
      4149.20      212.488      7.84442
      4150.60      197.992      7.34312
      4152.00      209.302      7.72856
      4153.40      204.594      7.67123
      4154.80      208.606      7.72824
      4156.20      200.010      7.52226
      4157.60      194.961      7.32323
      4159.00      198.324      7.47703
      4160.40      206.986      7.64891
      4161.80      207.376      7.68022
      4163.20      208.280      7.65377
      4164.60      203.349      7.60470
      4166.00      201.938      7.54184
      4167.40      209.426      7.68161
      4168.80      203.351      7.56992
      4170.20      203.929      7.59640
      4171.60      212.876      7.79044
      4173.00      202.379      7.54402
      4174.40      188.686      7.09549
      4175.80      187.175      7.04422
      4177.20      198.989      7.39977
      4178.60      213.177      7.65944
      4180.00      186.989      7.15943
      4181.40      205.345      7.60177
      4182.80      202.332      7.52236
      4184.20      202.339      7.49764
      4185.60      204.052      7.58421
      4187.00      207.004      7.56340
      4188.40      202.937      7.47218
      4189.80      193.943      7.27598
      4191.20      203.098      7.46074
      4192.60      198.287      7.34819
      4194.00      199.392      7.40169
      4195.40      206.725      7.56371
      4196.80      203.208      7.47507
      4198.20      201.043      7.37239
      4199.60      196.861      7.31741
      4201.00      192.883      7.16576
      4202.40      195.641      7.21475
      4203.80      198.192      7.28738
      4205.20      194.319      7.24032
      4206.60      201.960      7.39067
      4208.00      204.339      7.51237
      4209.40      202.908      7.45984
      4210.80      206.257      7.64512
      4212.20      203.074      7.37302
      4213.60      209.364      7.66661
      4215.00      208.763      7.64065
      4216.40      202.183      7.45765
      4217.80      189.599      7.13474
      4219.20      194.332      7.16845
      4220.60      202.869      7.44105
      4222.00      202.450      7.41294
      4223.40      199.106      7.34883
      4224.80      198.914      7.44976
      4226.20      208.749      7.54622
      4227.60      192.167      7.11983
      4229.00      180.909      6.77194
      4230.40      192.523      7.12664
      4231.80      216.531      7.76213
      4233.20      209.930      7.72976
      4234.60      195.472      7.28030
      4236.00      192.947      7.12178
      4237.40      200.721      7.40667
      4238.80      209.355      7.59683
      4240.20      200.112      7.44142
      4241.60      203.664      7.55383
      4243.00      202.115      7.51872
      4244.40      211.224      7.66195
      4245.80      206.626      7.56337
      4247.20      204.666      7.46211
      4248.60      196.486      7.23953
      4250.00      200.020      7.33327
      4251.40      202.962      7.36289
      4252.80      193.391      7.17823
      4254.20      202.488      7.33692
      4255.60      204.901      7.51088
      4257.00      204.226      7.40057
      4258.40      208.699      7.63138
      4259.80      215.227      7.76584
      4261.20      200.178      7.30910
      4262.60      197.884      7.24633
      4264.00      195.895          Inf
      4265.40      193.905          Inf
      4266.80      191.915          Inf
      4268.20      189.925          Inf
      4269.60      187.935          Inf
      4271.00      185.945          Inf
      4272.40      183.955          Inf
      4273.80      181.965      6.77263
      4275.20      190.742      7.00906
      4276.60      201.593      7.33892
      4278.00      201.467      7.24221
      4279.40      206.388      7.65902
      4280.80      207.136      7.42378
      4282.20      202.561      7.38401
      4283.60      205.426      7.42550
      4285.00      194.584      7.21319
      4286.40      209.862      7.53739
      4287.80      212.640      7.64891
      4289.20      204.945      7.46651
      4290.60      197.112      7.18468
      4292.00      181.033      6.72975
      4293.40      189.109      6.89237
      4294.80      203.972      7.34630
      4296.20      190.316      6.98695
      4297.60      194.223      7.09688
      4299.00      199.888      7.19238
      4300.40      188.515      6.93708
      4301.80      183.904      6.72753
      4303.20      175.863      6.61052
      4304.60      222.668      8.26445
      4306.00      292.567      10.3573
      4307.40      194.949      7.37684
      4308.80      194.655      7.01122
      4310.20      186.340      6.88483
      4311.60      196.232      7.00760
      4313.00      193.806      7.33777
      4314.40      240.111      8.35827
      4315.80      208.452      7.53869
      4317.20      180.213      6.66773
      4318.60      199.940      7.15796
      4320.00      196.277      7.20420
      4321.40      193.602      7.10881
      4322.80      213.552      7.74945
      4324.20      277.122      8.69582
      4325.60      163.091      6.94191
      4327.00      204.992      7.13798
      4328.40      172.841      6.79954
      4329.80      184.774      6.77658
      4331.20      191.062      6.90754
      4332.60      181.661      6.75020
      4334.00      189.140      6.81748
      4335.40      176.978      6.51747
      4336.80      170.293      6.31165
      4338.20      168.167      6.14069
      4339.60      143.204      5.50522
      4341.00      128.036      4.96431
      4342.40      97.6470      4.18191
      4343.80      104.205      4.36670
      4345.20      136.098      5.38796
      4346.60      154.881      5.82598
      4348.00      166.998      6.22402
      4349.40      183.905      6.71861
      4350.80      178.885      6.60188
      4352.20      185.166      6.67548
      4353.60      172.866      6.40957
      4355.00      173.893      6.42602
      4356.40      187.202      6.75797
      4357.80      184.037      6.91415
      4359.20      197.157      7.37916
      4360.60      202.241      7.32060
      4362.00      188.836      6.96217
      4363.40      197.057      7.07312
      4364.80      198.887      7.15549
      4366.20      205.270      7.35036
      4367.60      206.584      7.35524
      4369.00      197.320      7.14873
      4370.40      193.982      6.93837
      4371.80      196.712      7.11062
      4373.20      197.040      7.12939
      4374.60      201.336      7.23919
      4376.00      193.271      6.96157
      4377.40      180.923      6.66349
      4378.80      191.661      6.91110
      4380.20      205.086      7.31694
      4381.60      205.438      7.29581
      4383.00      200.950      7.24182
      4384.40      200.796      7.16076
      4385.80      176.572      6.50691
      4387.20      182.394      6.62047
      4388.60      191.235      6.93464
      4390.00      198.521      7.01970
      4391.40      197.074      7.12836
      4392.80      202.738      7.24584
      4394.20      199.448      7.09272
      4395.60      189.227      6.85839
      4397.00      178.867      6.54049
      4398.40      186.484      6.73155
      4399.80      199.953      7.15175
      4401.20      188.410      6.81628
      4402.60      180.379      6.61774
      4404.00      190.954      6.87018
      4405.40      191.051      6.87928
      4406.80      189.188      6.81085
      4408.20      188.687      6.78794
      4409.60      195.785      7.07276
      4411.00      195.038      6.94072
      4412.40      194.079      6.94781
      4413.80      196.057      7.02157
      4415.20      201.726      7.15062
      4416.60      179.682      6.57800
      4418.00      176.523      6.40676
      4419.40      179.545      6.54375
      4420.80      178.666      6.50929
      4422.20      195.037      6.93265
      4423.60      198.597      7.07216
      4425.00      198.811      7.06552
      4426.40      198.304      7.02587
      4427.80      190.445      6.90483
      4429.20      200.170      7.05163
      4430.60      195.358      6.98619
      4432.00      204.896      7.18156
      4433.40      194.161      7.06129
      4434.80      199.778      7.07058
      4436.20      193.960      6.92755
      4437.60      187.998      6.76317
      4439.00      193.955      6.88389
      4440.40      202.605      7.27410
      4441.80      203.597      7.16511
      4443.20      197.561      7.00841
      4444.60      182.375      6.55034
      4446.00      175.845      6.36493
      4447.40      186.718      6.66680
      4448.80      197.001      6.98679
      4450.20      195.200      6.95023
      4451.60      195.957      6.93191
      4453.00      193.737      6.90236
      4454.40      195.517      6.93538
      4455.80      193.314      6.85768
      4457.20      184.242      6.61145
      4458.60      187.634      6.69456
      4460.00      192.521      6.81357
      4461.40      192.740      6.85839
      4462.80      193.371      6.87073
      4464.20      195.549      6.93484
      4465.60      193.673      6.84836
      4467.00      190.830      6.77972
      4468.40      187.901      6.67944
      4469.80      180.256      6.49176
      4471.20      176.832      6.31968
      4472.60      183.498      6.57435
      4474.00      199.099      6.97017
      4475.40      198.102      7.01210
      4476.80      220.653      7.91822
      4478.20      190.188      6.76967
      4479.60      190.216      6.75404
      4481.00      194.080      6.85868
      4482.40      186.408      6.61355
      4483.80      180.898      6.50142
      4485.20      187.300      6.69029
      4486.60      201.949      7.05263
      4488.00      195.788      6.94288
      4489.40      200.899      7.06219
      4490.80      194.355      6.87575
      4492.20      185.579      6.63844
      4493.60      185.548      6.59661
      4495.00      194.617      6.86768
      4496.40      199.346      7.01016
      4497.80      193.903      6.83119
      4499.20      198.365      7.04722
      4500.60      200.723      7.03444
      4502.00      194.761      6.89208
      4503.40      182.864      6.44599
      4504.80      186.829      6.66386
      4506.20      194.756      6.88024
      4507.60      199.670      7.03297
      4509.00      192.403      6.85698
      4510.40      185.587      6.53528
      4511.80      183.220      6.56868
      4513.20      189.875      6.72858
      4514.60      193.228      6.82209
      4516.00      190.303      6.72899
      4517.40      186.876      6.65445
      4518.80      193.810      6.82658
      4520.20      195.091      6.83363
      4521.60      191.358      6.78988
      4523.00      188.815      6.68286
      4524.40      189.083      6.67218
      4525.80      187.939      6.66581
      4527.20      187.021      6.63313
      4528.60      190.750      6.70579
      4530.00      188.054      6.65652
      4531.40      183.750      6.51790
      4532.80      183.621      6.55996
      4534.20      191.868      6.71102
      4535.60      179.281      6.39688
      4537.00      173.488      6.23823
      4538.40      188.710      6.64856
      4539.80      196.131      6.83382
      4541.20      192.186      6.78429
      4542.60      191.281      6.73792
      4544.00      189.491      6.72624
      4545.40      199.080      6.94844
      4546.80      194.854          Inf
      4548.20      190.627      6.70814
      4549.60      193.261      6.76249
      4551.00      179.393      6.38616
      4552.40      174.365      6.26870
      4553.80      189.150      6.62976
      4555.20      194.777      6.81059
      4556.60      182.286      6.46861
      4558.00      175.902      6.33065
      4559.40      185.846      6.51998
      4560.80      188.713      6.69289
      4562.20      192.054      6.73746
      4563.60      191.277      6.68172
      4565.00      188.307      6.68830
      4566.40      182.910      6.52170
      4567.80      190.178      6.68690
      4569.20      195.656      6.86016
      4570.60      193.806      6.78412
      4572.00      193.389      6.76762
      4573.40      185.497      6.56857
      4574.80      183.462      6.49112
      4576.20      191.172      6.74024
      4577.60      195.869      6.80993
      4579.00      190.232      6.70986
      4580.40      189.879      6.69045
      4581.80      195.818      6.88067
      4583.20      190.909      6.71024
      4584.60      190.208      6.64527
      4586.00      181.850      6.46403
      4587.40      187.566      6.57567
      4588.80      187.925      6.65225
      4590.20      193.353      6.73408
      4591.60      185.426      6.54562
      4593.00      185.569      6.52354
      4594.40      189.177      6.65779
      4595.80      194.960      6.79807
      4597.20      193.737      6.78191
      4598.60      196.053      6.88699
      4600.00      200.043      6.95992
      4601.40      199.017      6.87003
      4602.80      185.647      6.59759
      4604.20      191.570      6.68856
      4605.60      194.813      6.80932
      4607.00      194.139      6.87326
      4608.40      205.602      7.00194
      4609.80      191.902      6.78774
      4611.20      201.051      6.98654
      4612.60      195.128      6.88736
      4614.00      194.044      6.75483
      4615.40      195.243      6.88339
      4616.80      199.447      6.89567
      4618.20      190.004      6.67988
      4619.60      191.256      6.73630
      4621.00      193.012      6.72242
      4622.40      186.514      6.58589
      4623.80      195.468      6.77195
      4625.20      190.667      6.68297
      4626.60      193.255      6.78561
      4628.00      193.943      6.73469
      4629.40      193.388      6.75125
      4630.80      186.807      6.54273
      4632.20      185.866      6.58651
      4633.60      194.728      6.75180
      4635.00      192.744      6.73290
      4636.40      185.640      6.56267
      4637.80      188.756      6.56793
      4639.20      188.594      6.60513
      4640.60      193.751      6.74063
      4642.00      185.918      6.57637
      4643.40      194.352      6.73919
      4644.80      193.956      6.76667
      4646.20      192.769      6.72562
      4647.60      192.312      6.72404
      4649.00      193.339      6.74130
      4650.40      191.986      6.76114
      4651.80      191.294      6.69592
      4653.20      189.873      6.66914
      4654.60      192.363      6.69694
      4656.00      191.441      6.75118
      4657.40      189.105      6.61483
      4658.80      189.552      6.66474
      4660.20      190.745      6.69806
      4661.60      195.177      6.74108
      4663.00      194.712      6.90272
      4664.40      188.697      6.58509
      4665.80      187.477      6.57845
      4667.20      190.575      6.67809
      4668.60      192.842      6.69217
      4670.00      186.993      6.56212
      4671.40      188.664      6.60213
      4672.80      190.408      6.71052
      4674.20      193.717      6.69902
      4675.60      194.821      6.88216
      4677.00      192.382      6.71518
      4678.40      190.032      6.65601
      4679.80      191.428      6.70016
      4681.20      187.461      6.48359
      4682.60      193.669      6.76872
      4684.00      193.098      6.73414
      4685.40      193.252      6.71218
      4686.80      195.097      6.83910
      4688.20      197.656      6.82848
      4689.60      195.101      6.79206
      4691.00      190.716      6.69810
      4692.40      193.209      6.69633
      4693.80      188.903      6.59238
      4695.20      197.403      6.83517
      4696.60      193.535      6.76437
      4698.00      194.405      6.74274
      4699.40      194.241      6.77270
      4700.80      197.690      6.85796
      4702.20      194.257      6.78181
      4703.60      192.640      6.69567
      4705.00      183.754      6.40802
      4706.40      180.434      6.34967
      4707.80      188.210      6.54286
      4709.20      187.295      6.53201
      4710.60      187.304      6.56519
      4712.00      193.385      6.71942
      4713.40      192.587      6.69260
      4714.80      189.411      6.61946
      4716.20      191.026      6.66704
      4717.60      188.246      6.56214
      4719.00      190.218      6.65315
      4720.40      195.380      6.77213
      4721.80      193.463      6.73883
      4723.20      191.277      6.64846
      4724.60      186.871      6.52485
      4726.00      190.836      6.63248
      4727.40      194.886      6.76733
      4728.80      197.067      6.84439
      4730.20      193.143      6.72256
      4731.60      188.234      6.57284
      4733.00      186.896      6.52002
      4734.40      186.462      6.55729
      4735.80      193.641      6.71645
      4737.20      190.507      6.63674
      4738.60      186.768      6.52045
      4740.00      191.154      6.62019
      4741.40      189.035      6.59688
      4742.80      190.726      6.66214
      4744.20      190.813      6.60591
      4745.60      193.450      6.71245
      4747.00      188.695      6.58720
      4748.40      189.523      6.55123
      4749.80      187.547      6.60136
      4751.20      190.337      6.52792
      4752.60      189.732      6.61767
      4754.00      185.113      6.47322
      4755.40      188.866      6.56445
      4756.80      194.559      6.72046
      4758.20      189.956      6.62427
      4759.60      192.183      6.61718
      4761.00      185.975      6.47719
      4762.40      188.266      6.49576
      4763.80      187.827      6.57065
      4765.20      180.633      6.32821
      4766.60      183.970      6.40065
      4768.00      185.014      6.42283
      4769.40      184.416      6.40429
      4770.80      184.798      6.43102
      4772.20      185.337      6.49742
      4773.60      187.779      6.46483
      4775.00      187.844      6.62438
      4776.40      192.123      6.59071
      4777.80      186.803      6.50688
      4779.20      185.222      6.44428
      4780.60      187.306      6.51647
      4782.00      181.408      6.28977
      4783.40      186.097      6.46278
      4784.80      189.552      6.51152
      4786.20      184.520      6.44277
      4787.60      187.467      6.50585
      4789.00      190.509      6.61666
      4790.40      185.918      6.49254
      4791.80      190.833      6.55019
      4793.20      184.904      6.43303
      4794.60      182.423      6.33363
      4796.00      187.749      6.48580
      4797.40      182.340      6.39556
      4798.80      191.554      6.55289
      4800.20      186.645      6.47951
      4801.60      186.245      6.42933
      4803.00      185.102      6.44083
      4804.40      184.994      6.40563
      4805.80      184.750      6.37869
      4807.20      176.997      6.19413
      4808.60      182.842      6.28929
      4810.00      180.410      6.34480
      4811.40      185.104      6.38555
      4812.80      183.536      6.35037
      4814.20      177.576      6.29088
      4815.60      183.378      6.30139
      4817.00      185.275      6.44399
      4818.40      183.856      6.39335
      4819.80      182.332      6.28403
      4821.20      179.832      6.28712
      4822.60      184.222      6.36628
      4824.00      185.747      6.42252
      4825.40      181.803      6.30300
      4826.80      177.740      6.23067
      4828.20      182.779      6.36881
      4829.60      180.067      6.26910
      4831.00      177.155      6.20902
      4832.40      182.857      6.31573
      4833.80      180.780      6.27690
      4835.20      180.034      6.25700
      4836.60      180.985      6.26253
      4838.00      176.894      6.18490
      4839.40      178.208      6.18639
      4840.80      177.475      6.20714
      4842.20      174.229      6.03494
      4843.60      173.376      6.08725
      4845.00      175.949      6.11232
      4846.40      175.639      6.12416
      4847.80      171.172      5.97418
      4849.20      171.254      5.99530
      4850.60      171.474      5.97427
      4852.00      169.291      5.93926
      4853.40      169.227      5.89290
      4854.80      166.162      5.87346
      4856.20      159.288      5.61437
      4857.60      158.588      5.58428
      4859.00      154.619      5.47473
      4860.40      146.479      5.19876
      4861.80      136.823      4.95262
      4863.20      103.282      3.91551
      4864.60      88.5639      3.60282
      4866.00      115.612      4.26803
      4867.40      142.598      5.07064
      4868.80      150.830      5.39564
      4870.20      159.265      5.63602
      4871.60      160.131      5.69375
      4873.00      161.625      5.69910
      4874.40      159.680      5.67083
      4875.80      166.798      5.85718
      4877.20      169.381      5.94542
      4878.60      165.637      5.85309
      4880.00      165.223      5.85372
      4881.40      173.683      6.08588
      4882.80      179.224      6.25917
      4884.20      174.230      6.13079
      4885.60      172.598      6.06866
      4887.00      175.646      6.17165
      4888.40      177.507      6.17340
      4889.80      177.116      6.24013
      4891.20      176.687      6.19648
      4892.60      175.390      6.11221
      4894.00      168.903      5.99905
      4895.40      170.632      5.96856
      4896.80      183.517      6.40478
      4898.20      177.474      6.25868
      4899.60      176.873      6.21227
      4901.00      176.866      6.19692
      4902.40      180.070      6.29356
      4903.80      179.747      6.27927
      4905.20      178.621      6.23167
      4906.60      176.273      6.21245
      4908.00      183.921      6.37197
      4909.40      180.926      6.32674
      4910.80      178.347      6.21871
      4912.20      180.242      6.28689
      4913.60      174.837      6.15032
      4915.00      175.885      6.20889
      4916.40      180.630      6.21566
      4917.80      185.124      6.44261
      4919.20      185.660      6.38698
      4920.60      178.225      6.22472
      4922.00      172.117      5.96578
      4923.40      168.253      5.93321
      4924.80      178.600      6.18205
      4926.20      170.934      5.98870
      4927.60      167.544      5.90543
      4929.00      177.340      6.15964
      4930.40      184.537      6.37167
      4931.80      173.345      6.06938
      4933.20      182.555      6.27875
      4934.60      183.205      6.33248
      4936.00      177.618      6.13821
      4937.40      175.536      6.20713
      4938.80      178.474      6.06599
      4940.20      179.424      6.27957
      4941.60      179.884      6.21059
      4943.00      181.604      6.29527
      4944.40      180.525      6.25137
      4945.80      178.637      6.18622
      4947.20      177.852      6.15199
      4948.60      174.958      6.06676
      4950.00      176.718      6.15251
      4951.40      176.266      6.06744
      4952.80      177.962      6.18014
      4954.20      180.274      6.23583
      4955.60      181.111      6.28766
      4957.00      181.786      6.27615
      4958.40      178.163      6.14956
      4959.80      168.178      5.88085
      4961.20      166.920      5.87934
      4962.60      182.631      6.23009
      4964.00      184.781      6.37368
      4965.40      180.956      6.17448
      4966.80      179.325      6.29892
      4968.20      173.645      5.99695
      4969.60      175.377      6.10871
      4971.00      182.613      6.25676
      4972.40      179.757      6.25703
      4973.80      180.143      6.25351
      4975.20      177.481      6.14777
      4976.60      181.543      6.24941
      4978.00      181.428      6.27507
      4979.40      182.218      6.26381
      4980.80      175.992      6.11722
      4982.20      185.904      6.33477
      4983.60      176.402      6.16837
      4985.00      169.503      5.95935
      4986.40      173.446      6.05175
      4987.80      174.967      6.05858
      4989.20      176.638      6.10606
      4990.60      178.585      6.16572
      4992.00      177.415      6.16746
      4993.40      176.997      6.04395
      4994.80      170.426      5.97599
      4996.20      176.886      6.12000
      4997.60      172.766      6.05303
      4999.00      177.260      6.10073
