      3900.00      103.348      8.23308
      3901.40      99.7422      8.54573
      3902.80      110.882      8.85745
      3904.20      111.916      9.23901
      3905.60      112.104      8.86860
      3907.00      116.934      8.75028
      3908.40      128.429      9.43110
      3909.80      127.894      9.07483
      3911.20      128.794      9.22595
      3912.60      143.750      10.0413
      3914.00      133.194      9.38678
      3915.40      124.206      8.83053
      3916.80      134.467      9.11558
      3918.20      133.422      9.18128
      3919.60      149.731      9.75736
      3921.00      136.802      8.94204
      3922.40      137.337      8.56411
      3923.80      138.536      8.86633
      3925.20      130.074      8.76185
      3926.60      141.019      8.78505
      3928.00      138.981      8.88318
      3929.40      133.237      8.52603
      3930.80      130.031      8.61241
      3932.20      120.517      7.67088
      3933.60      98.5378      7.13378
      3935.00      66.0437      6.15218
      3936.40      87.1146      6.76336
      3937.80      129.255      8.20042
      3939.20      134.749      8.36383
      3940.60      130.212      8.08228
      3942.00      140.501      8.71091
      3943.40      131.828      8.44459
      3944.80      126.608      8.26088
      3946.20      133.012      8.41313
      3947.60      134.659      8.31101
      3949.00      123.395      8.05075
      3950.40      122.685      8.23892
      3951.80      128.982      8.39837
      3953.20      116.174      7.74152
      3954.60      122.923      7.88192
      3956.00      119.183      7.49303
      3957.40      114.846      8.00517
      3958.80      112.087      8.17255
      3960.20      106.698      7.82961
      3961.60      108.288      7.64801
      3963.00      94.0148      7.26191
      3964.40      88.9092      6.79009
      3965.80      83.5948      6.40845
      3967.20      67.3400      5.76358
      3968.60      55.7486      5.84799
      3970.00      35.0469      5.49171
      3971.40      31.3243      5.18550
      3972.80      36.1968      5.15281
      3974.20      57.4495      5.75036
      3975.60      71.0955      6.58934
      3977.00      83.0200      7.34912
      3978.40      88.1149      7.30978
      3979.80      87.9245      7.22385
      3981.20      95.4020      7.53365
      3982.60      106.228      8.02238
      3984.00      109.781      8.16192
      3985.40      111.625      7.93726
      3986.80      117.442      8.00988
      3988.20      130.245      7.92050
      3989.60      118.829      7.41059
      3991.00      119.822      7.65819
      3992.40      123.730      7.52571
      3993.80      123.999      7.80225
      3995.20      128.815      8.10750
      3996.60      134.597      7.94991
      3998.00      127.587      7.60890
      3999.40      127.572      7.46255
      4000.80      130.563      7.78382
      4002.20      138.281      7.91043
      4003.60      131.213      7.62024
      4005.00      129.937      7.86820
      4006.40      131.950      7.73153
      4007.80      134.332      7.50151
      4009.20      132.071      7.67092
      4010.60      138.222      7.82528
      4012.00      131.927      7.66286
      4013.40      135.816      7.69952
      4014.80      138.488      7.68109
      4016.20      132.050      7.60618
      4017.60      135.372      7.81986
      4019.00      135.726      7.50602
      4020.40      136.945      7.96779
      4021.80      141.832      7.98772
      4023.20      136.621      7.75398
      4024.60      140.209      7.50111
      4026.00      130.876      7.60807
      4027.40      132.497      7.40616
      4028.80      130.310      7.55197
      4030.20      126.700      7.21507
      4031.60      131.587      7.37374
      4033.00      128.246      7.56009
      4034.40      137.461      7.56625
      4035.80      139.749      7.84342
      4037.20      129.713      7.43281
      4038.60      140.892      8.00573
      4040.00      138.970      8.47018
      4041.40      138.443      8.66996
      4042.80      129.827      8.36128
      4044.20      134.796      7.85042
      4045.60      129.739      7.57128
      4047.00      128.521      7.83339
      4048.40      126.314      7.83752
      4049.80      139.191      8.20475
      4051.20      135.775      7.82865
      4052.60      129.608      7.47879
      4054.00      129.747      7.21853
      4055.40      125.021      7.16034
      4056.80      130.692      7.44495
      4058.20      133.079      7.75317
      4059.60      130.602      7.58266
      4061.00      130.739      7.63983
      4062.40      128.673      7.80599
      4063.80      125.774      7.18967
      4065.20      121.512      7.22734
      4066.60      127.169      7.68653
      4068.00      131.872      7.76924
      4069.40      129.748      7.63155
      4070.80      124.251      7.09676
      4072.20      127.586      7.43081
      4073.60      123.586      7.55473
      4075.00      125.088      7.91770
      4076.40      124.517      7.55177
      4077.80      119.936      7.05509
      4079.20      115.111      7.14007
      4080.60      124.132      7.29465
      4082.00      121.266      6.89052
      4083.40      119.930      7.02772
      4084.80      114.557      6.72643
      4086.20      111.964      6.47212
      4087.60      106.156      6.90726
      4089.00      118.657      7.28561
      4090.40      103.658      6.72939
      4091.80      102.580      6.59737
      4093.20      96.1301      6.41244
      4094.60      94.2923      6.23187
      4096.00      87.6939      5.73904
      4097.40      80.9215      5.52762
      4098.80      71.4503      5.14460
      4100.20      64.1021      4.90777
      4101.60      49.1609      4.27577
      4103.00      37.1352      3.78152
      4104.40      39.0792      3.76392
      4105.80      55.7530      4.43743
      4107.20      64.1512      4.89488
      4108.60      70.6753      5.40105
      4110.00      81.2652      5.77752
      4111.40      91.4883      6.35503
      4112.80      95.8555      6.31014
      4114.20      97.3513      6.61636
      4115.60      101.264      6.13180
      4117.00      107.250      6.38925
      4118.40      104.909      6.24726
      4119.80      111.662      6.27057
      4121.20      108.849      6.32993
      4122.60      113.610      6.48584
      4124.00      114.505      6.49800
      4125.40      117.875      6.79602
      4126.80      118.097      7.05705
      4128.20      123.185      6.98123
      4129.60      115.772      6.65679
      4131.00      122.767      6.66650
      4132.40      114.631      6.60490
      4133.80      117.717      6.73384
      4135.20      127.619      6.85963
      4136.60      120.513      6.72576
      4138.00      126.168      6.76591
      4139.40      118.216      6.95566
      4140.80      123.583      7.00654
      4142.20      122.093      6.69418
      4143.60      123.107      6.88911
      4145.00      123.377      6.75868
      4146.40      125.897      6.87459
      4147.80      121.751      6.56862
      4149.20      117.827      6.49504
      4150.60      119.730      6.51184
      4152.00      122.087      6.55446
      4153.40      121.921      6.60836
      4154.80      125.240      6.91492
      4156.20      129.043      6.89063
      4157.60      119.883      6.53493
      4159.00      126.216      6.63555
      4160.40      120.720      6.90792
      4161.80      129.985      6.98122
      4163.20      115.287      6.52967
      4164.60      120.812      6.68476
      4166.00      130.503      6.61148
      4167.40      123.508      6.71637
      4168.80      121.775      6.54133
      4170.20      122.836      6.46423
      4171.60      122.491      6.62220
      4173.00      125.809      6.70619
      4174.40      118.963      6.41924
      4175.80      112.894      6.16269
      4177.20      115.555      6.28049
      4178.60      123.800      6.68112
      4180.00      124.321      6.51034
      4181.40      122.900      6.56877
      4182.80      123.732      6.26243
      4184.20      124.788      6.20859
      4185.60      120.529      6.33720
      4187.00      123.659      6.25978
      4188.40      117.909      6.33154
      4189.80      117.539      6.28444
      4191.20      120.852      6.33505
      4192.60      123.504      6.49991
      4194.00      117.663      6.32072
      4195.40      122.742      6.30797
      4196.80      122.804      6.55373
      4198.20      126.819      6.59421
      4199.60      121.066      6.41724
      4201.00      119.178      6.20982
      4202.40      115.172      6.24293
      4203.80      121.580      6.41283
      4205.20      118.894      6.36365
      4206.60      125.431      6.77644
      4208.00      124.437      6.74561
      4209.40      119.917      6.73527
      4210.80      117.723      6.39711
      4212.20      124.102      6.38818
      4213.60      123.942      6.22115
      4215.00      122.510      6.35570
      4216.40      118.676      6.23621
      4217.80      115.395      6.00242
      4219.20      128.011      6.57475
      4220.60      120.962      6.27522
      4222.00      117.314      6.34046
      4223.40      123.728      6.41924
      4224.80      121.303      6.30393
      4226.20      123.860      6.25002
      4227.60      114.845      6.04437
      4229.00      113.070      6.11214
      4230.40      122.705      6.34883
      4231.80      119.964      6.29195
      4233.20      124.052      6.35898
      4234.60      112.375      6.33440
      4236.00      115.062      6.04325
      4237.40      113.305      6.08543
      4238.80      116.635      5.99073
      4240.20      121.291      6.10221
      4241.60      119.675      6.37842
      4243.00      120.989      6.33541
      4244.40      118.839      6.48897
      4245.80      121.669      6.33875
      4247.20      114.453      5.98917
      4248.60      118.632      6.19418
      4250.00      117.919      6.52859
      4251.40      117.570      6.38196
      4252.80      121.018      6.18776
      4254.20      120.718      6.13833
      4255.60      113.279      5.92804
      4257.00      119.049      5.95046
      4258.40      118.564      6.06264
      4259.80      121.081      6.19865
      4261.20      119.453      6.10346
      4262.60      117.147      6.06031
      4264.00      118.599      5.99364
      4265.40      118.152      6.08136
      4266.80      119.969      6.06023
      4268.20      120.468      6.17107
      4269.60      116.482      5.95019
      4271.00      118.781      6.06656
      4272.40      111.913      5.95736
      4273.80      112.359      5.70945
      4275.20      115.274      5.91625
      4276.60      117.716      5.90795
      4278.00      112.343      5.88757
      4279.40      120.188      6.12850
      4280.80      118.701      6.22503
      4282.20      119.667      5.98217
      4283.60      117.131      6.11960
      4285.00      117.437      6.02142
      4286.40      122.417      6.26044
      4287.80      114.934      6.03451
      4289.20      116.708      5.97618
      4290.60      110.570      5.57764
      4292.00      111.866      5.71535
      4293.40      113.262      5.66443
      4294.80      110.737      5.74691
      4296.20      112.665      5.85634
      4297.60      115.225      6.04383
      4299.00      115.167      5.87521
      4300.40      110.058      5.76024
      4301.80      106.979      5.56420
      4303.20      102.962      5.59713
      4304.60      106.220      5.66608
      4306.00      109.636      5.76835
      4307.40      109.820      5.69633
      4308.80      106.597      5.61657
      4310.20      114.605      6.09351
      4311.60      110.796      5.88619
      4313.00      107.669      5.71561
      4314.40      103.937      5.80184
      4315.80      102.522      5.38246
      4317.20      102.837      5.42913
      4318.60      101.619      5.48406
      4320.00      104.830      5.54597
      4321.40      102.607      5.47621
      4322.80      98.6994      5.37782
      4324.20      104.181      5.34300
      4325.60      94.7644      5.00786
      4327.00      94.6050      5.28608
      4328.40      92.2494      5.22490
      4329.80      92.8478      5.17153
      4331.20      89.0055      4.92780
      4332.60      86.6229      4.79559
      4334.00      79.7345      4.66355
      4335.40      77.9801      4.40504
      4336.80      72.1791      4.40204
      4338.20      64.8112      4.13943
      4339.60      50.1016      3.56331
      4341.00      41.4482      3.24175
      4342.40      33.4222      2.97716
      4343.80      43.3033      3.22449
      4345.20      52.3029      3.69356
      4346.60      62.7702      4.05097
      4348.00      73.5457      4.55832
      4349.40      75.8250      4.58885
      4350.80      82.9773      4.70109
      4352.20      83.4514      4.65715
      4353.60      83.3291      4.79806
      4355.00      85.6608      4.88791
      4356.40      93.4635      5.15668
      4357.80      94.3618      5.26877
      4359.20      95.4549      5.55050
      4360.60      101.909      5.56045
      4362.00      105.018      5.63468
      4363.40      103.521      5.40189
      4364.80      103.334      5.45074
      4366.20      104.050      5.39658
      4367.60      104.359      5.53709
      4369.00      103.124      5.27586
      4370.40      107.291      5.42969
      4371.80      107.107      5.62935
      4373.20      110.080      5.63112
      4374.60      108.301      5.44583
      4376.00      110.352      5.62237
      4377.40      105.249      5.44417
      4378.80      107.450      5.45451
      4380.20      110.881      5.46470
      4381.60      111.666      5.50010
      4383.00      109.932      5.39832
      4384.40      105.477      5.59493
      4385.80      101.675      5.22274
      4387.20      104.225      5.32605
      4388.60      115.706      5.49992
      4390.00      112.527      5.52417
      4391.40      108.105      5.40241
      4392.80      113.291      5.69020
      4394.20      115.015      5.70717
      4395.60      106.549      5.39376
      4397.00      105.195      5.38711
      4398.40      108.087      5.49507
      4399.80      109.790      5.81651
      4401.20      109.005      5.31476
      4402.60      104.880      5.32457
      4404.00      105.148      5.49897
      4405.40      109.646      5.56654
      4406.80      107.443      5.33042
      4408.20      107.532      5.44285
      4409.60      110.663      5.49419
      4411.00      106.825      5.55522
      4412.40      107.470      5.45874
      4413.80      111.127      5.44159
      4415.20      103.789      5.44069
      4416.60      104.988      5.23152
      4418.00      102.540      5.41267
      4419.40      108.033      5.47756
      4420.80      104.922      5.18506
      4422.20      110.734      5.52539
      4423.60      107.430      5.34864
      4425.00      110.994      5.43915
      4426.40      109.485      5.30424
      4427.80      106.452      5.28177
      4429.20      107.167      5.29729
      4430.60      109.683      5.40450
      4432.00      107.133      5.44312
      4433.40      107.105      5.63202
      4434.80      108.195      5.47854
      4436.20      101.964      5.20451
      4437.60      107.509      5.35024
      4439.00      106.979      5.41168
      4440.40      108.763      5.32312
      4441.80      106.449      5.13682
      4443.20      104.102      5.22492
      4444.60      102.841      5.12892
      4446.00      100.925      5.14581
      4447.40      103.380      5.24812
      4448.80      107.071      5.34606
      4450.20      108.806      5.41966
      4451.60      104.987      5.54372
      4453.00      102.824      5.46617
      4454.40      108.596      5.39509
      4455.80      104.771      5.28218
      4457.20      103.525      5.21488
      4458.60      103.040      5.09539
      4460.00      107.579      5.36883
      4461.40      108.630      6.50045
      4462.80      106.153      5.36969
      4464.20      103.867      5.16874
      4465.60      104.717      5.33399
      4467.00      106.475      5.19454
      4468.40      106.607      5.23240
      4469.80      103.300      5.09920
      4471.20      102.789      5.22051
      4472.60      104.713      5.09400
      4474.00      103.713      5.15640
      4475.40      104.669      5.16136
      4476.80      105.117      5.12302
      4478.20      105.177      5.19675
      4479.60      102.691      5.04809
      4481.00      107.116      5.11595
      4482.40      94.1433      4.79355
      4483.80      98.0817      5.26365
      4485.20      104.019      5.41483
      4486.60      101.783      5.26622
      4488.00      105.120      5.08207
      4489.40      104.313      5.20897
      4490.80      103.277      5.27778
      4492.20      102.627      5.04580
      4493.60      105.600      5.31640
      4495.00      104.703      5.06988
      4496.40      106.738      5.03592
      4497.80      102.822      4.96544
      4499.20      107.840      5.18589
      4500.60      104.451      5.12801
      4502.00      101.779      5.10499
      4503.40      101.532      4.85950
      4504.80      102.854      5.12072
      4506.20      104.391      5.24400
      4507.60      106.163      5.19557
      4509.00      102.439      5.05815
      4510.40      101.800      5.01967
      4511.80      106.253      5.25196
      4513.20      102.371      5.01857
      4514.60      105.337      5.08807
      4516.00      106.317      5.12005
      4517.40      101.142      5.11809
      4518.80      102.862      5.08276
      4520.20      101.143      5.01539
      4521.60      102.188      5.16748
      4523.00      101.961      5.02578
      4524.40      102.380      4.85147
      4525.80      101.621      5.05115
      4527.20      103.326      4.73142
      4528.60      103.129      4.99665
      4530.00      96.4190      4.82710
      4531.40      98.1290      4.85195
      4532.80      100.247      5.18082
      4534.20      102.635      5.24393
      4535.60      95.6915      4.90994
      4537.00      98.5838      4.87463
      4538.40      105.268      5.23630
      4539.80      102.245      5.05320
      4541.20      102.511      4.99478
      4542.60      102.349      4.99570
      4544.00      102.843      5.24015
      4545.40      98.7400      4.95111
      4546.80      99.7084      4.92209
      4548.20      99.1393      4.95655
      4549.60      96.1948      4.94167
      4551.00      87.3152      4.71031
      4552.40      94.0838      4.66793
      4553.80      100.895      5.05443
      4555.20      99.2009      4.96087
      4556.60      98.3928      4.98295
      4558.00      96.9567      4.84810
      4559.40      98.3912      4.89229
      4560.80      96.5762      4.79390
      4562.20      98.6313      5.09804
      4563.60      106.058      5.23598
      4565.00      102.687      4.99769
      4566.40      97.1249      5.05150
      4567.80      99.9101      4.92428
      4569.20      103.566      5.03093
      4570.60      96.9098      4.71561
      4572.00      100.786      4.96581
      4573.40      94.9154      4.73489
      4574.80      95.0285      4.79406
      4576.20      101.303      4.95481
      4577.60      102.636      4.88483
      4579.00      96.9757      4.93613
      4580.40      97.8537      4.85654
      4581.80      99.0530      4.77219
      4583.20      100.054      4.78467
      4584.60      94.9705      4.81749
      4586.00      95.8753      4.73741
      4587.40      96.8832      4.76428
      4588.80      97.4505      4.68523
      4590.20      96.3417      4.91156
      4591.60      95.6065      4.66663
      4593.00      93.0130      4.71743
      4594.40      96.4594      4.95699
      4595.80      101.042      5.16834
      4597.20      96.1047      4.84043
      4598.60      96.4701      4.74332
      4600.00      102.726      4.96655
      4601.40      96.6278      4.78704
      4602.80      98.9394      4.79255
      4604.20      97.4256      4.84781
      4605.60      96.1045      4.93615
      4607.00      99.9801      4.85697
      4608.40      94.3407      4.73203
      4609.80      103.886      4.93968
      4611.20      94.9097      4.52532
      4612.60      98.6557      4.68687
      4614.00      96.5732      4.77227
      4615.40      97.3843      4.68159
      4616.80      95.2081      4.59870
      4618.20      98.5626      4.81752
      4619.60      96.6228      4.72170
      4621.00      96.1869      4.73074
      4622.40      95.9365      4.74792
      4623.80      96.3997      4.62626
      4625.20      99.7203      4.72732
      4626.60      96.4277      4.62436
      4628.00      98.0291      4.67550
      4629.40      97.7072      4.69237
      4630.80      91.5725      4.63535
      4632.20      95.7224      4.71576
      4633.60      98.3651      4.76658
      4635.00      96.7951      4.57242
      4636.40      92.9115      4.61553
      4637.80      99.3021      4.85183
      4639.20      100.149      4.81392
      4640.60      98.2793      4.84407
      4642.00      98.5970      4.66886
      4643.40      96.8110      4.58947
      4644.80      97.3007      4.63961
      4646.20      96.6054      4.73016
      4647.60      97.0439      4.71720
      4649.00      96.1041      4.70006
      4650.40      95.8802      4.65902
      4651.80      95.8532      4.61970
      4653.20      95.3129      4.67964
      4654.60      99.3639      4.83058
      4656.00      96.7409      4.74871
      4657.40      95.8122      4.64492
      4658.80      94.6685      4.73788
      4660.20      96.5196      4.58676
      4661.60      94.7496      4.55040
      4663.00      92.1436      4.43382
      4664.40      94.3011      4.49248
      4665.80      94.4141      4.67504
      4667.20      93.6150      4.59563
      4668.60      96.6494      4.83759
      4670.00      95.3075      4.58759
      4671.40      94.5381      4.67842
      4672.80      95.8491      4.76680
      4674.20      94.9289      4.59212
      4675.60      94.1995      4.53265
      4677.00      95.6962      4.87769
      4678.40      96.8388      4.64453
      4679.80      91.2980      4.43424
      4681.20      93.3586      4.37622
      4682.60      97.1142      4.55652
      4684.00      95.2660      4.68461
      4685.40      97.2301      4.63350
      4686.80      96.5791      4.72993
      4688.20      93.4151      4.62348
      4689.60      90.4427      4.47742
      4691.00      93.7343      4.71156
      4692.40      94.5716      4.60941
      4693.80      93.8452      4.70412
      4695.20      94.9450      4.59468
      4696.60      94.5181      4.46557
      4698.00      91.6584      4.49004
      4699.40      93.9466      4.38022
      4700.80      93.8310      4.53518
      4702.20      96.1557      4.50407
      4703.60      92.2643      4.43793
      4705.00      93.1708      4.49548
      4706.40      98.0450      4.54816
      4707.80      95.1105      4.64212
      4709.20      94.3921      4.72927
      4710.60      95.6334      4.68364
      4712.00      92.5821      4.58985
      4713.40      91.1795      4.57179
      4714.80      93.9309      4.74944
      4716.20      95.1537      4.60113
      4717.60      94.0138      4.56152
      4719.00      92.4141      4.45628
      4720.40      92.6712      4.51087
      4721.80      94.2010      4.56837
      4723.20      98.5089      4.73370
      4724.60      93.5049      4.50889
      4726.00      96.8871      4.70466
      4727.40      94.5537      4.57145
      4728.80      93.3145      4.49019
      4730.20      92.3317      4.55635
      4731.60      91.0657      4.51001
      4733.00      94.5612      4.53914
      4734.40      95.0651      4.57990
      4735.80      91.5561      4.46168
      4737.20      90.7898      4.44632
      4738.60      92.2231      4.47798
      4740.00      92.3796      4.42037
      4741.40      92.7679      4.52571
      4742.80      93.0480      4.45021
      4744.20      91.1850      4.51999
      4745.60      93.5433      4.45544
      4747.00      93.3268      4.92374
      4748.40      93.7125      4.46484
      4749.80      88.0885      4.45462
      4751.20      86.7033      4.25635
      4752.60      92.1403      4.43434
      4754.00      90.7669      4.36037
      4755.40      92.0198      4.47991
      4756.80      89.8237      4.41847
      4758.20      91.1331      4.48077
      4759.60      89.7049      4.42863
      4761.00      89.5271      4.56645
      4762.40      91.1574      4.33102
      4763.80      90.1322      4.37228
      4765.20      92.6064      4.48617
      4766.60      91.9911      4.56401
      4768.00      89.9006      4.41332
      4769.40      87.0595      4.45600
      4770.80      91.2863      4.40721
      4772.20      93.0521      4.37774
      4773.60      92.1990      4.31094
      4775.00      89.8656      4.41837
      4776.40      88.5384      4.58161
      4777.80      88.2123      4.27146
      4779.20      90.0790      4.35008
      4780.60      89.2458      4.27109
      4782.00      86.7864      4.12710
      4783.40      90.6709      4.28287
      4784.80      90.4240      4.28787
      4786.20      91.3721      4.36897
      4787.60      89.3208      4.37520
      4789.00      91.5577      4.31244
      4790.40      92.3606      4.53037
      4791.80      88.4386      4.34300
      4793.20      86.6338      4.23069
      4794.60      88.4575      4.21982
      4796.00      91.6993      4.46560
      4797.40      93.1506      4.35675
      4798.80      87.4681      4.24894
      4800.20      89.7728      4.30991
      4801.60      89.4361      4.45685
      4803.00      92.1875      4.28284
      4804.40      91.0270      4.39735
      4805.80      86.8899      4.27468
      4807.20      90.5361      4.19984
      4808.60      89.3210      4.17712
      4810.00      87.4193      4.20710
      4811.40      90.0188      4.35843
      4812.80      90.3551      4.33869
      4814.20      87.9058      4.16266
      4815.60      87.2074      4.14840
      4817.00      86.3751      4.40372
      4818.40      86.3552      4.23311
      4819.80      89.8516      4.22584
      4821.20      82.8506      4.14336
      4822.60      86.3310      4.26730
      4824.00      87.0025      4.22426
      4825.40      86.1321      4.23185
      4826.80      85.1767      4.14920
      4828.20      85.0673      4.24274
      4829.60      87.2599      4.43531
      4831.00      82.7384      3.94249
      4832.40      85.8347      4.16612
      4833.80      80.2720      4.06773
      4835.20      83.2985      4.11406
      4836.60      82.9983      4.17763
      4838.00      84.1101      4.28527
      4839.40      84.7857      4.26254
      4840.80      82.1453      4.01375
      4842.20      80.1514      3.96039
      4843.60      80.6958      4.02680
      4845.00      80.4352      4.01056
      4846.40      76.9722      4.02233
      4847.80      73.8880      3.79056
      4849.20      71.9106      3.75775
      4850.60      72.1689      3.81408
      4852.00      72.1649      3.71399
      4853.40      70.0114      3.68361
      4854.80      65.4961      3.55194
      4856.20      61.1127      3.44975
      4857.60      59.9074      3.33576
      4859.00      56.4990      3.18586
      4860.40      50.5522      3.02636
      4861.80      39.7153      2.58885
      4863.20      29.2929      2.23204
      4864.60      34.5458      2.52114
      4866.00      42.4233      2.80195
      4867.40      48.5782      3.00390
      4868.80      56.5228      3.20426
      4870.20      60.7948      3.45761
      4871.60      63.5550      3.42611
      4873.00      68.4683      3.65642
      4874.40      69.0435      3.77286
      4875.80      71.2250      3.79289
      4877.20      73.5829      3.75249
      4878.60      77.7891      3.75560
      4880.00      75.2702      3.85339
      4881.40      77.6052      3.91449
      4882.80      78.3480      4.20049
      4884.20      81.0603      4.24885
      4885.60      81.0165      4.02896
      4887.00      78.8548      3.97514
      4888.40      79.9321      4.09564
      4889.80      80.7786      4.16439
      4891.20      80.9706      4.03582
      4892.60      81.8221      3.94965
      4894.00      80.4357      3.99461
      4895.40      82.7532      3.98935
      4896.80      86.5807      4.11905
      4898.20      81.5172      4.08829
      4899.60      84.8074      4.13844
      4901.00      82.5101      4.03966
      4902.40      81.5861      3.97962
      4903.80      81.5949      3.87740
      4905.20      88.0794      4.11123
      4906.60      79.5526      4.04920
      4908.00      86.7289      4.69210
      4909.40      85.9803      4.34258
      4910.80      83.2183      4.01743
      4912.20      86.2716      4.16294
      4913.60      83.8584      3.89650
      4915.00      83.0252      3.96123
      4916.40      85.7297      4.00842
      4917.80      86.8999      4.07615
      4919.20      87.8636      4.30182
      4920.60      83.5174      3.95933
      4922.00      79.8642      3.91187
      4923.40      84.0435      3.99795
      4924.80      81.8955      3.75250
      4926.20      80.4225      3.78050
      4927.60      85.8061      4.04359
      4929.00      83.0160      3.95114
      4930.40      83.6662      3.97548
      4931.80      83.6838      4.01110
      4933.20      85.6428      4.14100
      4934.60      81.6668      4.05759
      4936.00      82.0903      3.97538
      4937.40      84.4626      3.94272
      4938.80      83.4917      4.17208
      4940.20      84.9595      3.84379
      4941.60      83.1025      4.12107
      4943.00      82.3398      3.87353
      4944.40      82.4751      3.84297
      4945.80      86.3839      4.06896
      4947.20      85.4497      4.03815
      4948.60      81.7219      4.06332
      4950.00      80.5415      3.83022
      4951.40      85.4489      3.96243
      4952.80      83.3884      3.93451
      4954.20      85.1284      3.98574
      4955.60      84.2138      4.04418
      4957.00      81.2521      3.87154
      4958.40      81.4272      3.89916
      4959.80      79.8803      3.84133
      4961.20      80.1305      3.85196
      4962.60      84.5031      3.96606
      4964.00      82.0410      3.83731
      4965.40      80.8252      3.84461
      4966.80      84.0241      3.96372
      4968.20      84.0113      3.91485
      4969.60      80.1901      3.91733
      4971.00      83.3415      3.90516
      4972.40      84.8182      4.02354
      4973.80      84.7126      3.97992
      4975.20      82.8145      3.87381
      4976.60      81.1104      3.82997
      4978.00      83.2909      3.89693
      4979.40      83.5502      3.95274
      4980.80      79.6275      3.83678
      4982.20      83.1363      3.86470
      4983.60      81.6492      3.86777
      4985.00      81.2334      3.96816
      4986.40      78.5814      3.97212
      4987.80      82.3551      3.98343
      4989.20      81.2810      4.00164
      4990.60      82.1086      4.01883
      4992.00      81.5388      3.83949
      4993.40      79.8299      3.81587
      4994.80      81.9588      3.97970
      4996.20      84.0281      3.89409
      4997.60      82.7469      3.90564
      4999.00      83.0509      3.87105
