      3900.00      67.7643      11.6561
      3901.40      70.3702      11.6065
      3902.80      87.5994      11.9976
      3904.20      65.9634      11.0992
      3905.60      57.1887      10.3729
      3907.00      79.8870      10.8680
      3908.40      53.6906      10.3547
      3909.80      81.8283      10.9716
      3911.20      85.8373      11.5055
      3912.60      81.0074      12.0504
      3914.00      103.863      12.8854
      3915.40      74.6863      11.3753
      3916.80      86.6533      10.7165
      3918.20      93.3909      10.7861
      3919.60      76.6991      10.1746
      3921.00      73.8900      10.3949
      3922.40      78.0549      10.2162
      3923.80      66.5266      9.47485
      3925.20      85.9592      10.1510
      3926.60      63.8036      9.18402
      3928.00      74.0957      10.0497
      3929.40      80.2945      10.4089
      3930.80      69.3727      10.1810
      3932.20      102.210      10.9691
      3933.60      67.6368      9.51912
      3935.00      44.0300      8.67389
      3936.40      38.0089      8.03397
      3937.80      42.5837      7.77583
      3939.20      40.3305      7.96045
      3940.60      65.3520      9.58308
      3942.00      84.3927      9.86216
      3943.40      81.4292      10.3531
      3944.80      70.5152      9.87806
      3946.20      79.5925      10.1784
      3947.60      79.3199      10.1749
      3949.00      84.9616      10.3686
      3950.40      69.1612      9.46450
      3951.80      66.1538      9.57629
      3953.20      55.1621      9.53524
      3954.60      87.2104      10.2112
      3956.00      82.6495      10.2231
      3957.40      74.8844      10.1674
      3958.80      67.8416      9.76762
      3960.20      49.9956      9.61920
      3961.60      53.7899      9.71455
      3963.00      73.2786      10.4745
      3964.40      58.2487      10.0909
      3965.80      91.4888      11.4986
      3967.20      76.7969      11.0346
      3968.60      84.5616      11.2070
      3970.00      62.0035      10.1969
      3971.40      58.9452      9.70905
      3972.80      39.8323      8.81627
      3974.20      37.5603      8.91415
      3975.60      48.4364      8.89888
      3977.00      56.4507      8.77888
      3978.40      75.8660      9.43733
      3979.80      69.9058      9.36768
      3981.20      75.8146      9.60572
      3982.60      63.7417      9.97217
      3984.00      82.1957      10.7459
      3985.40      80.8144      10.3010
      3986.80      78.9578      9.28369
      3988.20      74.6068      8.73723
      3989.60      84.3976      9.29990
      3991.00      85.2842      9.35632
      3992.40      93.1217      9.56392
      3993.80      73.4814      9.13817
      3995.20      93.1127      9.43510
      3996.60      78.8454      8.89721
      3998.00      85.0489      8.86010
      3999.40      84.7450      9.24833
      4000.80      83.1166      8.77809
      4002.20      79.7636      8.67195
      4003.60      84.4357      8.87469
      4005.00      81.2556      9.14738
      4006.40      92.9023      9.54246
      4007.80      86.9136      9.18239
      4009.20      80.0933      8.84177
      4010.60      77.1079      8.69203
      4012.00      89.6500      8.97720
      4013.40      83.9073      8.77504
      4014.80      86.3425      8.96717
      4016.20      69.3843      8.46387
      4017.60      75.8095      8.51247
      4019.00      88.8742      8.91559
      4020.40      75.4127      8.92806
      4021.80      73.1030      8.97146
      4023.20      106.137      9.90132
      4024.60      81.1486      9.31843
      4026.00      81.6297      9.21519
      4027.40      96.9632      9.56607
      4028.80      80.3265      8.86240
      4030.20      71.8944      8.65034
      4031.60      74.6868      8.80494
      4033.00      73.5929      8.64463
      4034.40      73.6286      8.63061
      4035.80      84.5758      8.87650
      4037.20      81.4470      8.84382
      4038.60      89.0541      9.04551
      4040.00      87.6931      9.16461
      4041.40      83.6462      8.86354
      4042.80      91.6188      9.19817
      4044.20      96.0397      9.42778
      4045.60      89.1385      9.36420
      4047.00      77.7369      9.58243
      4048.40      90.3516      10.0060
      4049.80      71.4855      9.23375
      4051.20      89.1453      9.16567
      4052.60      75.3845      8.59746
      4054.00      82.2127      9.30164
      4055.40      84.5501      9.67872
      4056.80      90.0829      9.80929
      4058.20      85.8380      9.73525
      4059.60      83.0998      9.42090
      4061.00      95.1868      9.65698
      4062.40      77.9485      9.07746
      4063.80      89.7792      9.75459
      4065.20      96.8769      10.5628
      4066.60      88.4731      9.77188
      4068.00      66.2881      8.47652
      4069.40      95.6738      8.98085
      4070.80      67.6492      8.40436
      4072.20      90.8055      8.85283
      4073.60      80.8651      8.84686
      4075.00      62.0545      8.70215
      4076.40      86.5678      8.91093
      4077.80      79.0581      8.76559
      4079.20      95.0978      9.00643
      4080.60      66.0756      8.10438
      4082.00      91.9731      8.62063
      4083.40      88.7847      8.88013
      4084.80      87.6558      8.52444
      4086.20      92.4181      8.51461
      4087.60      78.0886      8.42629
      4089.00      90.2737      8.54782
      4090.40      79.8748      8.21605
      4091.80      70.2706      7.88785
      4093.20      89.2271      8.34215
      4094.60      79.1739      8.13295
      4096.00      85.6458      8.71832
      4097.40      75.4367      8.27933
      4098.80      69.8217      8.25547
      4100.20      73.8683      8.37384
      4101.60      61.7962      8.12533
      4103.00      68.3415      8.08665
      4104.40      49.5974      6.84464
      4105.80      44.9168      6.72864
      4107.20      45.1103      6.75990
      4108.60      52.4792      6.70952
      4110.00      75.8951      7.74803
      4111.40      64.7670      7.47545
      4112.80      64.1453      7.36811
      4114.20      74.5521      7.89370
      4115.60      76.4216      8.02966
      4117.00      77.3347      8.48410
      4118.40      80.9515      8.62707
      4119.80      85.2261      8.98577
      4121.20      69.7838      8.05449
      4122.60      93.5045      8.48937
      4124.00      83.2008      8.38492
      4125.40      85.5535      8.51778
      4126.80      82.9360      8.77672
      4128.20      89.9136      8.23465
      4129.60      72.1747      7.94961
      4131.00      83.9529      8.11506
      4132.40      77.3943      8.18134
      4133.80      88.2846      8.72123
      4135.20      69.6014      8.07350
      4136.60      79.8892      8.06307
      4138.00      88.6142      8.34480
      4139.40      89.1918      8.59009
      4140.80      75.9165      8.34950
      4142.20      75.0636      8.03429
      4143.60      90.5214      8.21846
      4145.00      80.2977      7.73087
      4146.40      81.2730      7.78557
      4147.80      81.1346      7.78525
      4149.20      81.9368      7.73527
      4150.60      82.6705      7.68102
      4152.00      79.9254      7.61374
      4153.40      90.4230      7.83086
      4154.80      80.4651      7.61605
      4156.20      81.0436      7.93823
      4157.60      79.8883      7.92678
      4159.00      75.0481      7.72493
      4160.40      88.1306      7.65855
      4161.80      78.6514      7.40229
      4163.20      86.5246      7.90495
      4164.60      91.5640      8.31575
      4166.00      83.1040      8.51921
      4167.40      90.6519      8.04831
      4168.80      84.4463      7.75861
      4170.20      80.0405      7.72540
      4171.60      91.2293      8.11864
      4173.00      86.3720      8.17753
      4174.40      97.0640      7.99885
      4175.80      83.3963      7.62050
      4177.20      83.8313      7.66970
      4178.60      81.9327      7.66474
      4180.00      78.9212      7.64186
      4181.40      82.1018      7.58912
      4182.80      84.6881      7.62168
      4184.20      82.7520      7.48451
      4185.60      84.2819      7.51208
      4187.00      75.5054      7.39695
      4188.40      82.9554      7.79285
      4189.80      101.237      8.21231
      4191.20      77.2633      7.42335
      4192.60      73.4464      7.15751
      4194.00      90.3315      7.75803
      4195.40      84.1067      7.91942
      4196.80      80.4629      7.88897
      4198.20      86.7990      7.99653
      4199.60      88.5711      7.84976
      4201.00      78.5370      7.20014
      4202.40      75.2748      7.05398
      4203.80      78.0451      7.10081
      4205.20      81.0413      7.63756
      4206.60      87.2136      7.87850
      4208.00      94.7756      8.08591
      4209.40      95.7211      7.89970
      4210.80      84.2583      7.47519
      4212.20      79.6889      7.47089
      4213.60      83.5172      7.52063
      4215.00      93.5132      8.03110
      4216.40      89.0103      8.15082
      4217.80      87.8942      7.76302
      4219.20      75.3270      7.40107
      4220.60      82.9492      7.62997
      4222.00      85.0015      7.88430
      4223.40      84.6353      7.71370
      4224.80      84.3172      7.44868
      4226.20      85.7284      7.27475
      4227.60      84.1183      7.28079
      4229.00      76.0543      7.09755
      4230.40      88.5880      7.41997
      4231.80      75.9506      7.03151
      4233.20      75.7991      7.08378
      4234.60      123.941      9.23080
      4236.00      79.0188      8.43130
      4237.40      96.7921      7.37356
      4238.80      86.1008      7.39082
      4240.20      80.3051      7.23951
      4241.60      83.9827      7.66236
      4243.00      72.2683      7.41067
      4244.40      82.0908      7.66407
      4245.80      86.2066      7.26671
      4247.20      91.8277      7.40205
      4248.60      84.7301      7.37770
      4250.00      81.2401      7.13107
      4251.40      87.1305      7.26483
      4252.80      81.7589      7.22479
      4254.20      89.3013      7.26533
      4255.60      69.9723      6.89817
      4257.00      96.1895      7.71574
      4258.40      81.1925      7.22192
      4259.80      82.3236      7.52968
      4261.20      83.2301      7.16268
      4262.60      78.2683      7.32956
      4264.00      68.4461      6.86478
      4265.40      67.0988      6.81434
      4266.80      85.2500      7.50211
      4268.20      84.7013      7.85896
      4269.60      82.5589      8.00846
      4271.00      87.2372      8.08310
      4272.40      90.4211      7.70918
      4273.80      79.5140      7.07816
      4275.20      67.2545      6.60028
      4276.60      70.6791      6.74022
      4278.00      75.2629      6.97476
      4279.40      83.2101      7.04383
      4280.80      84.5140      7.16744
      4282.20      90.3427      7.23965
      4283.60      96.4100      7.48248
      4285.00      76.2535      6.78496
      4286.40      75.0166      6.79863
      4287.80      92.3197      7.49645
      4289.20      90.6060      7.37472
      4290.60      87.9588      7.37752
      4292.00      85.8080      7.32734
      4293.40      79.9083      6.80010
      4294.80      72.2494      6.74538
      4296.20      80.3335      9.18150
      4297.60      87.5579      7.66501
      4299.00      76.2555      7.26360
      4300.40      95.2198      7.22704
      4301.80      77.4752      6.62942
      4303.20      72.3029      6.50324
      4304.60      65.6238      6.28726
      4306.00      62.6434      6.29968
      4307.40      82.2214      6.82458
      4308.80      86.0227      6.91077
      4310.20      79.2797      6.76706
      4311.60      78.8479      6.87034
      4313.00      84.5872      6.74218
      4314.40      76.7973      7.89974
      4315.80      75.5968      6.83338
      4317.20      80.3004      6.93683
      4318.60      74.8537      6.92737
      4320.00      83.7111      7.17313
      4321.40      75.3609      6.93395
      4322.80      87.2965      6.87079
      4324.20      74.1413      6.53404
      4325.60      86.6063      7.10683
      4327.00      71.7357      6.74131
      4328.40      84.4776      7.09957
      4329.80      75.1325      6.76697
      4331.20      79.4837      6.81051
      4332.60      86.2348      6.92754
      4334.00      82.9077      6.88986
      4335.40      83.2680      6.77395
      4336.80      79.6278      6.67842
      4338.20      75.2323      6.61723
      4339.60      70.9468      6.43593
      4341.00      60.9259      5.99144
      4342.40      60.4059      5.93336
      4343.80      51.7822      5.45570
      4345.20      41.3564      5.20320
      4346.60      49.9730      5.60817
      4348.00      65.0145      6.09112
      4349.40      62.3074      6.14101
      4350.80      76.1903      6.32896
      4352.20      82.9646      6.60687
      4353.60      71.9701      6.52634
      4355.00      76.1987      6.55736
      4356.40      69.3514      6.88263
      4357.80      62.9383      7.68953
      4359.20      94.6131      8.69771
      4360.60      82.6509      7.93552
      4362.00      81.9211      7.44067
      4363.40      90.6628      7.31784
      4364.80      80.0575      6.77833
      4366.20      78.9692      6.86610
      4367.60      85.9564      6.86846
      4369.00      78.1319      6.93570
      4370.40      83.9483      6.99911
      4371.80      88.1672      7.12585
      4373.20      77.6357      7.17607
      4374.60      83.9489      7.13035
      4376.00      90.9902      7.50573
      4377.40      85.7856      7.13185
      4378.80      76.0126      6.52731
      4380.20      80.1260      6.66239
      4381.60      91.8184      7.03273
      4383.00      85.6666      6.96231
      4384.40      84.9665      6.94991
      4385.80      79.2259      6.84988
      4387.20      80.2288      6.71763
      4388.60      76.5508      6.47398
      4390.00      75.6611      6.43289
      4391.40      76.7352      6.35594
      4392.80      76.7178      6.56269
      4394.20      89.7679      6.83467
      4395.60      85.6488      6.67489
      4397.00      88.1259      6.80906
      4398.40      80.2831      6.52597
      4399.80      74.8082      6.24691
      4401.20      87.4573      6.78975
      4402.60      81.5175      6.71318
      4404.00      74.8928      6.26568
      4405.40      78.8295      6.43463
      4406.80      78.1993      6.41919
      4408.20      76.1645      6.40283
      4409.60      82.3637      6.66694
      4411.00      88.5439      6.81352
      4412.40      81.1693      6.51191
      4413.80      81.0782      6.55081
      4415.20      87.6216      6.64447
      4416.60      81.1567      6.74790
      4418.00      86.9255      6.70790
      4419.40      85.4887      6.48014
      4420.80      76.9599      6.41678
      4422.20      85.8556      7.05441
      4423.60      84.0414      7.04662
      4425.00      75.0070      6.43747
      4426.40      89.1626      6.65447
      4427.80      79.6260      6.49804
      4429.20      82.1008      6.37143
      4430.60      76.6455      6.33740
      4432.00      80.5242      6.49457
      4433.40      86.6024      6.63084
      4434.80      85.8520      6.52226
      4436.20      75.8891      6.33780
      4437.60      79.6631      6.59257
      4439.00      83.5435      6.69747
      4440.40      79.4315      6.62884
      4441.80      88.9520      6.87605
      4443.20      77.7092      6.58430
      4444.60      78.7327      6.48728
      4446.00      78.9144      6.33431
      4447.40      74.5077      6.15048
      4448.80      79.9921      6.34705
      4450.20      81.3478      6.46431
      4451.60      81.5637      6.39663
      4453.00      88.9148      6.68516
      4454.40      79.8207      6.34915
      4455.80      83.5445      6.58538
      4457.20      82.8500      6.90657
      4458.60      85.9739      6.79945
      4460.00      84.7483      6.84479
      4461.40      76.8466      6.29726
      4462.80      78.4878      6.11443
      4464.20      77.7685      6.20534
      4465.60      82.3696      6.33408
      4467.00      91.9083      6.66873
      4468.40      67.3502      6.02933
      4469.80      74.3473      6.10202
      4471.20      72.0061      6.15088
      4472.60      81.6114      6.34396
      4474.00      72.6708      6.24293
      4475.40      74.5720      6.31220
      4476.80      83.8595      6.41596
      4478.20      76.2382      6.06974
      4479.60      83.1617      6.29847
      4481.00      80.9328      6.22555
      4482.40      75.9430      5.98338
      4483.80      82.4610      6.44752
      4485.20      75.1134      5.93241
      4486.60      70.9207      5.96707
      4488.00      85.1239      6.25262
      4489.40      76.2005      6.12427
      4490.80      79.6366      6.11041
      4492.20      87.3540      6.37818
      4493.60      83.4725      6.09157
      4495.00      73.0821      6.21333
      4496.40      77.2799      6.36407
      4497.80      79.1933      6.41665
      4499.20      85.9257      6.20617
      4500.60      75.3204      6.17655
      4502.00      81.8951      6.15246
      4503.40      81.8937      6.27376
      4504.80      75.0737      5.98245
      4506.20      83.7581      6.17746
      4507.60      86.1692      6.26859
      4509.00      80.2436      6.14556
      4510.40      89.1181      6.37921
      4511.80      79.1713      6.19388
      4513.20      83.5202      6.21849
      4514.60      79.4032      6.10522
      4516.00      78.7332      6.30368
      4517.40      77.0018      6.37435
      4518.80      81.9896      6.45807
      4520.20      87.3670      6.44966
      4521.60      76.9757      6.06283
      4523.00      84.7492      6.40048
      4524.40      86.9664      6.53583
      4525.80      83.9091      6.47968
      4527.20      77.3184      5.99231
      4528.60      78.0756      6.19418
      4530.00      76.5669      6.56723
      4531.40      78.7030      6.57639
      4532.80      81.7267      6.16949
      4534.20      80.8610      7.06745
      4535.60      82.0983      6.91791
      4537.00      87.3497      6.50224
      4538.40      78.6451      6.25891
      4539.80      77.8263      6.06711
      4541.20      80.9312      6.21931
      4542.60      88.3160      6.38055
      4544.00      80.8839      6.26357
      4545.40      79.1734      6.12786
      4546.80      82.9455      6.67761
      4548.20      80.2184      6.46921
      4549.60      89.0194      6.60048
      4551.00      81.4425      6.10477
      4552.40      81.8431      5.92467
      4553.80      73.0343      5.89740
      4555.20      63.9907      5.48091
      4556.60      79.6061      5.87691
      4558.00      82.3470      5.99883
      4559.40      76.4225      5.83651
      4560.80      76.8402      5.82429
      4562.20      81.2189      5.97872
      4563.60      82.4951      5.99674
      4565.00      88.1049      6.34399
      4566.40      89.0085      6.36090
      4567.80      82.6885      6.06615
      4569.20      80.2665      5.90099
      4570.60      87.8859      6.09853
      4572.00      87.6644      6.10598
      4573.40      80.8151      5.99321
      4574.80      86.8205      6.10815
      4576.20      70.6427      5.88186
      4577.60      97.5095      6.44337
      4579.00      107.839          Inf
      4580.40      118.168      7.26344
      4581.80      78.7281      6.25232
      4583.20      88.3425      6.29275
      4584.60      78.8448      6.03117
      4586.00      82.3172      5.98421
      4587.40      84.6223      5.95014
      4588.80      80.0696      5.87080
      4590.20      75.1699      5.71844
      4591.60      83.4871      6.05795
      4593.00      78.2690      5.91577
      4594.40      76.6634      5.75479
      4595.80      79.7925      5.85002
      4597.20      86.7619      6.14302
      4598.60      82.9633      6.07559
      4600.00      81.9311      5.95269
      4601.40      85.1046      6.20995
      4602.80      79.3215      6.11868
      4604.20      85.2977      6.62402
      4605.60      79.9479      6.34556
      4607.00      83.7200      6.02315
      4608.40      85.8776      5.97782
      4609.80      83.1641      5.99398
      4611.20      80.5353      6.07543
      4612.60      88.0908      6.21942
      4614.00      79.4380      5.79498
      4615.40      88.4605      6.08188
      4616.80      80.7966      5.92092
      4618.20      81.0931      5.82413
      4619.60      78.7003      5.94242
      4621.00      78.0073      6.02623
      4622.40      84.9736      6.32621
      4623.80      80.3488      6.04017
      4625.20      83.3608      6.00851
      4626.60      79.1673      5.82033
      4628.00      76.1623      5.70906
      4629.40      77.8829      5.74372
      4630.80      81.0729      6.00032
      4632.20      85.7312      6.05601
      4633.60      81.8750      5.93147
      4635.00      92.4690      6.09926
      4636.40      89.3933      6.27012
      4637.80      86.3423      6.14947
      4639.20      75.7718      5.95728
      4640.60      82.1601      5.99697
      4642.00      79.5732      5.87775
      4643.40      83.9200      5.89630
      4644.80      86.5553      5.91041
      4646.20      80.2535      5.95763
      4647.60      79.0219      6.07853
      4649.00      86.8236      6.14604
      4650.40      83.2200      5.92998
      4651.80      83.4470      5.84692
      4653.20      83.9560      6.01572
      4654.60      89.2370      6.01147
      4656.00      78.7433      5.78385
      4657.40      84.2089      5.84652
      4658.80      82.8403      5.79981
      4660.20      76.0770      5.57109
      4661.60      80.1067      5.60609
      4663.00      79.9131      5.70447
      4664.40      85.8619      5.91163
      4665.80      82.2623      5.72246
      4667.20      84.9589      5.77879
      4668.60      71.8878      5.50411
      4670.00      82.7600      6.01878
      4671.40      79.1558      6.27247
      4672.80      70.4915      5.67941
      4674.20      88.4972      5.90835
      4675.60      90.8857      5.99822
      4677.00      85.5840      5.87902
      4678.40      81.8189      5.82771
      4679.80      82.6559      5.81682
      4681.20      86.1731      5.82088
      4682.60      75.9065      5.78791
      4684.00      79.9878      5.97992
      4685.40      85.8794      6.27466
      4686.80      77.4538      5.98680
      4688.20      83.7460      5.82736
      4689.60      80.2212      5.84219
      4691.00      88.3725      6.01900
      4692.40      88.2927      6.09543
      4693.80      90.6016      6.09013
      4695.20      89.5416      6.16492
      4696.60      87.0423      5.94669
      4698.00      81.6342      5.93764
      4699.40      85.9434      6.10324
      4700.80      83.9258      5.99503
      4702.20      87.2640      5.95209
      4703.60      68.5290      5.48506
      4705.00      87.0425      5.93213
      4706.40      85.1420      6.15175
      4707.80      91.0740      6.28103
      4709.20      71.9991      5.66043
      4710.60      87.6268      5.81567
      4712.00      74.3203      5.60691
      4713.40      83.1236      5.84107
      4714.80      79.8401      5.99695
      4716.20      85.8684      6.13947
      4717.60      86.4576      6.23035
      4719.00      81.7203      6.03723
      4720.40      87.1737      5.89363
      4721.80      83.8359      5.87383
      4723.20      86.3109      6.02407
      4724.60      87.2142      6.27838
      4726.00      89.0202      6.12664
      4727.40      83.9031      6.05360
      4728.80      96.7782      6.08833
      4730.20      89.3648      5.81568
      4731.60      81.4767      5.77051
      4733.00      83.0860      5.58443
      4734.40      76.3786      5.46325
      4735.80      77.9204      5.44739
      4737.20      77.1583      5.39988
      4738.60      80.0613      5.48655
      4740.00      84.8756      5.66478
      4741.40      78.5564      5.51409
      4742.80      79.8399      5.70074
      4744.20      80.6629      5.75220
      4745.60      75.6273      5.63552
      4747.00      75.9227      5.42475
      4748.40      78.1401      5.60504
      4749.80      80.9191      5.71458
      4751.20      74.9597      5.69278
      4752.60      74.0125      5.43592
      4754.00      85.7268      5.72794
      4755.40      87.3678      5.55409
      4756.80      81.1306      5.58031
      4758.20      79.2368      5.51889
      4759.60      86.9424      5.75166
      4761.00      79.0716      5.50481
      4762.40      86.9222      5.69257
      4763.80      81.4579      5.57325
      4765.20      80.6970      5.49724
      4766.60      71.7669      5.25121
      4768.00      84.4361      5.54759
      4769.40      74.2354      5.35227
      4770.80      78.0581      5.36092
      4772.20      80.5130      5.42959
      4773.60      72.1922      5.30914
      4775.00      84.4942      5.59957
      4776.40      83.0488      5.71394
      4777.80      86.1668      5.63620
      4779.20      85.3356      6.11735
      4780.60      80.3503      5.54146
      4782.00      80.3865      5.55994
      4783.40      88.4830      5.81129
      4784.80      79.8497      5.51951
      4786.20      80.3409      5.51182
      4787.60      71.8033      5.18547
      4789.00      76.3027      5.45501
      4790.40      81.8634      5.51945
      4791.80      81.7536      5.53439
      4793.20      77.6619      5.38656
      4794.60      74.6875      5.19454
      4796.00      80.5681      5.49467
      4797.40      80.6816      5.51222
      4798.80      86.6152      5.70820
      4800.20      80.7659      5.35014
      4801.60      80.4653      5.54638
      4803.00      83.3716      5.67522
      4804.40      79.1059      5.73184
      4805.80      78.4065      5.49845
      4807.20      81.3193      5.60529
      4808.60      63.9401      5.22602
      4810.00      92.8051      5.85169
      4811.40      86.8284      5.76548
      4812.80      80.6220      5.43098
      4814.20      79.8610      5.38370
      4815.60      75.7305      5.34517
      4817.00      81.5821      5.49690
      4818.40      71.6464      5.43886
      4819.80      75.7400      5.57231
      4821.20      80.9757      5.68743
      4822.60      80.0900      5.61574
      4824.00      83.2813      5.79957
      4825.40      84.5795      5.87610
      4826.80      75.5185      5.46627
      4828.20      77.7314      5.58369
      4829.60      76.7872      5.65526
      4831.00      82.2466      6.02670
      4832.40      85.8301      6.09674
      4833.80      78.5462      5.96935
      4835.20      79.2482      5.82188
      4836.60      82.1614      5.90124
      4838.00      85.9363      5.92606
      4839.40      76.8810      5.71560
      4840.80      88.5023      6.04219
      4842.20      83.4489      5.89135
      4843.60      75.9083      5.50503
      4845.00      86.8940      5.74619
      4846.40      85.9198      5.77118
      4847.80      81.3285      5.62888
      4849.20      70.5755      5.30855
      4850.60      77.7811      5.47686
      4852.00      83.1755      5.57658
      4853.40      71.7085      5.33378
      4854.80      78.2599      5.39013
      4856.20      76.5358      5.51532
      4857.60      76.8339      5.64408
      4859.00      67.7425      5.25472
      4860.40      70.5054      5.30302
      4861.80      71.2878      5.32565
      4863.20      63.5706      5.05643
      4864.60      55.8220      4.48565
      4866.00      47.0929      4.30262
      4867.40      45.2222      4.38102
      4868.80      57.3949      4.89679
      4870.20      66.4228      5.00348
      4871.60      61.5394      4.83757
      4873.00      74.9997      5.38370
      4874.40      73.5649      5.47808
      4875.80      76.8464      5.42592
      4877.20      69.0619      5.13418
      4878.60      73.0807      5.25130
      4880.00      77.5255      5.41220
      4881.40      70.2141      5.26814
      4882.80      78.4734      5.30430
      4884.20      73.8372      5.24377
      4885.60      86.4775      5.27842
      4887.00      74.8357      5.37743
      4888.40      76.8082      5.18643
      4889.80      79.6677      5.28153
      4891.20      79.3830      5.39780
      4892.60      76.8873      5.17752
      4894.00      75.2510      5.19641
      4895.40      78.0938      5.17950
      4896.80      75.1849      5.16124
      4898.20      77.3577      5.11366
      4899.60      84.7579      5.45715
      4901.00      85.5849      5.45936
      4902.40      83.0077      5.42831
      4903.80      81.9917      5.39726
      4905.20      79.9742      5.29106
      4906.60      74.2087      5.15791
      4908.00      88.1877      5.46208
      4909.40      83.2174      5.34741
      4910.80      73.2569      5.09395
      4912.20      79.1543      5.17540
      4913.60      87.5595      5.60761
      4915.00      74.3481      5.44080
      4916.40      82.5801      5.52112
      4917.80      83.9905      5.64290
      4919.20      83.6971      5.26993
      4920.60      84.6944      5.49546
      4922.00      71.0941      5.22607
      4923.40      78.5087      5.64997
      4924.80      73.2280      5.42883
      4926.20      70.3595      5.38776
      4927.60      76.1947      5.17862
      4929.00      64.1241      4.83710
      4930.40      74.6600      5.04136
      4931.80      82.8491      5.29797
      4933.20      77.1276      5.34493
      4934.60      83.2460      5.29927
      4936.00      74.9037      5.16468
      4937.40      79.8920      5.15424
      4938.80      77.2657      5.22716
      4940.20      72.6634      5.14669
      4941.60      76.8410      5.30298
      4943.00      75.6453      5.19497
      4944.40      74.0509      5.11250
      4945.80      79.4777      5.31469
      4947.20      75.2181      5.10383
      4948.60      73.8727      5.08182
      4950.00      84.4512      5.35856
      4951.40      85.2065      5.44582
      4952.80      88.8673      5.55833
      4954.20      83.9181      5.32821
      4955.60      84.5203      5.36390
      4957.00      83.8458      5.33446
      4958.40      79.7733      5.28277
      4959.80      79.9566      5.17431
      4961.20      78.0128      5.27740
      4962.60      79.6412      5.35455
      4964.00      85.4134      5.68366
      4965.40      82.8643      5.35508
      4966.80      77.8437      5.19992
      4968.20      82.2342      5.23650
      4969.60      81.7333      5.32175
      4971.00      76.3272      5.15679
      4972.40      79.1805      5.26284
      4973.80      69.2106      7.29034
      4975.20      72.4624      6.28909
      4976.60      86.7717      5.43258
      4978.00      77.3876      5.33397
      4979.40      83.2290      5.53400
      4980.80      79.9912      5.43479
      4982.20      79.4590      5.31603
      4983.60      77.5469      5.22570
      4985.00      80.0776      5.25739
      4986.40      77.2653      5.38160
      4987.80      68.7352      4.96637
      4989.20      77.5694      5.39431
      4990.60      84.5025      5.36272
      4992.00      80.3756      5.17448
      4993.40      74.6628      5.08454
      4994.80      77.3775      5.07129
      4996.20      83.0374      5.25493
      4997.60      80.3404      5.20913
      4999.00      80.5132      5.11535
