      3900.00      30.3722      5.47314
      3901.40      30.3540      5.43204
      3902.80      29.3939      5.40031
      3904.20      32.9044      5.60647
      3905.60      43.2247      5.92490
      3907.00      32.7141      5.78271
      3908.40      37.0464      5.96010
      3909.80      41.5537      6.09549
      3911.20      52.2873      6.09150
      3912.60      60.8193      7.00371
      3914.00      38.2331      5.60773
      3915.40      43.5189      5.55389
      3916.80      39.6580      5.62937
      3918.20      35.6332      5.40887
      3919.60      39.9382      5.37982
      3921.00      44.3305      5.36549
      3922.40      46.4412      5.35164
      3923.80      34.0320      5.00920
      3925.20      46.4456      5.38181
      3926.60      52.2429      5.56971
      3928.00      45.6251      5.25535
      3929.40      43.6440      5.14018
      3930.80      37.5155      5.06602
      3932.20      53.2576      5.37380
      3933.60      29.9966      4.66627
      3935.00      30.5218      4.40942
      3936.40      22.5168      4.15304
      3937.80      20.6627      4.25652
      3939.20      36.8627      4.82695
      3940.60      35.9948      5.09608
      3942.00      52.7219      5.47869
      3943.40      45.6169      5.34534
      3944.80      45.6504      5.31093
      3946.20      49.9577      5.40546
      3947.60      44.9996      5.34976
      3949.00      44.2852      5.45455
      3950.40      44.0194      5.58943
      3951.80      46.0906      6.01889
      3953.20      49.3073      5.70487
      3954.60      51.1991      5.24359
      3956.00      40.9201      5.23528
      3957.40      47.2577      5.33333
      3958.80      35.3438      4.80492
      3960.20      36.6004      5.04222
      3961.60      38.9940      5.65334
      3963.00      23.0089      4.94522
      3964.40      35.1323      5.25615
      3965.80      36.1545      5.50206
      3967.20      37.2080      5.24290
      3968.60      21.7925      4.88433
      3970.00      19.1422      4.72789
      3971.40      15.3016      4.64334
      3972.80      3.98966      4.73913
      3974.20      21.8060      5.54543
      3975.60      28.4635      5.61765
      3977.00      23.1020      4.94661
      3978.40      30.8149      4.96091
      3979.80      25.4170      4.62047
      3981.20      31.8051      4.88344
      3982.60      38.2257      4.99607
      3984.00      27.8490      4.56092
      3985.40      49.5813      5.19170
      3986.80      40.0462      4.85310
      3988.20      34.4379      4.70016
      3989.60      34.0915      4.57399
      3991.00      35.6385      4.59177
      3992.40      53.1542      5.04951
      3993.80      35.0787      4.62045
      3995.20      46.1642      4.78070
      3996.60      47.8727      4.91267
      3998.00      42.9604      4.78001
      3999.40      46.0993      4.93409
      4000.80      39.2007      4.71501
      4002.20      47.6221      4.84371
      4003.60      47.7409      4.91329
      4005.00      44.4944      4.77620
      4006.40      46.7911      4.85979
      4007.80      35.8376      4.43873
      4009.20      39.7729      4.61937
      4010.60      40.7181      4.83091
      4012.00      52.8234      5.21646
      4013.40      43.3970      5.18964
      4014.80      48.1036      5.23982
      4016.20      46.4380      4.92749
      4017.60      37.4574      4.55780
      4019.00      49.2796      4.84262
      4020.40      44.5059      4.92800
      4021.80      45.1916      5.23298
      4023.20      42.8943      5.30630
      4024.60      47.6466      5.60190
      4026.00      46.8500      5.64607
      4027.40      44.4601      5.07958
      4028.80      49.2213      4.85551
      4030.20      44.3668      4.62619
      4031.60      45.9154      4.71538
      4033.00      38.7002      4.80949
      4034.40      46.6561      5.07938
      4035.80      40.3546      4.84478
      4037.20      48.1421      4.90738
      4038.60      45.5085      4.81107
      4040.00      51.9826      4.93883
      4041.40      45.4605      4.82613
      4042.80      47.9048      4.96089
      4044.20      45.2194      5.09055
      4045.60      41.7875      5.12358
      4047.00      42.5962      5.71284
      4048.40      44.7075      5.47583
      4049.80      38.4985      4.88054
      4051.20      46.8397      5.04011
      4052.60      44.9986      5.11440
      4054.00      42.6445      4.84769
      4055.40      42.1109      4.85538
      4056.80      40.2281      4.66672
      4058.20      40.7647      5.15055
      4059.60      44.6776      5.42467
      4061.00      41.2491      4.96314
      4062.40      46.2343      4.89287
      4063.80      35.5082      4.71238
      4065.20      40.6908      4.76715
      4066.60      45.5265      4.92501
      4068.00      41.4778      4.88267
      4069.40      44.8773      4.92348
      4070.80      39.8184      4.69580
      4072.20      36.4437      4.62777
      4073.60      40.8391      4.78058
      4075.00      40.8600      4.69920
      4076.40      39.3537      4.71100
      4077.80      40.1093      4.73384
      4079.20      41.5990      4.81175
      4080.60      43.2428      4.72809
      4082.00      29.9495      4.24424
      4083.40      43.1568      4.46845
      4084.80      38.4961      4.33225
      4086.20      42.9058      4.55207
      4087.60      45.4977      4.80528
      4089.00      37.4380      4.59022
      4090.40      36.0648      4.20700
      4091.80      32.2381      4.04499
      4093.20      37.6589      4.20052
      4094.60      31.8249      3.97758
      4096.00      31.0452      4.07627
      4097.40      37.5857      4.06262
      4098.80      32.2956      3.99918
      4100.20      26.3049      3.73430
      4101.60      23.4350      3.64306
      4103.00      22.6092      3.51541
      4104.40      20.2558      3.31593
      4105.80      15.2195      3.18438
      4107.20      20.2970      3.39404
      4108.60      26.2344      3.65650
      4110.00      29.9507      4.04584
      4111.40      32.3689      4.07528
      4112.80      34.2366      4.05796
      4114.20      30.7042      3.85437
      4115.60      41.5798      4.16660
      4117.00      29.9219      3.88086
      4118.40      31.6002      3.90396
      4119.80      33.8216      4.29221
      4121.20      39.8654      4.80697
      4122.60      39.4975      4.59719
      4124.00      38.0715      4.41804
      4125.40      35.4984      4.19792
      4126.80      30.4423      4.12076
      4128.20      35.8503      4.20202
      4129.60      36.3239      4.33413
      4131.00      46.2276      4.24779
      4132.40      38.0915      4.18981
      4133.80      38.7095      4.17282
      4135.20      39.6310      4.33454
      4136.60      36.2145      4.19290
      4138.00      42.5736      4.34008
      4139.40      37.1693      4.20644
      4140.80      51.9836      4.47365
      4142.20      42.8772      4.18417
      4143.60      36.0394      4.03551
      4145.00      41.6135      4.23073
      4146.40      43.8245      4.20067
      4147.80      37.8957      4.04195
      4149.20      49.6623      4.20438
      4150.60      36.9738      3.99625
      4152.00      50.5339      4.48187
      4153.40      39.1964      4.18499
      4154.80      38.9818      3.86166
      4156.20      36.5823      3.94190
      4157.60      42.1133      4.06296
      4159.00      49.7777      4.27228
      4160.40      35.0426      3.91993
      4161.80      45.3550      4.24608
      4163.20      38.1886      4.22205
      4164.60      44.6426      4.39853
      4166.00      48.3067      4.41533
      4167.40      41.8817      3.90004
      4168.80      39.2125      4.11007
      4170.20      43.0272      4.06839
      4171.60      46.9231      4.11906
      4173.00      47.8796      4.46296
      4174.40      37.7235      4.14270
      4175.80      41.1730      3.96805
      4177.20      38.3395      3.92001
      4178.60      40.8702      4.01180
      4180.00      37.0251      3.86740
      4181.40      38.5191      3.93893
      4182.80      46.5383      4.03295
      4184.20      38.4257      3.81026
      4185.60      36.8415      3.89790
      4187.00      44.6041      4.22320
      4188.40      42.0971      4.00627
      4189.80      44.2263      3.98303
      4191.20      39.9263      3.86917
      4192.60      37.0887      3.96764
      4194.00      49.2716      4.38643
      4195.40      38.5973      4.04101
      4196.80      40.2102      3.96572
      4198.20      42.4355      3.96729
      4199.60      41.4152      3.86973
      4201.00      37.7470      3.74072
      4202.40      36.7675      3.67206
      4203.80      47.1119      4.04831
      4205.20      46.4586      3.94960
      4206.60      38.8064      3.77523
      4208.00      48.3757      4.12760
      4209.40      37.0322      3.80115
      4210.80      39.5696      3.79668
      4212.20      47.7517      4.11872
      4213.60      40.7430      3.87422
      4215.00      40.6066      3.81900
      4216.40      42.8547      4.03604
      4217.80      41.1379      3.89667
      4219.20      31.6573      3.75660
      4220.60      46.0956      4.12718
      4222.00      43.9489      3.96080
      4223.40      47.4080      3.91191
      4224.80      39.3180      3.76593
      4226.20      46.1246      3.95708
      4227.60      42.4265      3.80047
      4229.00      38.8228      3.64743
      4230.40      36.3302      3.57770
      4231.80      36.5232      3.65964
      4233.20      47.6374      3.92848
      4234.60      38.8925      3.83287
      4236.00      35.4010      3.68661
      4237.40      38.1747      3.60475
      4238.80      35.7459      3.56684
      4240.20      44.5410      3.78727
      4241.60      41.5720      3.78731
      4243.00      37.1709      3.67161
      4244.40      38.6971      3.56125
      4245.80      43.2191      3.75080
      4247.20      31.4762      3.72372
      4248.60      47.0041      4.32562
      4250.00      36.5961      4.06276
      4251.40      45.7632      3.92786
      4252.80      40.0150      3.68457
      4254.20      41.0033      3.69479
      4255.60      40.9074      3.72856
      4257.00      41.0141      3.64024
      4258.40      39.8117      3.64754
      4259.80      36.3101      3.78305
      4261.20      39.0876      4.24823
      4262.60      36.3106      3.99969
      4264.00      36.2541      3.64726
      4265.40      37.2997      3.61088
      4266.80      39.1400      3.68135
      4268.20      46.5448      3.83628
      4269.60      36.9788      3.73236
      4271.00      41.4338      3.82820
      4272.40      34.3490      3.58335
      4273.80      44.1907      3.78723
      4275.20      37.8969      3.49745
      4276.60      41.1780      3.63587
      4278.00      39.1957      3.56408
      4279.40      37.4928      3.59711
      4280.80      36.9909      3.51639
      4282.20      41.1550      3.60765
      4283.60      43.6540      3.71142
      4285.00      42.6735      3.72071
      4286.40      34.2798      3.52676
      4287.80      40.5679      3.65861
      4289.20      35.3411      3.69854
      4290.60      36.4301      3.91518
      4292.00      37.7080      3.93194
      4293.40      30.1335      3.60829
      4294.80      37.1411      3.55960
      4296.20      37.1698      3.44438
      4297.60      36.6075      3.50020
      4299.00      36.1174      3.32818
      4300.40      35.3837      3.45035
      4301.80      37.9716      3.48502
      4303.20      33.9657      3.37825
      4304.60      38.4384      3.41997
      4306.00      30.8611      3.35182
      4307.40      40.2037      3.64900
      4308.80      36.1103      3.52306
      4310.20      38.8526      3.63723
      4311.60      43.6077      3.58408
      4313.00      31.9355      3.36369
      4314.40      34.8964      3.38132
      4315.80      41.2017      3.53701
      4317.20      31.9145      3.48540
      4318.60      30.5782      3.25504
      4320.00      37.8040      3.50482
      4321.40      33.5507      3.39697
      4322.80      37.5023      3.49614
      4324.20      38.4912      3.57290
      4325.60      34.0359      3.35125
      4327.00      33.5466      3.22854
      4328.40      28.7475      3.14559
      4329.80      32.3561      3.31413
      4331.20      34.3543      3.40220
      4332.60      36.2017      3.39007
      4334.00      28.7243      3.07481
      4335.40      26.1958      3.02964
      4336.80      32.1954      3.24797
      4338.20      30.5171      3.09358
      4339.60      27.7568      3.01244
      4341.00      21.6903      2.86535
      4342.40      17.6329      2.69131
      4343.80      15.9872      2.62621
      4345.20      16.8856      2.64865
      4346.60      22.0771      2.85829
      4348.00      21.3408      2.87087
      4349.40      22.8783      2.90109
      4350.80      25.6033      2.96990
      4352.20      29.8080      3.08308
      4353.60      32.8120      3.18940
      4355.00      26.7105      3.13530
      4356.40      32.1740      3.40985
      4357.80      35.3878      3.61295
      4359.20      30.9718      3.98232
      4360.60      34.0674      3.83268
      4362.00      35.3491      3.60351
      4363.40      35.5344      3.37348
      4364.80      37.1735      3.39596
      4366.20      34.2733      3.32764
      4367.60      37.6581      3.36504
      4369.00      36.5669      3.42756
      4370.40      38.8085      3.43625
      4371.80      37.0436      3.38146
      4373.20      37.7879      3.42498
      4374.60      40.0980      3.43046
      4376.00      36.2906      3.39060
      4377.40      39.5852      3.46414
      4378.80      36.2362      3.41364
      4380.20      39.3118      3.68408
      4381.60      37.8110      3.71197
      4383.00      36.4485      3.62379
      4384.40      36.0740      3.44010
      4385.80      35.1615      3.25579
      4387.20      36.9942      3.44240
      4388.60      35.7256      3.37221
      4390.00      36.4480      3.30898
      4391.40      30.4382      3.20259
      4392.80      34.0182      3.20169
      4394.20      39.5206      3.44809
      4395.60      39.3074      3.45364
      4397.00      40.5560      3.53022
      4398.40      37.3348      3.45183
      4399.80      40.2141      3.45614
      4401.20      43.2154      3.57500
      4402.60      36.1002      3.37075
      4404.00      38.8488      3.41051
      4405.40      38.6571      3.42725
      4406.80      37.1905      3.41580
      4408.20      35.0290      3.42850
      4409.60      37.2618      3.45054
      4411.00      38.3989      3.40877
      4412.40      36.9911      3.31781
      4413.80      42.9772      3.48000
      4415.20      40.3381      3.55306
      4416.60      39.2899      3.39697
      4418.00      32.6185      3.20461
      4419.40      35.5025      3.30167
      4420.80      38.9734      3.67489
      4422.20      32.8858      3.44329
      4423.60      38.4134      3.57757
      4425.00      32.2919      3.46475
      4426.40      37.6849      3.56466
      4427.80      40.3007      3.69101
      4429.20      38.2291      3.40455
      4430.60      30.1775      3.07242
      4432.00      38.6775      3.31826
      4433.40      33.1962      3.19425
      4434.80      38.5753      3.23502
      4436.20      35.3672      3.18473
      4437.60      38.1869      3.27045
      4439.00      36.6069      3.27001
      4440.40      39.5287      3.28288
      4441.80      37.9328      3.31494
      4443.20      34.1028      3.12139
      4444.60      38.8920      3.35429
      4446.00      34.7893      3.31875
      4447.40      34.8663      3.26700
      4448.80      35.2217      3.14341
      4450.20      37.5489      3.25810
      4451.60      36.6523      3.17345
      4453.00      36.3047      3.32843
      4454.40      37.0955      3.42345
      4455.80      37.0536      3.24902
      4457.20      34.8616      3.12586
      4458.60      42.9782      3.31962
      4460.00      41.7203      3.36372
      4461.40      32.3979      3.15074
      4462.80      41.1905      3.30198
      4464.20      34.4652      3.20990
      4465.60      41.8505      3.26671
      4467.00      33.6334      3.10369
      4468.40      35.2733      3.17215
      4469.80      37.1802      3.23946
      4471.20      34.7203      3.22716
      4472.60      30.1948      3.12197
      4474.00      32.5799      3.17329
      4475.40      37.8492      3.40015
      4476.80      38.6575      3.36629
      4478.20      34.6885      3.07005
      4479.60      35.1569      3.09985
      4481.00      31.2695      3.15345
      4482.40      37.0740      3.37373
      4483.80      32.6134      3.26938
      4485.20      31.3521      3.10592
      4486.60      35.7496      3.17356
      4488.00      38.1841      3.15426
      4489.40      38.7674      3.32068
      4490.80      34.2609      3.10996
      4492.20      37.6442      3.19902
      4493.60      36.0182      3.11516
      4495.00      40.7135      3.31493
      4496.40      38.3138      3.19941
      4497.80      38.4851      3.20032
      4499.20      35.6240      3.02249
      4500.60      32.5318      3.01045
      4502.00      34.5699      2.98252
      4503.40      37.1991      3.11611
      4504.80      39.1921      3.21125
      4506.20      38.9662      3.43804
      4507.60      37.2089      3.40497
      4509.00      35.5339      3.20235
      4510.40      42.0782      3.32273
      4511.80      36.1924      3.10560
      4513.20      37.5493      3.07871
      4514.60      33.2296      2.96644
      4516.00      35.3635      3.02953
      4517.40      33.8649      3.01864
      4518.80      37.5597      3.27618
      4520.20      41.6661      3.38721
      4521.60      37.1031      3.14774
      4523.00      36.0695      3.04681
      4524.40      38.1842      3.10995
      4525.80      37.2443      3.08613
      4527.20      35.7427      2.98613
      4528.60      35.5168      3.09625
      4530.00      35.0240      3.16423
      4531.40      32.3875      3.12907
      4532.80      34.2769      3.09100
      4534.20      39.3446      3.18323
      4535.60      34.3117      3.01325
      4537.00      30.4722      3.02894
      4538.40      36.8441      3.15179
      4539.80      33.1010      3.04654
      4541.20      35.2673      3.10245
      4542.60      36.2556      3.12050
      4544.00      40.6966      3.28828
      4545.40      41.6700      3.26370
      4546.80      31.6054      3.13556
      4548.20      38.8570      3.23265
      4549.60      33.8403      3.20531
      4551.00      38.0774      3.20277
      4552.40      33.5689      3.02628
      4553.80      29.2763      2.91156
      4555.20      31.9969      2.94156
      4556.60      33.6407      3.17885
      4558.00      34.6205      3.18368
      4559.40      34.6964      3.05167
      4560.80      36.7541      3.06359
      4562.20      34.6120      2.99436
      4563.60      34.8056      3.02671
      4565.00      33.5630      3.08414
      4566.40      32.9862      2.95059
      4567.80      36.1493      3.14424
      4569.20      34.3889      3.17061
      4570.60      35.5773      3.21666
      4572.00      36.3815      3.03363
      4573.40      35.8275      2.96238
      4574.80      36.9983      2.99161
      4576.20      33.9203      2.90638
      4577.60      33.8598      3.08694
      4579.00      34.7392      3.22585
      4580.40      35.1618      3.21678
      4581.80      40.0889      3.22628
      4583.20      37.2335      3.23682
      4584.60      38.0259      3.11320
      4586.00      34.3996      2.92261
      4587.40      33.0264      2.83395
      4588.80      35.7221      3.02218
      4590.20      32.7750      2.94048
      4591.60      37.1420      3.10621
      4593.00      33.3233      2.93513
      4594.40      31.0523      3.04791
      4595.80      38.4233      3.16115
      4597.20      34.7030      3.03700
      4598.60      33.4843      2.87235
      4600.00      33.8669      2.88412
      4601.40      35.7491      2.94483
      4602.80      33.2928      2.92121
      4604.20      35.5678      3.10972
      4605.60      37.9633      3.09532
      4607.00      35.1188      2.89681
      4608.40      34.3101      2.85186
      4609.80      38.1768      2.99837
      4611.20      41.9472      3.15412
      4612.60      35.1252      3.08541
      4614.00      31.5797      2.87123
      4615.40      34.5476      2.86719
      4616.80      37.0357      2.92692
      4618.20      35.4905      2.98057
      4619.60      34.6672      3.08814
      4621.00      37.1226      3.00795
      4622.40      34.9725      2.89271
      4623.80      32.9862      2.72419
      4625.20      32.2902      2.80725
      4626.60      34.7180      2.87977
      4628.00      34.1837      2.79884
      4629.40      32.6598      2.88434
      4630.80      34.7816      2.83898
      4632.20      35.2941      3.11212
      4633.60      41.5322      4.09339
      4635.00      41.7944      3.12841
      4636.40      35.7378      2.90532
      4637.80      35.4429      2.86372
      4639.20      38.7292      2.99703
      4640.60      33.9443      2.79864
      4642.00      32.4961      2.82798
      4643.40      32.5317      2.82332
      4644.80      34.4267      2.90586
      4646.20      37.7737      2.95410
      4647.60      37.1060      2.95789
      4649.00      34.4888      2.83819
      4650.40      34.4317      2.84916
      4651.80      34.3416      2.82622
      4653.20      34.5687      2.92359
      4654.60      36.8675      2.91741
      4656.00      37.8425      2.97835
      4657.40      36.0516      3.01506
      4658.80      31.8111      3.06893
      4660.20      36.8959      3.06828
      4661.60      30.6412      2.83144
      4663.00      31.9560      2.83414
      4664.40      35.6609      2.95465
      4665.80      34.2252      2.85730
      4667.20      34.5276      2.88327
      4668.60      36.8617      2.94364
      4670.00      33.5265      2.99399
      4671.40      35.8495      3.07152
      4672.80      34.3558      2.90702
      4674.20      34.2823      2.86462
      4675.60      35.1710      2.93671
      4677.00      37.7803      3.32855
      4678.40      36.6690      3.49229
      4679.80      35.9644      3.04710
      4681.20      30.6127      2.69576
      4682.60      32.0369      2.74003
      4684.00      32.3539      2.91183
      4685.40      35.6988      3.01380
      4686.80      30.1131      2.77071
      4688.20      33.9902      2.79725
      4689.60      33.6724      2.75904
      4691.00      32.9978      2.79320
      4692.40      37.7388      3.01538
      4693.80      37.0939      2.91093
      4695.20      33.0207      2.72491
      4696.60      37.4184      2.93936
      4698.00      32.6385      2.82556
      4699.40      32.4408      2.92315
      4700.80      66.5850      3.84500
      4702.20      52.0518          Inf
      4703.60      37.5185      3.45947
      4705.00      33.7332      3.19930
      4706.40      35.3475      2.89823
      4707.80      37.2824      2.96175
      4709.20      37.5916      3.09772
      4710.60      36.0768      3.27638
      4712.00      36.3974      3.09963
      4713.40      33.7680      2.80719
      4714.80      35.2323      2.89501
      4716.20      35.8764      2.89551
      4717.60      39.0309      2.99218
      4719.00      34.3518      2.85990
      4720.40      31.0161      2.77618
      4721.80      32.6086      2.85413
      4723.20      33.4613      2.88137
      4724.60      32.2091      2.75404
      4726.00      31.0423      2.84365
      4727.40      32.7076      2.77140
      4728.80      33.0532      2.85793
      4730.20      36.3333      3.01974
      4731.60      36.2824      3.04751
      4733.00      33.8654      3.12482
      4734.40      34.3370      3.02423
      4735.80      32.9232      2.81057
      4737.20      33.8352      2.82153
      4738.60      37.6982      2.89186
      4740.00      28.3669      2.59058
      4741.40      30.7586      2.65935
      4742.80      35.9999      2.81051
      4744.20      37.6099      2.86559
      4745.60      31.4028      2.69255
      4747.00      37.5911      2.81975
      4748.40      36.3770      2.78730
      4749.80      32.6718      2.78850
      4751.20      34.1742      2.81524
      4752.60      31.3280      2.59323
      4754.00      29.4692      2.58228
      4755.40      31.2791      2.58180
      4756.80      30.6981      2.67544
      4758.20      35.3468      2.93432
      4759.60      33.7235      2.91265
      4761.00      36.3402      2.82927
      4762.40      34.1778      2.70449
      4763.80      33.2796      2.63735
      4765.20      34.3346      2.70165
      4766.60      34.0457      2.64206
      4768.00      33.8712      2.63870
      4769.40      34.3912      2.67484
      4770.80      34.1579      2.62460
      4772.20      32.5437      2.61374
      4773.60      33.8892      2.65073
      4775.00      36.0003      2.67827
      4776.40      35.4407      2.88119
      4777.80      35.1331      2.86824
      4779.20      32.7000      2.76995
      4780.60      34.7877      2.69863
      4782.00      35.2316      2.69154
      4783.40      35.6987      2.71816
      4784.80      31.6469      2.57880
      4786.20      31.8789      2.60305
      4787.60      33.8731      2.63502
      4789.00      33.6777      2.62549
      4790.40      31.1475      2.56805
      4791.80      30.1432      2.59192
      4793.20      31.9910      2.65452
      4794.60      39.5118      2.77380
      4796.00      30.8994      2.49769
      4797.40      34.0417      2.64811
      4798.80      32.9624      2.62982
      4800.20      35.6352      2.69110
      4801.60      33.8156      2.66527
      4803.00      37.1677      2.81085
      4804.40      34.3393      2.68415
      4805.80      34.7045      2.71386
      4807.20      35.8095      2.72525
      4808.60      35.2652      2.72638
      4810.00      34.5891      2.66983
      4811.40      32.0048      2.67862
      4812.80      31.4548      2.72072
      4814.20      32.1287      2.78622
      4815.60      33.7109      2.77842
      4817.00      29.4490      2.63089
      4818.40      30.1717      2.56399
      4819.80      30.6720      2.61219
      4821.20      35.4891      2.69976
      4822.60      32.3649      2.66421
      4824.00      36.8767      2.88430
      4825.40      32.6553      2.83384
      4826.80      34.2758      2.81506
      4828.20      34.8810      2.82458
      4829.60      32.4972      2.65343
      4831.00      31.6140      2.74485
      4832.40      34.5247      2.72516
      4833.80      31.1480      2.69079
      4835.20      33.0954      2.71857
      4836.60      29.0463      2.70732
      4838.00      29.4278      2.68839
      4839.40      31.3043      2.69399
      4840.80      32.5147      2.67064
      4842.20      35.0726      2.68980
      4843.60      33.3248      2.71972
      4845.00      29.7019      2.63768
      4846.40      25.4494      2.55481
      4847.80      30.6235      2.67909
      4849.20      28.6857      2.56587
      4850.60      30.9203      2.66642
      4852.00      27.2541      2.66702
      4853.40      30.1814      2.70844
      4854.80      30.1089      2.59129
      4856.20      23.8142      2.32725
      4857.60      26.1490      2.49206
      4859.00      27.0492      2.49473
      4860.40      20.5983      2.44544
      4861.80      27.0233      2.54842
      4863.20      19.5463      2.33060
      4864.60      16.8257      2.05013
      4866.00      14.2312      2.02030
      4867.40      14.2685      2.04704
      4868.80      21.8745      2.26908
      4870.20      22.6066      2.37924
      4871.60      21.8570      2.33495
      4873.00      26.2253      2.47323
      4874.40      24.1147      2.46721
      4875.80      28.2119      2.53021
      4877.20      26.8672      2.47114
      4878.60      32.3175      2.57242
      4880.00      26.0097      2.46011
      4881.40      27.2880      2.46502
      4882.80      27.9457      2.57425
      4884.20      27.5629      2.56958
      4885.60      29.6772      2.55898
      4887.00      28.6485      2.49362
      4888.40      28.7861      2.49217
      4889.80      26.2303      2.44587
      4891.20      31.1255      2.53474
      4892.60      33.6229      2.65865
      4894.00      31.2061      2.61627
      4895.40      28.8064      2.54707
      4896.80      25.9541      2.47535
      4898.20      30.8048      2.51453
      4899.60      32.9932      2.55898
      4901.00      31.3731      2.50636
      4902.40      31.2604      2.54984
      4903.80      35.3136      2.61268
      4905.20      32.2762      2.65947
      4906.60      31.8734      2.62220
      4908.00      32.4477      2.55614
      4909.40      29.7496      2.44830
      4910.80      33.1375      2.52075
      4912.20      32.1254      2.54561
      4913.60      29.1114      2.49322
      4915.00      30.9813      2.59168
      4916.40      32.8897      2.61986
      4917.80      32.2496      2.50515
      4919.20      32.1622      2.49957
      4920.60      32.1050      2.51084
      4922.00      31.5213      2.57824
      4923.40      30.0787      2.59744
      4924.80      28.3453      2.49555
      4926.20      32.3449      2.51306
      4927.60      27.9284      2.39549
      4929.00      32.8422      2.50110
      4930.40      31.9394      2.47188
      4931.80      29.3392      2.43448
      4933.20      31.5189      2.43764
      4934.60      32.1811      2.54191
      4936.00      31.8238      2.53612
      4937.40      30.6086      2.54875
      4938.80      29.2700      2.42212
      4940.20      33.4872      2.55045
      4941.60      38.7337      2.67647
      4943.00      35.4933      2.62756
      4944.40      32.0864      2.51189
      4945.80      27.5008      2.34154
      4947.20      29.2551      2.38446
      4948.60      29.1418      2.45491
      4950.00      28.6379      2.49573
      4951.40      29.0582      2.55097
      4952.80      28.0562      2.52370
      4954.20      31.2871      2.45836
      4955.60      32.2583      2.54379
      4957.00      32.2882      2.48217
      4958.40      33.3360      2.51026
      4959.80      33.1360      2.49764
      4961.20      31.6179      2.51861
      4962.60      29.9621      2.63292
      4964.00      29.4397      2.57984
      4965.40      31.9418      2.51414
      4966.80      30.3552      2.42088
      4968.20      30.6709      2.46434
      4969.60      32.0557      2.51214
      4971.00      31.5058      2.58239
      4972.40      28.5089      2.44121
      4973.80      30.0875      2.45242
      4975.20      30.0974      2.43426
      4976.60      29.8285      2.50665
      4978.00      31.9188      2.52157
      4979.40      30.9475      2.50568
      4980.80      27.7983      2.38657
      4982.20      29.9698      2.54847
      4983.60      33.0751      2.62737
      4985.00      34.4052      2.83516
      4986.40      29.9048      2.65092
      4987.80      28.4043      2.46645
      4989.20      31.3512      2.53189
      4990.60      34.5531      2.56564
      4992.00      30.9084      2.56961
      4993.40      30.7843      2.47190
      4994.80      27.3692      2.37240
      4996.20      30.0272      2.43788
      4997.60      33.1123      2.51265
      4999.00      31.4117      2.46173
