      3900.00      572.257      29.7795
      3901.40      627.921      31.8270
      3902.80      632.915      30.7999
      3904.20      661.958      31.3985
      3905.60      693.472      32.5354
      3907.00      718.912      34.0759
      3908.40      697.539      33.6672
      3909.80      701.195      32.9583
      3911.20      730.035      33.3768
      3912.60      694.561      32.6959
      3914.00      704.542      32.3018
      3915.40      696.718      32.2660
      3916.80      710.051      33.1261
      3918.20      707.693      33.2813
      3919.60      672.848      33.0874
      3921.00      738.820      33.7590
      3922.40      718.663      32.4729
      3923.80      714.103      33.3596
      3925.20      722.633      33.7834
      3926.60      710.001      34.1479
      3928.00      747.392      34.2394
      3929.40      735.402      34.6680
      3930.80      676.788      31.1654
      3932.20      505.925      26.7750
      3933.60      506.403      26.7729
      3935.00      646.014      31.5513
      3936.40      719.885      33.1911
      3937.80      707.403      34.3203
      3939.20      734.462      34.5639
      3940.60      719.482      34.9626
      3942.00      716.435      33.7849
      3943.40      703.333      36.1714
      3944.80      739.638      35.6176
      3946.20      680.967      34.7036
      3947.60      710.414      35.5669
      3949.00      715.177      34.5669
      3950.40      705.213      34.7716
      3951.80      709.938      32.3578
      3953.20      622.260      29.6040
      3954.60      617.727      29.8059
      3956.00      615.570      29.8235
      3957.40      595.482      28.9549
      3958.80      569.516      27.4328
      3960.20      536.401      26.6906
      3961.60      507.879      25.5699
      3963.00      422.774      22.7606
      3964.40      403.387      22.1235
      3965.80      311.877      18.0941
      3967.20      177.326      14.0933
      3968.60      154.908      12.9536
      3970.00      202.484      14.6685
      3971.40      281.538      17.4549
      3972.80      372.719      20.0429
      3974.20      385.881      20.8329
      3975.60      472.106      22.8583
      3977.00      527.714      24.6712
      3978.40      557.311      25.7982
      3979.80      573.032      27.0962
      3981.20      597.769      26.9462
      3982.60      578.124      27.0527
      3984.00      643.653      28.3556
      3985.40      608.606      27.9152
      3986.80      654.889      29.1955
      3988.20      680.117      29.6129
      3989.60      673.188      29.8734
      3991.00      629.315      28.7948
      3992.40      674.661      29.5553
      3993.80      663.489      29.3202
      3995.20      641.988      28.5792
      3996.60      687.626      29.3109
      3998.00      661.838      29.5282
      3999.40      694.173      29.5403
      4000.80      663.725      29.1273
      4002.20      683.809      29.5516
      4003.60      665.231      29.5757
      4005.00      681.699      29.7665
      4006.40      667.180      28.9939
      4007.80      681.352      29.6218
      4009.20      647.386      29.1138
      4010.60      656.832      29.4857
      4012.00      630.577      27.9855
      4013.40      665.128      28.8190
      4014.80      680.678      29.3841
      4016.20      666.044      29.0677
      4017.60      696.231      29.8967
      4019.00      677.936      29.6694
      4020.40      672.454      29.5713
      4021.80      675.524      29.6538
      4023.20      656.838      29.2983
      4024.60      661.272      29.6181
      4026.00      657.682      29.7563
      4027.40      690.164      30.0779
      4028.80      660.075      29.7771
      4030.20      676.517      29.3755
      4031.60      676.864      29.7484
      4033.00      676.300      29.3894
      4034.40      658.609      30.3274
      4035.80      678.819      30.1057
      4037.20      704.368      30.9004
      4038.60      688.420      30.2339
      4040.00      685.167      30.4996
      4041.40      695.300      29.7844
      4042.80      677.357      29.3125
      4044.20      683.454      30.4879
      4045.60      675.366      29.2823
      4047.00      671.109      28.8823
      4048.40      661.267      28.0083
      4049.80      686.089      30.4694
      4051.20      700.964      29.1608
      4052.60      637.209      27.3417
      4054.00      670.578      28.2367
      4055.40      646.363      28.3451
      4056.80      679.073      28.8164
      4058.20      643.156      27.8566
      4059.60      678.940      29.0699
      4061.00      667.468      29.4635
      4062.40      632.444      27.5661
      4063.80      640.538      28.7041
      4065.20      675.209      28.8312
      4066.60      673.349      28.6760
      4068.00      660.845      28.8068
      4069.40      646.703      27.7639
      4070.80      643.558      28.2409
      4072.20      631.805      27.3627
      4073.60      665.873      27.7607
      4075.00      639.917      26.9679
      4076.40      608.661      26.9882
      4077.80      628.673      27.0672
      4079.20      633.003      28.1136
      4080.60      617.475      26.9301
      4082.00      607.720      26.2034
      4083.40      610.534      26.4815
      4084.80      599.508      26.3554
      4086.20      598.950      25.9145
      4087.60      576.052      25.5925
      4089.00      580.285      24.9950
      4090.40      538.433      23.8856
      4091.80      505.336      23.3462
      4093.20      457.275      21.8684
      4094.60      454.584      21.3368
      4096.00      390.458      19.4328
      4097.40      341.624      17.8875
      4098.80      255.208      14.8871
      4100.20      169.350      12.1903
      4101.60      191.931      12.4791
      4103.00      254.036      14.4343
      4104.40      342.245      17.9015
      4105.80      381.880      18.9083
      4107.20      470.831      22.0572
      4108.60      487.999      22.3903
      4110.00      502.551      22.4716
      4111.40      530.241      23.4803
      4112.80      569.441      24.6448
      4114.20      554.347      24.5511
      4115.60      568.673      24.9388
      4117.00      598.814      25.8423
      4118.40      604.938      26.0580
      4119.80      615.101      26.4003
      4121.20      615.826      25.9692
      4122.60      616.623      26.1788
      4124.00      604.005      25.6846
      4125.40      644.720      26.1454
      4126.80      594.280      24.8303
      4128.20      590.974      25.1321
      4129.60      614.604      25.9716
      4131.00      611.745      25.6370
      4132.40      611.205      26.1049
      4133.80      622.904      26.3951
      4135.20      630.995      26.6687
      4136.60      608.266      26.1796
      4138.00      612.757      26.1400
      4139.40      612.237      25.7299
      4140.80      606.384      25.7944
      4142.20      603.373      25.7474
      4143.60      617.990      26.1389
      4145.00      625.800      25.9622
      4146.40      614.783      25.7532
      4147.80      624.939      25.6989
      4149.20      612.980      25.8624
      4150.60      616.228      26.5299
      4152.00      621.216      25.8438
      4153.40      587.920      24.9035
      4154.80      610.701      25.7236
      4156.20      601.309      25.4430
      4157.60      617.661      25.3834
      4159.00      586.351      24.9931
      4160.40      616.518      25.1365
      4161.80      608.208      25.4353
      4163.20      601.876      25.1075
      4164.60      594.083      24.5971
      4166.00      596.832      24.3783
      4167.40      606.291      25.1610
      4168.80      596.241      24.7772
      4170.20      595.233      24.5989
      4171.60      568.417      24.5302
      4173.00      591.401      24.3246
      4174.40      592.179      24.9570
      4175.80      597.030      25.1311
      4177.20      589.484      24.4761
      4178.60      585.053      24.4144
      4180.00      579.822      24.4309
      4181.40      604.056      24.7974
      4182.80      596.155      24.7542
      4184.20      588.382      24.7418
      4185.60      598.864      24.3723
      4187.00      580.231      24.1881
      4188.40      598.052      24.8375
      4189.80      609.931      24.7213
      4191.20      594.185      24.5465
      4192.60      601.429      24.7390
      4194.00      599.179      24.0848
      4195.40      609.641      24.5652
      4196.80      581.098      24.2724
      4198.20      582.479      24.1122
      4199.60      573.028      23.7585
      4201.00      612.878      24.2301
      4202.40      586.207      24.4573
      4203.80      597.660      24.1334
      4205.20      592.576      24.2992
      4206.60      609.194      24.7428
      4208.00      584.765      23.9883
      4209.40      618.454      24.7983
      4210.80      617.240      25.0992
      4212.20      596.979      24.4733
      4213.60      593.554      24.8031
      4215.00      579.275      23.8784
      4216.40      610.110      24.5021
      4217.80      594.269      24.2235
      4219.20      588.986      23.5288
      4220.60      579.306      23.4141
      4222.00      593.446      23.6144
      4223.40      584.811      23.4785
      4224.80      571.671      22.8279
      4226.20      567.587      22.9062
      4227.60      581.639      23.3325
      4229.00      574.079      23.8377
      4230.40      596.990      24.1054
      4231.80      555.797      22.8195
      4233.20      587.166      23.2303
      4234.60      574.648      23.1414
      4236.00      566.093      22.6533
      4237.40      580.943      23.5378
      4238.80      582.848      23.5232
      4240.20      568.429      23.4116
      4241.60      565.567      22.8221
      4243.00      552.856      22.8786
      4244.40      570.995      23.7572
      4245.80      550.652      22.7175
      4247.20      581.436      23.4318
      4248.60      556.139      23.1743
      4250.00      571.572      22.7722
      4251.40      572.394      23.1472
      4252.80      595.738      23.6634
      4254.20      588.771      23.6137
      4255.60      565.762      23.2079
      4257.00      574.162      23.3548
      4258.40      563.312      23.0667
      4259.80      559.094      23.2393
      4261.20      574.070      23.2930
      4262.60      560.556      23.0713
      4264.00      587.138      23.4176
      4265.40      549.672      23.1444
      4266.80      580.891      23.0406
      4268.20      580.709      23.4818
      4269.60      549.734      22.4454
      4271.00      548.234      22.4971
      4272.40      552.719      22.5904
      4273.80      552.487      22.6344
      4275.20      571.925      22.5990
      4276.60      556.906      22.2673
      4278.00      564.074      22.8348
      4279.40      542.126      22.2530
      4280.80      565.120      23.3461
      4282.20      561.190      22.6559
      4283.60      564.266      22.7593
      4285.00      559.406      22.8067
      4286.40      562.258      22.6410
      4287.80      559.353      22.7842
      4289.20      535.789      22.3336
      4290.60      547.975      21.8711
      4292.00      546.211      21.8880
      4293.40      538.885      22.1278
      4294.80      561.183      22.3969
      4296.20      541.605      21.9937
      4297.60      539.588      21.7696
      4299.00      508.374      20.7620
      4300.40      523.125      21.4390
      4301.80      523.549      21.3615
      4303.20      537.025      21.7116
      4304.60      528.880      21.2820
      4306.00      531.845      21.9921
      4307.40      530.836      21.4861
      4308.80      553.779      22.3095
      4310.20      542.256      21.9079
      4311.60      525.996      20.6036
      4313.00      514.015      21.1087
      4314.40      508.976      20.9735
      4315.80      513.969      21.4440
      4317.20      523.732      21.2152
      4318.60      506.905      20.6233
      4320.00      500.919      19.6889
      4321.40      517.929      20.8379
      4322.80      499.789      20.3225
      4324.20      499.700      20.2997
      4325.60      489.936      20.1104
      4327.00      484.638      19.8643
      4328.40      461.174      18.9750
      4329.80      451.967      18.8738
      4331.20      424.852      18.2820
      4332.60      406.293      17.4287
      4334.00      364.652      16.2166
      4335.40      322.808      14.7093
      4336.80      259.859      12.5787
      4338.20      182.363      10.6498
      4339.60      150.652      9.60692
      4341.00      193.500      10.6437
      4342.40      266.926      12.9671
      4343.80      320.179      14.6933
      4345.20      348.760      15.7837
      4346.60      379.751      16.7717
      4348.00      393.345      17.3753
      4349.40      437.695      18.3226
      4350.80      428.823      18.4072
      4352.20      461.088      19.2572
      4353.60      484.197      20.1311
      4355.00      490.468      20.1986
      4356.40      500.531      19.9485
      4357.80      490.003      20.6305
      4359.20      493.212      20.6144
      4360.60      507.754      20.6231
      4362.00      513.814      20.9306
      4363.40      514.353      21.0447
      4364.80      545.923      21.5029
      4366.20      542.812      21.5931
      4367.60      509.339      20.8568
      4369.00      528.606      21.1034
      4370.40      540.138      21.6061
      4371.80      543.039      21.2645
      4373.20      508.028      20.4090
      4374.60      518.609      20.5875
      4376.00      520.242      20.5847
      4377.40      531.026      21.3810
      4378.80      536.622      21.3996
      4380.20      535.760      21.5424
      4381.60      513.425      20.6767
      4383.00      498.490      20.2108
      4384.40      513.476      20.4296
      4385.80      523.626      21.3746
      4387.20      505.539      20.4678
      4388.60      523.899      20.5028
      4390.00      534.841      20.9873
      4391.40      525.516      21.1337
      4392.80      506.177      20.4897
      4394.20      508.075      20.2036
      4395.60      512.523      20.6098
      4397.00      517.947      20.9362
      4398.40      502.799      20.3809
      4399.80      511.334      20.2377
      4401.20      501.716      20.6038
      4402.60      499.103      20.0302
      4404.00      516.308      21.5297
      4405.40      509.266      20.0744
      4406.80      510.300      20.6848
      4408.20      526.280      20.7762
      4409.60      505.914      20.3082
      4411.00      499.001      19.8622
      4412.40      518.352      20.3931
      4413.80      498.917      20.3445
      4415.20      503.203      19.9441
      4416.60      474.946      19.6644
      4418.00      496.574      19.9872
      4419.40      514.361      20.5359
      4420.80      522.139      20.6727
      4422.20      511.517      20.5567
      4423.60      504.820      20.4923
      4425.00      500.143      19.7994
      4426.40      504.956      20.1698
      4427.80      517.349      20.4988
      4429.20      504.360      20.4577
      4430.60      514.053      20.2838
      4432.00      512.953      20.4557
      4433.40      492.851      19.9771
      4434.80      525.528      20.5139
      4436.20      504.081      20.3849
      4437.60      514.358      19.9526
      4439.00      491.598      19.1931
      4440.40      503.156      19.2961
      4441.80      477.392      19.4517
      4443.20      480.836      19.4495
      4444.60      510.659      20.5649
      4446.00      505.202      19.8295
      4447.40      493.208      20.2271
      4448.80      495.857      19.9108
      4450.20      492.887      19.9880
      4451.60      503.737      20.0131
      4453.00      497.085      19.8376
      4454.40      489.678      19.6722
      4455.80      490.380      19.3040
      4457.20      496.391      19.7157
      4458.60      493.096      19.4122
      4460.00      508.180      19.9394
      4461.40      517.581      20.5143
      4462.80      506.478      19.6830
      4464.20      503.062      19.6519
      4465.60      487.952      19.3413
      4467.00      483.109      19.3418
      4468.40      471.494      18.9575
      4469.80      467.725      19.0872
      4471.20      488.837      19.3984
      4472.60      492.588      19.2389
      4474.00      498.657      19.6524
      4475.40      503.020      19.3512
      4476.80      503.300      19.6938
      4478.20      468.456      18.6067
      4479.60      435.138      17.7155
      4481.00      446.021      18.2171
      4482.40      491.853      19.4223
      4483.80      497.805      19.8375
      4485.20      482.060      18.8809
      4486.60      490.496      19.6844
      4488.00      471.594      19.2342
      4489.40      471.504      19.4688
      4490.80      470.533      18.7856
      4492.20      494.715      19.4619
      4493.60      488.280      19.5432
      4495.00      485.706      19.5141
      4496.40      481.149      19.8735
      4497.80      485.472      19.3497
      4499.20      468.618      18.7396
      4500.60      451.310      18.3804
      4502.00      472.251      18.9887
      4503.40      465.514      18.9587
      4504.80      470.855      19.0905
      4506.20      475.329      19.2758
      4507.60      466.559      18.7456
      4509.00      481.152      18.8439
      4510.40      458.767      18.3356
      4511.80      482.124      18.9793
      4513.20      459.286      18.5274
      4514.60      459.926      18.8464
      4516.00      470.218      19.0641
      4517.40      479.450      19.2553
      4518.80      465.905      18.8144
      4520.20      455.903      18.4435
      4521.60      463.589      18.6491
      4523.00      466.162      18.8154
      4524.40      476.223      18.7214
      4525.80      473.675      18.7949
      4527.20      466.973      18.3600
      4528.60      486.938      19.1416
      4530.00      485.260      18.9350
      4531.40      463.175      18.2891
      4532.80      459.365      18.5873
      4534.20      473.421      18.5740
      4535.60      497.443      19.3158
      4537.00      491.408      19.0182
      4538.40      474.293      18.8484
      4539.80      474.041      18.5156
      4541.20      468.941      18.6135
      4542.60      475.052      18.6249
      4544.00      466.302      18.6430
      4545.40      465.954      18.5593
      4546.80      456.688      18.2446
      4548.20      441.778      17.8181
      4549.60      441.005      17.5805
      4551.00      470.982      18.4849
      4552.40      467.764      18.1867
      4553.80      462.716      18.3903
      4555.20      462.462      18.5042
      4556.60      463.236      18.5019
      4558.00      464.177      18.0469
      4559.40      484.336      18.8926
      4560.80      462.451      17.8897
      4562.20      435.521      17.6696
      4563.60      464.089      18.0381
      4565.00      460.347      18.0389
      4566.40      473.901      18.2294
      4567.80      476.200      18.4127
      4569.20      461.858      17.8496
      4570.60      454.143      17.9477
      4572.00      451.558      17.8108
      4573.40      477.046      18.1970
      4574.80      450.046      17.6429
      4576.20      467.192      18.4940
      4577.60      470.796      18.4428
      4579.00      460.578      18.0374
      4580.40      457.864      17.6969
      4581.80      436.249      17.2353
      4583.20      454.738      17.7753
      4584.60      457.124      17.8972
      4586.00      451.525      17.9613
      4587.40      456.989      17.9831
      4588.80      452.219      17.6361
      4590.20      447.214      17.7438
      4591.60      470.314      18.0032
      4593.00      474.314      18.5926
      4594.40      469.827      18.2777
      4595.80      469.205      17.8138
      4597.20      454.940      18.2360
      4598.60      451.870      17.7145
      4600.00      457.548      17.6418
      4601.40      452.202      18.2912
      4602.80      447.957      17.9358
      4604.20      466.661      17.9302
      4605.60      461.644      17.6010
      4607.00      449.442      17.3996
      4608.40      466.738      18.1799
      4609.80      460.004      18.1383
      4611.20      467.861      17.9462
      4612.60      465.951      17.4497
      4614.00      461.755      17.8461
      4615.40      454.079      17.7776
      4616.80      452.834      17.8801
      4618.20      446.590      17.2972
      4619.60      457.386      17.6958
      4621.00      449.205      17.6803
      4622.40      461.447      17.9566
      4623.80      445.920      17.1079
      4625.20      449.788      17.8876
      4626.60      441.840      17.1484
      4628.00      442.601      17.6645
      4629.40      451.828      17.3667
      4630.80      455.844      17.9731
      4632.20      461.722      17.5912
      4633.60      439.954      17.5066
      4635.00      454.907      17.5973
      4636.40      459.165      17.8875
      4637.80      454.667      17.7802
      4639.20      457.745      17.7485
      4640.60      459.760      17.7490
      4642.00      458.003      17.6001
      4643.40      461.263      17.8119
      4644.80      441.461      17.2326
      4646.20      440.343      17.5769
      4647.60      480.906      17.8021
      4649.00      437.488      17.1759
      4650.40      448.570      17.1246
      4651.80      438.302      16.8780
      4653.20      458.936      17.3646
      4654.60      447.716      17.2983
      4656.00      446.017      16.9702
      4657.40      448.572      17.2535
      4658.80      452.870      17.2012
      4660.20      451.875      17.3189
      4661.60      430.374      16.9505
      4663.00      451.325      17.2454
      4664.40      437.058      16.8701
      4665.80      440.195      16.7239
      4667.20      441.928      17.2593
      4668.60      438.365      16.8140
      4670.00      430.857      16.4633
      4671.40      432.771      16.7930
      4672.80      432.653      17.1039
      4674.20      441.291      17.0805
      4675.60      439.763      16.8425
      4677.00      433.699      17.1525
      4678.40      436.766      17.0202
      4679.80      436.533      17.0747
      4681.20      442.148      17.4049
      4682.60      444.856      17.2198
      4684.00      433.028      17.0496
      4685.40      426.785      17.1300
      4686.80      448.006      17.7724
      4688.20      439.401      17.2973
      4689.60      453.674      17.7386
      4691.00      433.336      17.3301
      4692.40      426.446      17.3020
      4693.80      439.343      16.9813
      4695.20      424.988      16.9910
      4696.60      431.536      17.1655
      4698.00      435.387      17.3988
      4699.40      447.137      17.5154
      4700.80      433.182      16.7656
      4702.20      433.089      17.1293
      4703.60      423.187      16.6203
      4705.00      446.880      17.2489
      4706.40      433.348      17.3409
      4707.80      433.795      16.8626
      4709.20      454.951      17.5460
      4710.60      446.735      16.8677
      4712.00      444.267      17.0527
      4713.40      446.870      16.8074
      4714.80      422.112      16.3934
      4716.20      416.722      16.2778
      4717.60      445.625      16.7043
      4719.00      438.141      16.8968
      4720.40      444.432      16.7086
      4721.80      443.411      16.7918
      4723.20      436.534      17.0214
      4724.60      430.726      16.4869
      4726.00      420.158      16.2712
      4727.40      420.170      16.5836
      4728.80      426.120      16.1108
      4730.20      434.132      16.6445
      4731.60      420.438      16.3848
      4733.00      410.186      16.2177
      4734.40      417.002      16.4198
      4735.80      423.906      16.7223
      4737.20      432.334      16.7163
      4738.60      429.814      16.6071
      4740.00      424.377      16.1577
      4741.40      423.927      16.5426
      4742.80      427.380      16.6252
      4744.20      426.245      16.5113
      4745.60      430.531      16.6002
      4747.00      413.055      15.7286
      4748.40      428.136      16.5702
      4749.80      426.398      16.4935
      4751.20      412.063      16.0719
      4752.60      430.066      16.7248
      4754.00      419.674      16.3164
      4755.40      418.248      16.4350
      4756.80      418.789      16.2214
      4758.20      420.272      15.9008
      4759.60      414.282      16.0697
      4761.00      418.553      16.2392
      4762.40      427.119      16.3673
      4763.80      405.974      15.9573
      4765.20      427.292      16.4255
      4766.60      419.484      16.0109
      4768.00      429.552      16.4192
      4769.40      405.953      15.9055
      4770.80      405.914      15.6050
      4772.20      417.479      16.0564
      4773.60      415.746      16.1096
      4775.00      415.337      15.9820
      4776.40      409.740      16.1029
      4777.80      426.753      16.1415
      4779.20      401.951      15.9039
      4780.60      404.416      15.8610
      4782.00      405.593      15.9143
      4783.40      406.398      15.6652
      4784.80      406.944      15.9130
      4786.20      409.666      15.7843
      4787.60      403.648      15.7770
      4789.00      409.464      15.7801
      4790.40      404.692      16.0142
      4791.80      403.377      15.9785
      4793.20      414.770      16.0858
      4794.60      405.243      15.8167
      4796.00      409.579      16.1177
      4797.40      415.433      16.3037
      4798.80      394.381      15.5132
      4800.20      384.303      15.1601
      4801.60      398.874      15.6205
      4803.00      404.495      15.7331
      4804.40      386.631      15.1559
      4805.80      400.487      15.5345
      4807.20      398.064      15.5629
      4808.60      398.231      15.9558
      4810.00      387.338      15.4861
      4811.40      402.661      15.7772
      4812.80      399.904      15.4923
      4814.20      393.824      15.5014
      4815.60      395.781      15.5645
      4817.00      381.099      15.3401
      4818.40      413.527      15.7847
      4819.80      400.848      15.7461
      4821.20      394.342      15.3310
      4822.60      397.861      15.9903
      4824.00      399.074      15.6516
      4825.40      385.427      15.0583
      4826.80      401.398      15.8569
      4828.20      391.665      15.3556
      4829.60      396.682      15.6193
      4831.00      396.085      15.5604
      4832.40      392.885      15.4867
      4833.80      386.751      15.5371
      4835.20      386.961      15.6007
      4836.60      381.876      15.2062
      4838.00      379.040      15.2281
      4839.40      386.532      15.2281
      4840.80      386.220      15.2831
      4842.20      369.652      14.8737
      4843.60      362.582      14.4934
      4845.00      366.662      14.5724
      4846.40      346.416      14.0692
      4847.80      330.519      13.6242
      4849.20      332.088      13.4260
      4850.60      336.463      13.4959
      4852.00      324.852      13.2974
      4853.40      290.346      12.2263
      4854.80      287.421      11.7620
      4856.20      232.367      10.4160
      4857.60      212.722      9.46507
      4859.00      154.501      7.69747
      4860.40      133.566      7.41862
      4861.80      166.332      8.33475
      4863.20      214.881      9.50579
      4864.60      245.026      10.5304
      4866.00      271.865      11.5544
      4867.40      293.103      12.0502
      4868.80      319.038      12.9088
      4870.20      321.479      13.1441
      4871.60      334.039      13.3429
      4873.00      343.957      13.9307
      4874.40      346.616      13.9201
      4875.80      352.124      14.3638
      4877.20      355.385      14.1211
      4878.60      367.528      14.4308
      4880.00      371.884      14.9135
      4881.40      367.799      14.8900
      4882.80      369.944      14.7010
      4884.20      377.550      14.5751
      4885.60      361.131      14.2681
      4887.00      369.288      14.4918
      4888.40      371.390      14.5589
      4889.80      371.256      14.5302
      4891.20      385.135      14.7512
      4892.60      381.077      14.6771
      4894.00      376.757      14.5624
      4895.40      380.031      14.9930
      4896.80      377.121      14.7973
      4898.20      384.429      15.0258
      4899.60      378.000      14.7666
      4901.00      375.518      14.4426
      4902.40      385.541      14.9432
      4903.80      387.982      15.2593
      4905.20      376.609      14.2371
      4906.60      376.167      15.0323
      4908.00      389.132      14.6445
      4909.40      386.992      14.8918
      4910.80      380.478      14.7447
      4912.20      374.903      14.8102
      4913.60      377.412      14.8991
      4915.00      375.848      14.6713
      4916.40      379.031      14.7907
      4917.80      376.400      14.6703
      4919.20      380.746      14.9282
      4920.60      371.980      14.3911
      4922.00      361.903      14.1204
      4923.40      363.697      14.2573
      4924.80      368.979      14.2028
      4926.20      375.206      14.4826
      4927.60      376.820      14.6636
      4929.00      377.426      14.7732
      4930.40      387.658      15.2273
      4931.80      380.619      14.8177
      4933.20      372.342      14.6613
      4934.60      383.817      14.8543
      4936.00      375.770      14.8116
      4937.40      375.508      14.6020
      4938.80      378.934      14.7047
      4940.20      390.143      14.8731
      4941.60      367.484      14.4193
      4943.00      384.966      14.9212
      4944.40      380.805      15.1631
      4945.80      381.759      14.4076
      4947.20      385.761      15.1203
      4948.60      376.322      14.5087
      4950.00      376.161      14.1906
      4951.40      371.509      14.4594
      4952.80      368.851      14.5022
      4954.20      376.611      14.5529
      4955.60      372.866      14.4729
      4957.00      366.818      14.3713
      4958.40      373.262      14.7069
      4959.80      370.128      14.4284
      4961.20      369.292      14.4575
      4962.60      380.741      14.5732
      4964.00      375.290      14.4976
      4965.40      381.186      14.3694
      4966.80      368.358      14.2553
      4968.20      381.008      14.7119
      4969.60      384.298      14.4987
      4971.00      361.755      14.3505
      4972.40      371.884      14.5584
      4973.80      373.851      14.3673
      4975.20      368.228      14.2899
      4976.60      367.603      14.2192
      4978.00      365.954      14.0519
      4979.40      366.237      14.1782
      4980.80      365.269      14.3399
      4982.20      356.759      14.1803
      4983.60      361.207      14.6337
      4985.00      372.916      14.4641
      4986.40      362.390      13.9837
      4987.80      367.805      14.3792
      4989.20      364.815      13.8735
      4990.60      364.353      14.2775
      4992.00      357.309      14.1159
      4993.40      367.441      14.4729
      4994.80      366.133      14.4979
      4996.20      365.367      14.3613
      4997.60      369.246      14.4078
      4999.00      367.006      14.0362
