      3900.00      374.300      25.0713
      3901.40      356.991      24.8502
      3902.80      374.126      25.0570
      3904.20      427.149      25.9376
      3905.60      399.022      25.6473
      3907.00      393.263      25.6359
      3908.40      416.669      26.6328
      3909.80      476.659      27.4823
      3911.20      470.106      28.5734
      3912.60      477.588      27.7553
      3914.00      442.110      26.5311
      3915.40      452.178      26.5007
      3916.80      452.834      26.3953
      3918.20      440.517      25.5440
      3919.60      440.488      25.5111
      3921.00      429.522      24.5588
      3922.40      389.084      23.2758
      3923.80      403.194      23.9990
      3925.20      407.778      23.5938
      3926.60      423.568      24.2884
      3928.00      391.433      22.9156
      3929.40      393.633      22.8470
      3930.80      394.067      22.8188
      3932.20      336.489      20.5227
      3933.60      267.139      18.0807
      3935.00      167.136      15.0714
      3936.40      288.574      18.2842
      3937.80      355.873      21.1781
      3939.20      427.941      23.1753
      3940.60      397.182      23.1808
      3942.00      407.178      23.6581
      3943.40      403.212      23.0254
      3944.80      374.155      21.8797
      3946.20      408.830      22.8594
      3947.60      413.655      22.5777
      3949.00      411.005      23.5626
      3950.40      429.292      24.1928
      3951.80      436.651      24.5049
      3953.20      421.355      23.3491
      3954.60      394.895      22.5146
      3956.00      408.017      22.7219
      3957.40      390.597      22.3421
      3958.80      364.984      21.7618
      3960.20      415.944      22.8824
      3961.60      363.456      21.7692
      3963.00      368.343      21.5328
      3964.40      369.839      21.5864
      3965.80      334.715      20.3598
      3967.20      319.349      20.1127
      3968.60      210.920      16.8498
      3970.00      144.129      14.3154
      3971.40      118.206      14.1580
      3972.80      193.859      16.6706
      3974.20      274.510      19.9856
      3975.60      352.454      22.7566
      3977.00      363.244      23.7406
      3978.40      421.540      25.5082
      3979.80      437.493      26.2449
      3981.20      477.173      26.8853
      3982.60      437.860      25.3844
      3984.00      440.358      24.7280
      3985.40      440.877      24.2434
      3986.80      446.601      23.7813
      3988.20      394.248      22.2665
      3989.60      394.280      22.1427
      3991.00      412.612      22.5569
      3992.40      375.431      21.6229
      3993.80      364.965      21.0914
      3995.20      359.469      20.5806
      3996.60      330.670      19.5942
      3998.00      345.481      19.6434
      3999.40      344.783          Inf
      4000.80      344.086          Inf
      4002.20      343.388          Inf
      4003.60      342.690      19.3814
      4005.00      345.465      19.1976
      4006.40      372.287      19.9731
      4007.80      367.024      20.3915
      4009.20      418.571      22.0093
      4010.60      424.635      22.1209
      4012.00      416.563      21.8814
      4013.40      411.372      21.4019
      4014.80      391.152      21.1333
      4016.20      439.452      22.0284
      4017.60      424.500      21.7778
      4019.00      429.498      22.0724
      4020.40      425.934      22.1917
      4021.80      467.086      23.2650
      4023.20      445.673      22.9592
      4024.60      449.855      22.7575
      4026.00      390.122      21.3418
      4027.40      452.106      22.0518
      4028.80      426.965      21.9155
      4030.20      433.773      21.6621
      4031.60      445.094      21.9898
      4033.00      441.800      22.0992
      4034.40      445.357      21.9214
      4035.80      439.741      21.7005
      4037.20      451.895      22.2965
      4038.60      436.895      21.8743
      4040.00      450.370      21.9364
      4041.40      455.771      22.3986
      4042.80      428.493      22.0148
      4044.20      481.283      23.6236
      4045.60      417.506      22.8664
      4047.00      428.394      24.2107
      4048.40      429.422      22.6613
      4049.80      459.134      22.5586
      4051.20      487.656      23.3645
      4052.60      451.599      22.6000
      4054.00      471.556      22.7727
      4055.40      440.402      22.1447
      4056.80      455.850      22.7126
      4058.20      479.362      23.3111
      4059.60      479.343      23.5984
      4061.00      471.058      23.4150
      4062.40      475.468      24.0723
      4063.80      444.366      23.2817
      4065.20      466.997      22.9090
      4066.60      447.843      22.8732
      4068.00      474.304      23.6848
      4069.40      479.581      24.0965
      4070.80      487.073      24.3763
      4072.20      480.635      23.7621
      4073.60      446.734      22.6658
      4075.00      423.147      22.0062
      4076.40      448.024      22.3685
      4077.80      438.949      21.7719
      4079.20      386.565      20.6758
      4080.60      417.305      20.6909
      4082.00      411.358      20.8021
      4083.40      364.623      19.5080
      4084.80      376.444      19.5286
      4086.20      365.232      19.3885
      4087.60      356.066      19.1141
      4089.00      359.181      18.8058
      4090.40      340.475      17.8689
      4091.80      325.164      17.7404
      4093.20      334.436      19.0568
      4094.60      325.434      19.1756
      4096.00      288.137      16.5180
      4097.40      269.580      15.8404
      4098.80      256.714      14.8665
      4100.20      224.755      13.9871
      4101.60      156.365      11.7615
      4103.00      117.940      10.5335
      4104.40      167.630      12.4013
      4105.80      180.884      14.0083
      4107.20      221.427      14.6986
      4108.60      266.685      15.9659
      4110.00      293.880      16.7029
      4111.40      309.736      16.8350
      4112.80      355.040      17.7872
      4114.20      323.057      17.0369
      4115.60      356.605      17.9450
      4117.00      356.573      18.3932
      4118.40      391.675      18.8518
      4119.80      373.859      19.1750
      4121.20      412.559      19.7518
      4122.60      362.047      19.2256
      4124.00      390.123      19.1580
      4125.40      391.430      19.3714
      4126.80      411.720      20.0533
      4128.20      400.980      19.7618
      4129.60      404.461      20.0603
      4131.00      407.589      19.8309
      4132.40      391.704      19.6783
      4133.80      417.549      19.9401
      4135.20      425.336      20.0297
      4136.60      390.955      19.5120
      4138.00      424.952      20.2149
      4139.40      410.368      19.9370
      4140.80      430.031      20.1910
      4142.20      407.596      19.6243
      4143.60      398.425      19.1833
      4145.00      389.832      19.0636
      4146.40      391.841      19.3447
      4147.80      388.754      19.2440
      4149.20      406.134      19.3694
      4150.60      394.112      18.6670
      4152.00      391.465      19.5447
      4153.40      401.900      19.9738
      4154.80      393.356      19.5793
      4156.20      402.742      19.7300
      4157.60      417.199      19.8693
      4159.00      391.833      19.1418
      4160.40      407.269      19.1236
      4161.80      382.775      18.4521
      4163.20      384.382      18.4100
      4164.60      402.488      18.9347
      4166.00      388.225      18.5678
      4167.40      376.759      18.0931
      4168.80      365.006      17.8908
      4170.20      404.750      18.6250
      4171.60      385.859      18.5750
      4173.00      375.164      18.3022
      4174.40      375.278      18.1182
      4175.80      380.045      18.2721
      4177.20      368.229      17.7900
      4178.60      405.748      18.7794
      4180.00      374.926      17.7469
      4181.40      399.898      18.2148
      4182.80      373.855      17.8892
      4184.20      393.840      18.4140
      4185.60      416.770      18.7913
      4187.00      368.884      17.9912
      4188.40      389.898      17.8765
      4189.80      355.381      17.1643
      4191.20      379.847      17.8394
      4192.60      389.979      18.3629
      4194.00      396.021      18.2580
      4195.40      398.676      18.3181
      4196.80      399.174      18.2895
      4198.20      398.500      18.2143
      4199.60      391.830      18.1634
      4201.00      388.279      17.7432
      4202.40      388.209      18.1706
      4203.80      400.106      18.5828
      4205.20      413.173      18.9004
      4206.60      422.831      19.1143
      4208.00      431.507      19.0295
      4209.40      391.662      17.8795
      4210.80      386.735      17.8610
      4212.20      387.997      18.2305
      4213.60      401.941      18.1938
      4215.00      416.650      18.8832
      4216.40      395.383      17.9855
      4217.80      388.344      17.8455
      4219.20      388.214      18.1651
      4220.60      419.187      18.5949
      4222.00      403.910      18.3081
      4223.40      416.644      18.5402
      4224.80      396.821      18.1674
      4226.20      409.443      18.2399
      4227.60      369.607      17.1336
      4229.00      368.642      17.0950
      4230.40      401.554      18.1497
      4231.80      392.201      18.3712
      4233.20      399.420      19.1143
      4234.60      387.758      17.7778
      4236.00      356.665      16.6275
      4237.40      400.543      17.4723
      4238.80      358.578      17.0117
      4240.20      410.848      18.2998
      4241.60      377.724      17.8531
      4243.00      393.108      18.0326
      4244.40      373.273      17.5709
      4245.80      364.197      17.0866
      4247.20      380.260      17.2348
      4248.60      363.433      16.6945
      4250.00      363.160      16.7416
      4251.40      378.513      17.1255
      4252.80      402.176      17.7805
      4254.20      377.992      17.2772
      4255.60      390.801      17.5489
      4257.00      399.612      18.0085
      4258.40      402.487      17.8199
      4259.80      377.860      17.0727
      4261.20      384.052      17.0776
      4262.60      382.660      17.1384
      4264.00      382.261      17.1686
      4265.40      390.572      17.4356
      4266.80      387.985      17.3953
      4268.20      401.821      17.4217
      4269.60      369.598      17.0700
      4271.00      405.500      17.6202
      4272.40      348.365      16.1040
      4273.80      362.609      16.5071
      4275.20      382.707      17.2865
      4276.60      370.901      16.8089
      4278.00      380.339      17.0629
      4279.40      383.097      17.0763
      4280.80      379.245      17.0518
      4282.20      396.108      17.3085
      4283.60      381.369      16.9384
      4285.00      366.738      16.6080
      4286.40      382.617      17.1261
      4287.80      408.812      17.5492
      4289.20      383.229      17.1820
      4290.60      367.796      16.4985
      4292.00      359.466      16.1996
      4293.40      367.108      16.6243
      4294.80      350.203      16.1335
      4296.20      367.874      16.4347
      4297.60      366.001      16.3280
      4299.00      377.122      16.6528
      4300.40      375.129      16.4841
      4301.80      359.199      16.0153
      4303.20      372.587      16.4610
      4304.60      345.781      15.8016
      4306.00      352.879      15.8230
      4307.40      361.353      16.2166
      4308.80      362.903      15.9028
      4310.20      344.958      15.4300
      4311.60      375.657      16.5824
      4313.00      373.533      16.2565
      4314.40      329.893      15.2772
      4315.80      333.650      15.4289
      4317.20      347.586      16.0181
      4318.60      349.662      15.9844
      4320.00      350.115      15.7920
      4321.40      346.886      15.6800
      4322.80      348.482      15.5750
      4324.20      330.131      15.2519
      4325.60      336.583      15.1505
      4327.00      317.630      14.8696
      4328.40      319.506      14.7312
      4329.80      318.191      14.6722
      4331.20      306.639      14.3925
      4332.60      306.003      14.5439
      4334.00      304.656      14.3700
      4335.40      266.653      13.2102
      4336.80      259.977      12.9071
      4338.20      249.396      12.3858
      4339.60      204.960      11.0341
      4341.00      152.743      9.43917
      4342.40      135.495      9.02740
      4343.80      174.869      10.2903
      4345.20      197.744      10.8871
      4346.60      237.821      12.1477
      4348.00      279.942      13.3435
      4349.40      295.981      13.9683
      4350.80      276.913      13.7073
      4352.20      312.092      14.4317
      4353.60      280.870      13.4261
      4355.00      284.510      15.0506
      4356.40      270.224      18.4635
      4357.80      343.723      16.5634
      4359.20      332.086      17.0025
      4360.60      340.902      16.1475
      4362.00      342.729      15.5045
      4363.40      349.880      15.5260
      4364.80      359.947      15.7677
      4366.20      367.640      16.0745
      4367.60      364.889      15.7405
      4369.00      354.261      15.8001
      4370.40      358.947      15.7252
      4371.80      365.491      15.9235
      4373.20      365.996      15.9309
      4374.60      356.812      15.6240
      4376.00      344.336      15.4452
      4377.40      353.408      15.8293
      4378.80      357.984      15.7701
      4380.20      388.857      16.4331
      4381.60      375.875      16.3294
      4383.00      364.019      15.8383
      4384.40      358.844      15.5339
      4385.80      346.155      15.2494
      4387.20      380.339      16.5028
      4388.60      374.664      16.0168
      4390.00      375.201      16.2325
      4391.40      376.973      16.1267
      4392.80      377.913      16.4949
      4394.20      374.024      16.0767
      4395.60      357.387      15.7124
      4397.00      361.913      15.7385
      4398.40      353.666      15.8377
      4399.80      377.926      16.2633
      4401.20      348.418      15.6287
      4402.60      352.015      15.7380
      4404.00      367.776      15.8880
      4405.40      360.099      15.7201
      4406.80      379.678      16.1982
      4408.20      382.583      16.2401
      4409.60      359.566      15.8829
      4411.00      350.561      15.6736
      4412.40      350.831      15.3356
      4413.80      378.910      16.1243
      4415.20      356.003      15.1913
      4416.60      344.460      15.6015
      4418.00      337.734      14.8458
      4419.40      340.471      14.9729
      4420.80      337.349      14.9690
      4422.20      348.241      15.7762
      4423.60      366.166      15.8943
      4425.00      345.922      15.3951
      4426.40      351.974      15.3719
      4427.80      355.399      15.4663
      4429.20      372.281      15.6767
      4430.60      336.012      14.7393
      4432.00      347.626      14.9907
      4433.40      347.885      15.0577
      4434.80      343.130      14.6771
      4436.20      329.935      14.5312
      4437.60      349.837      14.9564
      4439.00      336.768      14.7635
      4440.40      351.297      15.0414
      4441.80      344.172      14.8329
      4443.20      339.959      14.6247
      4444.60      340.980      14.6976
      4446.00      320.006      14.3643
      4447.40      358.517      15.1507
      4448.80      370.771      15.6839
      4450.20      369.511      15.5345
      4451.60      343.762      14.9164
      4453.00      341.545      14.7647
      4454.40      365.346      15.2292
      4455.80      339.039      14.6459
      4457.20      344.691      14.7745
      4458.60      342.178      14.8849
      4460.00      361.948      15.5726
      4461.40      360.058      15.7738
      4462.80      368.991      15.5447
      4464.20      337.530      14.7352
      4465.60      352.360      15.2346
      4467.00      375.495      16.1430
      4468.40      340.508      15.0607
      4469.80      331.299      14.2908
      4471.20      330.222      14.4565
      4472.60      360.354      15.1670
      4474.00      346.374      14.9162
      4475.40      348.869      14.9478
      4476.80      359.192      15.1170
      4478.20      349.435      15.0108
      4479.60      367.149      15.2440
      4481.00      358.413      15.1748
      4482.40      347.340      14.5899
      4483.80      341.810      14.7894
      4485.20      351.826      14.8766
      4486.60      344.499      14.6642
      4488.00      357.559      15.1584
      4489.40      343.056      14.7606
      4490.80      356.767      14.8900
      4492.20      323.793      14.0811
      4493.60      342.113      14.4720
      4495.00      341.085      14.6211
      4496.40      350.816      14.8003
      4497.80      354.687      14.9119
      4499.20      359.243      14.9493
      4500.60      317.287      14.3412
      4502.00      354.633      14.6272
      4503.40      333.713      14.4710
      4504.80      345.398      14.6583
      4506.20      329.533      14.4756
      4507.60      326.928      14.0461
      4509.00      330.627      14.4593
      4510.40      330.763      14.5735
      4511.80      347.430      14.9418
      4513.20      355.683      15.0476
      4514.60      337.034      14.3643
      4516.00      354.989      15.0006
      4517.40      332.766      14.3399
      4518.80      333.149      14.6275
      4520.20      339.253      14.5294
      4521.60      329.365      14.1725
      4523.00      331.714      14.1125
      4524.40      338.026      14.3273
      4525.80      332.415      14.3439
      4527.20      354.302      14.8699
      4528.60      351.369      14.7710
      4530.00      349.784      14.7354
      4531.40      324.728      14.0657
      4532.80      332.882      14.1825
      4534.20      343.801      14.5789
      4535.60      314.128      13.6660
      4537.00      319.159      13.8717
      4538.40      344.537      14.5767
      4539.80      337.227      14.4530
      4541.20      340.814      14.5217
      4542.60      349.125      14.6737
      4544.00      345.269      14.6412
      4545.40      346.892      14.6768
      4546.80      342.433      14.7100
      4548.20      358.025      15.1301
      4549.60      346.098      14.7783
      4551.00      323.483      13.9994
      4552.40      330.721      14.3107
      4553.80      352.846      14.8346
      4555.20      349.317      14.8543
      4556.60      330.613      14.1711
      4558.00      331.554      14.3372
      4559.40      358.205      15.2100
      4560.80      344.050      14.7369
      4562.20      335.500      14.5398
      4563.60      349.327      14.5578
      4565.00      341.075      14.5053
      4566.40      333.026      13.8033
      4567.80      343.670      14.5898
      4569.20      344.972      14.4466
      4570.60      349.567      14.2728
      4572.00      337.756      14.5150
      4573.40      329.140      13.9130
      4574.80      323.906      14.0475
      4576.20      334.068      14.2627
      4577.60      334.233      13.5323
      4579.00      322.549      14.1340
      4580.40      326.844      13.8236
      4581.80      320.151      13.7572
      4583.20      331.499      14.0343
      4584.60      328.190      13.9817
      4586.00      321.012      13.5596
      4587.40      316.953      13.5428
      4588.80      331.572      13.6065
      4590.20      324.215      13.8036
      4591.60      318.522      13.3635
      4593.00      317.333      13.3858
      4594.40      327.180      13.6757
      4595.80      336.846      13.9789
      4597.20      340.630      13.9859
      4598.60      321.015      13.4824
      4600.00      336.402      14.0102
      4601.40      320.754      13.7539
      4602.80      338.013      13.9206
      4604.20      329.907      13.7330
      4605.60      329.691      13.7112
      4607.00      329.230      13.6737
      4608.40      328.714      13.7045
      4609.80      334.699      13.8254
      4611.20      331.218      13.8082
      4612.60      334.763      13.7791
      4614.00      330.575      13.7780
      4615.40      325.886      13.7070
      4616.80      334.166      13.9473
      4618.20      328.338      13.8437
      4619.60      326.486      13.6824
      4621.00      335.354      13.8140
      4622.40      325.458      13.6572
      4623.80      335.293      14.3379
      4625.20      358.321      14.5157
      4626.60      331.290      13.7971
      4628.00      344.251      14.0395
      4629.40      319.206      13.4250
      4630.80      317.949      13.3609
      4632.20      340.457      13.9853
      4633.60      340.799      13.7856
      4635.00      331.113      13.7851
      4636.40      333.658      13.6382
      4637.80      331.114      13.6866
      4639.20      346.563      14.0091
      4640.60      322.896      13.8380
      4642.00      339.342      13.8491
      4643.40      340.496      13.8434
      4644.80      319.614      13.2947
      4646.20      332.155      13.8765
      4647.60      333.170      13.9836
      4649.00      339.429      13.7763
      4650.40      317.507      13.2024
      4651.80      338.418      13.7026
      4653.20      328.514      13.6746
      4654.60      332.173      13.6958
      4656.00      334.965      13.7368
      4657.40      324.428      13.5095
      4658.80      334.633      13.7429
      4660.20      325.822      13.8054
      4661.60      328.376      13.8125
      4663.00      317.961      13.2072
      4664.40      326.384      13.3348
      4665.80      318.025      13.2452
      4667.20      330.569      13.5188
      4668.60      321.214      13.2666
      4670.00      314.733      13.1198
      4671.40      332.252      13.5204
      4672.80      325.688      13.4930
      4674.20      322.791      13.1407
      4675.60      305.757      13.0297
      4677.00      327.926      13.3126
      4678.40      315.836      13.2527
      4679.80      330.779      13.5364
      4681.20      313.425      13.2044
      4682.60      334.035      13.3636
      4684.00      325.374      13.3302
      4685.40      315.127      12.9673
      4686.80      322.570      13.6165
      4688.20      323.054      13.3002
      4689.60      326.666      13.3410
      4691.00      333.689      13.5131
      4692.40      320.352      13.1589
      4693.80      315.980      12.9323
      4695.20      306.920      12.7996
      4696.60      323.523      13.1791
      4698.00      301.393      12.6236
      4699.40      308.730      12.6432
      4700.80      311.374      12.8606
      4702.20      318.251      13.0902
      4703.60      313.587      12.8914
      4705.00      330.561      13.6282
      4706.40      316.378      13.2623
      4707.80      303.249      12.7513
      4709.20      306.504      12.6656
      4710.60      318.362      13.0602
      4712.00      315.833      13.1080
      4713.40      330.250      13.6897
      4714.80      330.466      13.5635
      4716.20      328.953      13.9647
      4717.60      337.981      14.0678
      4719.00      338.971      13.9417
      4720.40      330.035      13.7250
      4721.80      322.471      13.3029
      4723.20      330.150      13.8794
      4724.60      334.108      13.9350
      4726.00      332.832      13.8612
      4727.40      341.668      13.9107
      4728.80      342.055      13.9753
      4730.20      331.777      13.6828
      4731.60      333.528      13.5783
      4733.00      339.789      13.9846
      4734.40      342.296      13.9167
      4735.80      326.620      13.5638
      4737.20      315.593      13.2865
      4738.60      332.256      13.6997
      4740.00      312.412      13.1433
      4741.40      322.464      13.4256
      4742.80      329.136      13.3693
      4744.20      317.832      13.1045
      4745.60      344.448      13.6523
      4747.00      457.548      17.2698
      4748.40      268.533      12.6934
      4749.80      319.499      12.7777
      4751.20      303.894      12.9554
      4752.60      307.389      12.5704
      4754.00      291.682      12.2205
      4755.40      301.369      12.2893
      4756.80      281.534      11.7855
      4758.20      315.017      12.6675
      4759.60      291.804      12.2575
      4761.00      302.233      12.3839
      4762.40      294.646      12.2558
      4763.80      281.855      12.0142
      4765.20      288.090      12.0769
      4766.60      290.497      12.2139
      4768.00      294.778      12.1690
      4769.40      300.490      12.3514
      4770.80      301.253      12.2911
      4772.20      299.786      12.3750
      4773.60      305.639      12.5198
      4775.00      308.781      12.7709
      4776.40      316.476      12.8389
      4777.80      295.005      12.4700
      4779.20      303.927      12.3814
      4780.60      311.716      12.6768
      4782.00      313.312      12.5926
      4783.40      311.309      12.7293
      4784.80      304.773      12.4681
      4786.20      309.762      12.5802
      4787.60      308.574      12.6202
      4789.00      305.824      12.4164
      4790.40      316.981      12.8585
      4791.80      315.866      12.6818
      4793.20      310.777      12.8161
      4794.60      320.437      12.7737
      4796.00      313.472      12.8431
      4797.40      302.255      12.5198
      4798.80      307.013      12.5558
      4800.20      315.669      12.8457
      4801.60      312.273      12.5833
      4803.00      304.773      12.3993
      4804.40      302.142      12.3115
      4805.80      311.236      12.6555
      4807.20      315.364      12.6827
      4808.60      297.439      12.2079
      4810.00      300.244      12.4271
      4811.40      329.013      13.7444
      4812.80      307.055      12.8353
      4814.20      313.645      12.8661
      4815.60      302.330      12.6653
      4817.00      302.038      12.4720
      4818.40      312.227      12.6120
      4819.80      309.739      12.6579
      4821.20      301.290      12.2760
      4822.60      295.237      12.2456
      4824.00      297.663      12.2996
      4825.40      300.204      12.0607
      4826.80      292.419      12.2860
      4828.20      289.163      11.8122
      4829.60      293.569      12.1538
      4831.00      297.782      12.0666
      4832.40      301.138      12.5949
      4833.80      302.923      12.1840
      4835.20      297.428      12.1794
      4836.60      282.046      11.8128
      4838.00      286.266      11.8185
      4839.40      293.264      12.0562
      4840.80      289.882      11.9161
      4842.20      276.435      11.7128
      4843.60      273.771          Inf
      4845.00      271.108          Inf
      4846.40      268.444      11.4896
      4847.80      287.892      11.7851
      4849.20      271.175      11.4621
      4850.60      264.617      11.1901
      4852.00      277.578      11.8403
      4853.40      271.655      11.4515
      4854.80      251.768      11.2374
      4856.20      234.670      10.4287
      4857.60      220.142      9.97552
      4859.00      218.263      9.85406
      4860.40      186.919      10.7802
      4861.80      163.177      8.81866
      4863.20      144.140      7.61049
      4864.60      142.046      7.66604
      4866.00      184.460      8.71234
      4867.40      217.056      9.89995
      4868.80      226.975      10.4622
      4870.20      237.080      10.6344
      4871.60      252.524      10.7952
      4873.00      276.739      11.8906
      4874.40      263.469      12.2005
      4875.80      292.996      12.1207
      4877.20      268.789      11.4287
      4878.60      278.551      11.6968
      4880.00      300.421      12.2608
      4881.40      280.936      11.8147
      4882.80      278.154      11.7663
      4884.20      301.117      12.3265
      4885.60      278.309      11.6758
      4887.00      294.064      11.9608
      4888.40      289.002      11.9917
      4889.80      298.157      12.0953
      4891.20      291.883      12.0470
      4892.60      281.816      11.4889
      4894.00      281.774      11.6290
      4895.40      277.073      11.4803
      4896.80      286.956      11.8178
      4898.20      290.403      11.8138
      4899.60      274.928      11.4877
      4901.00      282.532      11.6801
      4902.40      284.669      11.7744
      4903.80      285.709      11.6836
      4905.20      277.564      11.4261
      4906.60      288.026      11.8731
      4908.00      267.652      11.5303
      4909.40      268.894      11.5471
      4910.80      272.539      11.5954
      4912.20      280.382      11.7118
      4913.60      282.297      11.5739
      4915.00      286.986      11.6439
      4916.40      279.174      11.3485
      4917.80      263.761      11.1438
      4919.20      271.349      10.9751
      4920.60      283.551      11.5678
      4922.00      283.018      11.5928
      4923.40      275.245      11.3987
      4924.80      265.380      11.3670
      4926.20      273.977      11.4246
      4927.60      279.094      11.5629
      4929.00      285.149      11.6921
      4930.40      272.260      11.5907
      4931.80      292.621      12.2027
      4933.20      286.745      11.7582
      4934.60      291.786      11.9093
      4936.00      279.392      11.7020
      4937.40      287.061      11.8169
      4938.80      292.399      11.9569
      4940.20      299.400      11.7865
      4941.60      287.138      11.6614
      4943.00      285.384      11.6604
      4944.40      288.627      11.3998
      4945.80      291.573      12.1273
      4947.20      298.975      11.8873
      4948.60      289.893      11.9460
      4950.00      279.612      11.3868
      4951.40      286.945      11.7355
      4952.80      299.944      11.9449
      4954.20      301.456      11.9344
      4955.60      275.031      11.3688
      4957.00      291.232      11.5572
      4958.40      289.199      11.5206
      4959.80      280.162      11.5019
      4961.20      273.347      11.0979
      4962.60      294.160      11.7488
      4964.00      291.496      11.7063
      4965.40      295.891      11.7168
      4966.80      292.421      11.8664
      4968.20      288.323      11.6030
      4969.60      297.295      11.7751
      4971.00      293.260      11.7982
      4972.40      290.649      11.5629
      4973.80      280.846      11.6068
      4975.20      279.609      11.5599
      4976.60      294.299      11.7564
      4978.00      273.668      11.3212
      4979.40      275.776      11.2855
      4980.80      270.773      11.2533
      4982.20      285.468      11.5551
      4983.60      304.304      11.9774
      4985.00      282.337      11.4969
      4986.40      285.220      11.6313
      4987.80      285.520      11.5341
      4989.20      274.194      11.2894
      4990.60      283.216      11.4569
      4992.00      290.480      11.6018
      4993.40      284.994      11.5071
      4994.80      290.031      11.6173
      4996.20      300.220      11.8017
      4997.60      285.502      11.5354
      4999.00      288.497      11.5431
