      3900.00      285.792      11.9135
      3901.40      281.976      12.2138
      3902.80      300.835      12.3220
      3904.20      323.562      13.0208
      3905.60      338.659      13.7000
      3907.00      330.919      13.4985
      3908.40      344.387      14.0682
      3909.80      370.895      14.9952
      3911.20      370.018      14.9540
      3912.60      390.895      15.1549
      3914.00      379.306      14.9668
      3915.40      377.948      14.6334
      3916.80      369.893      14.6203
      3918.20      372.760      14.6602
      3919.60      381.277      14.6149
      3921.00      368.801      14.3971
      3922.40      378.090      14.6759
      3923.80      375.893      14.3974
      3925.20      375.431      14.7174
      3926.60      388.309      14.8717
      3928.00      378.003      14.5966
      3929.40      374.405      14.5600
      3930.80      370.655      14.1466
      3932.20      363.650      13.7784
      3933.60      311.978      12.1709
      3935.00      209.442      9.65302
      3936.40      241.100      9.95355
      3937.80      347.204      13.2763
      3939.20      374.665      14.4669
      3940.60      378.939      14.4619
      3942.00      382.333      14.2021
      3943.40      378.155      14.4714
      3944.80      376.680      14.3363
      3946.20      358.150      14.1335
      3947.60      368.401      13.8607
      3949.00      355.725      13.4457
      3950.40      355.303      13.5839
      3951.80      352.699      13.5898
      3953.20      352.029      13.7448
      3954.60      344.395      13.3768
      3956.00      335.049      13.2024
      3957.40      324.519      12.8391
      3958.80      313.113      12.2222
      3960.20      294.964      11.8119
      3961.60      287.073      11.5051
      3963.00      271.708      10.9172
      3964.40      250.700      10.3207
      3965.80      241.880      9.95728
      3967.20      206.702      9.03586
      3968.60      167.136      7.67857
      3970.00      111.101      5.97621
      3971.40      85.7104      5.39105
      3972.80      113.073      6.16004
      3974.20      155.433      7.41958
      3975.60      191.259      8.59532
      3977.00      219.992      9.58823
      3978.40      252.609      11.0274
      3979.80      270.004      11.6357
      3981.20      289.701      11.7948
      3982.60      292.626      12.5113
      3984.00      296.578      12.8436
      3985.40      314.211      12.8470
      3986.80      306.352      12.7392
      3988.20      314.539      12.8423
      3989.60      322.920      12.7287
      3991.00      329.078      13.0083
      3992.40      335.467      13.0595
      3993.80      352.934      13.2601
      3995.20      348.516      13.1788
      3996.60      360.553      13.5086
      3998.00      351.215      13.1611
      3999.40      354.640      13.2532
      4000.80      361.422      13.6058
      4002.20      374.040      13.8474
      4003.60      368.984      13.7357
      4005.00      370.629      13.8228
      4006.40      360.560      13.6401
      4007.80      369.156      13.6535
      4009.20      367.617      13.7936
      4010.60      379.953      13.7431
      4012.00      375.100      14.1134
      4013.40      375.676      14.0478
      4014.80      376.190      14.0843
      4016.20      382.347      14.1072
      4017.60      378.559      13.8805
      4019.00      394.682      14.4255
      4020.40      379.927      14.0947
      4021.80      377.876      13.8270
      4023.20      379.143      13.5966
      4024.60      369.998      13.4525
      4026.00      373.252      13.5076
      4027.40      377.108      13.6444
      4028.80      372.397      13.7739
      4030.20      379.429      13.8143
      4031.60      372.473      13.6476
      4033.00      369.320      13.5786
      4034.40      376.497      13.6860
      4035.80      368.394      13.7782
      4037.20      375.186      13.8023
      4038.60      377.519      13.8587
      4040.00      374.725      13.5494
      4041.40      388.876      14.3117
      4042.80      376.531      13.8419
      4044.20      377.567      13.8556
      4045.60      368.246      13.3229
      4047.00      362.018      13.4553
      4048.40      366.403      13.6543
      4049.80      373.194      13.7076
      4051.20      374.466      13.6344
      4052.60      376.210      13.7087
      4054.00      368.538      13.4429
      4055.40      363.254      13.4784
      4056.80      365.614      13.4903
      4058.20      365.634      13.3858
      4059.60      367.721      13.6589
      4061.00      373.408      13.9567
      4062.40      371.500      13.8111
      4063.80      369.546      13.5163
      4065.20      354.355      13.1597
      4066.60      358.152      13.1339
      4068.00      360.307      13.4089
      4069.40      361.228      13.4788
      4070.80      353.837      13.7007
      4072.20      359.289      13.5185
      4073.60      343.020      13.2538
      4075.00      350.902      13.3645
      4076.40      361.015      13.4660
      4077.80      337.188      12.9619
      4079.20      335.703      12.8189
      4080.60      333.905      12.6834
      4082.00      342.886      12.9198
      4083.40      334.664      12.8650
      4084.80      321.432      12.3491
      4086.20      321.768      11.9853
      4087.60      310.285      11.8354
      4089.00      300.895      11.3783
      4090.40      294.305      11.1950
      4091.80      285.230      11.0196
      4093.20      275.655      10.7706
      4094.60      267.306      10.2526
      4096.00      240.337      9.46273
      4097.40      225.599      9.11919
      4098.80      204.286      8.42254
      4100.20      183.301      7.55261
      4101.60      146.671      6.33892
      4103.00      106.335      5.17339
      4104.40      107.963      5.32133
      4105.80      145.896      6.31972
      4107.20      176.299      7.45250
      4108.60      204.448      8.41162
      4110.00      228.427      8.96743
      4111.40      241.358      9.48256
      4112.80      257.671      9.79300
      4114.20      274.188      10.5410
      4115.60      285.553      10.7728
      4117.00      285.743      10.5719
      4118.40      303.383      11.2901
      4119.80      297.467      11.2982
      4121.20      308.942      11.2982
      4122.60      315.447      11.7957
      4124.00      323.412      11.8431
      4125.40      326.842      11.9600
      4126.80      330.980      12.0648
      4128.20      328.119      12.0525
      4129.60      333.353      12.4416
      4131.00      327.251      12.2487
      4132.40      337.513      12.2388
      4133.80      320.665      11.8475
      4135.20      335.586      12.3442
      4136.60      340.844      12.5275
      4138.00      338.454      12.5283
      4139.40      344.925      12.6203
      4140.80      346.806      12.5518
      4142.20      348.963      12.9857
      4143.60      341.558      12.6651
      4145.00      336.812      12.2951
      4146.40      332.394      12.0370
      4147.80      349.996      12.5943
      4149.20      343.967      12.4495
      4150.60      342.742      12.5617
      4152.00      345.124      12.4635
      4153.40      340.282      12.1700
      4154.80      346.323      12.4787
      4156.20      340.195      12.4759
      4157.60      343.199      12.2368
      4159.00      346.883      12.4533
      4160.40      347.394      12.4654
      4161.80      340.305      12.4298
      4163.20      340.634      12.0754
      4164.60      338.993      12.2093
      4166.00      331.228      11.9891
      4167.40      352.081      12.7677
      4168.80      342.188      12.3079
      4170.20      339.817      12.2086
      4171.60      343.819      12.2973
      4173.00      339.073      12.1487
      4174.40      328.244      11.7276
      4175.80      334.577      12.0659
      4177.20      334.893      12.0204
      4178.60      334.037      12.1729
      4180.00      334.465      12.0258
      4181.40      334.820      11.9666
      4182.80      334.756      12.0829
      4184.20      336.601      11.8508
      4185.60      338.299      12.0219
      4187.00      339.274      11.9793
      4188.40      358.178      12.0266
      4189.80      344.378      12.4810
      4191.20      346.018      12.1104
      4192.60      341.145      12.4766
      4194.00      344.872      12.1951
      4195.40      343.102      12.1286
      4196.80      343.726      12.0993
      4198.20      345.144      12.2170
      4199.60      338.690      12.0317
      4201.00      333.639      11.8738
      4202.40      333.513      11.8023
      4203.80      330.313      11.7637
      4205.20      331.865      11.7958
      4206.60      344.311      12.4136
      4208.00      336.906      11.9807
      4209.40      337.165      12.1031
      4210.80      339.826      12.3932
      4212.20      338.075      12.1050
      4213.60      337.175      11.9803
      4215.00      339.776      12.0557
      4216.40      335.521      11.8328
      4217.80      333.541      11.8940
      4219.20      341.569      12.0706
      4220.60      338.376      12.1441
      4222.00      335.323      11.7676
      4223.40      338.624      11.8297
      4224.80      334.636      12.0110
      4226.20      329.416      11.4753
      4227.60      316.916      11.3585
      4229.00      320.740      11.5520
      4230.40      331.724      11.9070
      4231.80      339.938      11.8856
      4233.20      333.414      11.7919
      4234.60      321.142      11.5314
      4236.00      322.125      11.6845
      4237.40      328.479      11.7837
      4238.80      333.147      12.0117
      4240.20      332.677      11.8936
      4241.60      335.353      12.1732
      4243.00      336.186      12.0285
      4244.40      330.992      11.7668
      4245.80      334.375      11.7938
      4247.20      332.740      11.6983
      4248.60      317.640      11.3035
      4250.00      330.317      11.7882
      4251.40      325.193      11.3757
      4252.80      319.159      11.3120
      4254.20      330.609      11.6865
      4255.60      330.727      11.6674
      4257.00      324.619      11.6967
      4258.40      328.620      11.7957
      4259.80      328.990      11.6669
      4261.20      324.809      11.4285
      4262.60      326.077      11.4136
      4264.00      335.247      11.7206
      4265.40      335.150      11.9394
      4266.80      328.650      11.9135
      4268.20      332.122      11.7485
      4269.60      329.039      11.8951
      4271.00      325.853      11.6024
      4272.40      320.081      11.4346
      4273.80      311.906      11.0255
      4275.20      319.075      11.4228
      4276.60      323.539      11.6751
      4278.00      322.661      11.5441
      4279.40      324.843      11.5389
      4280.80      328.132      11.6983
      4282.20      322.958      11.5361
      4283.60      323.063      11.6261
      4285.00      325.246      11.6070
      4286.40      335.606      11.8510
      4287.80      325.175      11.3926
      4289.20      322.688      11.2677
      4290.60      319.441      11.1726
      4292.00      302.842      10.7860
      4293.40      318.758      11.2071
      4294.80      315.259      11.2592
      4296.20      309.803      10.9813
      4297.60      319.670      11.1587
      4299.00      319.452      11.3009
      4300.40      313.165      11.0668
      4301.80      297.759      10.7193
      4303.20      297.353      10.3736
      4304.60      297.026      10.6818
      4306.00      306.451      10.9125
      4307.40      310.738      11.2136
      4308.80      309.287      11.0906
      4310.20      292.700      10.6779
      4311.60      310.536      10.9592
      4313.00      305.912      11.0091
      4314.40      299.435      10.7040
      4315.80      289.481      10.3217
      4317.20      288.444      10.3288
      4318.60      297.365      10.7145
      4320.00      297.652      10.3855
      4321.40      285.873      10.3639
      4322.80      283.186      9.98637
      4324.20      280.753      9.96841
      4325.60      275.753      9.71503
      4327.00      258.652      9.61055
      4328.40      258.532      9.50983
      4329.80      258.968      9.52569
      4331.20      245.529      9.14753
      4332.60      236.748      8.57490
      4334.00      223.418      8.41960
      4335.40      214.450      7.97756
      4336.80      198.297      7.47745
      4338.20      175.425      6.63338
      4339.60      152.079      5.98457
      4341.00      116.287      4.97063
      4342.40      96.0673      4.19835
      4343.80      112.798      4.97884
      4345.20      148.852      6.01639
      4346.60      174.908      6.89525
      4348.00      191.219      7.18095
      4349.40      211.553      8.04546
      4350.80      221.849      8.12199
      4352.20      227.914      8.54554
      4353.60      231.676      8.83269
      4355.00      249.924      9.06696
      4356.40      254.900      9.33544
      4357.80      270.989      9.64882
      4359.20      268.139      9.89393
      4360.60      283.803      10.1291
      4362.00      283.953      9.94664
      4363.40      289.276      10.3550
      4364.80      285.365      10.1888
      4366.20      288.940      9.90345
      4367.60      293.722      10.6012
      4369.00      298.608      10.5733
      4370.40      299.755      10.6980
      4371.80      304.180      10.7904
      4373.20      301.222      10.5796
      4374.60      297.886      10.6221
      4376.00      300.867      10.7270
      4377.40      302.212      10.6232
      4378.80      304.039      10.7766
      4380.20      307.464      10.7652
      4381.60      309.093      10.8109
      4383.00      304.957      10.6905
      4384.40      302.236      10.4264
      4385.80      288.442      10.2527
      4387.20      292.995      10.6489
      4388.60      301.128      10.7306
      4390.00      304.881      10.9636
      4391.40      308.470      10.7050
      4392.80      304.130      10.7454
      4394.20      308.488      10.7514
      4395.60      296.860      10.5697
      4397.00      290.621      10.2998
      4398.40      301.864      10.6238
      4399.80      302.403      10.6291
      4401.20      299.980      10.3887
      4402.60      304.398      10.8068
      4404.00      307.286      10.9163
      4405.40      303.757      10.6110
      4406.80      295.366      10.7569
      4408.20      299.278      10.6083
      4409.60      306.010      10.7730
      4411.00      309.946      11.0051
      4412.40      307.899      11.0909
      4413.80      304.968      10.8282
      4415.20      302.234      10.7238
      4416.60      295.940      10.1840
      4418.00      285.725      9.87164
      4419.40      285.245      10.2039
      4420.80      292.953      10.4558
      4422.20      305.415      10.4855
      4423.60      301.630      10.5387
      4425.00      302.912      10.6845
      4426.40      299.027      10.5598
      4427.80      300.013      10.4049
      4429.20      301.309      10.5777
      4430.60      299.834      10.5869
      4432.00      300.296      10.5142
      4433.40      303.785      10.6977
      4434.80      296.858      10.4597
      4436.20      291.080      10.3179
      4437.60      293.684      10.3198
      4439.00      302.123      10.5950
      4440.40      299.939      10.4681
      4441.80      300.989      10.4668
      4443.20      298.106      10.4214
      4444.60      292.466      10.2069
      4446.00      284.303      10.0425
      4447.40      289.495      10.3274
      4448.80      294.033      10.5531
      4450.20      297.945      10.2806
      4451.60      293.093      10.3128
      4453.00      293.821      10.4871
      4454.40      296.484      10.4638
      4455.80      295.050      10.2819
      4457.20      287.212      10.0738
      4458.60      294.498      10.1991
      4460.00      293.673      10.3697
      4461.40      295.650      10.4000
      4462.80      295.277      10.2824
      4464.20      291.934      10.3872
      4465.60      294.205      10.3626
      4467.00      290.653      10.5382
      4468.40      294.584      10.3905
      4469.80      280.547      9.82527
      4471.20      281.627      9.70774
      4472.60      291.409      10.1655
      4474.00      290.261      10.2859
      4475.40      290.786      10.4834
      4476.80      296.172      10.3564
      4478.20      295.303      10.5033
      4479.60      293.628      10.3621
      4481.00      291.011      10.5680
      4482.40      277.159      9.64625
      4483.80      269.673      9.58493
      4485.20      281.972      9.88397
      4486.60      291.182      10.3637
      4488.00      295.335      10.1649
      4489.40      291.220      10.1936
      4490.80      290.839      10.0397
      4492.20      285.066      9.91089
      4493.60      285.645      10.1217
      4495.00      287.312      10.1365
      4496.40      291.327      10.2990
      4497.80      288.207      10.1213
      4499.20      285.250      9.92377
      4500.60      290.029      10.0977
      4502.00      288.768      9.98275
      4503.40      278.730      9.80334
      4504.80      285.612      10.0452
      4506.20      292.500      10.2235
      4507.60      286.564      9.89144
      4509.00      287.710      10.2152
      4510.40      280.690      9.94462
      4511.80      286.905      10.0069
      4513.20      287.690      10.1564
      4514.60      287.308      10.1102
      4516.00      291.653      10.0103
      4517.40      283.534      9.91461
      4518.80      286.887      9.81122
      4520.20      285.891      9.91817
      4521.60      277.486      9.83473
      4523.00      283.784      9.85331
      4524.40      278.401      9.82602
      4525.80      281.484      9.83261
      4527.20      283.757      10.0668
      4528.60      288.347      10.1317
      4530.00      283.348      9.97311
      4531.40      287.919      10.0734
      4532.80      283.443      9.90738
      4534.20      281.402      9.85051
      4535.60      271.790      9.60745
      4537.00      269.440      9.39713
      4538.40      287.154      9.88191
      4539.80      282.046      9.76327
      4541.20      287.486      9.97383
      4542.60      282.836      9.93648
      4544.00      282.412      10.0151
      4545.40      290.612      10.1351
      4546.80      288.943      10.1707
      4548.20      285.396      10.2124
      4549.60      289.452      9.98616
      4551.00      266.335      9.44605
      4552.40      263.778      9.44460
      4553.80      281.898      10.1815
      4555.20      283.461      9.94550
      4556.60      282.645      9.99094
      4558.00      277.342      9.46542
      4559.40      276.399      9.79181
      4560.80      280.160      9.73754
      4562.20      276.322      9.93090
      4563.60      286.556      9.90355
      4565.00      279.708      9.78609
      4566.40      273.409      9.61987
      4567.80      279.343      9.73410
      4569.20      282.182      9.93702
      4570.60      284.670      9.79737
      4572.00      283.150      9.95334
      4573.40      273.783      9.58909
      4574.80      272.857      9.55334
      4576.20      281.507      9.89022
      4577.60      281.580      9.94349
      4579.00      283.225      9.99536
      4580.40      281.370      9.74323
      4581.80      283.127      9.82575
      4583.20      282.095      9.85180
      4584.60      274.602      9.49691
      4586.00      270.035      9.37360
      4587.40      280.538      9.74380
      4588.80      278.014      9.59700
      4590.20      273.966      9.69061
      4591.60      274.611      9.71561
      4593.00      279.180      9.66617
      4594.40      285.055      10.3304
      4595.80      279.175      9.59621
      4597.20      279.655      9.60110
      4598.60      280.952      9.72101
      4600.00      279.030      9.72039
      4601.40      279.732      9.72295
      4602.80      276.246      9.48744
      4604.20      275.616      9.43844
      4605.60      279.595      9.68330
      4607.00      278.123      9.61643
      4608.40      277.990      9.48899
      4609.80      283.039      10.0429
      4611.20      282.040      9.79046
      4612.60      274.457      9.52013
      4614.00      277.334      9.54151
      4615.40      278.681      9.62690
      4616.80      273.594      9.48480
      4618.20      272.343      9.36210
      4619.60      275.496      9.59973
      4621.00      272.983      9.54948
      4622.40      273.217      9.34405
      4623.80      278.990      9.59655
      4625.20      280.603      9.78786
      4626.60      279.666      9.58335
      4628.00      279.262      9.71101
      4629.40      273.808      9.25294
      4630.80      271.743      9.43494
      4632.20      272.750      9.54546
      4633.60      277.627      9.67112
      4635.00      271.386      9.34611
      4636.40      271.072      9.43470
      4637.80      272.262      9.54025
      4639.20      272.494      9.56901
      4640.60      275.994      9.75891
      4642.00      274.968      9.49930
      4643.40      278.451      9.50479
      4644.80      273.970      9.53472
      4646.20      275.566      9.48709
      4647.60      275.703      9.56529
      4649.00      270.368      9.44728
      4650.40      270.923      9.54524
      4651.80      270.994      9.77609
      4653.20      273.084      9.55873
      4654.60      273.004      9.54846
      4656.00      271.609      9.45762
      4657.40      278.104      9.68759
      4658.80      272.068      9.40053
      4660.20      269.812      9.57861
      4661.60      272.073      9.41964
      4663.00      272.679      9.57806
      4664.40      274.220      9.49001
      4665.80      272.374      9.43074
      4667.20      269.856      9.37487
      4668.60      267.463      9.34049
      4670.00      269.256      9.40452
      4671.40      269.056      9.46189
      4672.80      268.750      9.41975
      4674.20      272.316      9.56045
      4675.60      266.634      9.38023
      4677.00      272.094      9.46749
      4678.40      268.890      9.37035
      4679.80      269.199      9.30522
      4681.20      268.945      9.30149
      4682.60      267.833      9.29397
      4684.00      271.498      9.29980
      4685.40      268.536      9.22512
      4686.80      270.079      9.34104
      4688.20      268.856      9.65864
      4689.60      270.979      9.21539
      4691.00      273.910      9.40753
      4692.40      273.988      9.46359
      4693.80      271.487      9.51761
      4695.20      268.389      9.39915
      4696.60      271.537      9.35987
      4698.00      272.469      9.61509
      4699.40      269.355      9.62884
      4700.80      268.778      9.59165
      4702.20      268.491      9.22411
      4703.60      266.521      9.30136
      4705.00      264.215      9.18990
      4706.40      265.795      9.07297
      4707.80      267.313      9.29289
      4709.20      270.545      9.25540
      4710.60      267.905      9.23294
      4712.00      265.412      9.19040
      4713.40      265.157      9.25014
      4714.80      264.461      9.16055
      4716.20      270.162      9.29888
      4717.60      263.835      9.28860
      4719.00      270.487      9.51204
      4720.40      269.357      9.35128
      4721.80      268.383      9.38090
      4723.20      271.207      9.43528
      4724.60      268.884      9.34992
      4726.00      264.670      9.15350
      4727.40      267.847      9.24510
      4728.80      267.394      9.19138
      4730.20      267.355      9.35195
      4731.60      267.109      9.24003
      4733.00      264.574      9.09079
      4734.40      264.251      9.25861
      4735.80      265.507      9.26372
      4737.20      267.075      9.34181
      4738.60      269.188      9.45980
      4740.00      261.338      9.03414
      4741.40      263.992      9.18168
      4742.80      261.719      9.25272
      4744.20      262.560      9.36890
      4745.60      264.890      9.25421
      4747.00      264.569      9.25345
      4748.40      264.392      9.35555
      4749.80      261.214      9.16323
      4751.20      258.923      8.84774
      4752.60      258.940      9.06628
      4754.00      261.828      9.17490
      4755.40      261.855      9.13034
      4756.80      255.894      8.83478
      4758.20      259.808      9.02945
      4759.60      261.442      8.88696
      4761.00      257.112      8.85823
      4762.40      258.235      8.98092
      4763.80      255.628      8.72431
      4765.20      251.697      8.94448
      4766.60      250.235      8.76389
      4768.00      253.689      8.77848
      4769.40      258.859      8.99761
      4770.80      255.893      9.10091
      4772.20      259.255      8.87236
      4773.60      252.859      8.86824
      4775.00      253.715      8.60300
      4776.40      256.878      8.95007
      4777.80      256.513      8.77707
      4779.20      253.134      8.80128
      4780.60      250.340      8.75847
      4782.00      251.393      8.90864
      4783.40      252.603      8.70128
      4784.80      251.803      8.69741
      4786.20      255.917      8.75655
      4787.60      255.151      8.68766
      4789.00      253.662      8.79683
      4790.40      256.085      8.89170
      4791.80      248.044      8.73718
      4793.20      256.556      8.95592
      4794.60      250.058      8.80907
      4796.00      248.508      8.63299
      4797.40      253.380      8.60563
      4798.80      256.804      8.74599
      4800.20      248.928      8.65488
      4801.60      249.924      8.80462
      4803.00      247.889      8.53082
      4804.40      250.658      8.81504
      4805.80      248.307      8.71845
      4807.20      245.431      8.48610
      4808.60      251.272      8.58429
      4810.00      248.715      8.64034
      4811.40      248.560      8.58784
      4812.80      247.951      8.51017
      4814.20      245.471      8.51339
      4815.60      248.081      8.47817
      4817.00      245.536      8.49785
      4818.40      242.856      8.50523
      4819.80      244.748      8.45102
      4821.20      242.256      8.48091
      4822.60      242.201      8.51937
      4824.00      242.056      8.58017
      4825.40      242.031      8.39270
      4826.80      234.964      8.26261
      4828.20      234.894      8.32618
      4829.60      243.532      8.34692
      4831.00      240.354      8.51933
      4832.40      242.839      8.54631
      4833.80      234.953      8.28774
      4835.20      235.872      8.19803
      4836.60      235.416      8.19554
      4838.00      232.946      8.17582
      4839.40      232.931      8.19164
      4840.80      228.239      7.99515
      4842.20      227.280      8.00715
      4843.60      224.590      7.87322
      4845.00      217.896      7.58441
      4846.40      215.784      7.63123
      4847.80      215.428      7.59656
      4849.20      207.689      7.41326
      4850.60      200.947      7.33273
      4852.00      201.713      7.11072
      4853.40      191.234      6.95588
      4854.80      188.258      6.72912
      4856.20      174.149      6.20037
      4857.60      165.382      5.93652
      4859.00      151.403      5.56680
      4860.40      135.375      4.88949
      4861.80      112.407      4.27835
      4863.20      86.7352      3.70772
      4864.60      94.5867      4.01106
      4866.00      121.106      4.72652
      4867.40      143.015      5.37734
      4868.80      155.118      5.73656
      4870.20      167.526      6.25881
      4871.60      178.218      6.50420
      4873.00      183.119      6.87042
      4874.40      190.183      7.02271
      4875.80      197.365      7.10678
      4877.20      201.590      7.09123
      4878.60      207.815      7.50718
      4880.00      207.757      7.45004
      4881.40      210.199      7.52973
      4882.80      218.460      7.78000
      4884.20      220.623      7.96711
      4885.60      224.559      8.09001
      4887.00      227.492      8.20450
      4888.40      225.957      8.04818
      4889.80      226.463      7.92326
      4891.20      230.273      8.07231
      4892.60      226.157      7.82213
      4894.00      227.622      8.01000
      4895.40      233.210      8.18919
      4896.80      232.303      8.04366
      4898.20      233.749      8.05840
      4899.60      232.138      8.31882
      4901.00      234.469      8.05870
      4902.40      236.736      8.24763
      4903.80      231.998      8.16015
      4905.20      231.623      8.05640
      4906.60      236.380      8.21080
      4908.00      232.364      8.04770
      4909.40      237.292      8.12056
      4910.80      235.093      8.21309
      4912.20      232.206      8.10108
      4913.60      235.637      8.16455
      4915.00      236.499      8.29268
      4916.40      235.007      8.20989
      4917.80      235.536      8.24476
      4919.20      240.932      8.12867
      4920.60      244.798      8.30868
      4922.00      231.416      8.15926
      4923.40      233.355      8.27141
      4924.80      230.149      7.92157
      4926.20      222.271      7.74949
      4927.60      227.775      7.82790
      4929.00      236.523      8.13202
      4930.40      234.632      8.07928
      4931.80      236.875      8.16701
      4933.20      234.131      8.12009
      4934.60      233.334      8.13147
      4936.00      236.154      8.08326
      4937.40      235.139      8.21057
      4938.80      232.596      8.08067
      4940.20      232.161      8.00029
      4941.60      232.305      8.05214
      4943.00      236.481      8.17334
      4944.40      234.713      8.11720
      4945.80      230.447      7.98557
      4947.20      234.899      7.92137
      4948.60      231.846      7.87208
      4950.00      232.654      7.94759
      4951.40      233.516      8.19795
      4952.80      233.040      8.09168
      4954.20      234.162      8.06079
      4955.60      235.658      8.10442
      4957.00      234.824      8.22661
      4958.40      230.896      8.12376
      4959.80      227.839      7.90594
      4961.20      231.247      7.98471
      4962.60      234.516      8.16005
      4964.00      234.743      8.11924
      4965.40      234.740      8.17202
      4966.80      232.914      8.08995
      4968.20      226.841      7.94742
      4969.60      230.815      8.00590
      4971.00      230.057      8.10119
      4972.40      231.884      7.99302
      4973.80      233.761      8.17541
      4975.20      232.460      8.04438
      4976.60      232.937      8.04303
      4978.00      233.615      7.97552
      4979.40      232.741      7.97323
      4980.80      232.557      7.95378
      4982.20      230.422      8.00432
      4983.60      231.106      8.03746
      4985.00      227.941      7.74043
      4986.40      226.127      8.01513
      4987.80      227.983      7.93507
      4989.20      226.492      7.85846
      4990.60      225.712      7.80914
      4992.00      229.594      7.95288
      4993.40      230.484      7.86819
      4994.80      226.749      7.89688
      4996.20      227.256      7.92203
      4997.60      229.041      7.96648
      4999.00      230.147      7.94686
