      3900.00      123.572      7.69130
      3901.40      130.516      8.14048
      3902.80      133.613      8.40488
      3904.20      132.819      8.37469
      3905.60      136.744      8.49205
      3907.00      142.524      8.51709
      3908.40      140.016      7.99878
      3909.80      133.639      8.05914
      3911.20      138.796      8.32007
      3912.60      154.820      8.70711
      3914.00      160.243      9.15727
      3915.40      162.762      9.12214
      3916.80      160.464      8.73301
      3918.20      154.071      8.46797
      3919.60      152.322      8.13492
      3921.00      155.348      8.48030
      3922.40      153.055      8.49425
      3923.80      151.551      8.26216
      3925.20      154.042      8.36932
      3926.60      153.597      8.38542
      3928.00      151.046      8.61492
      3929.40      160.269      8.64111
      3930.80      149.478      8.59473
      3932.20      139.892      8.42135
      3933.60      131.465      7.31351
      3935.00      114.334      6.84878
      3936.40      84.6161      5.64603
      3937.80      51.8839      4.61484
      3939.20      49.5487      4.75348
      3940.60      91.2022      6.30509
      3942.00      125.430      7.61153
      3943.40      142.272      8.17728
      3944.80      155.348      8.55097
      3946.20      156.585      8.32240
      3947.60      151.800      8.19530
      3949.00      153.076      8.31483
      3950.40      152.166      8.24798
      3951.80      154.347      8.34736
      3953.20      153.436      8.35783
      3954.60      148.315      7.81456
      3956.00      147.255      8.00231
      3957.40      151.817      8.02367
      3958.80      151.272      7.73992
      3960.20      145.722      7.95700
      3961.60      137.062      8.06502
      3963.00      145.354      8.44337
      3964.40      145.421      8.29585
      3965.80      135.315      8.16770
      3967.20      127.982      8.06963
      3968.60      124.366      7.79770
      3970.00      111.704      7.28614
      3971.40      93.0361      6.45655
      3972.80      50.0785      4.92865
      3974.20      42.7689      4.79591
      3975.60      65.6455      5.48536
      3977.00      94.1924      6.20219
      3978.40      115.750      6.70229
      3979.80      125.831      7.23131
      3981.20      127.768      7.42017
      3982.60      140.412      7.67510
      3984.00      147.466      7.89245
      3985.40      146.606      7.81952
      3986.80      143.847      7.46995
      3988.20      147.544      7.60498
      3989.60      154.122      7.95104
      3991.00      154.143      7.72917
      3992.40      151.896      7.57564
      3993.80      157.043      7.92992
      3995.20      153.063      8.04909
      3996.60      159.192      8.12021
      3998.00      157.690      7.67375
      3999.40      155.685      7.76072
      4000.80      156.122      7.53255
      4002.20      151.410      7.70385
      4003.60      154.975      7.66820
      4005.00      162.649      7.87372
      4006.40      163.274      7.78541
      4007.80      158.404      7.85318
      4009.20      155.758      7.53503
      4010.60      147.615      7.60142
      4012.00      156.071      7.79594
      4013.40      163.281      7.93093
      4014.80      167.102      8.02849
      4016.20      159.126      7.66664
      4017.60      156.252      7.86977
      4019.00      162.426      7.83271
      4020.40      162.627      7.60453
      4021.80      164.069      8.21860
      4023.20      166.098      7.76561
      4024.60      162.785      7.96061
      4026.00      166.797      7.99705
      4027.40      162.370      7.99449
      4028.80      160.593      7.99391
      4030.20      161.337      8.04779
      4031.60      169.419      8.17358
      4033.00      161.275      8.08265
      4034.40      161.573      8.02806
      4035.80      155.970      7.96715
      4037.20      153.310      7.62619
      4038.60      155.990      8.04821
      4040.00      158.984      8.07032
      4041.40      164.151      7.89418
      4042.80      169.287      8.13295
      4044.20      164.932      8.04140
      4045.60      167.187      8.18841
      4047.00      166.380      8.25083
      4048.40      166.115      8.36235
      4049.80      157.738      8.00680
      4051.20      156.480      7.79468
      4052.60      162.186      8.14519
      4054.00      164.714      8.03712
      4055.40      169.709      8.32245
      4056.80      162.434      8.06913
      4058.20      161.775      7.99666
      4059.60      160.662      8.07405
      4061.00      165.377      7.96816
      4062.40      160.671      8.14158
      4063.80      162.536      8.06659
      4065.20      170.287      8.30395
      4066.60      169.951      8.33916
      4068.00      153.534      7.86049
      4069.40      156.726      7.65132
      4070.80      163.061      8.00448
      4072.20      160.590      8.26061
      4073.60      164.570      8.22298
      4075.00      162.995      7.99697
      4076.40      154.168      7.70160
      4077.80      156.526      7.48922
      4079.20      160.545      7.77931
      4080.60      160.468      7.62345
      4082.00      147.205      7.16097
      4083.40      146.911      7.38610
      4084.80      160.728      7.61798
      4086.20      161.170      7.78914
      4087.60      155.457      7.39779
      4089.00      157.186      7.70687
      4090.40      150.429      7.55395
      4091.80      151.342      7.26549
      4093.20      154.792      7.41211
      4094.60      153.928      7.42583
      4096.00      156.778      7.41932
      4097.40      146.871      7.25244
      4098.80      146.252      7.15388
      4100.20      140.239      6.69201
      4101.60      135.416      6.62233
      4103.00      125.059      6.35994
      4104.40      114.367      6.08218
      4105.80      86.4705      5.13812
      4107.20      79.4364      4.87326
      4108.60      98.7260      5.84130
      4110.00      123.833      6.21139
      4111.40      134.495      6.84958
      4112.80      138.446      6.80306
      4114.20      141.676      6.96015
      4115.60      143.366      7.07350
      4117.00      149.265      6.85953
      4118.40      150.604      7.24949
      4119.80      157.527      7.13489
      4121.20      158.244      7.47568
      4122.60      151.555      7.29823
      4124.00      150.603      7.32803
      4125.40      156.473      7.56783
      4126.80      156.396      7.53557
      4128.20      155.308      7.74347
      4129.60      164.788      7.75058
      4131.00      159.564      7.54240
      4132.40      159.010      7.68787
      4133.80      159.197      7.49353
      4135.20      162.724      7.31406
      4136.60      155.473      7.28379
      4138.00      154.380      7.48883
      4139.40      156.100      7.41830
      4140.80      159.192      7.35598
      4142.20      163.372      7.42206
      4143.60      162.461      7.46415
      4145.00      170.293      7.79094
      4146.40      163.095      7.29343
      4147.80      154.887      7.31411
      4149.20      150.470      6.76905
      4150.60      156.296      7.21602
      4152.00      160.009      7.23259
      4153.40      158.226      7.26391
      4154.80      156.997      7.47299
      4156.20      161.694      7.50566
      4157.60      161.594      7.40508
      4159.00      154.897      7.09088
      4160.40      153.660      7.17914
      4161.80      157.507      7.18749
      4163.20      155.756      7.12410
      4164.60      157.542      6.94293
      4166.00      161.706      7.41039
      4167.40      158.900      7.26719
      4168.80      156.060      7.15139
      4170.20      162.028      7.01892
      4171.60      162.496      7.49830
      4173.00      159.690      7.38681
      4174.40      160.103      7.28383
      4175.80      159.216      7.08825
      4177.20      152.889      7.01226
      4178.60      148.329      6.70394
      4180.00      153.843      6.91523
      4181.40      155.644      6.91565
      4182.80      154.021      7.00853
      4184.20      153.443      6.92190
      4185.60      156.309      7.02325
      4187.00      154.461      7.32135
      4188.40      160.964      6.97427
      4189.80      158.348      7.05080
      4191.20      155.410      6.88081
      4192.60      151.520      6.82701
      4194.00      155.965      6.97421
      4195.40      161.255      6.95147
      4196.80      157.347      7.18703
      4198.20      163.242      7.34308
      4199.60      162.812      7.33264
      4201.00      160.805      6.96920
      4202.40      154.993      6.92065
      4203.80      152.949      6.78520
      4205.20      155.120      7.13089
      4206.60      151.077      6.92132
      4208.00      156.885      6.91039
      4209.40      156.310      6.99436
      4210.80      159.901      7.30384
      4212.20      160.737      7.09758
      4213.60      161.422      6.84468
      4215.00      157.772      7.00232
      4216.40      158.743      6.85883
      4217.80      165.778      7.48896
      4219.20      154.270      6.97041
      4220.60      150.460      6.76068
      4222.00      158.918      7.20547
      4223.40      159.412      7.08667
      4224.80      162.506      7.15598
      4226.20      161.569      7.05214
      4227.60      160.910      7.08782
      4229.00      157.252      7.03417
      4230.40      152.014      6.70572
      4231.80      140.988      6.54054
      4233.20      149.905      6.82453
      4234.60      163.001      7.12335
      4236.00      161.497      7.08866
      4237.40      153.318      6.94332
      4238.80      148.527      6.70657
      4240.20      154.047      6.70814
      4241.60      154.293      7.12764
      4243.00      159.690      6.96250
      4244.40      158.068      6.86724
      4245.80      157.702      6.82780
      4247.20      160.426      7.06706
      4248.60      160.745      7.00299
      4250.00      162.691      7.43924
      4251.40      153.352      6.87491
      4252.80      149.909      6.70307
      4254.20      152.496      6.93562
      4255.60      145.030      6.65703
      4257.00      153.794      6.68362
      4258.40      159.540      6.85802
      4259.80      160.757      6.79121
      4261.20      161.606      7.07953
      4262.60      161.948      6.89208
      4264.00      158.654      6.89435
      4265.40      153.370      6.67981
      4266.80      153.119      6.85488
      4268.20      159.786      7.11899
      4269.60      165.417      7.11638
      4271.00      167.518      7.22414
      4272.40      166.662      6.95010
      4273.80      161.051      6.97245
      4275.20      156.641      6.80552
      4276.60      143.113      6.38793
      4278.00      145.991      6.68935
      4279.40      150.935      6.81167
      4280.80      155.527      6.90625
      4282.20      158.316      7.08791
      4283.60      162.762      7.05017
      4285.00      161.378      7.05468
      4286.40      160.373      6.87826
      4287.80      155.336      6.87394
      4289.20      152.674      6.74707
      4290.60      156.850      6.97856
      4292.00      157.901      6.52662
      4293.40      148.933      6.73304
      4294.80      144.698      6.52729
      4296.20      146.682      6.41954
      4297.60      148.873      6.72284
      4299.00      152.280      6.48457
      4300.40      153.339      6.64565
      4301.80      154.580      6.69911
      4303.20      149.027      6.55784
      4304.60      142.878      6.31235
      4306.00      131.173      6.01227
      4307.40      139.218      6.31652
      4308.80      144.953      6.62543
      4310.20      154.078      6.84614
      4311.60      149.412      6.76142
      4313.00      144.409      6.44263
      4314.40      148.985      6.44262
      4315.80      155.471      6.77674
      4317.20      153.062      6.72588
      4318.60      138.537      6.33622
      4320.00      137.169      6.08462
      4321.40      150.110      6.44253
      4322.80      150.531      6.52271
      4324.20      151.800      6.46467
      4325.60      146.672      6.62786
      4327.00      148.901      6.54091
      4328.40      152.795      6.54599
      4329.80      141.381      6.29865
      4331.20      134.377      6.28755
      4332.60      139.623      6.29667
      4334.00      147.176      6.46735
      4335.40      144.315      6.33988
      4336.80      144.087      6.32337
      4338.20      140.376      6.49272
      4339.60      137.521      6.07227
      4341.00      132.464      5.87988
      4342.40      113.237      5.41724
      4343.80      101.367      5.16081
      4345.20      79.9635      4.48663
      4346.60      83.3271      4.37255
      4348.00      103.995      5.02183
      4349.40      122.260      5.80623
      4350.80      130.833      6.22739
      4352.20      139.008      6.26153
      4353.60      144.362      6.37474
      4355.00      141.355      6.20772
      4356.40      134.936      6.08319
      4357.80      135.194      6.15090
      4359.20      145.589      7.07900
      4360.60      154.807      7.05888
      4362.00      154.646      6.97324
      4363.40      152.336      6.59345
      4364.80      155.894      6.53701
      4366.20      149.860      6.59318
      4367.60      158.260      6.60988
      4369.00      151.176      6.54527
      4370.40      158.910      6.61938
      4371.80      156.628      6.58176
      4373.20      155.291      6.67339
      4374.60      155.565      6.77831
      4376.00      158.428      6.67514
      4377.40      156.290      6.69452
      4378.80      153.272      6.79333
      4380.20      144.616      6.38190
      4381.60      150.033      6.35038
      4383.00      159.727      6.78516
      4384.40      158.751      6.86777
      4385.80      161.173      6.90063
      4387.20      154.199      6.49937
      4388.60      145.771      6.46472
      4390.00      144.029      6.20447
      4391.40      152.437      6.31379
      4392.80      157.164      6.66337
      4394.20      154.695      6.64871
      4395.60      159.618      6.87055
      4397.00      150.787      6.48703
      4398.40      157.729      6.72174
      4399.80      144.336      6.30693
      4401.20      142.649      6.29463
      4402.60      153.073      6.72584
      4404.00      149.516      6.28375
      4405.40      148.823      6.36807
      4406.80      151.042      6.54138
      4408.20      157.135      6.63561
      4409.60      151.664      6.50486
      4411.00      149.948      6.21557
      4412.40      154.459      6.46813
      4413.80      156.384      6.67832
      4415.20      154.406      6.50145
      4416.60      155.640      6.54846
      4418.00      155.906      6.48339
      4419.40      150.823      6.44631
      4420.80      142.533      6.06311
      4422.20      139.260      5.89977
      4423.60      143.760      6.19882
      4425.00      149.348      6.40007
      4426.40      153.140      6.47264
      4427.80      154.766      6.46801
      4429.20      153.213      6.33540
      4430.60      153.850      6.37196
      4432.00      151.381      6.44021
      4433.40      150.773      6.31140
      4434.80      151.232      6.45310
      4436.20      155.765      6.52246
      4437.60      154.481      6.39437
      4439.00      151.411      6.33563
      4440.40      148.602      6.32375
      4441.80      149.841      6.25532
      4443.20      157.644      6.37046
      4444.60      157.942      6.52276
      4446.00      151.752      6.44888
      4447.40      145.138      6.29468
      4448.80      136.909      5.97288
      4450.20      146.379      6.07135
      4451.60      155.084      6.35444
      4453.00      153.511      6.40008
      4454.40      152.229      6.37858
      4455.80      149.866      6.37098
      4457.20      150.107      6.16384
      4458.60      156.543      6.17862
      4460.00      146.269      6.27187
      4461.40      146.033      5.95212
      4462.80      152.180      6.20586
      4464.20      153.817      6.35903
      4465.60      146.832      6.21964
      4467.00      145.023      6.23283
      4468.40      151.859      6.28990
      4469.80      151.599      6.08550
      4471.20      150.937      6.46322
      4472.60      149.177      6.29979
      4474.00      140.788      6.01783
      4475.40      145.136      6.25439
      4476.80      152.446      6.35883
      4478.20      154.256      6.42575
      4479.60      151.232      6.44772
      4481.00      148.247      6.36641
      4482.40      150.671      6.28794
      4483.80      153.584      6.39332
      4485.20      150.976      6.36882
      4486.60      143.959      6.06866
      4488.00      143.040      5.91425
      4489.40      151.181      6.18002
      4490.80      155.096      6.57360
      4492.20      156.102      6.37488
      4493.60      151.342      6.26156
      4495.00      150.698      6.21835
      4496.40      147.864      6.23427
      4497.80      148.557      6.32883
      4499.20      152.781      6.23302
      4500.60      151.840      6.31967
      4502.00      149.811      6.24517
      4503.40      151.664      6.22589
      4504.80      152.411      6.19154
      4506.20      149.453      6.25166
      4507.60      146.859      5.95584
      4509.00      153.072      6.47738
      4510.40      155.774      6.58007
      4511.80      154.170      6.37272
      4513.20      146.766      6.17097
      4514.60      149.354      6.05518
      4516.00      152.732      6.11999
      4517.40      151.171      6.30783
      4518.80      153.810      6.43923
      4520.20      147.130      6.20316
      4521.60      150.880      6.15350
      4523.00      152.842      6.37898
      4524.40      151.374      6.31086
      4525.80      148.664      6.09319
      4527.20      144.541      5.94596
      4528.60      148.887      6.19463
      4530.00      151.948      6.54662
      4531.40      150.464      6.39958
      4532.80      152.948      6.31014
      4534.20      145.117      6.32107
      4535.60      144.015      5.83502
      4537.00      147.281      5.75983
      4538.40      144.879      5.98843
      4539.80      141.227      6.05857
      4541.20      146.382      6.05486
      4542.60      155.581      6.23272
      4544.00      152.533      6.38894
      4545.40      151.365      6.62848
      4546.80      150.592      6.42097
      4548.20      151.816      6.27822
      4549.60      152.909      6.24064
      4551.00      156.508      6.29357
      4552.40      153.755      6.32290
      4553.80      145.424      6.10808
      4555.20      137.488      6.13582
      4556.60      147.092      6.31089
      4558.00      149.652      6.33362
      4559.40      146.496      6.00926
      4560.80      142.557      6.02944
      4562.20      147.632      6.04460
      4563.60      148.978      6.22614
      4565.00      151.279      6.19755
      4566.40      150.047      6.32602
      4567.80      151.035      6.15605
      4569.20      149.709      6.03941
      4570.60      146.097      6.03250
      4572.00      152.161      6.33918
      4573.40      153.828      6.22600
      4574.80      156.769      6.24982
      4576.20      150.649      6.26131
      4577.60      143.877      5.90898
      4579.00      149.860      6.23519
      4580.40      152.774      6.20498
      4581.80      148.847      6.16165
      4583.20      153.442      6.22563
      4584.60      154.381      6.13386
      4586.00      150.468      6.01320
      4587.40      148.889      5.90856
      4588.80      142.504      5.95539
      4590.20      146.838      5.90506
      4591.60      146.781      6.10186
      4593.00      149.826      6.03080
      4594.40      146.022      5.89158
      4595.80      145.441      5.92368
      4597.20      149.368      6.12463
      4598.60      148.313      5.98423
      4600.00      152.644      6.07247
      4601.40      152.781      6.38221
      4602.80      152.301      6.27561
      4604.20      152.642      6.20250
      4605.60      152.273      6.18811
      4607.00      150.417      5.92409
      4608.40      147.976      5.85317
      4609.80      153.947      6.05333
      4611.20      152.284      6.23412
      4612.60      155.266      6.24417
      4614.00      154.107      6.18359
      4615.40      152.096      6.09836
      4616.80      154.850      6.09620
      4618.20      152.551      6.15901
      4619.60      154.395      6.24501
      4621.00      151.690      6.23812
      4622.40      151.865      6.18250
      4623.80      149.619      6.03365
      4625.20      145.693      5.97630
      4626.60      149.481      5.98017
      4628.00      158.645      6.08614
      4629.40      154.316      6.18903
      4630.80      151.234      5.82514
      4632.20      150.633      6.22668
      4633.60      148.652      6.04612
      4635.00      147.608      5.93343
      4636.40      150.417      6.21227
      4637.80      153.572      5.92365
      4639.20      151.248      6.00828
      4640.60      152.293      6.10207
      4642.00      148.580      6.06192
      4643.40      150.826      6.17909
      4644.80      151.149      6.04325
      4646.20      155.051      5.95126
      4647.60      149.972      5.97985
      4649.00      148.625      6.22773
      4650.40      150.309      6.07680
      4651.80      148.764      6.05469
      4653.20      147.896      6.08144
      4654.60      147.600      5.82766
      4656.00      149.496      6.12335
      4657.40      151.509      6.16277
      4658.80      149.318      6.07848
      4660.20      152.650      6.00138
      4661.60      149.435      6.13424
      4663.00      147.989      5.98706
      4664.40      148.195      6.02378
      4665.80      148.271      6.08102
      4667.20      151.682      6.05849
      4668.60      148.688      6.13838
      4670.00      151.261      6.13512
      4671.40      148.180      6.08873
      4672.80      145.558      6.03901
      4674.20      149.792      6.01117
      4675.60      149.197      6.13204
      4677.00      148.269      6.14510
      4678.40      151.389      5.90099
      4679.80      148.165      6.02506
      4681.20      153.291      6.05629
      4682.60      151.046      6.10869
      4684.00      150.437      6.02323
      4685.40      148.471      6.00403
      4686.80      150.487      6.09185
      4688.20      148.814      6.02764
      4689.60      149.564      6.13232
      4691.00      152.136      6.25154
      4692.40      152.334      6.12582
      4693.80      149.228      5.95160
      4695.20      151.216      6.05976
      4696.60      151.432      5.98864
      4698.00      148.859      5.97085
      4699.40      149.411      6.15475
      4700.80      151.774      6.29271
      4702.20      150.505      6.22117
      4703.60      149.469      5.98783
      4705.00      149.284      6.15877
      4706.40      148.725      6.16172
      4707.80      146.632      6.19838
      4709.20      145.621      6.15944
      4710.60      149.415      5.99740
      4712.00      149.232      6.01675
      4713.40      148.497      6.00886
      4714.80      149.707      5.91987
      4716.20      146.651      6.10473
      4717.60      148.663      5.94010
      4719.00      148.098      5.98713
      4720.40      146.817      5.99901
      4721.80      148.050      5.96926
      4723.20      151.964      5.97687
      4724.60      149.604      6.02381
      4726.00      150.869      6.02825
      4727.40      149.436      6.21198
      4728.80      150.633      5.90710
      4730.20      150.545      5.98815
      4731.60      153.315      5.97242
      4733.00      155.465      6.05918
      4734.40      148.473      5.90900
      4735.80      150.336      6.18643
      4737.20      146.650      6.05822
      4738.60      148.009      5.98594
      4740.00      147.188      6.04859
      4741.40      146.941      5.79066
      4742.80      149.621      5.76840
      4744.20      147.466      5.80006
      4745.60      146.208      5.89761
      4747.00      149.809      5.88610
      4748.40      150.140      6.11376
      4749.80      148.072      5.94630
      4751.20      149.077      5.83857
      4752.60      149.725      5.97966
      4754.00      149.164      5.80876
      4755.40      149.452      6.02642
      4756.80      146.983      5.81102
      4758.20      148.337      5.91373
      4759.60      149.822      5.92352
      4761.00      150.187      5.86540
      4762.40      148.022      5.72353
      4763.80      146.609      5.72046
      4765.20      148.228      5.86172
      4766.60      146.635      5.85300
      4768.00      144.628      5.70638
      4769.40      145.517      5.78447
      4770.80      144.320      5.80407
      4772.20      145.833      5.65435
      4773.60      149.663      5.74063
      4775.00      148.743      5.94010
      4776.40      148.453      5.81629
      4777.80      145.879      5.76173
      4779.20      148.225      5.79969
      4780.60      151.397      5.98322
      4782.00      150.569      5.92019
      4783.40      149.815      6.00721
      4784.80      149.059      5.75444
      4786.20      146.287      5.90367
      4787.60      146.704      5.81580
      4789.00      147.099      5.77402
      4790.40      148.302      5.89756
      4791.80      144.988      5.88284
      4793.20      144.216      5.89351
      4794.60      147.091      5.79660
      4796.00      145.824      5.83341
      4797.40      147.178      5.78170
      4798.80      147.302      5.80302
      4800.20      148.076      5.92672
      4801.60      149.150      5.99912
      4803.00      148.106      5.86189
      4804.40      145.671      5.65635
      4805.80      145.187      5.72439
      4807.20      146.995      5.82217
      4808.60      147.725      5.83570
      4810.00      144.513      5.74607
      4811.40      141.794      5.75287
      4812.80      146.520      5.62110
      4814.20      147.404      5.65803
      4815.60      143.957      5.77301
      4817.00      148.235      5.83668
      4818.40      142.350      5.71954
      4819.80      144.290      5.83332
      4821.20      147.883      5.88097
      4822.60      147.032      5.80585
      4824.00      147.007      5.87317
      4825.40      146.934      5.75566
      4826.80      148.209      5.83843
      4828.20      146.875      5.77320
      4829.60      139.475      5.65995
      4831.00      146.645      6.76786
      4832.40      144.957      5.87595
      4833.80      149.106      5.89996
      4835.20      147.048      5.81750
      4836.60      145.632      5.80538
      4838.00      145.989      5.97721
      4839.40      145.962      5.82529
      4840.80      145.916      5.69191
      4842.20      143.508      5.87834
      4843.60      144.151      5.82040
      4845.00      144.098      5.79204
      4846.40      144.590      5.63608
      4847.80      143.067      5.69845
      4849.20      139.017      5.52859
      4850.60      143.849      5.63075
      4852.00      142.386      5.67757
      4853.40      140.948      5.66961
      4854.80      137.016      5.60681
      4856.20      140.354      5.42709
      4857.60      134.116      5.48608
      4859.00      133.395      5.47456
      4860.40      130.526      5.32009
      4861.80      125.015      5.22287
      4863.20      123.096      5.18880
      4864.60      114.115      4.81457
      4866.00      92.4724      4.23058
      4867.40      76.3796      3.69404
      4868.80      86.0427      3.91546
      4870.20      108.066      4.50899
      4871.60      120.024      5.10721
      4873.00      126.751      5.15047
      4874.40      132.013      5.31972
      4875.80      133.183      5.38968
      4877.20      130.485      5.45309
      4878.60      127.752      5.20625
      4880.00      136.984      5.50864
      4881.40      137.766      5.65650
      4882.80      134.380      5.51129
      4884.20      134.422      5.56174
      4885.60      140.235      5.47659
      4887.00      141.868      5.76463
      4888.40      142.876      5.70974
      4889.80      140.852      5.62494
      4891.20      141.560      5.85843
      4892.60      144.137      5.57471
      4894.00      142.296      5.74729
      4895.40      139.464      5.52869
      4896.80      136.297      5.30816
      4898.20      133.725      5.23146
      4899.60      139.996      5.39499
      4901.00      144.009      5.64666
      4902.40      142.444      5.71596
      4903.80      142.211      5.64005
      4905.20      144.220      5.76020
      4906.60      142.367      5.59061
      4908.00      139.731      5.55275
      4909.40      142.412      5.55283
      4910.80      142.719      5.54218
      4912.20      144.447      5.83600
      4913.60      143.616      5.67970
      4915.00      143.862      5.68855
      4916.40      142.032      5.63257
      4917.80      142.434      5.35886
      4919.20      144.561      5.68426
      4920.60      144.758      5.64441
      4922.00      144.075      5.54193
      4923.40      141.431      5.63667
      4924.80      140.239      5.55753
      4926.20      133.715      5.13528
      4927.60      136.790      5.46143
      4929.00      136.226      5.52522
      4930.40      134.490      5.39970
      4931.80      135.678      5.46264
      4933.20      143.365      5.66926
      4934.60      144.837      5.71680
      4936.00      147.430      5.60220
      4937.40      143.393      5.66330
      4938.80      139.303      5.43877
      4940.20      137.895      5.62272
      4941.60      138.620      5.51939
      4943.00      141.157      5.58476
      4944.40      141.136      5.56722
      4945.80      140.579      5.53850
      4947.20      142.284      5.65475
      4948.60      145.509      5.62551
      4950.00      141.558      5.59360
      4951.40      142.208      5.59836
      4952.80      141.807      5.57637
      4954.20      142.913      5.69167
      4955.60      143.816      5.65825
      4957.00      143.272      5.58435
      4958.40      141.240      5.54925
      4959.80      142.755      5.51583
      4961.20      141.762      5.46898
      4962.60      135.102      5.41404
      4964.00      133.461      5.27198
      4965.40      139.853      5.57182
      4966.80      142.515      5.53951
      4968.20      142.354      5.63241
      4969.60      146.541      5.61554
      4971.00      144.859      5.71120
      4972.40      141.307      5.50884
      4973.80      141.773      5.47511
      4975.20      141.614      5.62819
      4976.60      142.440      5.59468
      4978.00      145.936      5.73209
      4979.40      142.200      5.52485
      4980.80      140.523      5.68029
      4982.20      143.151      5.46798
      4983.60      143.249      5.73762
      4985.00      142.468      5.61681
      4986.40      139.902      5.68561
      4987.80      138.101      6.00559
      4989.20      138.498      6.58313
      4990.60      138.740      5.61626
      4992.00      138.831      5.36651
      4993.40      139.555      5.41324
      4994.80      140.690      5.55516
      4996.20      143.162      5.62754
      4997.60      140.089      5.39843
      4999.00      139.781      5.28085
