      3900.00      63.9527      5.08794
      3901.40      65.9978      5.33731
      3902.80      62.0994      5.19041
      3904.20      64.9073      5.34069
      3905.60      71.8376      5.32844
      3907.00      66.1064      5.26703
      3908.40      78.2172      5.60838
      3909.80      74.6349      5.70756
      3911.20      84.4957      5.54167
      3912.60      80.2497      5.38555
      3914.00      87.2799      6.02438
      3915.40      82.8638      5.48792
      3916.80      73.3056      5.43187
      3918.20      83.0535      5.48123
      3919.60      81.4796      5.79770
      3921.00      82.9444      5.80646
      3922.40      82.0339      5.33210
      3923.80      84.1459      5.40009
      3925.20      84.5461      5.39138
      3926.60      82.0610      5.36400
      3928.00      86.7694      5.61843
      3929.40      83.4685      5.49718
      3930.80      81.0755      5.38136
      3932.20      84.4011      5.22366
      3933.60      67.5135      4.92828
      3935.00      54.8201      4.30347
      3936.40      34.1971      3.87634
      3937.80      55.5946      4.51531
      3939.20      74.8935      5.03262
      3940.60      81.7837      5.20261
      3942.00      80.5650      5.20173
      3943.40      81.7698      5.20085
      3944.80      83.9756      5.52928
      3946.20      79.2247      5.31366
      3947.60      82.9892      5.22464
      3949.00      85.0170      5.32564
      3950.40      81.1401      5.13347
      3951.80      79.0276      5.13684
      3953.20      82.1103      5.23207
      3954.60      78.9210      5.11409
      3956.00      83.6496      5.09059
      3957.40      79.3872      5.18683
      3958.80      73.7298      5.00980
      3960.20      70.7468      4.95734
      3961.60      71.0239      4.93470
      3963.00      70.8267      4.57039
      3964.40      63.5018      4.48865
      3965.80      63.5461      4.38649
      3967.20      59.2519      4.26009
      3968.60      51.5584      3.86886
      3970.00      35.3983      3.55994
      3971.40      23.6522      3.04031
      3972.80      20.8204      3.15237
      3974.20      33.1141      3.52981
      3975.60      42.0547      3.83882
      3977.00      49.7075      4.05892
      3978.40      53.2857      3.99800
      3979.80      63.4920      4.48953
      3981.20      60.9928      4.52371
      3982.60      72.4601      4.83103
      3984.00      72.2103      4.68832
      3985.40      72.0333      4.60097
      3986.80      80.1707      4.70173
      3988.20      74.3579      4.73256
      3989.60      77.6726      4.95590
      3991.00      78.4509      4.88383
      3992.40      79.6353      4.93655
      3993.80      84.9206      5.24998
      3995.20      74.9304      4.96727
      3996.60      85.9784      5.09733
      3998.00      79.9775      4.89058
      3999.40      86.2603      5.02222
      4000.80      83.2845      5.06545
      4002.20      82.8576      4.91004
      4003.60      86.8963      4.93064
      4005.00      88.5581      5.27147
      4006.40      84.8699      5.01857
      4007.80      81.2411      4.78565
      4009.20      80.9464      4.92368
      4010.60      89.3271      5.09242
      4012.00      86.1115      5.13688
      4013.40      87.4497      5.12756
      4014.80      83.5630      5.04377
      4016.20      79.8984      4.94511
      4017.60      89.5775      4.99598
      4019.00      88.3211      4.97456
      4020.40      90.4368      5.15425
      4021.80      85.6965      5.06415
      4023.20      87.9811      5.08854
      4024.60      83.0734      4.98413
      4026.00      87.8668      5.17627
      4027.40      85.7692      5.07747
      4028.80      87.2132      5.07220
      4030.20      88.4192      5.01347
      4031.60      85.5792      4.94092
      4033.00      84.6766      4.87714
      4034.40      89.2702      5.24024
      4035.80      85.3859      4.92838
      4037.20      83.3725      4.80642
      4038.60      84.6737      5.05917
      4040.00      85.6557      5.20063
      4041.40      85.3511      4.99352
      4042.80      85.5673      5.14184
      4044.20      92.1740      5.35523
      4045.60      86.4829      5.02976
      4047.00      85.2089      5.14000
      4048.40      80.0200      5.09678
      4049.80      82.2643      4.73110
      4051.20      85.1009      4.95230
      4052.60      88.7870      4.96882
      4054.00      84.6051      4.84659
      4055.40      87.4059      4.84897
      4056.80      83.9619      4.89636
      4058.20      84.9257      4.86617
      4059.60      87.8354      5.07297
      4061.00      84.7398      5.17842
      4062.40      84.9861      4.86492
      4063.80      86.1348      4.75827
      4065.20      82.4480      4.88046
      4066.60      80.5093      4.77927
      4068.00      81.2730      4.76996
      4069.40      85.3982      5.01907
      4070.80      77.6305      4.86325
      4072.20      85.9310      4.86388
      4073.60      82.4409      4.69737
      4075.00      85.0239      4.86945
      4076.40      84.9073      4.77146
      4077.80      83.4686      4.76494
      4079.20      79.8834      4.55304
      4080.60      78.5210      4.67692
      4082.00      80.3772      4.74570
      4083.40      84.5788      4.92465
      4084.80      80.4970      4.64888
      4086.20      75.0937      4.50883
      4087.60      75.9111      4.64769
      4089.00      73.0665      4.34398
      4090.40      79.1068      4.71555
      4091.80      75.0777      4.62451
      4093.20      74.4504      4.56264
      4094.60      71.2554      4.31930
      4096.00      66.9137      4.29371
      4097.40      64.7084      4.16573
      4098.80      58.2218      3.97797
      4100.20      61.5030      4.12060
      4101.60      50.1386      3.53424
      4103.00      38.2050      3.22689
      4104.40      27.9659      2.90635
      4105.80      29.9947      2.83122
      4107.20      43.1663      3.26818
      4108.60      53.5739      3.79348
      4110.00      56.6417      3.82377
      4111.40      64.9406      4.02146
      4112.80      63.9424      4.01400
      4114.20      63.8390      4.18868
      4115.60      70.8623      4.43193
      4117.00      75.5990      4.38071
      4118.40      71.6956      4.21002
      4119.80      81.0741      4.39813
      4121.20      71.2558      4.27583
      4122.60      76.1136      4.28938
      4124.00      77.2973      4.38585
      4125.40      75.1319      4.56687
      4126.80      81.5799      4.58206
      4128.20      78.1224      4.34365
      4129.60      83.2557      4.55558
      4131.00      83.2668      4.67901
      4132.40      81.8946      4.66174
      4133.80      78.2272      4.43272
      4135.20      83.5911      4.68782
      4136.60      79.8149      4.64094
      4138.00      85.2279      4.69801
      4139.40      83.2084      4.64256
      4140.80      86.3584      4.78967
      4142.20      83.7835      4.69838
      4143.60      87.7037      4.67894
      4145.00      84.9556      4.49716
      4146.40      76.9970      4.49690
      4147.80      79.1658      4.60100
      4149.20      80.9266      4.64186
      4150.60      83.3908      4.61258
      4152.00      83.0428      4.63386
      4153.40      83.4751      4.51736
      4154.80      83.1672      4.64004
      4156.20      85.6454      4.69025
      4157.60      83.8929      4.78935
      4159.00      88.8230      4.74934
      4160.40      76.8036      4.42508
      4161.80      84.1466      4.62878
      4163.20      84.7322      4.66813
      4164.60      87.9246      4.78289
      4166.00      83.6553      4.66785
      4167.40      83.8106      4.74068
      4168.80      83.8183      4.55773
      4170.20      84.4247      4.58318
      4171.60      83.7896      4.45534
      4173.00      83.7269      4.50367
      4174.40      80.5999      4.47245
      4175.80      78.3245      4.49629
      4177.20      78.8970      4.39111
      4178.60      80.2880      4.58577
      4180.00      82.6741      4.54939
      4181.40      78.6301      4.43032
      4182.80      81.7662      4.38329
      4184.20      82.1960      4.43480
      4185.60      85.4110      4.57046
      4187.00      82.3476      4.37875
      4188.40      80.6784      4.37840
      4189.80      82.4691      4.53457
      4191.20      79.8760      4.60229
      4192.60      83.0473      4.84125
      4194.00      78.9488      4.46725
      4195.40      81.7109      4.35318
      4196.80      84.7515      4.51656
      4198.20      84.3914      4.47931
      4199.60      81.4400      4.37035
      4201.00      79.7787      4.21155
      4202.40      75.4763      4.27409
      4203.80      81.9489      4.37702
      4205.20      77.2169      4.35223
      4206.60      83.2604      4.40635
      4208.00      82.3868      4.48027
      4209.40      77.4454      4.37663
      4210.80      83.6239      4.55037
      4212.20      84.9707      4.47702
      4213.60      82.3869      4.41008
      4215.00      86.5980      4.52191
      4216.40      80.1780      4.32293
      4217.80      79.1595      4.29451
      4219.20      77.9040      4.32012
      4220.60      78.5286      4.23591
      4222.00      83.7308      4.44884
      4223.40      83.5978      4.50812
      4224.80      83.6293      4.43243
      4226.20      81.7410      4.43910
      4227.60      79.8636      4.44660
      4229.00      76.5170      4.24885
      4230.40      76.9388      4.27013
      4231.80      80.8626      4.36057
      4233.20      82.7911      4.44274
      4234.60      83.5116      4.46911
      4236.00      76.7363      4.29761
      4237.40      79.7958      4.37669
      4238.80      81.2330      4.47957
      4240.20      79.2983      4.48777
      4241.60      82.9905      4.38498
      4243.00      80.5417      4.27993
      4244.40      85.8455      4.40925
      4245.80      82.6448      4.38750
      4247.20      84.1441      4.39223
      4248.60      81.1461      4.40388
      4250.00      77.1332      4.14492
      4251.40      77.8702      4.25898
      4252.80      79.2877      4.51438
      4254.20      77.6091      4.36691
      4255.60      76.9260      4.22024
      4257.00      81.7046      4.35327
      4258.40      77.5763      4.16772
      4259.80      85.0204      4.45743
      4261.20      83.5764      4.38078
      4262.60      81.3885      4.17754
      4264.00      77.6046      4.21393
      4265.40      81.6477      4.28328
      4266.80      80.6414      4.38199
      4268.20      84.2215      4.69691
      4269.60      81.7384      4.71768
      4271.00      83.9764      4.60721
      4272.40      82.0759      4.48768
      4273.80      82.2325      4.40850
      4275.20      74.3137      4.19359
      4276.60      78.4290      4.30339
      4278.00      78.7388      4.47834
      4279.40      81.5681      4.53287
      4280.80      84.3394      4.48657
      4282.20      84.6973      4.38304
      4283.60      83.2675      4.42860
      4285.00      80.9710      4.32714
      4286.40      81.2185      4.29385
      4287.80      79.0868      4.26453
      4289.20      81.0442      4.42519
      4290.60      81.5566      4.61939
      4292.00      75.7194      4.24641
      4293.40      76.4046      4.21272
      4294.80      79.4150      4.29292
      4296.20      81.7303      4.19019
      4297.60      77.8333      4.23899
      4299.00      75.6768      4.11701
      4300.40      84.3457      4.32697
      4301.80      76.1694      4.08801
      4303.20      70.9954      4.04179
      4304.60      75.6345      3.96920
      4306.00      74.8361      4.12120
      4307.40      78.3907      4.17532
      4308.80      79.4418      4.29806
      4310.20      74.8507      4.18827
      4311.60      73.6191      4.21753
      4313.00      75.2450      4.16925
      4314.40      80.0543      4.30885
      4315.80      76.6317      4.19202
      4317.20      72.8638      4.03240
      4318.60      71.3614      4.06557
      4320.00      74.6131      4.17765
      4321.40      78.5528      4.18929
      4322.80      73.8086      4.12244
      4324.20      73.5101      3.85412
      4325.60      75.2635      4.03319
      4327.00      72.5778      4.06189
      4328.40      69.4388      3.84995
      4329.80      68.5555      3.80257
      4331.20      68.9198      3.90956
      4332.60      69.4098      4.02686
      4334.00      64.9954      3.85296
      4335.40      61.7583      3.83189
      4336.80      60.2186      3.60783
      4338.20      58.7288      3.70934
      4339.60      52.2963      3.41049
      4341.00      46.4067      3.20576
      4342.40      35.4502      2.97504
      4343.80      29.1580      2.82081
      4345.20      36.5404      3.01516
      4346.60      43.8785      3.20184
      4348.00      53.1162      3.42548
      4349.40      57.9450      3.41395
      4350.80      62.8221      3.52317
      4352.20      63.5830      3.63713
      4353.60      67.9900      3.68947
      4355.00      65.0854      3.61357
      4356.40      66.8689      3.75980
      4357.80      70.9568      4.04729
      4359.20      74.6097      4.72141
      4360.60      72.2553      4.54921
      4362.00      74.7655      4.15983
      4363.40      75.2554      4.04071
      4364.80      77.3115      3.98492
      4366.20      74.6367      3.99494
      4367.60      76.2194      3.86013
      4369.00      74.8813      4.10166
      4370.40      79.6589      4.19787
      4371.80      77.8980      4.12607
      4373.20      77.0272      4.10023
      4374.60      77.3853      4.09039
      4376.00      79.2938      4.14202
      4377.40      75.2540      4.14414
      4378.80      76.9256      4.22049
      4380.20      75.7441      4.21506
      4381.60      77.8397      3.98923
      4383.00      80.4450      4.10137
      4384.40      76.2988      4.13268
      4385.80      81.0223      4.33367
      4387.20      73.0107      4.15975
      4388.60      74.8411      4.12409
      4390.00      77.0551      4.08162
      4391.40      78.2727      4.15541
      4392.80      80.6938      4.10111
      4394.20      77.5744      3.92909
      4395.60      79.2588      4.13523
      4397.00      77.3544      3.98605
      4398.40      72.1796      3.89692
      4399.80      74.8950      3.90103
      4401.20      78.1337      4.15529
      4402.60      77.4318      3.94851
      4404.00      75.1862      3.96394
      4405.40      75.1129      4.09814
      4406.80      77.2223      4.19391
      4408.20      73.8806      3.98892
      4409.60      77.4003      4.01359
      4411.00      78.9008      4.11333
      4412.40      77.4442      4.00147
      4413.80      75.4258      3.89612
      4415.20      80.4139      4.08208
      4416.60      80.3520      4.23221
      4418.00      76.6436      4.08814
      4419.40      76.5762      4.08172
      4420.80      74.5679      3.89855
      4422.20      76.6847      4.06323
      4423.60      78.5482      4.28694
      4425.00      80.0851      4.31663
      4426.40      78.2951      4.25949
      4427.80      77.5644      4.15870
      4429.20      77.6117      4.10117
      4430.60      78.1051      3.91932
      4432.00      80.2575      4.08309
      4433.40      76.1615      3.98548
      4434.80      79.3422      4.04778
      4436.20      77.8497      4.05065
      4437.60      75.2931      3.89773
      4439.00      77.0072      3.99170
      4440.40      77.3965      4.07500
      4441.80      75.6091      4.08344
      4443.20      80.0970      4.04675
      4444.60      79.6467      4.09649
      4446.00      77.4521      4.02374
      4447.40      75.0045      3.97805
      4448.80      79.9521      4.12729
      4450.20      75.9527      3.71678
      4451.60      71.8372      3.86368
      4453.00      75.5999      3.82730
      4454.40      76.2154      3.85675
      4455.80      81.8645      4.07243
      4457.20      78.2560      4.01046
      4458.60      71.9125      3.75411
      4460.00      76.2341      3.79836
      4461.40      78.0454      3.87559
      4462.80      76.0717      3.84270
      4464.20      76.4165      3.97113
      4465.60      75.8330      3.91395
      4467.00      78.6025      4.01950
      4468.40      76.5630      3.98660
      4469.80      78.0035      3.98746
      4471.20      74.0604      3.81005
      4472.60      74.0675      3.82284
      4474.00      77.5599      3.96607
      4475.40      80.0035      4.01513
      4476.80      80.5644      3.99226
      4478.20      76.7060      3.84528
      4479.60      75.3024      3.87330
      4481.00      76.6714      3.86243
      4482.40      76.3117      3.77923
      4483.80      70.8562      3.67612
      4485.20      73.1545      3.82037
      4486.60      73.5518      3.92628
      4488.00      76.8371      3.93907
      4489.40      80.4995      4.08516
      4490.80      77.9708      3.86582
      4492.20      73.6502      3.74451
      4493.60      75.6439      3.80338
      4495.00      78.3033      3.92803
      4496.40      74.6951      3.85037
      4497.80      74.6058      3.91619
      4499.20      73.7452      3.90680
      4500.60      79.2625      3.89262
      4502.00      74.5083      3.84218
      4503.40      72.7029      3.82711
      4504.80      76.1780      3.97031
      4506.20      77.0372      4.05884
      4507.60      77.4975      3.92000
      4509.00      79.6326      3.96719
      4510.40      77.4712      3.91532
      4511.80      75.1169      3.68707
      4513.20      75.9790      3.96555
      4514.60      78.0247      3.90562
      4516.00      77.5478      3.79560
      4517.40      75.9336      3.86377
      4518.80      76.1249      3.83009
      4520.20      80.2679      3.95426
      4521.60      75.3219      3.94499
      4523.00      76.1781      3.92643
      4524.40      77.1416      3.86103
      4525.80      74.2079      3.73975
      4527.20      72.8636      3.83053
      4528.60      79.4222      3.80794
      4530.00      72.7300      3.66963
      4531.40      71.5933      3.67269
      4532.80      76.4241      3.80391
      4534.20      73.5573      3.98587
      4535.60      75.2938      3.86391
      4537.00      69.7678      3.65959
      4538.40      74.3458      3.68359
      4539.80      75.0751      3.84411
      4541.20      78.3842      4.01523
      4542.60      74.0899      3.89404
      4544.00      73.0328      3.73810
      4545.40      76.7376      3.81915
      4546.80      77.7472      3.90496
      4548.20      74.6612      3.82910
      4549.60      75.6831      3.75937
      4551.00      74.7585      3.70913
      4552.40      69.2375      3.59315
      4553.80      69.7169      3.69368
      4555.20      73.7328      4.00540
      4556.60      72.7725      3.75876
      4558.00      72.3664      3.72293
      4559.40      71.0706      3.63584
      4560.80      75.9851      3.90818
      4562.20      75.8239      3.85945
      4563.60      77.4604      3.87335
      4565.00      76.6228      4.02378
      4566.40      77.2816      4.05964
      4567.80      71.8724      3.75232
      4569.20      75.7305      3.73658
      4570.60      78.6790      3.88582
      4572.00      74.5295      3.78874
      4573.40      74.1551      3.67725
      4574.80      75.8508      3.72181
      4576.20      76.1160      3.81628
      4577.60      75.9232      3.82232
      4579.00      75.9650      3.77976
      4580.40      75.1114      3.67689
      4581.80      75.4717      3.76912
      4583.20      76.5057      3.79197
      4584.60      74.7973      3.79855
      4586.00      75.1323      3.72969
      4587.40      72.9764      3.74193
      4588.80      76.0763      3.88269
      4590.20      77.5921      4.04481
      4591.60      73.5898      3.88205
      4593.00      70.4804      3.60541
      4594.40      73.5439      3.81531
      4595.80      75.1002      3.82856
      4597.20      75.1449      3.73115
      4598.60      76.9193      3.87276
      4600.00      75.7884      3.53228
      4601.40      78.5888      3.84426
      4602.80      76.3078      3.73450
      4604.20      77.3359      3.75848
      4605.60      73.7088      3.60166
      4607.00      73.5544      3.70510
      4608.40      75.6095      3.83051
      4609.80      78.0758      3.92986
      4611.20      75.4949      3.83676
      4612.60      74.2063      3.76149
      4614.00      75.3999      3.64565
      4615.40      74.2309      3.69434
      4616.80      75.9190      3.71884
      4618.20      73.6371      3.76350
      4619.60      77.0540      3.74694
      4621.00      72.1228      3.54905
      4622.40      74.2208      3.72243
      4623.80      72.9152      3.85509
      4625.20      73.1984      3.90081
      4626.60      75.1531      3.75576
      4628.00      72.8701      3.67857
      4629.40      74.4835      3.63819
      4630.80      73.2818      3.67734
      4632.20      70.7517      3.63964
      4633.60      71.9805      3.60517
      4635.00      72.1606      3.56935
      4636.40      71.7462      3.67210
      4637.80      76.7971      3.73404
      4639.20      72.4531      3.66845
      4640.60      72.2161      3.69307
      4642.00      73.5334      3.73366
      4643.40      72.4332      3.63546
      4644.80      77.2375      3.76905
      4646.20      75.0942      3.77370
      4647.60      74.6605      3.78061
      4649.00      79.5573      3.84290
      4650.40      77.1877      3.73137
      4651.80      73.4700      3.72068
      4653.20      73.8500      3.59406
      4654.60      73.4491      3.58473
      4656.00      76.9327      3.73180
      4657.40      71.9986      3.64422
      4658.80      70.2567      3.59710
      4660.20      75.3593      3.66964
      4661.60      74.6940      3.71136
      4663.00      74.4589      3.69884
      4664.40      74.8779      3.79191
      4665.80      70.4951      3.76081
      4667.20      74.8812      3.72276
      4668.60      72.4294      3.55268
      4670.00      72.1259      3.62383
      4671.40      73.5712      3.62730
      4672.80      75.6256      3.60299
      4674.20      70.6643      3.58055
      4675.60      73.2155      3.77643
      4677.00      71.8450      3.73694
      4678.40      75.1903      3.60934
      4679.80      72.3837      3.49901
      4681.20      74.8123      3.66034
      4682.60      73.3982      3.62247
      4684.00      72.2469      3.65354
      4685.40      76.1235      3.85340
      4686.80      72.4578      3.51263
      4688.20      74.8808      3.64842
      4689.60      71.1939      3.63395
      4691.00      77.8925      3.68720
      4692.40      76.8657      3.71450
      4693.80      74.4566      3.70013
      4695.20      74.1957      3.76103
      4696.60      70.8582      3.61955
      4698.00      75.2989      3.65202
      4699.40      75.8762      3.56068
      4700.80      70.7657      3.57404
      4702.20      72.1409      3.67739
      4703.60      72.8405      3.50886
      4705.00      69.8610      3.41575
      4706.40      67.9925      3.45662
      4707.80      72.4014      3.64774
      4709.20      73.4980      3.69727
      4710.60      73.8130      3.63509
      4712.00      71.0807      3.48763
      4713.40      71.6403      3.53914
      4714.80      73.5007      3.74613
      4716.20      72.6620      3.82068
      4717.60      73.8616      3.81525
      4719.00      75.4261      3.75906
      4720.40      73.0260      3.51482
      4721.80      71.7843      3.53730
      4723.20      72.5952      3.62880
      4724.60      69.7495      3.56225
      4726.00      72.4811      3.59285
      4727.40      71.9130      3.60696
      4728.80      76.2962      3.74547
      4730.20      74.4465      3.58828
      4731.60      69.0925      3.37733
      4733.00      69.6167      3.38903
      4734.40      71.2840      3.50404
      4735.80      75.0129      3.80804
      4737.20      72.7151      3.64802
      4738.60      72.3547      3.57790
      4740.00      73.2114      3.56331
      4741.40      71.3211      3.52278
      4742.80      71.7096      3.57556
      4744.20      71.9054      3.57186
      4745.60      72.5155      3.65961
      4747.00      72.1311      3.55748
      4748.40      69.7904      3.46267
      4749.80      72.8654      3.53200
      4751.20      72.4164      3.56405
      4752.60      71.5148      3.61725
      4754.00      72.1097      3.49658
      4755.40      74.2944      3.49079
      4756.80      71.9727      3.57917
      4758.20      74.7249      3.67351
      4759.60      73.1467      3.62810
      4761.00      75.0539      3.60638
      4762.40      72.2569      3.54753
      4763.80      71.2633      3.46894
      4765.20      71.1954      3.55080
      4766.60      73.9544      3.61567
      4768.00      72.6202      3.50045
      4769.40      74.0921      3.55824
      4770.80      70.1503      3.49699
      4772.20      69.1597      3.47486
      4773.60      69.9529      3.49631
      4775.00      72.9152      3.55198
      4776.40      73.2234      3.56980
      4777.80      71.9641      3.38761
      4779.20      73.1228      3.62803
      4780.60      74.5116      3.60335
      4782.00      74.5067      3.61757
      4783.40      71.8301      3.51380
      4784.80      71.7978      3.64466
      4786.20      75.0197      3.63387
      4787.60      74.5445      3.75449
      4789.00      73.6245      3.62095
      4790.40      73.6194      3.74193
      4791.80      72.1627      3.50226
      4793.20      72.3495      3.54151
      4794.60      72.2354      3.60970
      4796.00      72.3412      3.87086
      4797.40      69.9761      3.41492
      4798.80      70.3269      3.43736
      4800.20      72.0090      3.56233
      4801.60      73.2397      3.54885
      4803.00      71.2081      3.55332
      4804.40      71.0725      3.48497
      4805.80      69.9804      3.47566
      4807.20      74.1452      3.56855
      4808.60      69.0250      3.39245
      4810.00      70.8246      3.47549
      4811.40      70.2207      3.50872
      4812.80      70.1244      3.49349
      4814.20      72.2424      3.59068
      4815.60      72.2971      3.46665
      4817.00      73.1303      3.52369
      4818.40      70.1256      3.43420
      4819.80      71.4898      3.49181
      4821.20      73.8289      3.59683
      4822.60      68.1898      3.45122
      4824.00      73.1398      3.42892
      4825.40      67.0721      3.30882
      4826.80      69.8750      3.44351
      4828.20      69.1610      3.36847
      4829.60      67.5281      3.39238
      4831.00      68.4774      3.51687
      4832.40      68.6169      3.46288
      4833.80      67.0545      3.35361
      4835.20      69.2953      3.39065
      4836.60      69.5630      3.45232
      4838.00      68.3885      3.43008
      4839.40      67.5105      3.28660
      4840.80      67.3576      3.29249
      4842.20      68.3523      3.43174
      4843.60      65.5488      3.31631
      4845.00      64.8916      3.28213
      4846.40      67.5935      3.38807
      4847.80      66.7512      3.39526
      4849.20      63.5867      3.44634
      4850.60      61.9717      3.40304
      4852.00      65.1643      3.41601
      4853.40      60.9517      3.17332
      4854.80      61.4552      3.13242
      4856.20      57.2800      2.91200
      4857.60      56.3060      3.04492
      4859.00      56.3830      3.12563
      4860.40      48.8341      2.90393
      4861.80      44.9651      2.80699
      4863.20      36.8942      2.57930
      4864.60      28.4183      2.27206
      4866.00      30.7750      2.16506
      4867.40      40.7855      2.53659
      4868.80      49.0237      2.77166
      4870.20      51.0520      2.93790
      4871.60      55.3400      3.02083
      4873.00      56.3472      3.01394
      4874.40      56.3885      3.15104
      4875.80      59.0727      3.07659
      4877.20      61.6735      3.12731
      4878.60      62.6522      3.20128
      4880.00      63.6689      3.44247
      4881.40      63.1849      3.27434
      4882.80      64.3075      3.25486
      4884.20      64.6907      3.31671
      4885.60      61.8182      3.20090
      4887.00      68.7648      3.66925
      4888.40      66.4560      3.56001
      4889.80      66.3109      3.47450
      4891.20      68.2218      3.48585
      4892.60      68.5312      3.52639
      4894.00      61.3526      3.25826
      4895.40      63.8607      3.30771
      4896.80      67.6922      3.39328
      4898.20      67.4933      3.44726
      4899.60      68.2360      3.55415
      4901.00      69.3299      3.48033
      4902.40      69.4689      3.42238
      4903.80      67.5643      3.43665
      4905.20      68.3280      3.57904
      4906.60      68.8832      3.52481
      4908.00      69.6951      3.54903
      4909.40      70.0264      3.45662
      4910.80      70.2914      3.47510
      4912.20      69.3786      3.57172
      4913.60      67.9938      3.37987
      4915.00      67.3396      3.46232
      4916.40      67.5094      3.40474
      4917.80      67.6643      3.52388
      4919.20      66.5746      3.47084
      4920.60      69.0235      3.43566
      4922.00      69.2573      3.55618
      4923.40      69.0149      3.37386
      4924.80      61.6238      3.22883
      4926.20      68.5813      3.33814
      4927.60      65.8160      3.28687
      4929.00      67.2652      3.41133
      4930.40      70.0071      3.47875
      4931.80      70.7850      3.50268
      4933.20      69.4764      3.52014
      4934.60      67.6699      3.38823
      4936.00      70.7835      3.36415
      4937.40      69.1372      3.30521
      4938.80      67.9502      3.33737
      4940.20      68.5654      3.26428
      4941.60      68.2237      3.29145
      4943.00      67.4458      3.38545
      4944.40      67.7822      3.29782
      4945.80      67.9743      3.26823
      4947.20      68.4774      3.38298
      4948.60      71.2651      3.39731
      4950.00      66.0795      3.32432
      4951.40      67.4934      3.40789
      4952.80      69.2162      3.42506
      4954.20      70.4604      3.54699
      4955.60      66.3584      3.29252
      4957.00      70.0209      3.36665
      4958.40      68.6101      3.32640
      4959.80      65.0985      3.27769
      4961.20      65.4766      3.24153
      4962.60      69.3810      3.27485
      4964.00      68.3492      3.32136
      4965.40      68.2961      3.31218
      4966.80      66.5686      3.31837
      4968.20      67.2871      3.37422
      4969.60      68.3999      3.36868
      4971.00      66.1545      3.32681
      4972.40      67.1524      3.33246
      4973.80      67.6494      3.38602
      4975.20      68.0631      3.29040
      4976.60      65.2997      3.35188
      4978.00      70.7054      3.44034
      4979.40      66.9957      3.34458
      4980.80      68.0259      3.28518
      4982.20      70.2911      3.36705
      4983.60      68.7423      3.48565
      4985.00      66.0221      3.44392
      4986.40      64.2081      3.37125
      4987.80      66.1219      3.33182
      4989.20      68.9652      3.24554
      4990.60      67.4548      3.31396
      4992.00      67.2896      3.25783
      4993.40      67.9642      3.31374
      4994.80      67.0192      3.35317
      4996.20      68.0925      3.30423
      4997.60      68.4591      3.33372
      4999.00      68.3630      3.21231
