      3900.00      312.482      14.1443
      3901.40      293.421      14.0344
      3902.80      321.820      14.9938
      3904.20      336.824      15.6175
      3905.60      362.257      16.2250
      3907.00      376.813      16.4480
      3908.40      376.694      16.3421
      3909.80      379.479      16.3060
      3911.20      413.940      17.4420
      3912.60      393.371      16.9000
      3914.00      378.278      16.2577
      3915.40      386.795      16.5523
      3916.80      401.372      16.7620
      3918.20      396.943      17.1950
      3919.60      401.320      16.8370
      3921.00      397.756      16.8018
      3922.40      402.358      16.8784
      3923.80      405.582      17.1222
      3925.20      418.705      17.3502
      3926.60      407.403      16.9829
      3928.00      416.250      17.2030
      3929.40      390.202      16.3901
      3930.80      374.522      15.7279
      3932.20      337.238      15.1961
      3933.60      275.303      12.9954
      3935.00      271.220      12.9883
      3936.40      353.670      15.3480
      3937.80      401.272      16.8215
      3939.20      389.655      16.8745
      3940.60      388.122      16.6123
      3942.00      379.657      16.4324
      3943.40      374.237      16.1936
      3944.80      347.933      15.8284
      3946.20      372.317      16.4551
      3947.60      362.409      16.2681
      3949.00      363.273      16.2563
      3950.40      371.416      16.5068
      3951.80      350.884      16.2831
      3953.20      363.092      16.2035
      3954.60      358.692      15.9445
      3956.00      354.480      15.5083
      3957.40      357.502      15.4604
      3958.80      342.776      15.1936
      3960.20      335.663      14.4586
      3961.60      290.921      13.1184
      3963.00      283.073      12.7149
      3964.40      272.028      12.3299
      3965.80      236.390      11.1002
      3967.20      188.802      9.37715
      3968.60      116.880      7.20592
      3970.00      102.987      6.43376
      3971.40      96.9529      6.35426
      3972.80      146.692      8.06230
      3974.20      189.125      9.32734
      3975.60      214.288      10.0712
      3977.00      251.485      11.2991
      3978.40      261.722      11.8981
      3979.80      294.339      12.5322
      3981.20      287.494      12.5367
      3982.60      303.480      12.9777
      3984.00      316.640      13.3900
      3985.40      346.668      14.1544
      3986.80      329.581      13.8213
      3988.20      354.804      14.4900
      3989.60      358.047      14.1993
      3991.00      347.995      14.4137
      3992.40      358.814      14.5259
      3993.80      353.037      14.4928
      3995.20      369.480      14.8927
      3996.60      359.914      14.7064
      3998.00      370.587      15.0792
      3999.40      366.199      14.8148
      4000.80      371.143      14.6777
      4002.20      352.588      14.9181
      4003.60      410.485      15.1721
      4005.00      387.126      15.6305
      4006.40      911.760      31.8906
      4007.80      484.163      17.1199
      4009.20      363.361      15.0722
      4010.60      368.106      14.9629
      4012.00      364.377      14.7224
      4013.40      365.386      15.0147
      4014.80      384.870      15.5467
      4016.20      389.988      15.6580
      4017.60      381.560      15.2361
      4019.00      377.480      15.1940
      4020.40      391.247      15.5684
      4021.80      367.257      15.0555
      4023.20      380.490      15.2253
      4024.60      384.218      15.2748
      4026.00      381.199      15.2050
      4027.40      366.246      14.6449
      4028.80      387.853      15.4664
      4030.20      390.624      15.4875
      4031.60      366.254      14.7300
      4033.00      386.431      15.3733
      4034.40      374.459      15.1117
      4035.80      384.684      15.5157
      4037.20      379.420      15.3212
      4038.60      355.681      14.6872
      4040.00      373.057      15.4010
      4041.40      403.306      16.2874
      4042.80      366.635      15.2826
      4044.20      394.392      15.8895
      4045.60      382.143      15.3171
      4047.00      371.859      15.3851
      4048.40      373.625      15.2780
      4049.80      384.559      15.4734
      4051.20      382.338      15.4027
      4052.60      370.458      14.9087
      4054.00      372.070      14.9488
      4055.40      371.477      14.9913
      4056.80      382.403      15.1823
      4058.20      387.077      15.3050
      4059.60      385.697      15.1245
      4061.00      380.958      15.0336
      4062.40      392.304      15.4057
      4063.80      381.749      15.0898
      4065.20      378.756      15.0265
      4066.60      364.263      14.6818
      4068.00      372.313      14.6486
      4069.40      363.647      14.4471
      4070.80      366.742      14.4551
      4072.20      355.134      14.0782
      4073.60      356.248      14.2587
      4075.00      364.501      14.2333
      4076.40      369.469      14.4246
      4077.80      337.845      13.5712
      4079.20      341.322      13.5584
      4080.60      342.034      13.5581
      4082.00      329.114      13.3484
      4083.40      323.588      13.0783
      4084.80      317.998      13.0631
      4086.20      325.823      13.0600
      4087.60      304.718      12.7145
      4089.00      285.317      12.0822
      4090.40      291.736      12.0651
      4091.80      281.167      11.6570
      4093.20      257.832      11.3606
      4094.60      245.523      10.4003
      4096.00      231.861      10.2124
      4097.40      207.488      9.29601
      4098.80      170.983      8.40675
      4100.20      164.127      7.71528
      4101.60      103.936      6.08749
      4103.00      113.722      6.55665
      4104.40      136.889      7.35875
      4105.80      175.024      8.67725
      4107.20      216.106      9.44367
      4108.60      225.105      9.94831
      4110.00      236.395      10.1855
      4111.40      246.630      10.6152
      4112.80      269.195      11.3287
      4114.20      278.760      11.3880
      4115.60      295.933      12.0954
      4117.00      312.450      12.4976
      4118.40      319.577      12.6939
      4119.80      326.673      12.8982
      4121.20      305.086      12.4860
      4122.60      336.310      13.3032
      4124.00      332.848      13.2974
      4125.40      328.807      13.1483
      4126.80      332.634      13.1143
      4128.20      334.752      13.2802
      4129.60      336.690      13.3287
      4131.00      331.553      13.1979
      4132.40      339.066      13.2105
      4133.80      329.273      13.0484
      4135.20      346.282      13.4695
      4136.60      345.401      13.4080
      4138.00      346.269      13.5733
      4139.40      346.716      13.4760
      4140.80      357.367      13.6763
      4142.20      333.604      13.0953
      4143.60      354.946      13.5556
      4145.00      344.177      13.4171
      4146.40      343.087      13.3389
      4147.80      352.075      13.4953
      4149.20      345.930      13.3993
      4150.60      344.155      13.0286
      4152.00      341.405      13.2761
      4153.40      341.105      13.2245
      4154.80      350.790      13.4463
      4156.20      340.872      13.2553
      4157.60      337.766      13.1373
      4159.00      342.119      13.1687
      4160.40      347.341      13.3682
      4161.80      345.639      13.1387
      4163.20      330.775      12.8956
      4164.60      341.326      13.1939
      4166.00      345.486      13.3406
      4167.40      343.828      13.3599
      4168.80      335.371      13.1213
      4170.20      339.964      13.1804
      4171.60      342.575      13.1159
      4173.00      319.996      12.5418
      4174.40      332.151      12.7290
      4175.80      331.718      12.9560
      4177.20      347.046      13.1184
      4178.60      339.197      13.0833
      4180.00      338.357      12.9847
      4181.40      320.520      12.5484
      4182.80      343.372      13.0941
      4184.20      342.670      13.2721
      4185.60      334.348      12.8594
      4187.00      330.980      12.7366
      4188.40      339.087      13.0726
      4189.80      342.116      13.0438
      4191.20      342.069      13.0609
      4192.60      345.538      13.1103
      4194.00      343.625      13.1045
      4195.40      343.234      13.0588
      4196.80      340.436      12.9646
      4198.20      339.840      12.9233
      4199.60      319.304      12.3767
      4201.00      332.029      12.5859
      4202.40      347.348      13.0951
      4203.80      331.126      12.8324
      4205.20      344.335      12.9525
      4206.60      335.350      12.8595
      4208.00      345.554      12.8165
      4209.40      317.743      12.3842
      4210.80      351.126      13.2495
      4212.20      324.396      12.7373
      4213.60      331.885      12.7771
      4215.00      341.018      12.8722
      4216.40      330.402      12.5936
      4217.80      348.200      12.9895
      4219.20      332.745      12.5453
      4220.60      333.178      12.6125
      4222.00      332.706      12.6366
      4223.40      341.863      12.7827
      4224.80      326.716      12.3993
      4226.20      326.671      12.2509
      4227.60      324.367      12.3458
      4229.00      337.257      12.5731
      4230.40      334.623      12.5492
      4231.80      324.590      12.2972
      4233.20      330.612      12.3435
      4234.60      319.156      12.1991
      4236.00      331.550      12.4437
      4237.40      332.442      12.5291
      4238.80      334.827      12.5470
      4240.20      328.769      12.2928
      4241.60      325.478      12.3652
      4243.00      334.483      12.5534
      4244.40      339.502      12.5730
      4245.80      330.915      12.7356
      4247.20      311.783      11.8999
      4248.60      326.733      12.2471
      4250.00      325.074      12.2436
      4251.40      333.546      12.4399
      4252.80      327.744      12.4283
      4254.20      338.360      12.6106
      4255.60      331.137      12.4849
      4257.00      344.882      12.8500
      4258.40      327.366      12.0981
      4259.80      328.972      12.5019
      4261.20      314.079      11.9753
      4262.60      325.806      12.1532
      4264.00      324.722      12.4004
      4265.40      343.059      12.5341
      4266.80      327.483      12.2874
      4268.20      327.683      12.2840
      4269.60      334.173      12.4348
      4271.00      320.249      12.2436
      4272.40      319.013      11.9120
      4273.80      326.342      12.2289
      4275.20      330.262      12.2210
      4276.60      316.998      11.9352
      4278.00      332.685      12.3411
      4279.40      332.752      12.3385
      4280.80      313.072      11.7525
      4282.20      315.016      11.9155
      4283.60      335.464      12.3558
      4285.00      332.458      12.2679
      4286.40      314.537      11.9635
      4287.80      327.857      12.2439
      4289.20      326.049      12.1814
      4290.60      313.733      11.7024
      4292.00      310.879      11.7068
      4293.40      309.948      11.6104
      4294.80      312.264      11.8637
      4296.20      310.756      11.5246
      4297.60      302.215      11.6217
      4299.00      314.033      11.8606
      4300.40      300.333      11.5092
      4301.80      307.659      11.6078
      4303.20      298.621      11.4326
      4304.60      306.507      11.4850
      4306.00      315.796      11.8042
      4307.40      313.378      11.5834
      4308.80      301.093      11.6385
      4310.20      298.597      11.2132
      4311.60      306.621      11.5405
      4313.00      305.132      11.4282
      4314.40      291.431      11.1225
      4315.80      289.567      10.9368
      4317.20      282.454      10.7933
      4318.60      286.556      10.9119
      4320.00      291.328      10.9697
      4321.40      281.654      10.8353
      4322.80      287.626      10.9302
      4324.20      269.711      10.3484
      4325.60      254.873      10.0422
      4327.00      256.023      9.93052
      4328.40      253.860      10.0499
      4329.80      250.135      9.78022
      4331.20      232.667      9.22719
      4332.60      236.630      9.47357
      4334.00      223.800      8.87549
      4335.40      201.571      8.22570
      4336.80      179.137      7.59614
      4338.20      167.087      6.91366
      4339.60      122.234      5.66942
      4341.00      95.2681      4.97654
      4342.40      111.258      5.28370
      4343.80      136.841      6.15229
      4345.20      161.525      7.05756
      4346.60      195.986      7.97598
      4348.00      205.885      8.47913
      4349.40      212.088      8.63518
      4350.80      230.759      9.05719
      4352.20      236.595      9.48490
      4353.60      244.012      9.50850
      4355.00      258.380      9.98162
      4356.40      258.391      10.0879
      4357.80      267.117      10.2451
      4359.20      264.325      10.4138
      4360.60      268.038      10.5527
      4362.00      281.813      10.7316
      4363.40      276.651      10.6328
      4364.80      286.221      10.8622
      4366.20      298.418      11.2453
      4367.60      293.082      11.0610
      4369.00      291.119      11.0496
      4370.40      293.494      10.9180
      4371.80      298.336      11.1678
      4373.20      306.034      11.3584
      4374.60      288.865      10.9475
      4376.00      294.959      11.1300
      4377.40      307.758      11.4401
      4378.80      304.797      11.4414
      4380.20      309.750      11.5704
      4381.60      308.195      11.4884
      4383.00      310.916      11.4633
      4384.40      291.727      11.0101
      4385.80      288.175      10.8454
      4387.20      302.293      11.2261
      4388.60      300.492      11.2326
      4390.00      302.261      11.2036
      4391.40      301.516      11.2222
      4392.80      309.064      11.3820
      4394.20      298.144      11.0718
      4395.60      278.841      10.4284
      4397.00      296.500      10.9539
      4398.40      299.349      11.1001
      4399.80      309.271      11.2933
      4401.20      291.215      10.9631
      4402.60      289.272      10.7172
      4404.00      299.184      11.0727
      4405.40      301.993      11.1288
      4406.80      283.941      10.8381
      4408.20      294.800      11.0079
      4409.60      292.873      10.9034
      4411.00      286.632      10.7523
      4412.40      306.175      11.2246
      4413.80      300.770      11.0710
      4415.20      281.974      10.5683
      4416.60      287.364      10.7296
      4418.00      289.791      10.8835
      4419.40      295.405      10.9219
      4420.80      298.387      11.1081
      4422.20      302.522      11.1110
      4423.60      297.339      10.9542
      4425.00      303.441      11.2338
      4426.40      303.619      11.1481
      4427.80      292.807      10.8774
      4429.20      290.645      10.7589
      4430.60      289.975      10.8020
      4432.00      293.484      10.8029
      4433.40      293.420      10.8407
      4434.80      290.248      10.7479
      4436.20      291.602      10.8142
      4437.60      295.101      10.9444
      4439.00      294.852      10.9598
      4440.40      285.982      10.7774
      4441.80      280.967      10.6182
      4443.20      293.564      10.7346
      4444.60      283.152      10.6760
      4446.00      286.428      10.5484
      4447.40      292.653      10.7805
      4448.80      292.989      10.9754
      4450.20      294.484      10.6370
      4451.60      284.837      10.6853
      4453.00      295.007      10.8022
      4454.40      290.988      10.6957
      4455.80      287.320      10.6564
      4457.20      281.270      10.5892
      4458.60      295.571      10.8166
      4460.00      284.579      10.5432
      4461.40      287.034      10.6107
      4462.80      307.974      11.0508
      4464.20      278.602      10.4919
      4465.60      297.697      10.9070
      4467.00      289.546      10.7200
      4468.40      287.452      10.5650
      4469.80      281.836      10.4001
      4471.20      276.592      10.2580
      4472.60      290.854      10.6454
      4474.00      293.829      10.7731
      4475.40      289.040      10.6687
      4476.80      284.047      10.4912
      4478.20      285.869      10.6249
      4479.60      302.123      11.0204
      4481.00      279.164      10.2378
      4482.40      275.224      10.3159
      4483.80      284.791      10.4432
      4485.20      291.703      10.7997
      4486.60      287.798      10.4321
      4488.00      278.260      10.3446
      4489.40      289.416      10.5551
      4490.80      281.861      10.5356
      4492.20      278.711      10.1839
      4493.60      280.972      10.4079
      4495.00      285.072      10.4251
      4496.40      286.403      10.6345
      4497.80      294.427      10.5763
      4499.20      287.037      10.6714
      4500.60      285.373      10.4663
      4502.00      274.929      10.2941
      4503.40      275.731      10.1110
      4504.80      279.874      10.3643
      4506.20      279.053      10.3264
      4507.60      291.198      10.7347
      4509.00      276.110      10.2815
      4510.40      278.903      10.3287
      4511.80      277.469      10.3465
      4513.20      277.943      10.2760
      4514.60      276.878      10.2926
      4516.00      282.107      10.3451
      4517.40      270.868      10.1465
      4518.80      284.074      10.5004
      4520.20      270.285      10.1932
      4521.60      275.591      10.2344
      4523.00      272.012      10.2398
      4524.40      272.705      10.1772
      4525.80      275.170      10.2528
      4527.20      277.544      10.2827
      4528.60      274.875      10.1996
      4530.00      270.634      10.0680
      4531.40      279.303      10.2773
      4532.80      283.241      10.5771
      4534.20      276.246      9.96544
      4535.60      271.048      10.1861
      4537.00      272.938      10.0668
      4538.40      275.527      10.2747
      4539.80      276.744      10.0945
      4541.20      271.455      10.0791
      4542.60      275.869      10.1273
      4544.00      276.882      10.1254
      4545.40      274.814      10.1512
      4546.80      278.338      10.1578
      4548.20      282.069      10.2411
      4549.60      259.017      9.69919
      4551.00      256.651      9.43560
      4552.40      270.860      10.0881
      4553.80      275.050      10.0542
      4555.20      268.899      9.95570
      4556.60      270.725      9.93330
      4558.00      275.007      10.1337
      4559.40      263.570      9.87698
      4560.80      279.246      10.1934
      4562.20      283.797      10.4074
      4563.60      274.605      10.0702
      4565.00      274.604      10.0897
      4566.40      271.812      10.0642
      4567.80      269.892      9.92976
      4569.20      268.201      9.93299
      4570.60      269.972      9.89704
      4572.00      264.852      9.79055
      4573.40      263.975      9.71969
      4574.80      278.472      10.1157
      4576.20      268.709      9.93621
      4577.60      270.108      9.91690
      4579.00      271.195      9.94965
      4580.40      272.175      9.98692
      4581.80      268.351      9.90298
      4583.20      267.524      9.80835
      4584.60      262.891      9.73305
      4586.00      259.590      9.63024
      4587.40      269.716      9.85839
      4588.80      267.552      9.84672
      4590.20      253.044      9.38740
      4591.60      269.097      9.80849
      4593.00      269.967      9.91258
      4594.40      267.237      9.78316
      4595.80      266.792      9.79402
      4597.20      275.224      9.95658
      4598.60      260.652      9.75165
      4600.00      267.426      9.73210
      4601.40      262.159      9.69231
      4602.80      268.392      9.85175
      4604.20      273.356      10.0391
      4605.60      270.728      9.90134
      4607.00      264.625      9.77582
      4608.40      272.115      9.91030
      4609.80      266.608      9.85126
      4611.20      268.405      9.83151
      4612.60      259.848      9.60550
      4614.00      271.902      9.91460
      4615.40      271.302      9.86384
      4616.80      255.983      9.47560
      4618.20      268.975      9.85455
      4619.60      265.253      9.73978
      4621.00      268.481      9.88131
      4622.40      270.997      9.80578
      4623.80      262.500      9.70414
      4625.20      267.367      9.76400
      4626.60      264.965      9.66301
      4628.00      261.738      9.71568
      4629.40      257.519      9.43862
      4630.80      257.433      9.56318
      4632.20      264.318      9.70206
      4633.60      266.192      9.81447
      4635.00      254.641      9.36596
      4636.40      260.160      9.60242
      4637.80      267.877      9.75000
      4639.20      264.539      9.74942
      4640.60      266.458      9.77622
      4642.00      259.784      9.59119
      4643.40      265.689      9.62151
      4644.80      254.592      9.43493
      4646.20      261.436      9.55262
      4647.60      254.318      9.36882
      4649.00      261.245      9.59531
      4650.40      270.613      9.70710
      4651.80      251.681      9.30984
      4653.20      274.654      9.91306
      4654.60      262.747      9.67825
      4656.00      268.277      9.65517
      4657.40      254.038      9.37307
      4658.80      258.702      9.49474
      4660.20      262.239      9.62969
      4661.60      258.626      9.57045
      4663.00      257.577      9.44625
      4664.40      255.229      9.36043
      4665.80      263.357      9.57189
      4667.20      258.095      9.51570
      4668.60      255.301      9.34702
      4670.00      258.492      9.58207
      4671.40      253.896      9.31805
      4672.80      241.281      9.08393
      4674.20      256.185      9.32536
      4675.60      253.111      9.33686
      4677.00      247.996      9.18285
      4678.40      256.414      9.40162
      4679.80      253.164      9.45702
      4681.20      259.765      9.56659
      4682.60      254.861      9.47196
      4684.00      255.580      9.41555
      4685.40      249.362      9.29498
      4686.80      253.564      9.36818
      4688.20      253.344      9.36014
      4689.60      255.571      9.44122
      4691.00      258.691      9.46402
      4692.40      250.221      9.25270
      4693.80      257.177      9.48179
      4695.20      254.904      9.43376
      4696.60      261.612      9.59478
      4698.00      253.667      9.46290
      4699.40      256.363      9.44406
      4700.80      248.731      9.23653
      4702.20      258.673      9.41122
      4703.60      252.454      9.40672
      4705.00      258.356      9.57718
      4706.40      247.341      9.25497
      4707.80      256.432      9.38669
      4709.20      258.523      9.44623
      4710.60      249.549      9.16413
      4712.00      249.451      9.29233
      4713.40      266.803      9.51034
      4714.80      263.296      9.65272
      4716.20      268.401      9.73500
      4717.60      268.992      9.69373
      4719.00      266.865      9.69759
      4720.40      256.315      9.36708
      4721.80      260.666      9.43734
      4723.20      263.125      9.42445
      4724.60      261.170      9.48051
      4726.00      251.201      9.13593
      4727.40      250.147      9.14566
      4728.80      255.833      9.23745
      4730.20      257.216      9.38692
      4731.60      250.928      9.09623
      4733.00      246.875      9.00464
      4734.40      250.444      9.18033
      4735.80      258.667      9.22686
      4737.20      252.180      9.27800
      4738.60      250.281      9.07790
      4740.00      252.952      9.13628
      4741.40      246.662      8.97745
      4742.80      250.688      9.16782
      4744.20      241.977      8.85153
      4745.60      247.686      9.02975
      4747.00      247.340      8.93080
      4748.40      250.257      9.22096
      4749.80      244.544      8.90163
      4751.20      251.870      9.10761
      4752.60      248.406      9.05691
      4754.00      252.862      9.19860
      4755.40      255.401      9.22281
      4756.80      254.652      9.17351
      4758.20      244.367      8.93331
      4759.60      240.599      8.84855
      4761.00      247.758      9.05231
      4762.40      259.261      9.61904
      4763.80      272.354      10.2023
      4765.20      242.453      8.96251
      4766.60      245.549      8.90987
      4768.00      250.612      9.08009
      4769.40      244.924      9.00353
      4770.80      244.265      8.89192
      4772.20      239.345      8.75546
      4773.60      247.984      9.03783
      4775.00      244.636      8.90782
      4776.40      251.083      9.07719
      4777.80      253.673      9.13134
      4779.20      242.632      8.82623
      4780.60      235.641      8.62799
      4782.00      238.859      8.71138
      4783.40      241.853      8.82356
      4784.80      242.561      8.83421
      4786.20      237.345      8.76484
      4787.60      239.347      8.73864
      4789.00      243.670      8.87061
      4790.40      238.095      8.74641
      4791.80      238.937      8.72557
      4793.20      247.651      9.02594
      4794.60      245.284      8.86748
      4796.00      236.275      8.66439
      4797.40      234.579      8.55602
      4798.80      236.338      8.67577
      4800.20      236.197      8.63991
      4801.60      239.007      8.69720
      4803.00      235.181      8.67699
      4804.40      242.439      8.77839
      4805.80      233.191      8.57135
      4807.20      235.222      8.63308
      4808.60      244.476      8.82214
      4810.00      232.227      8.59598
      4811.40      231.344      8.44527
      4812.80      229.414      8.53297
      4814.20      238.349      8.67920
      4815.60      243.953      8.87935
      4817.00      235.762      8.72877
      4818.40      245.876      8.90848
      4819.80      236.276      8.76031
      4821.20      232.661      8.54989
      4822.60      227.440      8.40093
      4824.00      233.578      8.81089
      4825.40      232.686      8.47785
      4826.80      226.524      8.49288
      4828.20      231.635      8.50008
      4829.60      228.788      8.50995
      4831.00      225.928      8.32929
      4832.40      229.342      8.58264
      4833.80      225.506      8.43796
      4835.20      228.510      8.44891
      4836.60      220.215      8.22172
      4838.00      217.627      8.13669
      4839.40      218.674      8.12121
      4840.80      209.869      7.95629
      4842.20      218.434      8.10694
      4843.60      213.730      7.98874
      4845.00      206.477      7.77867
      4846.40      208.175      7.76181
      4847.80      195.986      7.50695
      4849.20      197.130      7.45058
      4850.60      191.612      7.46308
      4852.00      194.045      7.26847
      4853.40      175.409      6.99850
      4854.80      171.361      6.67234
      4856.20      158.265      6.23813
      4857.60      147.855      5.92968
      4859.00      137.585      5.57610
      4860.40      113.620      4.87834
      4861.80      89.0473      4.18594
      4863.20      88.1834      4.01669
      4864.60      107.622      4.71402
      4866.00      133.564      5.42526
      4867.40      154.333      6.01064
      4868.80      157.490      6.25588
      4870.20      174.669      6.67087
      4871.60      174.026      6.70328
      4873.00      181.210      6.83299
      4874.40      178.833      6.91125
      4875.80      196.782      7.28892
      4877.20      196.655      7.37410
      4878.60      197.653      7.44632
      4880.00      208.903      7.70807
      4881.40      209.918      7.83047
      4882.80      218.413      7.97671
      4884.20      211.434      7.99825
      4885.60      212.057      7.75141
      4887.00      212.698      7.86236
      4888.40      216.524      7.90096
      4889.80      215.891      8.01191
      4891.20      217.462      7.95040
      4892.60      223.071      8.28119
      4894.00      218.283      8.14964
      4895.40      216.849      8.03246
      4896.80      220.732      8.13007
      4898.20      220.924      8.12854
      4899.60      229.325      8.32190
      4901.00      219.397      8.14585
      4902.40      223.816      8.18100
      4903.80      218.202      8.00826
      4905.20      220.390      8.14075
      4906.60      226.554      8.21546
      4908.00      220.661      8.11097
      4909.40      223.324      8.08213
      4910.80      222.159      8.19985
      4912.20      225.647      8.12144
      4913.60      222.967      8.14525
      4915.00      216.698      7.94816
      4916.40      217.597      7.88771
      4917.80      224.331      8.25557
      4919.20      222.785      8.07005
      4920.60      220.333      8.08989
      4922.00      228.651      8.20336
      4923.40      218.560      8.02503
      4924.80      217.533      7.98462
      4926.20      208.129      7.75026
      4927.60      227.919      8.15730
      4929.00      223.508      8.13657
      4930.40      221.756      8.05536
      4931.80      222.719      8.09147
      4933.20      219.945      8.03270
      4934.60      224.011      8.07810
      4936.00      220.124      8.07098
      4937.40      222.138      8.03732
      4938.80      221.253      8.24911
      4940.20      221.059      7.98695
      4941.60      226.614      8.21708
      4943.00      222.790      8.08704
      4944.40      214.714      7.91077
      4945.80      222.058      8.05562
      4947.20      227.805      8.19101
      4948.60      216.456      7.97069
      4950.00      220.575      8.03666
      4951.40      213.089      7.80436
      4952.80      218.992      7.96780
      4954.20      222.844      8.11502
      4955.60      218.127      7.97289
      4957.00      216.153      7.90501
      4958.40      214.944      7.83530
      4959.80      220.864      8.05814
      4961.20      225.350      8.12217
      4962.60      219.375      8.01255
      4964.00      219.497      8.05613
      4965.40      222.921      8.11820
      4966.80      214.731      7.88485
      4968.20      219.060      7.99054
      4969.60      223.471      8.07662
      4971.00      218.544      7.97894
      4972.40      226.214      8.21478
      4973.80      217.067      7.99605
      4975.20      224.448      8.06746
      4976.60      213.166      7.87063
      4978.00      214.552      7.84090
      4979.40      218.051      7.90559
      4980.80      215.033      7.91469
      4982.20      214.286      7.80536
      4983.60      216.972      7.92042
      4985.00      215.494      7.83386
      4986.40      214.323      7.88733
      4987.80      219.311      8.02027
      4989.20      218.901      8.05223
      4990.60      219.411      8.03834
      4992.00      220.235      7.98932
      4993.40      212.805      7.79205
      4994.80      217.090      7.92530
      4996.20      215.277      7.85776
      4997.60      218.271      7.91083
      4999.00      216.049      7.87941
