      3900.00      516.702      20.3033
      3901.40      528.093      21.0634
      3902.80      560.214      21.7703
      3904.20      550.119      21.4829
      3905.60      561.314      21.8998
      3907.00      574.995      22.2147
      3908.40      568.965      21.9677
      3909.80      582.190      22.5450
      3911.20      578.307      22.5077
      3912.60      573.633      22.3434
      3914.00      587.480      22.6926
      3915.40      620.337      23.2654
      3916.80      574.315      22.3564
      3918.20      591.740      22.6352
      3919.60      594.596      22.5669
      3921.00      580.604      22.2891
      3922.40      580.002      22.1293
      3923.80      608.342      22.9490
      3925.20      621.154      23.4187
      3926.60      608.557      23.1109
      3928.00      596.021      22.5934
      3929.40      584.210      22.1108
      3930.80      535.458      20.4910
      3932.20      424.446      17.3759
      3933.60      449.742      18.0836
      3935.00      536.850      20.8507
      3936.40      604.355      22.3196
      3937.80      581.483      22.1769
      3939.20      595.455      22.4583
      3940.60      596.836      22.5559
      3942.00      574.629      21.7941
      3943.40      563.916      21.4097
      3944.80      564.279      21.5393
      3946.20      567.259      21.5978
      3947.60      594.080      22.0542
      3949.00      553.678      21.0100
      3950.40      550.586      21.0434
      3951.80      551.872      20.8861
      3953.20      533.718      20.4546
      3954.60      534.091      20.3692
      3956.00      516.893      19.8377
      3957.40      510.037      19.6039
      3958.80      492.164      19.0789
      3960.20      480.761      18.6996
      3961.60      442.773      17.5094
      3963.00      409.889      16.3829
      3964.40      372.763      15.3208
      3965.80      316.185      13.3682
      3967.20      218.622      10.5617
      3968.60      142.569      8.32574
      3970.00      172.551      9.01894
      3971.40      272.106      12.3049
      3972.80      346.008      14.2665
      3974.20      375.074      15.4502
      3975.60      451.124      17.4067
      3977.00      444.494      17.9001
      3978.40      509.012      19.4916
      3979.80      477.321      18.5015
      3981.20      512.143      19.3799
      3982.60      530.134      20.0354
      3984.00      534.788      20.2418
      3985.40      555.549      20.6561
      3986.80      545.750      20.4935
      3988.20      564.248      20.9168
      3989.60      538.077      20.1267
      3991.00      566.804      20.8111
      3992.40      555.172      20.8312
      3993.80      583.001      21.4418
      3995.20      570.897      21.1373
      3996.60      567.170      21.1027
      3998.00      543.171      20.5497
      3999.40      583.129      21.3919
      4000.80      596.065      21.8840
      4002.20      570.236      21.2262
      4003.60      554.492      20.5767
      4005.00      545.526      20.2797
      4006.40      571.048      20.9571
      4007.80      564.286      20.8469
      4009.20      575.992      21.0862
      4010.60      566.760      20.8647
      4012.00      568.700      21.1445
      4013.40      557.829      20.7639
      4014.80      576.405      21.2717
      4016.20      559.755      20.8495
      4017.60      565.870      20.7190
      4019.00      555.055      20.4754
      4020.40      581.002      21.2600
      4021.80      565.852      20.8680
      4023.20      574.554      21.1497
      4024.60      562.188      20.7425
      4026.00      565.585      20.5686
      4027.40      538.331      20.0343
      4028.80      569.213      20.7223
      4030.20      540.337      20.0931
      4031.60      539.550      19.7845
      4033.00      584.139      20.9810
      4034.40      548.827      20.2514
      4035.80      573.703      20.8849
      4037.20      558.895      20.4200
      4038.60      565.319      20.5533
      4040.00      575.340      20.9532
      4041.40      561.044      20.6383
      4042.80      577.646      20.9337
      4044.20      536.822      19.8313
      4045.60      533.388      19.6486
      4047.00      558.692      20.3395
      4048.40      548.580      20.2380
      4049.80      560.906      20.4096
      4051.20      554.721      20.2837
      4052.60      554.233      20.3034
      4054.00      561.347      20.3901
      4055.40      560.388      20.4337
      4056.80      554.062      20.1108
      4058.20      555.904      20.2957
      4059.60      552.713      20.1106
      4061.00      538.382      19.6529
      4062.40      534.346      19.6330
      4063.80      547.015      19.8819
      4065.20      557.154      20.6193
      4066.60      519.282      19.2549
      4068.00      544.892      19.7614
      4069.40      538.628      19.7227
      4070.80      531.089      19.4690
      4072.20      534.797      19.6251
      4073.60      527.545      19.3953
      4075.00      529.371      19.2273
      4076.40      501.238      18.4652
      4077.80      517.061      19.0000
      4079.20      540.214      19.5470
      4080.60      516.248      18.8279
      4082.00      508.866      18.8212
      4083.40      516.921      18.9560
      4084.80      498.619      18.4212
      4086.20      492.286      18.1858
      4087.60      496.829      18.2284
      4089.00      472.873      17.6357
      4090.40      474.016      17.5335
      4091.80      442.696      16.5667
      4093.20      411.835      15.9005
      4094.60      418.270      15.5986
      4096.00      362.605      14.1103
      4097.40      299.145      12.2290
      4098.80      252.053      10.4956
      4100.20      170.515      8.11463
      4101.60      159.999      8.04242
      4103.00      248.281      10.3404
      4104.40      321.725      12.7518
      4105.80      367.299      14.3262
      4107.20      421.641      15.7292
      4108.60      413.770      15.6400
      4110.00      443.189      16.5740
      4111.40      460.745      17.1085
      4112.80      476.110      17.3471
      4114.20      500.291      18.3548
      4115.60      490.299      18.0589
      4117.00      490.472      17.9694
      4118.40      490.200      17.9877
      4119.80      500.909      18.5089
      4121.20      516.132      18.5753
      4122.60      526.930      19.0665
      4124.00      526.923      19.0165
      4125.40      506.216      18.5144
      4126.80      514.208      18.6287
      4128.20      517.958      18.8601
      4129.60      529.924      19.1231
      4131.00      518.845      18.8774
      4132.40      524.931      18.9395
      4133.80      517.096      18.6741
      4135.20      521.237      18.9065
      4136.60      529.627      19.1730
      4138.00      531.196      19.2550
      4139.40      536.072      19.2514
      4140.80      521.994      19.0184
      4142.20      518.847      18.7541
      4143.60      529.603      19.0719
      4145.00      542.911      19.3602
      4146.40      529.264      19.2155
      4147.80      535.798      19.1540
      4149.20      513.783      18.6105
      4150.60      537.241      19.3040
      4152.00      529.354      18.9703
      4153.40      528.285      19.4292
      4154.80      522.075      18.7146
      4156.20      524.470      18.8603
      4157.60      531.514      19.1297
      4159.00      508.947      18.4730
      4160.40      517.253      18.3997
      4161.80      502.244      18.3619
      4163.20      506.329      18.2282
      4164.60      517.283      18.6686
      4166.00      530.178      18.9961
      4167.40      530.584      19.0537
      4168.80      516.425      18.6701
      4170.20      526.528      18.8703
      4171.60      534.357      19.0066
      4173.00      506.861      18.3816
      4174.40      513.322      18.3059
      4175.80      510.005      18.5180
      4177.20      516.255      18.4602
      4178.60      520.720      18.8583
      4180.00      493.832      17.9326
      4181.40      521.260      18.4613
      4182.80      517.931      18.7161
      4184.20      517.096      18.4383
      4185.60      499.655      18.1547
      4187.00      516.012      18.2260
      4188.40      518.014      18.7040
      4189.80      523.432      18.6223
      4191.20      512.169      18.3104
      4192.60      509.326      18.3250
      4194.00      526.684      18.8078
      4195.40      533.331      18.8910
      4196.80      523.063      18.7021
      4198.20      524.958      18.6810
      4199.60      507.724      18.2303
      4201.00      517.194      18.4027
      4202.40      514.184      18.4701
      4203.80      515.737      18.4636
      4205.20      510.114      18.3662
      4206.60      519.581      18.5025
      4208.00      510.087      18.2467
      4209.40      512.634      18.3719
      4210.80      522.152      18.5598
      4212.20      517.044      18.4435
      4213.60      510.977      18.1930
      4215.00      492.696      17.9202
      4216.40      527.113      18.6524
      4217.80      521.295      18.6046
      4219.20      517.333      18.4580
      4220.60      507.487      18.2593
      4222.00      517.639      18.4083
      4223.40      510.452      18.2420
      4224.80      506.846      18.0904
      4226.20      488.345      17.5831
      4227.60      525.784      18.4302
      4229.00      523.532      18.6634
      4230.40      524.971      18.6319
      4231.80      494.955      17.8569
      4233.20      507.055      17.9989
      4234.60      521.111      18.7454
      4236.00      519.615      18.4079
      4237.40      505.220      18.0955
      4238.80      507.744      18.2835
      4240.20      513.824      18.1279
      4241.60      515.279      18.2158
      4243.00      494.919      17.7971
      4244.40      499.219      17.7710
      4245.80      497.807      17.9171
      4247.20      519.184      18.2365
      4248.60      506.212      18.2401
      4250.00      519.309      18.2876
      4251.40      526.094      18.6543
      4252.80      502.978      17.7488
      4254.20      501.899      18.0123
      4255.60      520.520      18.4013
      4257.00      517.507      18.3008
      4258.40      520.863      18.4147
      4259.80      501.983      17.8765
      4261.20      509.041      18.2248
      4262.60      522.002      18.8195
      4264.00      511.403      18.3328
      4265.40      511.433      18.1733
      4266.80      520.178      18.3669
      4268.20      511.582      18.2033
      4269.60      505.634      17.9634
      4271.00      486.875      17.4280
      4272.40      503.379      17.8032
      4273.80      508.326      18.2539
      4275.20      507.345      17.7344
      4276.60      507.771      18.0626
      4278.00      500.448      17.8366
      4279.40      507.408      17.8991
      4280.80      505.248      18.0050
      4282.20      491.895      17.7128
      4283.60      521.507      18.4058
      4285.00      499.239      17.9086
      4286.40      504.397      17.8376
      4287.80      486.537      17.3479
      4289.20      494.570      17.6413
      4290.60      506.826      17.9300
      4292.00      504.976      17.8277
      4293.40      499.571      17.9196
      4294.80      498.362      17.6656
      4296.20      513.811      18.1320
      4297.60      503.865      18.0272
      4299.00      469.023      17.0213
      4300.40      494.622      17.4463
      4301.80      497.995      17.8422
      4303.20      502.026      17.7226
      4304.60      482.316      17.2853
      4306.00      485.122      17.2713
      4307.40      497.039      17.7149
      4308.80      497.601      17.6074
      4310.20      492.571      17.5186
      4311.60      483.627      17.1014
      4313.00      485.308      17.3279
      4314.40      483.565      17.2619
      4315.80      487.417      17.2832
      4317.20      477.849      17.0840
      4318.60      478.802      16.9991
      4320.00      474.461      17.0329
      4321.40      476.693      16.8774
      4322.80      467.618      16.7576
      4324.20      459.674      16.5245
      4325.60      454.658      16.3447
      4327.00      440.419      15.9218
      4328.40      438.262      15.7962
      4329.80      432.662      15.5786
      4331.20      399.651      14.7085
      4332.60      375.641      14.0432
      4334.00      370.689      13.6364
      4335.40      327.933      12.4827
      4336.80      276.532      10.7798
      4338.20      212.062      8.52941
      4339.60      142.334      6.71395
      4341.00      196.738      8.13677
      4342.40      288.426      11.1383
      4343.80      326.311      12.3801
      4345.20      360.955      13.4465
      4346.60      392.195      14.2572
      4348.00      404.024      14.7186
      4349.40      415.294      15.0318
      4350.80      429.510      15.4202
      4352.20      428.814      15.6496
      4353.60      454.835      16.0819
      4355.00      469.303      16.7482
      4356.40      472.705      16.7671
      4357.80      468.061      16.7546
      4359.20      478.084      17.3118
      4360.60      494.306      17.6142
      4362.00      489.042      17.4014
      4363.40      488.273      17.2421
      4364.80      461.491      16.6416
      4366.20      492.058      17.1715
      4367.60      486.844      17.2564
      4369.00      489.037      17.2493
      4370.40      485.629      17.2295
      4371.80      502.003      17.6301
      4373.20      492.835      17.3454
      4374.60      471.638      16.7919
      4376.00      480.119      16.9508
      4377.40      480.318      17.0155
      4378.80      484.750      17.1046
      4380.20      504.157      17.6040
      4381.60      486.071      17.1259
      4383.00      464.008      16.4875
      4384.40      478.063      16.8197
      4385.80      482.531      17.0364
      4387.20      484.286      17.0384
      4388.60      461.855      16.4599
      4390.00      486.705      17.0238
      4391.40      486.333      17.2670
      4392.80      477.493      16.7347
      4394.20      473.908      16.8294
      4395.60      483.585      16.9423
      4397.00      481.242      17.1714
      4398.40      465.596      16.3868
      4399.80      486.987      17.0618
      4401.20      489.459      17.1643
      4402.60      474.746      16.7852
      4404.00      484.790      16.9978
      4405.40      479.103      16.8968
      4406.80      472.304      16.7545
      4408.20      493.842      17.2649
      4409.60      485.309      17.1182
      4411.00      485.692      17.1463
      4412.40      488.439      17.0669
      4413.80      485.887      17.0724
      4415.20      467.505      16.5986
      4416.60      466.075      16.3650
      4418.00      470.149      16.6762
      4419.40      482.498      16.9101
      4420.80      488.822      17.1141
      4422.20      484.014      17.1014
      4423.60      472.965      16.6737
      4425.00      468.227      16.6765
      4426.40      480.498      16.9214
      4427.80      469.235      16.5946
      4429.20      482.591      16.8941
      4430.60      478.351      16.7276
      4432.00      454.034      16.0812
      4433.40      459.896      16.2033
      4434.80      466.755      16.4038
      4436.20      471.274      16.6599
      4437.60      472.201      16.4698
      4439.00      468.047      16.5219
      4440.40      474.445      16.6061
      4441.80      465.797      16.4080
      4443.20      468.134      16.4931
      4444.60      471.741      16.5290
      4446.00      466.409      16.3856
      4447.40      464.115      16.3936
      4448.80      447.200      15.8542
      4450.20      468.615      16.3006
      4451.60      460.214      16.2430
      4453.00      466.886      16.3516
      4454.40      474.753      16.5930
      4455.80      462.322      16.3854
      4457.20      478.991      16.6817
      4458.60      476.623      16.6829
      4460.00      463.368      16.2488
      4461.40      452.471      16.0752
      4462.80      466.649      16.3885
      4464.20      454.084      15.9937
      4465.60      453.884      15.9787
      4467.00      454.180      15.9081
      4468.40      457.305      16.0944
      4469.80      460.245      16.1632
      4471.20      464.477      16.2850
      4472.60      467.559      16.3532
      4474.00      450.837      15.8879
      4475.40      460.700      16.0915
      4476.80      460.420      16.1763
      4478.20      459.546      16.1060
      4479.60      454.817      15.9717
      4481.00      449.885      15.8855
      4482.40      464.623      16.1252
      4483.80      443.589      15.6013
      4485.20      453.266      15.9593
      4486.60      461.258      16.1670
      4488.00      458.952      16.1178
      4489.40      472.018      16.5187
      4490.80      458.057      16.1340
      4492.20      463.967      16.1279
      4493.60      449.735      15.9482
      4495.00      459.246      16.0724
      4496.40      451.335      15.8903
      4497.80      460.182      16.0912
      4499.20      460.111      16.0821
      4500.60      446.240      15.7556
      4502.00      451.997      15.7872
      4503.40      450.225      15.7893
      4504.80      455.603      15.9493
      4506.20      437.114      15.5370
      4507.60      446.636      15.5846
      4509.00      445.434      15.6983
      4510.40      457.475      15.9470
      4511.80      456.939      16.0040
      4513.20      447.698      15.7945
      4514.60      462.559      16.1029
      4516.00      458.521      16.1416
      4517.40      444.544      15.6812
      4518.80      453.861      15.8077
      4520.20      454.127      16.0562
      4521.60      449.224      15.7911
      4523.00      441.898      15.5917
      4524.40      450.331      15.6835
      4525.80      454.295      16.0242
      4527.20      436.756      15.2916
      4528.60      439.431      15.4286
      4530.00      450.147      15.8297
      4531.40      448.769      15.6835
      4532.80      433.334      15.2711
      4534.20      441.642      15.4342
      4535.60      441.147      15.5554
      4537.00      449.769      15.6227
      4538.40      439.615      15.4706
      4539.80      431.895      15.1914
      4541.20      438.966      15.4384
      4542.60      439.742      15.3254
      4544.00      438.263      15.4377
      4545.40      438.551      15.3514
      4546.80      439.071      15.3554
      4548.20      427.476      15.0917
      4549.60      424.681      15.0503
      4551.00      451.521      15.6786
      4552.40      450.629      15.7299
      4553.80      433.662      15.2007
      4555.20      457.418      15.8083
      4556.60      445.322      15.7174
      4558.00      458.822      15.8761
      4559.40      445.457      15.6453
      4560.80      446.065      15.4926
      4562.20      435.293      15.2455
      4563.60      439.792      15.4748
      4565.00      435.489      15.2115
      4566.40      451.134      15.6589
      4567.80      444.794      15.5892
      4569.20      443.095      15.4548
      4570.60      430.312      15.1128
      4572.00      435.580      15.2909
      4573.40      442.235      15.3452
      4574.80      439.609      15.5554
      4576.20      448.076      15.5391
      4577.60      443.296      15.5195
      4579.00      439.546      15.2751
      4580.40      437.266      15.4246
      4581.80      435.705      15.1945
      4583.20      422.950      14.9417
      4584.60      438.083      15.2626
      4586.00      433.297      15.2751
      4587.40      444.006      15.3423
      4588.80      452.080      15.7807
      4590.20      446.164      15.6021
      4591.60      446.761      15.4919
      4593.00      442.538      15.5276
      4594.40      433.055      15.1707
      4595.80      434.579      15.2325
      4597.20      446.389      15.5822
      4598.60      444.135      15.4569
      4600.00      441.081      15.4432
      4601.40      449.310      15.5363
      4602.80      430.493      15.0953
      4604.20      437.720      15.2047
      4605.60      437.449      15.3150
      4607.00      440.431      15.3194
      4608.40      436.048      15.1772
      4609.80      442.429      15.5375
      4611.20      441.571      15.3911
      4612.60      443.393      15.4890
      4614.00      445.631      15.5400
      4615.40      442.247      15.4554
      4616.80      440.096      15.3246
      4618.20      434.343      15.2009
      4619.60      435.532      15.2426
      4621.00      452.674      15.6458
      4622.40      438.279      15.3570
      4623.80      441.514      15.3787
      4625.20      436.238      15.2518
      4626.60      431.923      15.1162
      4628.00      443.039      15.3199
      4629.40      431.036      15.0851
      4630.80      431.837      15.0767
      4632.20      434.087      15.0910
      4633.60      430.968      15.0655
      4635.00      439.880      15.2658
      4636.40      439.826      15.2839
      4637.80      444.804      15.4970
      4639.20      432.379      15.1104
      4640.60      444.482      15.3226
      4642.00      430.496      15.0042
      4643.40      419.177      14.6138
      4644.80      437.545      15.1589
      4646.20      431.648      15.0309
      4647.60      432.443      15.0910
      4649.00      431.181      14.9596
      4650.40      425.950      14.9327
      4651.80      436.800      15.1788
      4653.20      432.235      14.9647
      4654.60      428.958      15.0375
      4656.00      440.041      15.2035
      4657.40      424.032      14.8827
      4658.80      430.656      14.9230
      4660.20      429.630      14.9985
      4661.60      429.483      14.9142
      4663.00      429.540      14.9865
      4664.40      429.625      15.0062
      4665.80      431.338      14.9727
      4667.20      421.263      14.6832
      4668.60      429.283      14.9327
      4670.00      434.481      15.0023
      4671.40      424.876      14.9022
      4672.80      427.996      14.7452
      4674.20      432.305      15.0335
      4675.60      410.132      14.4977
      4677.00      427.712      14.7709
      4678.40      434.312      15.2007
      4679.80      434.911      15.0140
      4681.20      422.079      14.7284
      4682.60      422.482      14.8301
      4684.00      425.272      14.6716
      4685.40      421.101      14.7178
      4686.80      428.314      14.8278
      4688.20      419.047      14.6535
      4689.60      426.638      14.8851
      4691.00      417.325      14.4381
      4692.40      425.361      14.7927
      4693.80      419.802      14.6510
      4695.20      422.235      14.6476
      4696.60      423.494      14.7872
      4698.00      422.262      14.6724
      4699.40      423.445      14.7670
      4700.80      422.252      14.6662
      4702.20      422.663      14.7875
      4703.60      419.150      14.5390
      4705.00      419.636      14.6500
      4706.40      426.408      14.7126
      4707.80      428.161      15.0014
      4709.20      422.078      14.5837
      4710.60      418.382      14.6286
      4712.00      429.104      14.8087
      4713.40      420.195      14.6205
      4714.80      422.519      14.7434
      4716.20      421.397      14.6362
      4717.60      425.442      14.7976
      4719.00      421.255      14.4976
      4720.40      410.576      14.4683
      4721.80      415.787      14.4146
      4723.20      422.291      14.6395
      4724.60      418.739      14.6565
      4726.00      428.909      14.8180
      4727.40      430.013      14.9391
      4728.80      434.413      15.0180
      4730.20      426.968      14.7534
      4731.60      420.974      14.7807
      4733.00      425.133      14.6508
      4734.40      419.179      14.6230
      4735.80      426.936      14.6910
      4737.20      416.310      14.6111
      4738.60      419.531      14.4925
      4740.00      412.934      14.4170
      4741.40      412.491      14.3873
      4742.80      419.828      14.5916
      4744.20      420.177      14.5775
      4745.60      409.107      14.3079
      4747.00      407.425      14.2328
      4748.40      406.723      14.1723
      4749.80      409.383      14.4433
      4751.20      429.104      14.7684
      4752.60      411.839      14.4247
      4754.00      420.492      14.6332
      4755.40      426.833      14.8341
      4756.80      417.786      14.5948
      4758.20      415.388      14.4898
      4759.60      424.325      14.6346
      4761.00      403.482      14.3055
      4762.40      425.201      14.6444
      4763.80      409.450      14.2425
      4765.20      417.520      14.4770
      4766.60      405.259      14.1289
      4768.00      400.362      14.0268
      4769.40      414.951      14.3969
      4770.80      406.866      14.1798
      4772.20      425.543      14.6589
      4773.60      421.572      14.5816
      4775.00      403.972      14.1483
      4776.40      421.435      14.6810
      4777.80      405.871      14.1573
      4779.20      409.813      14.2402
      4780.60      411.705      14.3340
      4782.00      414.415      14.3758
      4783.40      416.311      14.5001
      4784.80      416.312      14.4211
      4786.20      417.327      14.4602
      4787.60      403.998      14.1047
      4789.00      403.472      14.0330
      4790.40      402.371      14.0799
      4791.80      413.291      14.2670
      4793.20      411.597      14.2828
      4794.60      415.636      14.4507
      4796.00      412.194      14.2973
      4797.40      407.479      14.1819
      4798.80      418.944      14.4691
      4800.20      414.098      14.3351
      4801.60      403.547      14.0511
      4803.00      405.838      14.0713
      4804.40      396.322      13.7979
      4805.80      389.583      13.7601
      4807.20      409.271      14.0716
      4808.60      403.218      14.0808
      4810.00      405.912      14.0965
      4811.40      407.004      14.1454
      4812.80      404.817      14.0875
      4814.20      408.955      14.1970
      4815.60      407.313      14.1271
      4817.00      396.483      13.7716
      4818.40      381.259      13.5339
      4819.80      403.199      13.9619
      4821.20      401.547      13.9764
      4822.60      394.524      13.7696
      4824.00      404.802      14.0752
      4825.40      412.073      14.2301
      4826.80      398.876      13.8908
      4828.20      402.131      13.9686
      4829.60      411.518      14.2680
      4831.00      398.020      13.9906
      4832.40      403.439      13.9310
      4833.80      386.793      13.5285
      4835.20      396.443      13.7204
      4836.60      392.238      13.7022
      4838.00      386.611      13.5089
      4839.40      388.407      13.4778
      4840.80      384.701      13.6025
      4842.20      377.705      13.1229
      4843.60      377.612      13.2627
      4845.00      377.806      13.2591
      4846.40      370.299      12.8160
      4847.80      363.616      13.0107
      4849.20      354.984      12.3952
      4850.60      343.205      12.1789
      4852.00      334.894      11.8965
      4853.40      322.913      11.5335
      4854.80      305.751      11.0221
      4856.20      283.800      10.2754
      4857.60      244.228      9.02438
      4859.00      185.506      7.19463
      4860.40      134.564      5.78470
      4861.80      152.654      6.31109
      4863.20      220.835      8.26496
      4864.60      281.246      9.95203
      4866.00      283.093      10.4697
      4867.40      326.088      11.5469
      4868.80      329.216      11.7831
      4870.20      345.898      12.1388
      4871.60      345.296      12.2745
      4873.00      364.313      12.8197
      4874.40      369.905      12.8203
      4875.80      348.960      12.6052
      4877.20      377.198      12.9231
      4878.60      370.920      13.0711
      4880.00      381.959      13.3544
      4881.40      386.654      13.5088
      4882.80      385.609      13.4610
      4884.20      385.173      13.4658
      4885.60      388.314      13.5686
      4887.00      384.171      13.3877
      4888.40      382.256      13.3951
      4889.80      385.019      13.4378
      4891.20      381.878      13.5481
      4892.60      383.476      13.2991
      4894.00      383.282      13.7418
      4895.40      380.334      13.2564
      4896.80      376.612      13.3492
      4898.20      395.554      13.7257
      4899.60      389.668      13.6535
      4901.00      389.570      13.6486
      4902.40      390.315      13.6661
      4903.80      387.577      13.5808
      4905.20      383.254      13.4636
      4906.60      379.548      13.3780
      4908.00      385.955      13.5707
      4909.40      387.992      13.5928
      4910.80      380.061      13.4576
      4912.20      387.172      13.5438
      4913.60      379.310      13.3932
      4915.00      388.737      13.5928
      4916.40      397.877      13.9300
      4917.80      394.166      13.7797
      4919.20      389.484      13.7199
      4920.60      393.686      13.6876
      4922.00      390.557      13.7934
      4923.40      382.927      13.4259
      4924.80      391.775      13.6899
      4926.20      389.513      13.5819
      4927.60      384.339      13.5422
      4929.00      386.730      13.5414
      4930.40      391.729      13.6770
      4931.80      388.867      13.6546
      4933.20      396.632      13.8271
      4934.60      393.799      13.6911
      4936.00      383.419      13.4670
      4937.40      392.463      13.5745
      4938.80      391.752      13.6905
      4940.20      392.332      13.6582
      4941.60      382.828      13.4128
      4943.00      397.544      13.7213
      4944.40      399.741      13.9068
      4945.80      395.190      13.7206
      4947.20      389.784      13.5321
      4948.60      389.859      13.6046
      4950.00      388.282      13.4907
      4951.40      389.010      13.5588
      4952.80      394.500      13.5998
      4954.20      379.057      13.3102
      4955.60      388.224      13.4621
      4957.00      385.573      13.4053
      4958.40      382.136      13.3308
      4959.80      385.271      13.3707
      4961.20      383.493      13.3467
      4962.60      384.713      13.3510
      4964.00      386.590      13.5217
      4965.40      366.577      12.9000
      4966.80      384.481      13.2927
      4968.20      387.538      13.4132
      4969.60      379.414      13.2379
      4971.00      379.330      13.1659
      4972.40      384.668      13.3366
      4973.80      382.004      13.2611
      4975.20      383.073      13.3757
      4976.60      386.538      13.3372
      4978.00      381.935      13.3493
      4979.40      384.286      13.3089
      4980.80      377.974      13.1683
      4982.20      377.846      13.2831
      4983.60      381.266      13.1896
      4985.00      369.355      12.9256
      4986.40      380.289      13.1503
      4987.80      377.731      13.1694
      4989.20      376.981      13.1119
      4990.60      375.167      13.0175
      4992.00      368.475      12.9171
      4993.40      373.644      12.9816
      4994.80      380.804      13.2131
      4996.20      375.499      13.0611
      4997.60      375.602      13.0493
      4999.00      378.362      13.1736
