      3900.00      115.068      8.50591
      3901.40      120.320      8.33453
      3902.80      124.263      8.07697
      3904.20      119.988      8.00811
      3905.60      116.451      8.17181
      3907.00      128.481      8.85980
      3908.40      129.549      8.29631
      3909.80      136.698      8.34781
      3911.20      134.082      8.47186
      3912.60      129.125      8.47953
      3914.00      125.481      8.63120
      3915.40      128.509      7.90377
      3916.80      128.697      7.76041
      3918.20      130.854      7.92346
      3919.60      127.236      7.72054
      3921.00      130.713      7.62646
      3922.40      128.693      7.62767
      3923.80      139.554      8.00947
      3925.20      133.796      7.64691
      3926.60      128.806      7.45339
      3928.00      120.575      7.35396
      3929.40      106.050      6.72020
      3930.80      88.5417      6.16177
      3932.20      50.8753      4.73784
      3933.60      31.1510      4.16723
      3935.00      56.8093      5.01247
      3936.40      92.9388      6.23245
      3937.80      117.758      6.73860
      3939.20      123.833      7.29857
      3940.60      130.911      7.35409
      3942.00      131.524      7.45842
      3943.40      124.593      7.05616
      3944.80      127.228      7.27921
      3946.20      131.809      7.56758
      3947.60      127.240      7.44560
      3949.00      124.040      7.61154
      3950.40      129.930      7.40229
      3951.80      128.703      7.40361
      3953.20      130.718      7.66044
      3954.60      131.791      8.01662
      3956.00      118.371      7.74241
      3957.40      124.242      7.26847
      3958.80      130.638      7.34668
      3960.20      123.879      7.00669
      3961.60      117.514      7.43056
      3963.00      115.951      6.97638
      3964.40      104.883      6.89850
      3965.80      81.4684      6.36079
      3967.20      51.5138      5.31592
      3968.60      30.2280      4.49610
      3970.00      42.1594      4.95830
      3971.40      71.1665      6.06775
      3972.80      93.1225      6.81254
      3974.20      102.452      7.08649
      3975.60      111.030      7.67162
      3977.00      114.863      7.57410
      3978.40      124.154      7.30963
      3979.80      119.919      7.12590
      3981.20      120.595      7.29751
      3982.60      122.172      7.48147
      3984.00      124.565      7.43881
      3985.40      128.487      7.38243
      3986.80      126.041      7.15524
      3988.20      127.705      7.31932
      3989.60      126.128      7.41434
      3991.00      130.093      7.76544
      3992.40      134.557      7.87376
      3993.80      135.498      7.16659
      3995.20      128.894      7.17060
      3996.60      129.674      7.15527
      3998.00      119.166      6.65620
      3999.40      126.444      6.97949
      4000.80      134.679      7.09058
      4002.20      131.929      7.37081
      4003.60      133.489      7.91093
      4005.00      120.710      7.78634
      4006.40      123.420      7.65493
      4007.80      132.230      7.34312
      4009.20      129.529      7.46206
      4010.60      133.327      7.12508
      4012.00      130.067      7.15148
      4013.40      132.803      7.24660
      4014.80      128.338      7.40772
      4016.20      128.530      7.24139
      4017.60      133.658      7.20441
      4019.00      133.202      7.30619
      4020.40      134.714      6.97755
      4021.80      137.153      7.19019
      4023.20      125.939      6.89556
      4024.60      126.292      6.90692
      4026.00      130.877      6.96266
      4027.40      130.308      6.95128
      4028.80      130.983      7.28040
      4030.20      123.136      6.75398
      4031.60      127.332      7.16565
      4033.00      125.366      6.71249
      4034.40      128.214      6.90280
      4035.80      130.304      6.98755
      4037.20      134.536      7.14075
      4038.60      138.224      7.89704
      4040.00      135.194      7.67992
      4041.40      132.622      7.25609
      4042.80      132.612      7.07881
      4044.20      133.538      7.15572
      4045.60      124.182      6.97410
      4047.00      130.234      7.22517
      4048.40      130.585      7.44439
      4049.80      133.697      8.09402
      4051.20      133.251      8.44741
      4052.60      130.652      7.59059
      4054.00      128.329      7.16213
      4055.40      134.711      7.39979
      4056.80      128.770      7.58164
      4058.20      134.385      7.32657
      4059.60      133.915      7.39609
      4061.00      131.412      7.18969
      4062.40      122.581      7.01076
      4063.80      121.721      6.80339
      4065.20      128.360      7.04421
      4066.60      126.051      7.15147
      4068.00      126.674      6.88181
      4069.40      124.923      7.17425
      4070.80      121.972      6.72372
      4072.20      118.181      6.69283
      4073.60      126.565      6.99445
      4075.00      122.844      7.23272
      4076.40      113.478      7.08430
      4077.80      109.999      7.12284
      4079.20      115.018      6.99123
      4080.60      125.105      6.75529
      4082.00      119.550      6.70283
      4083.40      120.303      6.97747
      4084.80      113.327      6.61873
      4086.20      113.486      6.86524
      4087.60      117.633      6.69680
      4089.00      115.961      6.62912
      4090.40      110.692      6.48047
      4091.80      112.723      6.63810
      4093.20      109.523      6.52340
      4094.60      104.243      6.30242
      4096.00      103.212      6.13062
      4097.40      95.1982      5.86316
      4098.80      87.0319      5.86787
      4100.20      68.7643      5.25872
      4101.60      54.9939      5.20119
      4103.00      66.5342      5.74529
      4104.40      88.1463      6.26473
      4105.80      93.7081      6.45261
      4107.20      99.4831      6.30961
      4108.60      100.188      6.26193
      4110.00      100.622      6.33586
      4111.40      105.737      6.52330
      4112.80      111.346      6.69111
      4114.20      110.783      6.50406
      4115.60      111.614      6.51210
      4117.00      113.572      7.09136
      4118.40      110.060      7.04584
      4119.80      111.792      6.64303
      4121.20      114.289      6.73568
      4122.60      114.017      6.68076
      4124.00      115.311      6.79094
      4125.40      118.712      7.10621
      4126.80      115.815      6.73193
      4128.20      113.319      6.69828
      4129.60      113.092      6.84005
      4131.00      111.984      6.65050
      4132.40      106.907      6.44474
      4133.80      110.778      6.42477
      4135.20      114.759      6.57167
      4136.60      117.966      7.41084
      4138.00      117.474      7.03054
      4139.40      117.816      6.56792
      4140.80      119.185      6.65339
      4142.20      115.464      6.40637
      4143.60      106.225      6.31367
      4145.00      111.716      6.23037
      4146.40      119.678      6.52212
      4147.80      108.435      6.24172
      4149.20      112.515      6.60181
      4150.60      114.441      6.59615
      4152.00      114.355      6.18760
      4153.40      111.025      6.08253
      4154.80      112.368      6.31906
      4156.20      110.357      6.36038
      4157.60      110.081      6.24556
      4159.00      114.853      6.37927
      4160.40      110.878      5.95892
      4161.80      112.466      6.00969
      4163.20      115.108      6.12368
      4164.60      117.963      6.15468
      4166.00      116.059      6.30025
      4167.40      113.527      6.31715
      4168.80      118.522      6.42842
      4170.20      113.260      6.36000
      4171.60      111.330      5.80133
      4173.00      106.366      5.74761
      4174.40      108.795      6.03666
      4175.80      115.670      5.94204
      4177.20      108.526      5.94070
      4178.60      110.775      5.85610
      4180.00      113.681      5.86629
      4181.40      114.848      6.12831
      4182.80      119.215      5.96012
      4184.20      113.933      5.96912
      4185.60      116.417      5.81971
      4187.00      113.931      5.91156
      4188.40      116.197      5.93117
      4189.80      116.935      5.84440
      4191.20      117.596      5.77766
      4192.60      119.003      6.10332
      4194.00      118.700      6.11895
      4195.40      118.507      6.14968
      4196.80      116.445      5.95179
      4198.20      114.396      5.99109
      4199.60      112.867      5.76574
      4201.00      115.967      5.78161
      4202.40      114.332      5.73644
      4203.80      116.104      6.07675
      4205.20      117.740      5.84996
      4206.60      118.466      5.97297
      4208.00      119.167      6.01064
      4209.40      118.142      6.34437
      4210.80      119.475      6.53563
      4212.20      121.559      6.51333
      4213.60      118.466      6.41767
      4215.00      111.486      6.02338
      4216.40      115.485      6.36417
      4217.80      116.874      6.33888
      4219.20      120.402      6.11527
      4220.60      120.471      5.92644
      4222.00      115.511      6.10728
      4223.40      117.934      6.12720
      4224.80      114.934      5.79611
      4226.20      108.012      5.41794
      4227.60      111.328      5.63056
      4229.00      121.047      6.27680
      4230.40      119.254      6.32680
      4231.80      114.109      5.92834
      4233.20      109.904      5.92890
      4234.60      113.693      6.32221
      4236.00      118.211      5.97641
      4237.40      116.067      5.75798
      4238.80      115.233      5.64064
      4240.20      117.234      5.62595
      4241.60      118.408      5.74257
      4243.00      117.425      5.82761
      4244.40      115.796      5.74356
      4245.80      114.025      5.62097
      4247.20      111.410      5.73331
      4248.60      114.620      5.68833
      4250.00      109.828      5.50936
      4251.40      112.526      5.52838
      4252.80      115.597      5.79638
      4254.20      115.337      5.71742
      4255.60      118.164      5.98060
      4257.00      119.363      5.82367
      4258.40      116.956      5.64160
      4259.80      112.405      5.68326
      4261.20      116.097      5.81579
      4262.60      121.902      5.95926
      4264.00      121.808      5.86402
      4265.40      119.427      5.81589
      4266.80      121.749      5.85859
      4268.20      119.294      5.73044
      4269.60      118.486      5.77118
      4271.00      107.976      5.46861
      4272.40      106.625      5.42029
      4273.80      113.513      5.52999
      4275.20      114.714      5.64031
      4276.60      115.959      5.54101
      4278.00      121.041      5.97211
      4279.40      121.480      5.71529
      4280.80      115.680      5.51279
      4282.20      114.450      5.74034
      4283.60      112.823      6.05543
      4285.00      118.421      6.06072
      4286.40      117.942      5.87028
      4287.80      110.895      5.58734
      4289.20      103.866      5.39155
      4290.60      105.964      5.32359
      4292.00      115.437      5.56164
      4293.40      111.374      5.36344
      4294.80      110.053      5.42579
      4296.20      114.242      5.70722
      4297.60      111.953      5.69931
      4299.00      105.338      5.43098
      4300.40      101.268      5.11377
      4301.80      102.184      5.13465
      4303.20      105.733      5.00319
      4304.60      108.927      5.37810
      4306.00      110.865      5.20268
      4307.40      105.141      5.04353
      4308.80      107.114      5.32953
      4310.20      112.126      5.56436
      4311.60      111.127      5.38011
      4313.00      104.979      5.11646
      4314.40      101.739      5.23220
      4315.80      107.070      5.34751
      4317.20      113.815      5.54247
      4318.60      109.639      5.46489
      4320.00      105.805      5.37474
      4321.40      110.065      5.55164
      4322.80      110.473      5.45501
      4324.20      107.934      5.14209
      4325.60      99.2856      4.89623
      4327.00      104.256      5.20406
      4328.40      108.701      5.37675
      4329.80      108.167      5.36165
      4331.20      107.272      5.48020
      4332.60      105.436      5.66482
      4334.00      103.022      5.42256
      4335.40      96.9448      5.11296
      4336.80      88.6547      4.60391
      4338.20      73.8753      4.29030
      4339.60      55.8413      3.73531
      4341.00      58.7731      3.74635
      4342.40      77.7806      4.31087
      4343.80      86.7647      4.69998
      4345.20      98.6439      5.14874
      4346.60      102.025      5.35513
      4348.00      101.672      5.20059
      4349.40      104.402      5.14906
      4350.80      102.185      5.11827
      4352.20      101.883      4.88816
      4353.60      108.670      5.36334
      4355.00      110.156      5.63148
      4356.40      113.415      5.99168
      4357.80      112.267      5.49163
      4359.20      109.531      5.55637
      4360.60      112.164      5.86187
      4362.00      114.126      6.05413
      4363.40      118.707      5.84978
      4364.80      115.373      5.67552
      4366.20      111.045      5.54769
      4367.60      110.966      5.55869
      4369.00      111.659      5.91700
      4370.40      106.823      5.65326
      4371.80      115.272      5.51161
      4373.20      107.944      5.45386
      4374.60      103.693      5.47095
      4376.00      104.508      5.90939
      4377.40      112.644      5.60181
      4378.80      119.662      5.81601
      4380.20      114.966      5.69265
      4381.60      112.143      5.60013
      4383.00      105.588      5.25255
      4384.40      104.576      5.12355
      4385.80      107.007      5.14122
      4387.20      110.490      5.26602
      4388.60      114.074      5.48001
      4390.00      115.545      5.58144
      4391.40      110.890      5.54881
      4392.80      112.254      5.69642
      4394.20      100.961      5.17307
      4395.60      105.552      5.27381
      4397.00      110.291      5.39355
      4398.40      109.707      5.64885
      4399.80      104.950      5.14616
      4401.20      105.001      5.11390
      4402.60      111.443      5.31207
      4404.00      108.758      5.39211
      4405.40      108.333      5.22865
      4406.80      110.369      5.29281
      4408.20      109.909      5.25345
      4409.60      110.412      5.26592
      4411.00      113.069      5.57218
      4412.40      113.810      5.73471
      4413.80      108.033      5.20786
      4415.20      102.494      5.18634
      4416.60      101.282      5.04002
      4418.00      103.440      5.05504
      4419.40      110.306      5.41726
      4420.80      110.836      5.27395
      4422.20      107.371      5.21475
      4423.60      108.448      5.31682
      4425.00      110.074      5.70718
      4426.40      111.202      5.80802
      4427.80      106.870      5.24843
      4429.20      113.262      5.43962
      4430.60      113.457      5.61988
      4432.00      110.579      5.26960
      4433.40      105.654      5.09008
      4434.80      104.701      5.21815
      4436.20      109.718      5.28125
      4437.60      113.091      5.29363
      4439.00      114.919      5.20726
      4440.40      113.254      5.34462
      4441.80      104.084      5.05233
      4443.20      99.1759      4.93397
      4444.60      101.650      5.04607
      4446.00      106.185      5.05715
      4447.40      107.895      5.23818
      4448.80      107.204      5.26611
      4450.20      106.906      5.19231
      4451.60      107.443      5.07874
      4453.00      108.377      4.96032
      4454.40      108.253      5.00154
      4455.80      103.616      5.15621
      4457.20      105.734      5.41607
      4458.60      105.501      5.28383
      4460.00      106.449      5.07075
      4461.40      105.362      4.99100
      4462.80      106.865      4.97201
      4464.20      104.155      5.07032
      4465.60      108.034      5.15855
      4467.00      103.787      5.13043
      4468.40      99.5563      4.96032
      4469.80      106.506      5.05860
      4471.20      108.707      4.87233
      4472.60      110.325      5.05419
      4474.00      110.869      5.28323
      4475.40      107.246      5.62732
      4476.80      109.425      5.80751
      4478.20      109.118      5.29738
      4479.60      105.523      4.97158
      4481.00      99.8165      4.93402
      4482.40      103.839      5.14552
      4483.80      104.594      5.18969
      4485.20      108.618      5.29486
      4486.60      107.328      5.35623
      4488.00      106.891      5.12791
      4489.40      105.501      5.12668
      4490.80      107.570      5.14148
      4492.20      105.502      5.28587
      4493.60      109.001      5.15619
      4495.00      107.257      5.19243
      4496.40      107.143      5.26616
      4497.80      109.904      5.54477
      4499.20      107.255      5.90093
      4500.60      103.949      5.46159
      4502.00      105.028      5.20516
      4503.40      106.547      4.99468
      4504.80      112.042      5.14425
      4506.20      108.154      5.11036
      4507.60      106.772      5.11525
      4509.00      106.781      5.00114
      4510.40      110.705      5.34774
      4511.80      109.058      5.56088
      4513.20      105.052      5.06779
      4514.60      104.551      5.09082
      4516.00      106.197      4.90269
      4517.40      106.402      4.98413
      4518.80      106.509      5.12666
      4520.20      104.960      5.41010
      4521.60      105.632      5.25508
      4523.00      102.095      4.98545
      4524.40      107.068      5.13180
      4525.80      110.057      5.23951
      4527.20      107.922      5.29068
      4528.60      101.085      4.95352
      4530.00      101.937      5.15049
      4531.40      107.433      5.26344
      4532.80      101.376      5.32727
      4534.20      97.9631      5.01050
      4535.60      107.911      5.04780
      4537.00      108.870      5.15753
      4538.40      110.170      5.24403
      4539.80      108.955      5.28081
      4541.20      107.604      5.23133
      4542.60      108.870      5.27355
      4544.00      105.657      5.27899
      4545.40      108.486      5.23046
      4546.80      104.437      5.41148
      4548.20      100.233      5.47525
      4549.60      96.1748      5.17830
      4551.00      104.438      4.99286
      4552.40      105.274      4.94513
      4553.80      100.010      4.84930
      4555.20      99.8963      4.73540
      4556.60      105.136      4.91023
      4558.00      107.157      5.12991
      4559.40      106.775      5.17652
      4560.80      110.076      5.08319
      4562.20      108.006      4.91637
      4563.60      103.031      4.96808
      4565.00      105.225      5.35590
      4566.40      108.050      6.02261
      4567.80      108.862      5.59715
      4569.20      105.743      5.11523
      4570.60      102.883      4.80513
      4572.00      101.112      4.83906
      4573.40      105.674      4.90287
      4574.80      107.713      4.94511
      4576.20      107.675      4.94738
      4577.60      104.605      4.97407
      4579.00      106.893      5.18762
      4580.40      104.684      5.13968
      4581.80      103.476      4.86807
      4583.20      99.8516      4.66548
      4584.60      101.187      4.65272
      4586.00      105.921      4.92556
      4587.40      105.817      4.96314
      4588.80      104.743      4.84875
      4590.20      103.761      4.94464
      4591.60      104.781      5.01566
      4593.00      104.410      4.88083
      4594.40      107.885      4.94031
      4595.80      108.769      5.05457
      4597.20      107.302      5.14289
      4598.60      106.942      5.05599
      4600.00      105.551      4.96717
      4601.40      105.003      4.82711
      4602.80      106.839      4.73151
      4604.20      108.602      4.77815
      4605.60      106.424      4.89401
      4607.00      106.114      4.88083
      4608.40      106.998      4.96949
      4609.80      107.610      5.08327
      4611.20      107.364      5.11597
      4612.60      107.282      5.09925
      4614.00      105.783      5.07730
      4615.40      105.607      4.82296
      4616.80      106.595      4.68781
      4618.20      104.788      4.80801
      4619.60      105.438      5.01742
      4621.00      107.254      5.39051
      4622.40      108.369      5.51309
      4623.80      109.866      5.59439
      4625.20      107.031      5.12183
      4626.60      105.864      4.92137
      4628.00      105.980      4.95458
      4629.40      103.126      4.84395
      4630.80      104.460      4.86641
      4632.20      104.955      4.90553
      4633.60      104.867      5.02455
      4635.00      106.507      4.92884
      4636.40      104.786      4.82123
      4637.80      103.220      4.86934
      4639.20      105.888      5.19944
      4640.60      105.689      5.23149
      4642.00      107.259      4.98493
      4643.40      108.375      4.85516
      4644.80      105.866      4.88734
      4646.20      106.265      4.88189
      4647.60      106.099      5.16597
      4649.00      104.284      4.83202
      4650.40      105.556      4.83310
      4651.80      105.734      4.88823
      4653.20      104.176      4.98320
      4654.60      103.296      4.81760
      4656.00      104.177      4.73188
      4657.40      105.401      4.69543
      4658.80      104.810      5.15856
      4660.20      108.060      5.14144
      4661.60      107.231      5.14197
      4663.00      106.990      4.96686
      4664.40      106.813      5.03158
      4665.80      104.460      4.74706
      4667.20      103.533      4.74383
      4668.60      102.899      4.91780
      4670.00      102.777      5.01091
      4671.40      105.637      4.86314
      4672.80      104.425      4.83011
      4674.20      105.047      4.98613
      4675.60      105.367      4.99251
      4677.00      106.779      5.03940
      4678.40      106.549      5.31097
      4679.80      104.415      5.52037
      4681.20      102.725      5.02341
      4682.60      106.043      4.71392
      4684.00      105.119      4.71300
      4685.40      106.062      4.94960
      4686.80      103.878      4.83368
      4688.20      106.745      4.67183
      4689.60      103.994      4.78075
      4691.00      102.647      5.07536
      4692.40      104.998      5.05681
      4693.80      106.035      4.67274
      4695.20      104.540      4.80529
      4696.60      107.090      5.04103
      4698.00      103.002      5.04169
      4699.40      105.642      5.07410
      4700.80      103.953      5.07176
      4702.20      100.693      4.95074
      4703.60      101.972      4.72718
      4705.00      102.911      4.76840
      4706.40      100.481      4.72191
      4707.80      102.550      4.76320
      4709.20      104.771      4.99495
      4710.60      105.016      4.92649
      4712.00      106.928      5.05516
      4713.40      105.755      4.88995
      4714.80      103.779      5.09586
      4716.20      105.741      5.15632
      4717.60      107.445      4.96292
      4719.00      108.301      4.80033
      4720.40      108.558      4.94804
      4721.80      106.364      4.90502
      4723.20      106.506      4.84550
      4724.60      108.294      4.98459
      4726.00      107.426      5.16885
      4727.40      103.744      5.13602
      4728.80      103.156      4.93522
      4730.20      106.303      5.03412
      4731.60      104.489      5.28756
      4733.00      104.458      5.38175
      4734.40      104.492      5.12711
      4735.80      103.732      4.85675
      4737.20      105.326      4.73689
      4738.60      104.409      4.73006
      4740.00      107.588      4.74306
      4741.40      104.452      4.56882
      4742.80      105.713      4.66723
      4744.20      104.419      4.61909
      4745.60      106.800      4.67281
      4747.00      102.795      4.73298
      4748.40      104.036      4.70360
      4749.80      102.835      4.64908
      4751.20      105.661      5.05918
      4752.60      103.400      5.05270
      4754.00      105.679      4.88152
      4755.40      105.026      4.74892
      4756.80      102.952      4.51079
      4758.20      102.078      4.45400
      4759.60      103.389      4.58362
      4761.00      102.272      4.53076
      4762.40      101.715      4.56582
      4763.80      101.541      4.58328
      4765.20      101.354      4.68592
      4766.60      102.444      4.76820
      4768.00      103.335      4.77094
      4769.40      105.883      4.63279
      4770.80      104.103      4.70339
      4772.20      102.994      4.77363
      4773.60      105.312      4.77429
      4775.00      103.444      4.75451
      4776.40      102.792      4.65007
      4777.80      103.239      4.69584
      4779.20      102.201      4.58868
      4780.60      103.868      4.58509
      4782.00      101.364      4.50639
      4783.40      103.000      4.62831
      4784.80      103.363      4.68544
      4786.20      102.533      4.53844
      4787.60      100.521      4.56354
      4789.00      102.766      4.63853
      4790.40      102.949      4.63600
      4791.80      99.7111      4.67264
      4793.20      103.182      4.64418
      4794.60      104.183      4.68442
      4796.00      102.218      4.56723
      4797.40      102.890      4.51713
      4798.80      101.694      4.78315
      4800.20      101.087      4.74817
      4801.60      102.335      4.70174
      4803.00      100.756      4.42627
      4804.40      100.502      4.26144
      4805.80      100.484      4.30492
      4807.20      100.663      4.67892
      4808.60      101.706      4.79056
      4810.00      102.352      4.54127
      4811.40      101.025      4.42833
      4812.80      102.234      4.62677
      4814.20      104.268      4.81988
      4815.60      99.0976      4.36304
      4817.00      101.392      4.49499
      4818.40      100.366      4.78733
      4819.80      100.964      4.85932
      4821.20      101.467      4.56094
      4822.60      99.2236      4.43446
      4824.00      97.8993      4.35098
      4825.40      99.9106      4.56365
      4826.80      100.243      4.60068
      4828.20      102.676      4.56798
      4829.60      101.989      4.47340
      4831.00      100.943      4.44197
      4832.40      100.132      4.67258
      4833.80      100.297      4.66243
      4835.20      99.6724      4.64775
      4836.60      101.098      4.88555
      4838.00      100.808      5.16208
      4839.40      98.8990      5.01623
      4840.80      100.048      4.83251
      4842.20      101.225      4.65120
      4843.60      98.7511      4.59417
      4845.00      98.1743      4.56395
      4846.40      99.3989      4.83997
      4847.80      95.3584      4.71561
      4849.20      95.9753      4.62744
      4850.60      96.4786      4.65792
      4852.00      95.7884      4.60901
      4853.40      91.7397      4.45540
      4854.80      97.2847      4.39603
      4856.20      85.4654      4.13683
      4857.60      87.0177      4.08352
      4859.00      71.5957      3.81338
      4860.40      51.9705      3.31622
      4861.80      55.1730      3.30279
      4863.20      70.9297      3.45249
      4864.60      82.6203      3.78259
      4866.00      84.6699      4.45818
      4867.40      87.8054      4.84344
      4868.80      94.4699      4.47769
      4870.20      93.5420      4.33370
      4871.60      88.7803      4.26853
      4873.00      91.9074      4.26241
      4874.40      96.1194      4.44321
      4875.80      96.6469      4.59812
      4877.20      94.9583      4.31811
      4878.60      95.2721      4.05166
      4880.00      96.4243      4.32327
      4881.40      99.7889      4.65744
      4882.80      98.9717      4.55619
      4884.20      95.2517      4.41762
      4885.60      97.5804      4.46351
      4887.00      97.4539      4.56553
      4888.40      97.8498      4.33739
      4889.80      95.0811      4.10585
      4891.20      92.0300      4.24227
      4892.60      95.7138      4.32895
      4894.00      98.4000      4.19774
      4895.40      98.7083      4.41555
      4896.80      100.549      4.21571
      4898.20      97.7415      4.27042
      4899.60      98.8369      4.64960
      4901.00      97.2405      4.61959
      4902.40      96.3044      4.37159
      4903.80      94.3801      4.24478
      4905.20      97.2702      4.38468
      4906.60      99.0549      4.42849
      4908.00      97.2389      4.47857
      4909.40      99.2489      4.47953
      4910.80      96.1720      4.36950
      4912.20      97.8514      4.34009
      4913.60      99.2468      4.55434
      4915.00      100.200      4.44374
      4916.40      99.1129      4.37192
      4917.80      96.0863      4.30977
      4919.20      94.3681      4.22724
      4920.60      93.1691      4.32741
      4922.00      93.8733      4.36845
      4923.40      91.1487      4.34396
      4924.80      94.6956      4.27652
      4926.20      99.5366      4.32444
      4927.60      100.033      4.31589
      4929.00      98.6601      4.22542
      4930.40      97.4912      4.25084
      4931.80      97.8786      4.19374
      4933.20      94.5127      4.25652
      4934.60      93.4355      4.27546
      4936.00      96.4774      4.24299
      4937.40      97.0219      4.35907
      4938.80      96.2327      4.16460
      4940.20      97.1500      4.29594
      4941.60      97.9709      4.34368
      4943.00      98.6373      4.46256
      4944.40      96.8390      4.45764
      4945.80      98.1424      4.52646
      4947.20      98.5753      4.64820
      4948.60      98.5197      4.55490
      4950.00      99.1048      4.28613
      4951.40      97.1167      4.25307
      4952.80      98.4607      4.59562
      4954.20      98.4680      4.64974
      4955.60      95.8930      4.29719
      4957.00      90.9437      4.03594
      4958.40      92.6932      4.00126
      4959.80      97.6304      4.29336
      4961.20      96.5585      4.38433
      4962.60      96.9859      4.47449
      4964.00      98.7230      4.29278
      4965.40      95.8523      4.16205
      4966.80      96.5704      4.15722
      4968.20      97.4960      4.23872
      4969.60      95.4471      4.10350
      4971.00      96.9425      4.19618
      4972.40      98.5140      4.24400
      4973.80      97.5867      4.34825
      4975.20      96.9310      4.56237
      4976.60      97.3216      4.56947
      4978.00      97.9669      4.30182
      4979.40      97.1237      4.25011
      4980.80      95.3043      4.17907
      4982.20      94.4189      4.19509
      4983.60      92.8927      4.14086
      4985.00      95.6900      4.26362
      4986.40      96.7009      4.27471
      4987.80      95.9547      4.19204
      4989.20      96.3902      4.22642
      4990.60      97.8900      4.18295
      4992.00      95.9341      4.17532
      4993.40      94.7197      4.18954
      4994.80      96.1642      4.27340
      4996.20      96.2064      4.41428
      4997.60      96.6892      4.36994
      4999.00      96.6846      4.09464
