      3900.00      83.2184      8.27017
      3901.40      88.5160      8.10362
      3902.80      91.9952      8.69640
      3904.20      97.2107      9.37753
      3905.60      91.4831      8.92946
      3907.00      108.534      8.95101
      3908.40      108.298      8.97863
      3909.80      116.792      9.05671
      3911.20      111.369      8.88600
      3912.60      111.689      8.91791
      3914.00      97.8819      8.34745
      3915.40      102.170      8.91847
      3916.80      92.6999      8.79066
      3918.20      114.397      9.32457
      3919.60      99.0869      8.72826
      3921.00      104.780      8.94845
      3922.40      107.563      8.75682
      3923.80      113.542      8.58920
      3925.20      99.5578      7.99786
      3926.60      101.281      8.08209
      3928.00      91.8461      7.58467
      3929.40      100.850      7.90571
      3930.80      81.1533      7.18051
      3932.20      71.6776      6.54618
      3933.60      40.7712      5.60704
      3935.00      44.1147      5.65125
      3936.40      79.9398      7.13010
      3937.80      102.056      7.77347
      3939.20      106.866      8.09724
      3940.60      110.852      8.20191
      3942.00      102.888      8.28424
      3943.40      101.285      8.21484
      3944.80      94.9486      7.71856
      3946.20      116.244      8.97863
      3947.60      107.541      9.27586
      3949.00      113.236      8.95687
      3950.40      97.0725      7.93711
      3951.80      105.309      8.35032
      3953.20      103.219      8.34180
      3954.60      103.078      8.39848
      3956.00      96.5219      8.10537
      3957.40      96.5589      8.07558
      3958.80      91.7087      8.85166
      3960.20      107.047      8.78712
      3961.60      92.6668      8.82627
      3963.00      90.3793      8.79044
      3964.40      80.2368      8.72249
      3965.80      79.2059      8.46052
      3967.20      65.7791      7.51110
      3968.60      36.9025      5.40557
      3970.00      36.9515      5.95838
      3971.40      49.9084      6.38594
      3972.80      67.4206      6.71201
      3974.20      78.4335      7.39266
      3975.60      89.0327      7.56508
      3977.00      90.2605      7.43091
      3978.40      93.7732      7.70782
      3979.80      89.1780      7.48230
      3981.20      96.2086      7.35323
      3982.60      101.188      7.57124
      3984.00      98.9150      7.80168
      3985.40      108.543      7.98747
      3986.80      100.265      7.51382
      3988.20      95.8178      7.41658
      3989.60      103.764      7.42917
      3991.00      119.945      8.16047
      3992.40      111.134      7.70779
      3993.80      108.687      7.77575
      3995.20      106.875      7.84109
      3996.60      108.463      7.79849
      3998.00      102.588      7.62723
      3999.40      105.417      7.81422
      4000.80      108.125      7.42942
      4002.20      110.097      7.40597
      4003.60      106.122      7.31459
      4005.00      99.9545      7.27391
      4006.40      100.007      7.29669
      4007.80      115.871      8.17954
      4009.20      114.978      7.83201
      4010.60      111.975      7.84291
      4012.00      113.831      8.10997
      4013.40      109.477      9.50181
      4014.80      118.209      8.22609
      4016.20      99.4074      7.31245
      4017.60      115.400      7.62727
      4019.00      113.984      7.57055
      4020.40      119.072      7.94104
      4021.80      110.847      7.83052
      4023.20      108.142      8.15103
      4024.60      111.385      7.80933
      4026.00      114.187      7.81830
      4027.40      113.843      7.92390
      4028.80      104.385      7.66636
      4030.20      106.515      7.62235
      4031.60      108.478      7.52356
      4033.00      110.526      7.80482
      4034.40      106.028      7.60435
      4035.80      111.666      7.55732
      4037.20      111.378      7.54217
      4038.60      109.600      7.94080
      4040.00      120.165      7.99104
      4041.40      110.331      7.83981
      4042.80      111.680      7.61037
      4044.20      113.889      8.09644
      4045.60      102.329      7.83224
      4047.00      98.4076      8.05763
      4048.40      118.424      8.56665
      4049.80      109.314      8.13990
      4051.20      118.874      8.33975
      4052.60      113.855      8.27463
      4054.00      112.468      8.19635
      4055.40      112.075      8.30195
      4056.80      110.037      7.99701
      4058.20      113.158      8.02416
      4059.60      113.416      8.11044
      4061.00      106.438      7.84179
      4062.40      109.090      8.05257
      4063.80      100.727      7.43914
      4065.20      102.464      7.72252
      4066.60      103.255      7.81348
      4068.00      110.416      7.68203
      4069.40      110.608      7.62154
      4070.80      102.137      7.04864
      4072.20      109.637      7.39804
      4073.60      106.396      7.41257
      4075.00      112.526      7.44710
      4076.40      104.545      7.38379
      4077.80      94.6892      7.10893
      4079.20      98.0194      7.14687
      4080.60      111.872      7.44272
      4082.00      113.701      7.32120
      4083.40      95.9394      7.03760
      4084.80      107.374      7.43076
      4086.20      98.5717      7.43725
      4087.60      111.749      7.47699
      4089.00      102.183      7.42325
      4090.40      105.908      7.21911
      4091.80      96.3418      6.76547
      4093.20      98.3647      6.80300
      4094.60      89.9605      6.64376
      4096.00      90.7123      6.87633
      4097.40      86.8000      6.69102
      4098.80      81.3486      5.98183
      4100.20      72.2847      6.16815
      4101.60      58.5758      5.80690
      4103.00      71.1279      5.69939
      4104.40      65.9900      5.93130
      4105.80      94.1974      6.48138
      4107.20      81.2250      6.05547
      4108.60      92.5058      6.75636
      4110.00      91.9789      6.80823
      4111.40      96.4700      6.43026
      4112.80      100.256      7.32745
      4114.20      105.082      7.39282
      4115.60      99.1607      6.85226
      4117.00      107.461      7.23675
      4118.40      100.271      6.90391
      4119.80      94.2952      6.86766
      4121.20      98.7674      6.86123
      4122.60      106.977      7.16449
      4124.00      104.156      6.88698
      4125.40      101.178      7.00521
      4126.80      112.342      7.47645
      4128.20      103.534      7.10425
      4129.60      100.504      7.18436
      4131.00      108.757      6.84301
      4132.40      100.482      6.71185
      4133.80      102.684      6.80718
      4135.20      99.0166      6.64364
      4136.60      112.217      7.24974
      4138.00      109.148      7.11533
      4139.40      117.549      7.62166
      4140.80      115.409      7.19167
      4142.20      106.352      6.84180
      4143.60      101.926      6.63927
      4145.00      102.861      6.53869
      4146.40      114.536      6.99760
      4147.80      105.003      6.87842
      4149.20      111.449      7.08931
      4150.60      108.006      6.92313
      4152.00      114.893      6.92584
      4153.40      100.766      6.62624
      4154.80      106.773      6.83508
      4156.20      110.242      6.63022
      4157.60      114.410      7.40079
      4159.00      113.221      7.17888
      4160.40      108.327      6.98798
      4161.80      105.226      6.93744
      4163.20      111.901      6.77815
      4164.60      107.812      7.10603
      4166.00      104.631      6.64772
      4167.40      105.161      6.56413
      4168.80      107.678      6.70725
      4170.20      109.991      7.03981
      4171.60      103.269      6.45901
      4173.00      102.975      6.49830
      4174.40      100.921      6.01532
      4175.80      102.454      6.60667
      4177.20      107.720      6.52779
      4178.60      98.8405      6.13857
      4180.00      100.746      6.48076
      4181.40      105.733      6.46144
      4182.80      107.660      6.57652
      4184.20      105.664      6.58329
      4185.60      116.124      6.95991
      4187.00      103.994      6.50940
      4188.40      103.713      6.62345
      4189.80      112.926      7.02742
      4191.20      109.976      6.74961
      4192.60      108.549      6.61418
      4194.00      109.286      6.72147
      4195.40      110.647      6.68143
      4196.80      111.650      6.81175
      4198.20      103.538      6.65605
      4199.60      99.6897      6.36251
      4201.00      105.293      6.64471
      4202.40      103.689      6.59030
      4203.80      110.415      6.75170
      4205.20      115.471      6.91982
      4206.60      108.843      6.86137
      4208.00      106.224      6.59931
      4209.40      97.5206      6.54791
      4210.80      109.524      6.65299
      4212.20      108.559      6.77332
      4213.60      113.465      6.78211
      4215.00      101.662      6.42537
      4216.40      101.744      6.52882
      4217.80      115.496      6.77767
      4219.20      98.6507      6.32852
      4220.60      110.836      6.56926
      4222.00      104.394      6.39610
      4223.40      109.144      6.54704
      4224.80      107.705      6.29255
      4226.20      92.9947      6.23182
      4227.60      91.9566      6.07444
      4229.00      104.863      6.50055
      4230.40      109.941      6.86261
      4231.80      106.015      6.70280
      4233.20      101.844      6.42082
      4234.60      97.9505      6.41810
      4236.00      106.389      6.52476
      4237.40      106.133      6.18490
      4238.80      108.071      6.30447
      4240.20      101.539      6.30628
      4241.60      110.331      6.37411
      4243.00      114.059      6.62912
      4244.40      123.163      6.93787
      4245.80      106.719      6.35438
      4247.20      96.7234      6.17787
      4248.60      100.862      6.29435
      4250.00      106.069      6.41184
      4251.40      100.017      6.32027
      4252.80      117.244      6.65626
      4254.20      106.225      6.58186
      4255.60      102.034      6.15023
      4257.00      103.941      6.22924
      4258.40      112.352      6.48070
      4259.80      106.529      6.32288
      4261.20      104.210      6.53719
      4262.60      108.001      6.85383
      4264.00      106.760      6.67978
      4265.40      112.066      6.64280
      4266.80      112.366      6.58405
      4268.20      113.831      6.53803
      4269.60      103.919      6.59960
      4271.00      103.899      6.53297
      4272.40      100.565      6.20480
      4273.80      104.049      6.34120
      4275.20      100.373      6.27350
      4276.60      116.231      6.81400
      4278.00      113.270      6.60651
      4279.40      115.203      6.57309
      4280.80      110.388      6.63638
      4282.20      109.515      6.25136
      4283.60      100.909      6.23478
      4285.00      108.694      6.31389
      4286.40      107.663      6.49225
      4287.80      105.424      6.56408
      4289.20      104.648      6.13568
      4290.60      95.7474      6.02051
      4292.00      101.845      6.15785
      4293.40      103.743      6.08626
      4294.80      101.650      5.98250
      4296.20      104.288      6.08724
      4297.60      106.317      6.30855
      4299.00      95.9010      6.11927
      4300.40      94.0681      5.94384
      4301.80      95.8268      6.13808
      4303.20      98.0309      6.08424
      4304.60      104.396      6.27206
      4306.00      104.541      6.17360
      4307.40      85.2856      5.79262
      4308.80      100.180      6.02619
      4310.20      102.761      6.08256
      4311.60      105.745      6.15304
      4313.00      99.4828      5.95604
      4314.40      93.4193      5.62127
      4315.80      95.7023      5.79189
      4317.20      101.778      6.20692
      4318.60      99.3457      6.12804
      4320.00      102.596      5.93024
      4321.40      94.8764      5.97135
      4322.80      107.063      6.34618
      4324.20      100.515      6.22974
      4325.60      95.2653      6.02526
      4327.00      96.8733      5.91176
      4328.40      99.6017      5.86129
      4329.80      94.2250      5.60841
      4331.20      99.2399      5.86793
      4332.60      95.0990      5.74478
      4334.00      90.3676      5.61652
      4335.40      89.8524      5.63489
      4336.80      81.0161      5.30799
      4338.20      68.1927      4.90542
      4339.60      56.5140      4.73209
      4341.00      56.1511      4.45294
      4342.40      63.6220      4.60896
      4343.80      71.2856      5.07103
      4345.20      87.2753      5.51214
      4346.60      91.6842      5.77809
      4348.00      95.4761      5.63231
      4349.40      95.7283      5.83609
      4350.80      91.7927      5.74909
      4352.20      81.5452      5.30073
      4353.60      104.053      5.89538
      4355.00      102.384      6.12133
      4356.40      107.769      6.67467
      4357.80      100.404      6.63327
      4359.20      105.826      6.42348
      4360.60      107.341      6.63806
      4362.00      105.953      6.19548
      4363.40      107.385      6.22169
      4364.80      105.061      6.27546
      4366.20      105.756      6.37400
      4367.60      104.167      6.19939
      4369.00      104.650      6.26922
      4370.40      108.010      6.34960
      4371.80      107.370      6.14366
      4373.20      98.5345      6.01910
      4374.60      106.589      6.30174
      4376.00      95.4190      6.06075
      4377.40      106.294      6.34680
      4378.80      108.180      6.16150
      4380.20      102.632      6.03606
      4381.60      108.614      6.20242
      4383.00      95.5591      5.54176
      4384.40      95.4811      5.80271
      4385.80      98.7354      5.71785
      4387.20      103.985      5.97373
      4388.60      105.789      6.09013
      4390.00      106.827      6.23289
      4391.40      107.727      6.02802
      4392.80      109.915      6.07087
      4394.20      97.3826      5.77788
      4395.60      100.994      5.84511
      4397.00      100.918      5.80689
      4398.40      103.577      5.84608
      4399.80      98.1907      5.97737
      4401.20      98.9137      5.82958
      4402.60      103.160      5.86412
      4404.00      107.167      5.94488
      4405.40      91.7661      5.72853
      4406.80      104.873      5.93257
      4408.20      102.701      5.97561
      4409.60      104.885      5.98111
      4411.00      105.817      6.10936
      4412.40      102.516      5.88140
      4413.80      103.820      5.96117
      4415.20      98.9848      5.71295
      4416.60      93.5454      5.62730
      4418.00      94.3835      5.65657
      4419.40      103.358      5.83347
      4420.80      110.876      6.05287
      4422.20      107.868      6.07361
      4423.60      106.616      6.22284
      4425.00      104.431      5.91034
      4426.40      100.746      5.83707
      4427.80      104.129      5.93809
      4429.20      105.704      6.03866
      4430.60      108.014      5.96384
      4432.00      101.511      5.88946
      4433.40      106.871      5.77354
      4434.80      90.7256      5.62942
      4436.20      99.2758      5.54197
      4437.60      106.753      5.90343
      4439.00      107.690      6.09720
      4440.40      106.922      5.98083
      4441.80      102.740      5.85304
      4443.20      94.4402      5.56264
      4444.60      101.738      5.76464
      4446.00      105.427      5.93132
      4447.40      105.231      5.87620
      4448.80      101.944      5.88914
      4450.20      104.625      5.88719
      4451.60      98.8776      5.81999
      4453.00      100.875      5.99845
      4454.40      94.9741      5.66496
      4455.80      97.0601      5.65323
      4457.20      100.450      5.69428
      4458.60      100.914      5.78499
      4460.00      106.737      5.66490
      4461.40      104.051      5.80977
      4462.80      103.270      5.79698
      4464.20      99.4464      5.78453
      4465.60      96.3529      5.48713
      4467.00      93.6822      5.48081
      4468.40      98.4873      5.76337
      4469.80      97.3790      5.80030
      4471.20      95.4657      5.72730
      4472.60      100.675      6.02413
      4474.00      108.322      5.95149
      4475.40      102.507      5.79893
      4476.80      101.455      5.71944
      4478.20      105.609      5.89472
      4479.60      100.953      5.67361
      4481.00      102.680      5.74672
      4482.40      98.6748      5.66127
      4483.80      98.9497      5.68315
      4485.20      100.873      5.58575
      4486.60      98.2526      5.57857
      4488.00      101.042      5.63846
      4489.40      102.991      5.73107
      4490.80      93.7802      5.37391
      4492.20      101.728      5.56878
      4493.60      101.817      5.69875
      4495.00      101.888      5.64330
      4496.40      105.162      5.69516
      4497.80      102.245      5.49786
      4499.20      100.053      5.59674
      4500.60      94.2894      5.46440
      4502.00      99.9048      5.71605
      4503.40      101.977      5.78009
      4504.80      98.5058      5.56562
      4506.20      104.369      5.77628
      4507.60      100.017      5.47464
      4509.00      100.852      5.65842
      4510.40      100.138      5.60061
      4511.80      103.413      5.66187
      4513.20      103.431      5.67675
      4514.60      96.8878      5.47842
      4516.00      101.092      5.69591
      4517.40      98.8890      5.64246
      4518.80      103.162      5.71524
      4520.20      102.846      5.70390
      4521.60      97.1302      5.61702
      4523.00      105.437      5.88033
      4524.40      105.754      5.81009
      4525.80      105.123      5.62604
      4527.20      107.894      5.75484
      4528.60      101.788      5.62888
      4530.00      95.5351      5.35541
      4531.40      99.4022      5.44435
      4532.80      95.5477      5.28340
      4534.20      96.4356      5.44768
      4535.60      95.2916      5.29352
      4537.00      98.5472      5.68512
      4538.40      97.5587      5.70403
      4539.80      108.430      5.81917
      4541.20      102.479      5.70833
      4542.60      104.188      5.69710
      4544.00      100.973      5.74468
      4545.40      95.9793      5.51496
      4546.80      105.759      5.89119
      4548.20      95.5569      5.59120
      4549.60      85.8287      5.17121
      4551.00      93.6852      5.43592
      4552.40      103.245      5.85263
      4553.80      98.4192      5.55786
      4555.20      96.7335      5.54398
      4556.60      102.753      5.56618
      4558.00      98.9066      5.41277
      4559.40      101.192      5.41252
      4560.80      99.3333      5.41873
      4562.20      100.771      5.33829
      4563.60      89.9229      4.98422
      4565.00      97.6511      5.30001
      4566.40      98.0824      5.44239
      4567.80      100.140      5.46261
      4569.20      109.302      5.83263
      4570.60      102.096      5.62932
      4572.00      93.5261      5.27631
      4573.40      95.1020      5.44742
      4574.80      101.305      5.36103
      4576.20      106.544      5.68120
      4577.60      99.1991      5.46124
      4579.00      100.469      5.28033
      4580.40      95.5423      5.35273
      4581.80      105.384      5.49028
      4583.20      96.2836      5.10399
      4584.60      94.0208      5.11645
      4586.00      98.4459      5.29821
      4587.40      98.3846      5.30534
      4588.80      100.283      5.37056
      4590.20      100.450      5.47884
      4591.60      102.985      5.52091
      4593.00      103.719      5.32151
      4594.40      103.960      5.56158
      4595.80      104.497      5.53204
      4597.20      99.9763      5.58860
      4598.60      98.0741      5.37109
      4600.00      104.332      5.58986
      4601.40      98.5220      5.59146
      4602.80      99.0133      5.27826
      4604.20      95.2818      5.24970
      4605.60      97.9314      5.34019
      4607.00      103.389      5.37379
      4608.40      102.221      5.68760
      4609.80      104.188      5.60512
      4611.20      103.425      5.59078
      4612.60      101.183      5.29233
      4614.00      101.867      5.54597
      4615.40      106.606      5.71284
      4616.80      99.0791      5.50361
      4618.20      98.1863      5.65975
      4619.60      102.666      5.42005
      4621.00      100.867      5.45140
      4622.40      103.442      5.49154
      4623.80      102.600      5.41225
      4625.20      105.508      5.50189
      4626.60      106.496      5.74324
      4628.00      99.8949      5.43016
      4629.40      99.7718      5.43957
      4630.80      99.0095      5.26440
      4632.20      97.8072      5.30047
      4633.60      99.8861      5.44034
      4635.00      95.7190      5.54564
      4636.40      101.978      5.69363
      4637.80      100.502      5.44907
      4639.20      98.5937      5.25656
      4640.60      103.614      5.54802
      4642.00      101.812      5.57000
      4643.40      99.1061      5.31303
      4644.80      97.1388      5.33578
      4646.20      101.916      5.45650
      4647.60      95.0321      5.26027
      4649.00      99.9751      5.29504
      4650.40      98.7823      5.35315
      4651.80      105.654      5.38681
      4653.20      99.9373      5.29091
      4654.60      97.2790      5.19397
      4656.00      99.8532      5.44628
      4657.40      98.3948      5.30263
      4658.80      98.7283      5.43207
      4660.20      99.3222      5.37408
      4661.60      103.551      5.40915
      4663.00      96.0063      5.39023
      4664.40      98.5354      5.45189
      4665.80      95.4077      5.25506
      4667.20      102.488      5.22873
      4668.60      96.6643      5.34403
      4670.00      100.347      5.52111
      4671.40      93.3133      5.18072
      4672.80      99.2325      5.21660
      4674.20      97.7584      5.30167
      4675.60      96.3286      5.22800
      4677.00      95.7927      5.27934
      4678.40      98.7221      5.23575
      4679.80      94.6590      5.15723
      4681.20      100.965      5.22639
      4682.60      97.9378      5.20674
      4684.00      97.9658      5.34657
      4685.40      97.1054      5.08036
      4686.80      98.4957      5.23982
      4688.20      104.603      5.33875
      4689.60      101.997      5.35065
      4691.00      96.5311      5.18174
      4692.40      99.7843      5.36248
      4693.80      98.9239      5.40061
      4695.20      97.2664      5.27898
      4696.60      96.9699      5.27906
      4698.00      99.9871      5.29332
      4699.40      98.8865      5.45393
      4700.80      101.291      5.60094
      4702.20      97.1791      5.36825
      4703.60      95.3955      5.34318
      4705.00      98.0935      5.29116
      4706.40      99.5078      5.25956
      4707.80      97.0925      5.34643
      4709.20      99.0506      5.31560
      4710.60      97.0818      5.27720
      4712.00      97.8475      5.15311
      4713.40      101.581      5.48107
      4714.80      100.726      5.46514
      4716.20      99.7510      5.25501
      4717.60      97.4939      5.32332
      4719.00      98.2020      5.23839
      4720.40      98.0696      5.36669
      4721.80      96.9078      5.23787
      4723.20      99.5068      5.42889
      4724.60      96.0746      5.24440
      4726.00      98.8293      5.17928
      4727.40      96.7962      5.17922
      4728.80      99.1059      5.36889
      4730.20      104.242      5.48754
      4731.60      95.0710      5.47090
      4733.00      96.0051      6.53571
      4734.40      99.9889      5.62725
      4735.80      102.250      5.43917
      4737.20      92.6785      4.84759
      4738.60      101.177      5.08265
      4740.00      96.0419      5.05098
      4741.40      97.5866      4.89352
      4742.80      101.217      5.31317
      4744.20      95.7386      5.13279
      4745.60      98.8026      5.14389
      4747.00      94.1623      4.97591
      4748.40      92.5477      4.81516
      4749.80      99.9452      5.12942
      4751.20      100.161      5.09305
      4752.60      101.963      5.17260
      4754.00      95.1288      4.89872
      4755.40      98.3235      5.05965
      4756.80      95.8027      5.10672
      4758.20      97.1476      4.96001
      4759.60      96.8119      4.99809
      4761.00      97.0617      5.20954
      4762.40      91.8635      5.15943
      4763.80      94.5246      4.91952
      4765.20      97.1599      5.02814
      4766.60      96.7395      5.06276
      4768.00      98.7777      5.03585
      4769.40      97.5698      5.12621
      4770.80      98.0577      5.25259
      4772.20      99.8879      5.35532
      4773.60      100.480      5.16619
      4775.00      99.9157      5.23142
      4776.40      95.5774      5.09181
      4777.80      96.2898      5.26109
      4779.20      91.5046      4.98550
      4780.60      95.4094      4.96431
      4782.00      98.5565      5.24920
      4783.40      99.4291      5.11085
      4784.80      96.6272      5.04919
      4786.20      96.4044      5.00516
      4787.60      93.3569      4.83957
      4789.00      97.7326      5.13490
      4790.40      94.2534      4.99572
      4791.80      92.4819      4.92892
      4793.20      96.1542      5.15946
      4794.60      95.4399      5.05596
      4796.00      95.9981      5.03358
      4797.40      98.2529      5.23487
      4798.80      94.9311      5.04466
      4800.20      96.1854      5.00997
      4801.60      101.390      5.25311
      4803.00      98.8071      5.20192
      4804.40      94.5165      4.95200
      4805.80      94.1757      4.85271
      4807.20      95.5389      4.91576
      4808.60      97.3102      5.03729
      4810.00      97.7190      5.12709
      4811.40      96.9922      5.15144
      4812.80      92.8531      4.91941
      4814.20      95.5941      5.00559
      4815.60      96.4911      4.96852
      4817.00      92.4115      4.88538
      4818.40      92.5161      4.88489
      4819.80      96.5635      5.09637
      4821.20      93.1039      4.97230
      4822.60      93.6720      4.84857
      4824.00      88.4296      4.74823
      4825.40      94.3990      5.10303
      4826.80      97.3194      5.13507
      4828.20      94.9493      5.02659
      4829.60      91.3300      4.85936
      4831.00      92.3186      4.93782
      4832.40      95.4578      5.05779
      4833.80      93.2607      5.07137
      4835.20      93.0602      4.99027
      4836.60      94.6480      5.07471
      4838.00      90.9399      4.98261
      4839.40      91.9599      5.06676
      4840.80      95.7708      5.18381
      4842.20      89.9896      4.90722
      4843.60      90.0836      4.80429
      4845.00      90.9638      5.00456
      4846.40      94.5065      5.16207
      4847.80      88.6043      4.90646
      4849.20      87.8406      4.98596
      4850.60      91.0902      4.87126
      4852.00      82.3529      4.71626
      4853.40      86.1922      4.84173
      4854.80      81.9691      5.06620
      4856.20      78.6291      4.65154
      4857.60      74.8286      4.44127
      4859.00      69.1302      4.24590
      4860.40      56.0738      3.89667
      4861.80      47.1891      3.68925
      4863.20      57.1154      3.80331
      4864.60      70.7448      4.26384
      4866.00      77.8739      4.62504
      4867.40      81.4228      4.94106
      4868.80      80.9018      4.71122
      4870.20      81.0698      4.66315
      4871.60      80.0805      4.61563
      4873.00      82.8378      4.63537
      4874.40      84.3179      4.65440
      4875.80      88.9938      4.80036
      4877.20      88.2454      4.78712
      4878.60      84.3020      4.58491
      4880.00      83.3546      4.75841
      4881.40      94.7943      5.34901
      4882.80      91.1125      5.06097
      4884.20      91.2038      4.79680
      4885.60      90.4483      4.87212
      4887.00      93.9114      5.19425
      4888.40      95.7535      4.95918
      4889.80      92.0251      4.98562
      4891.20      88.5360      4.66815
      4892.60      88.0320      4.72567
      4894.00      88.9579      4.83393
      4895.40      90.1550      4.87437
      4896.80      91.7618      4.86513
      4898.20      91.0880      4.81648
      4899.60      91.1282      4.96324
      4901.00      89.5226      4.85203
      4902.40      99.1246      5.07645
      4903.80      91.6133      4.83382
      4905.20      91.1624      4.75665
      4906.60      92.9770      4.88081
      4908.00      97.8525      5.87732
      4909.40      89.0451      4.73557
      4910.80      90.9088      4.75923
      4912.20      95.6479      5.09493
      4913.60      94.1149      4.88761
      4915.00      95.9014      5.01768
      4916.40      98.5428      5.00608
      4917.80      93.6601      5.03315
      4919.20      87.8006      4.90050
      4920.60      90.9734      4.69682
      4922.00      91.2948      4.81449
      4923.40      85.3945      4.54101
      4924.80      87.5519      4.66855
      4926.20      94.3184      4.93140
      4927.60      93.7609      4.87725
      4929.00      93.6359      4.86650
      4930.40      94.9301      4.86680
      4931.80      91.1114      4.89551
      4933.20      92.3013      4.72530
      4934.60      88.8912      4.56351
      4936.00      89.1585      4.73359
      4937.40      93.0116      4.67919
      4938.80      89.8775      4.59833
      4940.20      92.0980      4.67589
      4941.60      90.7141      4.64061
      4943.00      93.6146      4.79361
      4944.40      90.9035      4.79496
      4945.80      93.2622      4.82094
      4947.20      95.4209      4.94731
      4948.60      91.9704      4.81659
      4950.00      94.6253      4.97773
      4951.40      91.5665      4.70974
      4952.80      91.0979      4.77105
      4954.20      89.9988      4.61733
      4955.60      86.4424      4.55658
      4957.00      84.0733      4.55379
      4958.40      84.8757      4.64799
      4959.80      88.0270      4.69018
      4961.20      90.2807      4.64205
      4962.60      92.4033      4.84690
      4964.00      92.1906      4.81891
      4965.40      94.3208      5.08163
      4966.80      89.0664      4.86211
      4968.20      92.7496      4.90770
      4969.60      89.3370      4.68285
      4971.00      91.3979      4.76656
      4972.40      91.3564      4.71516
      4973.80      90.9090      4.80655
      4975.20      91.2724      4.76437
      4976.60      90.4052      4.82621
      4978.00      89.5157      4.79882
      4979.40      90.1579      4.83896
      4980.80      90.6063      4.63562
      4982.20      86.6449      4.70699
      4983.60      86.5622      4.79972
      4985.00      90.7101      4.82882
      4986.40      85.1126      4.81010
      4987.80      93.0395      4.83373
      4989.20      89.7210      4.80048
      4990.60      87.2465      4.64181
      4992.00      90.6741      4.71978
      4993.40      91.9058      4.74970
      4994.80      89.2534      4.85891
      4996.20      90.0748      4.89170
      4997.60      92.4520      4.65048
      4999.00      88.2669      4.52569
