      3900.00      132.878      7.03638
      3901.40      136.847      7.02622
      3902.80      128.781      6.78977
      3904.20      126.804      6.66848
      3905.60      137.519      6.88716
      3907.00      143.300      7.17772
      3908.40      141.509      6.82631
      3909.80      134.359      6.74724
      3911.20      144.013      7.16018
      3912.60      154.695      7.27960
      3914.00      161.425      7.62050
      3915.40      159.315      7.59063
      3916.80      149.601      7.27473
      3918.20      143.272      7.12194
      3919.60      151.530      7.28661
      3921.00      152.842      7.26068
      3922.40      147.723      7.08686
      3923.80      148.484      7.14905
      3925.20      157.330      7.37388
      3926.60      150.413      7.23560
      3928.00      152.315      7.15807
      3929.40      152.235      7.21644
      3930.80      143.305      6.77734
      3932.20      126.201      6.24030
      3933.60      109.549      5.56870
      3935.00      82.0575      4.74079
      3936.40      48.2859      3.73411
      3937.80      29.9518      3.21848
      3939.20      71.6683      4.39598
      3940.60      118.545      5.73754
      3942.00      138.081      6.63686
      3943.40      147.627      6.94254
      3944.80      154.882      7.38262
      3946.20      147.344      7.17011
      3947.60      143.781      6.99626
      3949.00      147.409      6.97731
      3950.40      153.397      7.05534
      3951.80      149.502      6.82884
      3953.20      143.171      6.76743
      3954.60      143.860      6.57761
      3956.00      154.541      7.01732
      3957.40      148.206      9.22073
      3958.80      146.753          Inf
      3960.20      145.299      6.70660
      3961.60      144.168      6.94666
      3963.00      144.443      6.81939
      3964.40      145.240      6.73555
      3965.80      130.122      6.36217
      3967.20      121.490      5.84983
      3968.60      111.691      5.42123
      3970.00      84.8294      4.71599
      3971.40      48.4294      3.45922
      3972.80      30.2414      2.93371
      3974.20      50.6838      3.56842
      3975.60      85.8421      4.66324
      3977.00      111.675      5.49164
      3978.40      123.037      5.94223
      3979.80      131.450      6.14566
      3981.20      131.406      6.39888
      3982.60      141.793      6.37006
      3984.00      153.188      6.83911
      3985.40      150.673      6.78470
      3986.80      143.678      6.39806
      3988.20      146.788      6.55230
      3989.60      152.316      6.76960
      3991.00      146.797      6.55982
      3992.40      148.262      6.70399
      3993.80      159.627      6.96452
      3995.20      152.971      6.77298
      3996.60      160.543      6.98324
      3998.00      155.826      6.83011
      3999.40      150.081      6.78502
      4000.80      150.034      6.70768
      4002.20      139.316      6.62348
      4003.60      156.829      7.01096
      4005.00      157.037      6.92240
      4006.40      162.797      7.03101
      4007.80      155.052      6.76125
      4009.20      146.670      6.38920
      4010.60      144.342      6.73694
      4012.00      163.952      7.07225
      4013.40      159.353      6.83483
      4014.80      160.039      6.96185
      4016.20      151.086      6.76708
      4017.60      155.183      6.76150
      4019.00      156.359      6.80332
      4020.40      157.981      7.14811
      4021.80      163.011      6.86632
      4023.20      165.994      7.07435
      4024.60      159.042      6.92512
      4026.00      157.379      6.97138
      4027.40      161.902      6.96367
      4028.80      151.840      6.71926
      4030.20      159.112      6.98803
      4031.60      161.712      6.96667
      4033.00      154.858      6.82401
      4034.40      147.266      6.58464
      4035.80      153.027      6.59066
      4037.20      147.644      6.63893
      4038.60      154.512      6.70131
      4040.00      154.649      6.59659
      4041.40      161.090      6.89150
      4042.80      162.467      6.81328
      4044.20      158.969      6.93852
      4045.60      158.355      6.96538
      4047.00      162.452      6.98749
      4048.40      152.343      6.50722
      4049.80      145.329      6.58933
      4051.20      153.904      6.70071
      4052.60      164.320      6.97810
      4054.00      152.082      6.88305
      4055.40      162.717      6.96629
      4056.80      153.143      6.65959
      4058.20      152.179      6.74877
      4059.60      155.956      6.57281
      4061.00      156.218      6.65453
      4062.40      154.222      6.65751
      4063.80      161.427      6.96322
      4065.20      158.574      6.80096
      4066.60      154.279      6.69473
      4068.00      140.624      6.31973
      4069.40      154.636      6.53782
      4070.80      157.739      6.67528
      4072.20      155.937      6.61395
      4073.60      154.085      6.61183
      4075.00      149.534      6.47033
      4076.40      150.780      6.25210
      4077.80      153.545      6.60605
      4079.20      152.733      6.29924
      4080.60      137.982      6.26640
      4082.00      138.533      6.22912
      4083.40      146.111      6.42433
      4084.80      156.672      6.58094
      4086.20      160.300      6.60795
      4087.60      155.218      6.74186
      4089.00      150.296      6.52532
      4090.40      149.028      6.35318
      4091.80      153.468      6.20313
      4093.20      146.307      6.38390
      4094.60      149.417      6.33217
      4096.00      147.179      6.32719
      4097.40      146.538      6.18210
      4098.80      138.723      5.98589
      4100.20      137.704      6.07499
      4101.60      125.271      5.63040
      4103.00      114.117      5.50643
      4104.40      90.9065      4.70207
      4105.80      76.7042      4.23699
      4107.20      94.5667      4.84396
      4108.60      117.185      5.32149
      4110.00      131.429      5.77335
      4111.40      133.754      5.72068
      4112.80      134.573      5.87441
      4114.20      140.340      6.08739
      4115.60      144.748      6.19951
      4117.00      144.014      6.29522
      4118.40      149.982      6.47194
      4119.80      153.990      6.52073
      4121.20      156.252      6.52566
      4122.60      147.719      6.45110
      4124.00      150.072      6.07412
      4125.40      147.444      6.32403
      4126.80      144.098      6.33305
      4128.20      152.145      6.33437
      4129.60      159.295      6.55476
      4131.00      152.351      6.23742
      4132.40      155.455      6.57407
      4133.80      148.955      6.35668
      4135.20      148.404      6.34712
      4136.60      144.623      6.17638
      4138.00      147.582      6.22012
      4139.40      154.292      6.50638
      4140.80      159.311      6.41749
      4142.20      155.661      6.53175
      4143.60      161.597      6.62918
      4145.00      155.610      6.53102
      4146.40      153.373      6.27047
      4147.80      143.844      6.12471
      4149.20      152.296      6.34513
      4150.60      159.193      6.53453
      4152.00      153.971      6.49474
      4153.40      146.587      6.19038
      4154.80      158.067      6.56541
      4156.20      152.804      6.54080
      4157.60      146.957      6.30490
      4159.00      144.597      6.00856
      4160.40      148.312      6.33822
      4161.80      149.343      6.26074
      4163.20      154.562      6.41614
      4164.60      150.386      6.29481
      4166.00      152.431      6.39929
      4167.40      149.310      6.11614
      4168.80      150.530      6.23539
      4170.20      154.865      6.43064
      4171.60      154.500      6.37143
      4173.00      153.881      6.53836
      4174.40      153.622      6.46051
      4175.80      143.271      6.05681
      4177.20      135.214      5.75118
      4178.60      137.615      5.82306
      4180.00      147.554      6.12369
      4181.40      147.376      6.08049
      4182.80      143.701      6.24386
      4184.20      146.334      6.17376
      4185.60      155.526      6.22972
      4187.00      149.613      6.81482
      4188.40      150.325      6.49395
      4189.80      155.253      6.32004
      4191.20      141.866      6.01959
      4192.60      145.767      6.14648
      4194.00      154.693      6.13498
      4195.40      152.161      6.21790
      4196.80      155.983      6.31781
      4198.20      153.831      6.29397
      4199.60      150.360      6.11893
      4201.00      150.025      6.05821
      4202.40      145.394      6.00018
      4203.80      143.205      5.85695
      4205.20      148.832      6.19716
      4206.60      145.953      6.00173
      4208.00      150.364      6.18304
      4209.40      149.679      6.27794
      4210.80      149.706      6.05341
      4212.20      151.219      6.41236
      4213.60      151.144      6.28920
      4215.00      155.202      6.28324
      4216.40      149.877      6.20667
      4217.80      153.405      6.22408
      4219.20      140.147      6.06479
      4220.60      142.345      5.95878
      4222.00      149.087      6.06329
      4223.40      152.098      6.17156
      4224.80      154.318      6.18514
      4226.20      153.434      6.26257
      4227.60      148.070      6.10635
      4229.00      147.907      6.07769
      4230.40      134.772      5.57394
      4231.80      137.671      5.69486
      4233.20      153.128      6.29659
      4234.60      154.623      6.14867
      4236.00      153.386      6.22176
      4237.40      146.441      6.10322
      4238.80      146.756      6.09451
      4240.20      147.218      6.04592
      4241.60      152.057      6.15864
      4243.00      153.947      6.33858
      4244.40      153.290      6.12670
      4245.80      153.589      6.23030
      4247.20      156.748      6.30958
      4248.60      154.218      6.26231
      4250.00      148.787      6.15591
      4251.40      138.523      5.70781
      4252.80      147.612      6.05521
      4254.20      141.007      5.88278
      4255.60      150.452      6.19067
      4257.00      157.431      6.33695
      4258.40      150.789      6.14664
      4259.80      156.785      6.35691
      4261.20      158.484      6.45989
      4262.60      156.667      6.21766
      4264.00      145.151      5.97926
      4265.40      149.067      5.96098
      4266.80      156.235      6.19380
      4268.20      157.287      6.21702
      4269.60      159.587      6.44787
      4271.00      156.974      6.43058
      4272.40      157.516      6.30858
      4273.80      157.141      6.13570
      4275.20      144.810      5.90960
      4276.60      137.070      5.60115
      4278.00      149.300      5.82459
      4279.40      149.671      6.01327
      4280.80      157.967      6.13270
      4282.20      158.631      6.32111
      4283.60      157.350      6.33186
      4285.00      153.997      6.26994
      4286.40      148.572      5.94551
      4287.80      149.405      6.01040
      4289.20      151.703      6.08287
      4290.60      151.413      6.09547
      4292.00      147.927      5.91432
      4293.40      138.838      5.60048
      4294.80      135.460      5.57209
      4296.20      150.263      5.96089
      4297.60      146.718      5.93964
      4299.00      145.161      6.16151
      4300.40      151.273      6.05411
      4301.80      149.338      5.90061
      4303.20      134.260      5.57757
      4304.60      133.280      5.47116
      4306.00      130.254      5.48917
      4307.40      140.636      5.83761
      4308.80      147.491      5.92289
      4310.20      155.141      6.62411
      4311.60      137.216      5.67196
      4313.00      140.497      5.75997
      4314.40      149.416      6.00746
      4315.80      148.335      6.02318
      4317.20      140.348      5.76750
      4318.60      128.388      5.32250
      4320.00      143.225      5.81466
      4321.40      147.959      6.08508
      4322.80      153.011      6.03456
      4324.20      141.391      5.79663
      4325.60      139.748      5.73212
      4327.00      144.354      6.00152
      4328.40      141.677      5.78931
      4329.80      134.342      5.58009
      4331.20      143.956      5.93093
      4332.60      148.352      5.94345
      4334.00      141.804      5.81268
      4335.40      141.645      5.84791
      4336.80      141.481      5.76479
      4338.20      139.686      5.66708
      4339.60      135.238      5.48576
      4341.00      118.461      5.09141
      4342.40      102.699      4.68647
      4343.80      82.2044      3.89781
      4345.20      76.2235      3.70529
      4346.60      101.175      4.49558
      4348.00      115.286      4.99606
      4349.40      124.116      5.26102
      4350.80      131.382      5.61556
      4352.20      140.163      5.76293
      4353.60      141.802      5.77406
      4355.00      136.101      5.76384
      4356.40      124.583      5.46413
      4357.80      138.971      5.69367
      4359.20      142.720          Inf
      4360.60      146.469      6.00859
      4362.00      146.970      6.06624
      4363.40      148.789      6.14962
      4364.80      150.432      6.12355
      4366.20      153.276      6.16713
      4367.60      157.216      6.16025
      4369.00      154.927      6.18882
      4370.40      149.887      6.18368
      4371.80      148.282      6.02537
      4373.20      147.408      5.98091
      4374.60      154.217      6.31167
      4376.00      153.749      6.08207
      4377.40      150.897      5.92010
      4378.80      136.796      5.60276
      4380.20      147.673      5.89515
      4381.60      151.461      6.20414
      4383.00      156.137      6.22732
      4384.40      152.545      6.12470
      4385.80      151.963      6.00942
      4387.20      144.442      5.74577
      4388.60      132.458      5.33837
      4390.00      140.386      5.53059
      4391.40      150.540      5.82159
      4392.80      150.534      5.89888
      4394.20      151.037      5.96633
      4395.60      148.843      6.04580
      4397.00      149.644      5.87239
      4398.40      138.036      5.63552
      4399.80      137.663      5.50604
      4401.20      146.785      5.82269
      4402.60      145.750      5.83146
      4404.00      137.938      5.56879
      4405.40      140.592      5.67635
      4406.80      145.703      5.90633
      4408.20      145.115      5.71902
      4409.60      140.184      5.69149
      4411.00      145.754      5.81329
      4412.40      149.463      5.85123
      4413.80      146.347      5.85303
      4415.20      144.628      6.00502
      4416.60      148.629      5.92428
      4418.00      147.888      5.86364
      4419.40      139.991      5.63831
      4420.80      135.010      5.36897
      4422.20      136.039      5.44718
      4423.60      149.041      5.82746
      4425.00      150.173      5.97987
      4426.40      144.563      5.83679
      4427.80      149.381      5.85927
      4429.20      149.759      5.96889
      4430.60      143.863      5.71747
      4432.00      142.617      5.67067
      4433.40      148.619      5.76723
      4434.80      145.101      5.66969
      4436.20      144.829      5.76569
      4437.60      143.286      5.84789
      4439.00      140.418      5.70711
      4440.40      145.667      5.95693
      4441.80      151.741      5.94137
      4443.20      151.170      6.00375
      4444.60      150.207      5.83148
      4446.00      143.362      5.72562
      4447.40      133.430      5.42777
      4448.80      135.888      5.40980
      4450.20      143.324      5.80226
      4451.60      152.988      6.01444
      4453.00      149.924      5.86112
      4454.40      140.578      5.57182
      4455.80      142.071      5.66623
      4457.20      144.300      5.82396
      4458.60      138.217      5.58542
      4460.00      138.230      5.66291
      4461.40      141.607      5.66143
      4462.80      143.856      5.71009
      4464.20      145.147      5.67628
      4465.60      143.933      5.52827
      4467.00      144.251      5.71964
      4468.40      143.870      5.71579
      4469.80      146.447      5.78000
      4471.20      142.219      5.81392
      4472.60      134.044      5.43522
      4474.00      134.305      5.27753
      4475.40      143.599      5.75979
      4476.80      150.561      5.86491
      4478.20      149.305      5.92127
      4479.60      151.066      5.93911
      4481.00      142.912      5.71426
      4482.40      150.026      5.90590
      4483.80      147.580      5.73276
      4485.20      134.513      5.38934
      4486.60      138.190      5.46706
      4488.00      143.242      5.56967
      4489.40      144.360      5.72843
      4490.80      147.827      5.72154
      4492.20      146.960      5.71432
      4493.60      140.115      5.50479
      4495.00      148.031      5.79909
      4496.40      146.629      5.70455
      4497.80      141.583      5.56521
      4499.20      140.245      5.52655
      4500.60      142.588      5.62069
      4502.00      145.200      5.68349
      4503.40      147.330      5.79873
      4504.80      143.970      5.67329
      4506.20      139.851      5.54686
      4507.60      147.711      5.74426
      4509.00      148.093      5.75072
      4510.40      148.409      5.76314
      4511.80      143.545      5.68180
      4513.20      144.917      5.64319
      4514.60      146.441      5.65193
      4516.00      144.155      5.72059
      4517.40      149.408      5.70846
      4518.80      145.555      5.61190
      4520.20      142.509      5.68174
      4521.60      146.455      5.69185
      4523.00      148.077      5.74665
      4524.40      146.667      5.77524
      4525.80      137.596      5.53974
      4527.20      140.805      5.47029
      4528.60      141.939      5.53230
      4530.00      144.455      5.59375
      4531.40      141.045      5.56498
      4532.80      139.197      5.49640
      4534.20      139.874      5.58214
      4535.60      139.650      5.49792
      4537.00      136.826      5.53823
      4538.40      134.496      5.56914
      4539.80      137.857          Inf
      4541.20      141.218      5.69914
      4542.60      148.201      5.85718
      4544.00      150.782      5.83429
      4545.40      143.969      5.62734
      4546.80      142.810      5.55761
      4548.20      146.556      5.59578
      4549.60      145.368      5.64804
      4551.00      148.386      5.67793
      4552.40      142.531      5.38021
      4553.80      130.809      5.07471
      4555.20      137.565      5.29606
      4556.60      147.938      5.72533
      4558.00      135.718      5.46979
      4559.40      134.887      5.34566
      4560.80      134.834      5.29303
      4562.20      141.981      5.50168
      4563.60      141.475      5.48903
      4565.00      147.131      5.62325
      4566.40      149.640      5.67969
      4567.80      138.183      5.36851
      4569.20      141.679      5.44919
      4570.60      149.360      5.75100
      4572.00      145.989      5.66535
      4573.40      146.060      5.66281
      4574.80      144.746      5.39486
      4576.20      136.890      5.31162
      4577.60      138.806      5.51881
      4579.00      148.744      5.74336
      4580.40      143.371      5.57690
      4581.80      146.123      5.62116
      4583.20      146.739      5.56391
      4584.60      146.792      5.69280
      4586.00      144.836      5.50972
      4587.40      139.077      5.39611
      4588.80      136.942      5.42551
      4590.20      144.059      5.64874
      4591.60      144.035      5.44298
      4593.00      143.500      5.59366
      4594.40      141.335      5.54066
      4595.80      142.871      5.50149
      4597.20      144.274      5.64104
      4598.60      145.557      5.58705
      4600.00      146.261      5.68204
      4601.40      145.410      5.57406
      4602.80      145.005      5.62546
      4604.20      147.869      5.75246
      4605.60      151.487      5.69666
      4607.00      145.235      5.73936
      4608.40      146.287      5.69414
      4609.80      146.427      5.61068
      4611.20      147.944      5.70753
      4612.60      148.458      5.80556
      4614.00      147.808      5.64998
      4615.40      145.051      5.56436
      4616.80      145.597      5.50841
      4618.20      149.401      5.63350
      4619.60      143.759      5.43686
      4621.00      147.473      5.70829
      4622.40      146.833      5.55750
      4623.80      145.700      5.64901
      4625.20      146.969      5.64985
      4626.60      144.334      5.64712
      4628.00      147.315      5.67395
      4629.40      146.427      5.66238
      4630.80      142.775      5.51401
      4632.20      144.155      5.62013
      4633.60      142.945      5.50602
      4635.00      146.471      5.64100
      4636.40      145.665      5.67351
      4637.80      143.257      5.41662
      4639.20      143.489      5.51797
      4640.60      144.783      5.59301
      4642.00      149.444      5.66046
      4643.40      147.199      5.63635
      4644.80      146.557      5.60477
      4646.20      144.532      5.54302
      4647.60      149.903      5.67962
      4649.00      146.134      5.58414
      4650.40      143.736      5.55505
      4651.80      145.182      5.54919
      4653.20      144.134      5.67110
      4654.60      141.593      5.39349
      4656.00      145.679      5.52301
      4657.40      145.593      5.50008
      4658.80      143.618      5.51929
      4660.20      139.478      5.34085
      4661.60      143.254      5.62334
      4663.00      144.536      5.51900
      4664.40      149.848      5.63556
      4665.80      147.714      5.56639
      4667.20      143.533      5.44163
      4668.60      145.065      5.53724
      4670.00      146.996      5.59999
      4671.40      142.704      5.56606
      4672.80      141.319      5.51473
      4674.20      140.048      5.43948
      4675.60      141.774      5.39407
      4677.00      142.726      5.47889
      4678.40      143.985      5.55462
      4679.80      149.549      6.18648
      4681.20      144.012      5.50061
      4682.60      142.758      5.44067
      4684.00      144.333      5.38680
      4685.40      146.102      5.60820
      4686.80      147.816      5.59394
      4688.20      146.554      5.58909
      4689.60      146.856      5.35243
      4691.00      147.854      5.54722
      4692.40      145.784      5.70735
      4693.80      141.255      5.65993
      4695.20      144.925      5.56495
      4696.60      144.561      5.61945
      4698.00      144.586      5.39959
      4699.40      145.752      5.53041
      4700.80      146.165      5.64323
      4702.20      142.992      5.70317
      4703.60      145.698      5.48876
      4705.00      143.088      5.45064
      4706.40      139.812      5.34582
      4707.80      140.541      5.28152
      4709.20      140.794      5.26790
      4710.60      143.559      5.53981
      4712.00      140.149      5.48618
      4713.40      141.265      5.45998
      4714.80      144.021      5.37711
      4716.20      147.080      5.68710
      4717.60      146.901      5.60740
      4719.00      142.354      5.49861
      4720.40      143.007      5.44804
      4721.80      146.191      5.57514
      4723.20      146.283      5.62216
      4724.60      145.831      5.56309
      4726.00      143.324      5.37273
      4727.40      143.887      5.49404
      4728.80      147.514      5.70307
      4730.20      145.412      5.57525
      4731.60      141.707      5.45775
      4733.00      144.336      5.53205
      4734.40      145.998      5.66130
      4735.80      141.228      5.43963
      4737.20      139.275      5.36165
      4738.60      144.328      5.47428
      4740.00      145.445      5.46807
      4741.40      142.594      5.46029
      4742.80      146.544      5.65815
      4744.20      144.739      5.56137
      4745.60      142.188      5.45020
      4747.00      146.838      5.60709
      4748.40      145.765      5.47016
      4749.80      141.892      5.44492
      4751.20      142.474      5.44877
      4752.60      146.651      5.67985
      4754.00      142.513      5.48010
      4755.40      143.580      5.50008
      4756.80      142.541      5.38248
      4758.20      141.623      5.38418
      4759.60      145.975      5.49300
      4761.00      142.781      5.47633
      4762.40      142.276      5.44195
      4763.80      140.191      5.31990
      4765.20      143.876      5.43413
      4766.60      144.686      5.32299
      4768.00      140.568      5.40825
      4769.40      141.648      5.46936
      4770.80      146.500      5.51942
      4772.20      143.832      5.45715
      4773.60      140.547      5.37365
      4775.00      143.618      5.38969
      4776.40      142.769      5.39801
      4777.80      141.657      5.39856
      4779.20      140.120      5.47245
      4780.60      137.978      5.29027
      4782.00      143.903      5.40466
      4783.40      139.135      5.31562
      4784.80      139.106      5.19140
      4786.20      139.364      5.33713
      4787.60      144.427      5.46484
      4789.00      144.157      5.32829
      4790.40      140.063      5.28632
      4791.80      140.436      5.29950
      4793.20      140.371      5.26221
      4794.60      141.277      5.26606
      4796.00      141.824      5.28567
      4797.40      141.292      5.32182
      4798.80      139.634      5.44236
      4800.20      142.618      5.35895
      4801.60      142.069      5.29470
      4803.00      138.875      5.24515
      4804.40      141.446      5.46079
      4805.80      140.734      5.38499
      4807.20      139.174      5.30200
      4808.60      138.371      5.30739
      4810.00      137.370      5.28926
      4811.40      139.456      5.12127
      4812.80      139.828      5.37354
      4814.20      141.992      5.36035
      4815.60      140.915      5.43806
      4817.00      143.729      5.46007
      4818.40      140.898      5.17601
      4819.80      140.325      5.26447
      4821.20      138.987      5.32354
      4822.60      141.207      5.32219
      4824.00      140.891      5.46538
      4825.40      142.661      5.39389
      4826.80      140.477      5.30083
      4828.20      142.884      5.27465
      4829.60      139.660      5.13918
      4831.00      138.104      5.32360
      4832.40      141.895      5.28750
      4833.80      136.954      5.31648
      4835.20      136.772      5.25006
      4836.60      138.741      5.28106
      4838.00      141.208      5.21760
      4839.40      140.537      5.20764
      4840.80      139.465      5.22222
      4842.20      141.692      5.25293
      4843.60      141.584      5.38253
      4845.00      140.452      5.27762
      4846.40      138.221      5.17527
      4847.80      136.609      5.10987
      4849.20      136.776      5.10228
      4850.60      134.476      5.15426
      4852.00      133.662      5.22719
      4853.40      131.965      5.02820
      4854.80      134.043      5.02524
      4856.20      134.589      5.20556
      4857.60      129.923      5.02821
      4859.00      128.152      4.87933
      4860.40      123.225      4.74742
      4861.80      122.932      4.76352
      4863.20      111.616      4.44571
      4864.60      91.4945      3.80064
      4866.00      67.4874      3.17193
      4867.40      85.8833      3.46056
      4868.80      109.020      4.20330
      4870.20      115.389      4.47629
      4871.60      121.827      4.61647
      4873.00      128.669      4.75653
      4874.40      129.253      4.83944
      4875.80      125.354      4.82095
      4877.20      125.839      4.75295
      4878.60      129.176      5.01168
      4880.00      134.552      5.15172
      4881.40      134.638      5.03851
      4882.80      130.726      4.98294
      4884.20      134.854      5.12310
      4885.60      139.094      5.23726
      4887.00      135.240      5.05831
      4888.40      133.370      5.16103
      4889.80      135.599      5.09592
      4891.20      136.879      5.17954
      4892.60      137.579      5.13487
      4894.00      136.825      5.24351
      4895.40      130.985      5.04347
      4896.80      132.571      4.93695
      4898.20      135.045      5.17799
      4899.60      137.926      5.12332
      4901.00      143.959      5.30604
      4902.40      136.961      5.32586
      4903.80      137.030      5.19399
      4905.20      137.631      5.03874
      4906.60      135.353      5.12774
      4908.00      134.838      5.04671
      4909.40      135.893      5.06961
      4910.80      139.696      5.21670
      4912.20      139.642      5.21344
      4913.60      136.414      5.01989
      4915.00      136.515      5.12770
      4916.40      135.682      5.11590
      4917.80      137.529      5.26399
      4919.20      138.633      5.18030
      4920.60      138.964      5.13614
      4922.00      141.162      5.22328
      4923.40      131.275      4.98856
      4924.80      132.043      4.99425
      4926.20      127.755      5.00395
      4927.60      130.730      4.93670
      4929.00      128.633      4.96800
      4930.40      136.620      5.17488
      4931.80      138.905      5.37884
      4933.20      138.778      5.29698
      4934.60      134.301      5.13252
      4936.00      136.602      5.16167
      4937.40      134.852      5.22584
      4938.80      132.366      5.30420
      4940.20      136.115      5.04967
      4941.60      136.437      5.07488
      4943.00      135.482      5.06782
      4944.40      134.766      5.22271
      4945.80      135.956      5.18747
      4947.20      140.180      5.24179
      4948.60      140.922      5.32687
      4950.00      137.492      5.40790
      4951.40      133.910      5.16555
      4952.80      137.592      5.08738
      4954.20      140.185      5.28173
      4955.60      137.958      5.14986
      4957.00      137.279      5.24881
      4958.40      138.616      5.31150
      4959.80      138.609      5.24866
      4961.20      133.459      5.05877
      4962.60      126.666      4.88755
      4964.00      130.285      4.94398
      4965.40      138.184      5.24083
      4966.80      137.899      5.17425
      4968.20      137.066      5.08813
      4969.60      135.683      5.03787
      4971.00      135.255      5.12532
      4972.40      137.448      5.22109
      4973.80      138.331      5.23459
      4975.20      134.988      5.08265
      4976.60      132.171      5.03273
      4978.00      137.616      5.08850
      4979.40      138.324      5.17718
      4980.80      135.168      5.20125
      4982.20      137.736      5.11767
      4983.60      137.608      5.18363
      4985.00      134.993      5.06992
      4986.40      131.739      5.08349
      4987.80      131.514      4.94767
      4989.20      131.576      5.06645
      4990.60      129.863      4.89991
      4992.00      138.716      5.15044
      4993.40      135.862      4.97367
      4994.80      132.277      5.02046
      4996.20      133.135      4.95618
      4997.60      131.955      5.05499
      4999.00      135.104      5.07128
