      3900.00      71.4638      13.4064
      3901.40      107.341      14.6864
      3902.80      82.7094      14.2514
      3904.20      63.1073      13.3978
      3905.60      80.9948      14.0161
      3907.00      106.544      15.6930
      3908.40      71.2915      15.1374
      3909.80      70.6641      14.6581
      3911.20      84.3025      15.3393
      3912.60      85.9068      15.5251
      3914.00      76.3153      15.4116
      3915.40      89.0922      15.6413
      3916.80      71.7099      14.8856
      3918.20      70.2768      13.7757
      3919.60      64.6892      12.9995
      3921.00      68.0540      12.7082
      3922.40      87.4539      13.2354
      3923.80      120.313      14.1791
      3925.20      82.6491      12.6687
      3926.60      74.8768      11.8798
      3928.00      92.0846      13.1555
      3929.40      74.8914      13.0659
      3930.80      50.0135      12.5846
      3932.20      82.2491      14.1287
      3933.60      68.1659      13.8731
      3935.00      57.8926      12.3522
      3936.40      38.0544      10.3241
      3937.80      46.5732      10.1423
      3939.20      45.7263      10.5985
      3940.60      83.7376      13.1191
      3942.00      62.8372      13.0019
      3943.40      78.6216      13.9359
      3944.80      82.9991      13.5367
      3946.20      84.2674      12.8368
      3947.60      82.3579      12.6642
      3949.00      101.032      13.0296
      3950.40      63.7810      12.5297
      3951.80      78.1741      13.4764
      3953.20      68.6662      13.1766
      3954.60      97.8673      13.4329
      3956.00      53.2237      11.9531
      3957.40      87.3740      12.6116
      3958.80      60.4512      11.8773
      3960.20      69.1118      11.9942
      3961.60      56.9870      12.0340
      3963.00      96.4752      13.8291
      3964.40      70.1375      12.8073
      3965.80      62.9556      12.9347
      3967.20      74.8985      12.9238
      3968.60      56.2137      12.6011
      3970.00      58.2731      12.1180
      3971.40      66.9063      11.9878
      3972.80      9.73674      9.69925
      3974.20      34.6954      10.0639
      3975.60      44.9061      11.7695
      3977.00      68.5862      12.8549
      3978.40      40.5010      11.8279
      3979.80      67.2850      11.4684
      3981.20      67.2045      11.1447
      3982.60      66.6202      10.8929
      3984.00      79.0243      11.3044
      3985.40      59.2987      10.8223
      3986.80      79.8447      11.8673
      3988.20      82.1228      12.0205
      3989.60      74.7095      11.4658
      3991.00      66.0471      11.3430
      3992.40      81.9589      12.0224
      3993.80      85.6786      12.3685
      3995.20      86.4515      11.7959
      3996.60      74.0960      10.5618
      3998.00      100.880      11.3459
      3999.40      68.3109      11.0379
      4000.80      87.6934      10.8825
      4002.20      81.6857      10.9806
      4003.60      74.1799      10.7345
      4005.00      79.9626      10.6700
      4006.40      84.7009      11.0043
      4007.80      94.0633      11.3079
      4009.20      71.5501      10.4795
      4010.60      96.8956      11.4628
      4012.00      90.9431      11.6438
      4013.40      86.3836      11.4708
      4014.80      85.8234      10.9558
      4016.20      91.9438      10.8086
      4017.60      69.8150      10.7534
      4019.00      88.6827      11.7514
      4020.40      83.3429      11.6550
      4021.80      85.3115      11.2364
      4023.20      93.3521      11.2303
      4024.60      79.9693      10.7868
      4026.00      84.7489      10.7911
      4027.40      79.5311      10.9808
      4028.80      63.0706      11.3118
      4030.20      97.9318      12.2533
      4031.60      57.1365      10.7995
      4033.00      82.6494      10.7521
      4034.40      75.6668      10.4240
      4035.80      101.068      11.4841
      4037.20      87.9932      10.8369
      4038.60      68.9009      11.3424
      4040.00      99.0015      12.1870
      4041.40      73.3104      11.1621
      4042.80      92.2794      11.1704
      4044.20      86.7242      11.4652
      4045.60      81.3170      13.2441
      4047.00      107.290      14.9852
      4048.40      96.4682      12.9613
      4049.80      70.4360      11.1463
      4051.20      78.6054      10.9968
      4052.60      85.4865      10.9671
      4054.00      83.8358      11.1724
      4055.40      83.1464      11.3128
      4056.80      88.2120      12.0070
      4058.20      73.7365      11.4314
      4059.60      83.6792      11.5866
      4061.00      84.7852      11.4721
      4062.40      99.2006      11.4613
      4063.80      88.5556      11.0343
      4065.20      90.5281      11.0736
      4066.60      80.6745      10.7313
      4068.00      86.9527      11.6176
      4069.40      90.8185      12.3464
      4070.80      86.9188      11.3171
      4072.20      84.7648      10.5066
      4073.60      75.2508      10.2893
      4075.00      71.5933      11.0377
      4076.40      98.3238      12.4008
      4077.80      79.4560      11.5384
      4079.20      74.0449      10.5415
      4080.60      82.8015      10.4903
      4082.00      64.7478      9.98862
      4083.40      74.1251      9.98403
      4084.80      82.4897      10.3732
      4086.20      88.6944      10.4846
      4087.60      80.0566      10.2273
      4089.00      70.4095      9.62459
      4090.40      86.2519      10.1173
      4091.80      83.2719      10.1429
      4093.20      89.6969      10.1779
      4094.60      65.0871      10.0238
      4096.00      66.2860      10.0933
      4097.40      70.7300      10.2551
      4098.80      75.6379      9.99561
      4100.20      83.9427      9.92821
      4101.60      70.6670      9.44324
      4103.00      47.3205      8.86954
      4104.40      49.9658      9.04485
      4105.80      51.0690      9.17733
      4107.20      37.4586      8.80135
      4108.60      49.1564          Inf
      4110.00      60.8542          Inf
      4111.40      72.5520      9.63395
      4112.80      75.0355      9.69192
      4114.20      80.0418      10.0348
      4115.60      89.4090      10.7206
      4117.00      71.1378      9.47180
      4118.40      75.5032      9.86799
      4119.80      83.7333      10.3318
      4121.20      76.0919      9.83101
      4122.60      74.8652      9.69281
      4124.00      62.9138      9.56354
      4125.40      76.0014      9.71082
      4126.80      87.1794      10.8010
      4128.20      73.5344      10.9527
      4129.60      96.5201      11.8042
      4131.00      78.9006      10.7357
      4132.40      92.9584      10.4078
      4133.80      72.3847      9.70094
      4135.20      102.217      10.3306
      4136.60      77.1984      9.45224
      4138.00      83.0356      9.99455
      4139.40      101.713      10.3846
      4140.80      96.0402      10.4559
      4142.20      89.4139      10.8041
      4143.60      76.4748      10.7024
      4145.00      97.6961      10.9383
      4146.40      82.3124      10.3239
      4147.80      91.5727      10.7522
      4149.20      99.4659      11.8839
      4150.60      96.2619      10.8146
      4152.00      79.1806      9.55247
      4153.40      81.1117      9.76346
      4154.80      95.4265      9.68584
      4156.20      78.8510      9.21373
      4157.60      89.1761      9.81602
      4159.00      87.0284      9.55340
      4160.40      94.1444      9.80021
      4161.80      92.5437      9.79401
      4163.20      85.5818      10.4518
      4164.60      100.285      10.5387
      4166.00      89.9694      9.90913
      4167.40      92.1766      9.71950
      4168.80      71.2988      9.22627
      4170.20      96.5665      9.77868
      4171.60      93.6032      9.68852
      4173.00      91.9739      9.62765
      4174.40      97.6181      9.53842
      4175.80      88.5498      9.43681
      4177.20      86.0070      9.28962
      4178.60      82.6137      9.25903
      4180.00      80.7473      9.06511
      4181.40      73.1493      8.85156
      4182.80      100.373      9.82648
      4184.20      92.9697      9.53529
      4185.60      77.3437      8.83018
      4187.00      71.6983      8.70672
      4188.40      78.4516      8.99432
      4189.80      96.6578      9.48310
      4191.20      70.9115      8.73232
      4192.60      79.5186      8.96144
      4194.00      79.0128      9.32020
      4195.40      77.5014      9.51744
      4196.80      73.2278      9.28793
      4198.20      86.1118      9.51093
      4199.60      77.1798      8.75060
      4201.00      63.0880      8.47674
      4202.40      72.5085      8.49684
      4203.80      84.7116      9.08174
      4205.20      92.1864      9.19826
      4206.60      80.6805      8.93058
      4208.00      81.2215      9.11657
      4209.40      93.7926      9.35554
      4210.80      90.4478      9.19123
      4212.20      77.4706      8.68741
      4213.60      80.4164      8.86175
      4215.00      79.0181      8.69626
      4216.40      97.0937      9.42393
      4217.80      81.7293      9.09516
      4219.20      68.9084      9.33137
      4220.60      83.0135      9.86841
      4222.00      82.1068      9.42835
      4223.40      66.8208      8.50570
      4224.80      82.1647      8.57846
      4226.20      70.7501      9.02216
      4227.60      73.8610      9.19775
      4229.00      77.7868      8.84157
      4230.40      81.7158      8.56867
      4231.80      74.8922      8.59406
      4233.20      82.7601      8.90011
      4234.60      83.8825      9.35008
      4236.00      80.4441      9.02833
      4237.40      73.1357      8.33455
      4238.80      62.7764      7.99913
      4240.20      83.8550      8.63918
      4241.60      84.6992      8.89295
      4243.00      90.2772      8.96527
      4244.40      88.3932      8.86714
      4245.80      78.7801      8.59658
      4247.20      81.4666      8.96572
      4248.60      101.740      9.79986
      4250.00      85.1080      8.97112
      4251.40      66.7289      8.27674
      4252.80      90.3705      8.96155
      4254.20      77.8371      8.69606
      4255.60      91.5306      8.99260
      4257.00      80.8362      8.88378
      4258.40      74.2021      8.63017
      4259.80      75.5140      8.55814
      4261.20      77.2152      8.51706
      4262.60      96.8486      9.02637
      4264.00      92.1016      9.00806
      4265.40      88.3269      8.86153
      4266.80      88.2987      8.75596
      4268.20      73.5141      8.67044
      4269.60      91.4481      9.15421
      4271.00      84.3910      8.53397
      4272.40      92.3661      8.79745
      4273.80      81.2248      8.28288
      4275.20      79.0206      8.50778
      4276.60      72.8153      8.32507
      4278.00      83.1224      8.48415
      4279.40      70.0292      8.22996
      4280.80      71.8186      8.26981
      4282.20      89.7036      8.72462
      4283.60      81.3530      8.53282
      4285.00      95.3965      8.89273
      4286.40      90.4765      8.75322
      4287.80      75.9051      8.72211
      4289.20      84.6639      8.79775
      4290.60      95.4199      9.04812
      4292.00      78.8608      8.44175
      4293.40      88.9808      8.79302
      4294.80      69.7686      8.27586
      4296.20      84.5785      10.6310
      4297.60      81.3273      8.70708
      4299.00      99.3397      9.24827
      4300.40      98.7576      9.63818
      4301.80      86.7962      9.12834
      4303.20      92.6317      8.49835
      4304.60      84.0411      8.23222
      4306.00      67.5398      7.60420
      4307.40      74.2123      8.07064
      4308.80      83.9402      8.29516
      4310.20      74.4248      7.97638
      4311.60      81.9034      8.17425
      4313.00      63.3166      7.74215
      4314.40      79.0733      9.15464
      4315.80      88.5209      8.60504
      4317.20      79.6414      8.23534
      4318.60      65.5972      7.87231
      4320.00      76.3381      8.09099
      4321.40      78.8651      8.25454
      4322.80      82.3718      8.25709
      4324.20      88.4917      8.25644
      4325.60      84.9753      8.34602
      4327.00      72.9622      7.78778
      4328.40      68.3975      8.16469
      4329.80      71.0308      8.68625
      4331.20      63.1818      8.18477
      4332.60      72.7326      8.16879
      4334.00      70.7788      7.91349
      4335.40      69.8523      7.68850
      4336.80      74.7305      7.88380
      4338.20      84.4574      8.11555
      4339.60      71.9160      7.58969
      4341.00      49.3462      7.46139
      4342.40      56.3133      8.03793
      4343.80      47.6475      7.96666
      4345.20      39.7638      6.99855
      4346.60      40.5872      6.74191
      4348.00      50.6039      7.16965
      4349.40      74.0647      7.79515
      4350.80      74.5127      7.96937
      4352.20      84.0981      8.02761
      4353.60      73.1565      7.67988
      4355.00      62.5072      7.59286
      4356.40      79.7267      8.13147
      4357.80      65.0086      8.88008
      4359.20      76.0574      11.5415
      4360.60      93.6292      11.1985
      4362.00      74.6038      9.22103
      4363.40      86.3266      8.59910
      4364.80      76.3193      8.13731
      4366.20      67.5554      7.82891
      4367.60      78.3532      7.91588
      4369.00      88.5076      8.64292
      4370.40      85.1915      8.64188
      4371.80      83.3400      8.22492
      4373.20      83.7710      8.33880
      4374.60      79.0969      8.07758
      4376.00      80.1638      8.38004
      4377.40      91.8984      9.09050
      4378.80      86.8023      8.49138
      4380.20      84.0175      8.23167
      4381.60      76.6432      8.45744
      4383.00      86.3532      8.75379
      4384.40      77.8875      8.34187
      4385.80      88.1140      8.32026
      4387.20      87.1856      7.85595
      4388.60      70.4479      7.58890
      4390.00      79.6313      7.84036
      4391.40      82.5907      8.12973
      4392.80      78.2336      8.24735
      4394.20      89.6735      8.74375
      4395.60      89.1414      8.71619
      4397.00      83.6399      8.65861
      4398.40      65.1531      8.52843
      4399.80      65.4235      8.42243
      4401.20      83.0342      8.28555
      4402.60      75.5482      7.60173
      4404.00      72.6276      7.72686
      4405.40      75.0088      8.28733
      4406.80      74.8090      8.49046
      4408.20      82.3851      8.71151
      4409.60      83.0569      8.28115
      4411.00      87.5367      7.97991
      4412.40      82.6198      8.23984
      4413.80      87.1332      8.64119
      4415.20      83.6998      8.80702
      4416.60      82.2209      8.37673
      4418.00      76.6739      7.67272
      4419.40      82.7165      8.16286
      4420.80      79.3273      8.29797
      4422.20      67.2832      7.69325
      4423.60      85.7489      7.75606
      4425.00      71.0056      7.49802
      4426.40      79.2228      7.66927
      4427.80      73.1050      7.43850
      4429.20      84.5607      7.80040
      4430.60      83.1763      7.78444
      4432.00      84.8987      7.79429
      4433.40      89.6151      8.12512
      4434.80      79.0593      7.80627
      4436.20      73.4106      7.72333
      4437.60      92.0060      8.20044
      4439.00      78.9986      7.74348
      4440.40      74.6773      8.08124
      4441.80      88.8588      8.66955
      4443.20      75.3611      8.67371
      4444.60      81.9251      8.70263
      4446.00      76.5661      8.33579
      4447.40      69.5405      7.45272
      4448.80      75.0412      7.44241
      4450.20      77.3005      7.47460
      4451.60      83.8227      7.82545
      4453.00      74.5592      7.90344
      4454.40      75.8651      7.96852
      4455.80      84.4877      7.84540
      4457.20      79.3087      7.36785
      4458.60      83.8561      7.94985
      4460.00      68.8064      7.56279
      4461.40      71.1045      7.68872
      4462.80      77.7431      7.55990
      4464.20      68.9838      7.15783
      4465.60      86.1797      7.49422
      4467.00      76.4220      7.45069
      4468.40      93.2804      7.97540
      4469.80      73.9263      7.29033
      4471.20      72.5090      7.07581
      4472.60      57.4253      6.64930
      4474.00      65.1920      6.97323
      4475.40      87.0650      7.64063
      4476.80      89.1332      7.71962
      4478.20      86.0216      7.68358
      4479.60      80.8284      7.54631
      4481.00      74.0469      7.14764
      4482.40      87.7744      7.69942
      4483.80      80.2971      7.60810
      4485.20      75.6164      7.29361
      4486.60      82.5966      7.48950
      4488.00      85.7301      7.59778
      4489.40      91.7780      7.64451
      4490.80      82.9547      7.48245
      4492.20      81.9121      7.35674
      4493.60      76.1646      7.29014
      4495.00      72.3079      6.99260
      4496.40      76.9398      7.47783
      4497.80      69.2273      7.67856
      4499.20      80.6780      8.16631
      4500.60      72.9815      7.78875
      4502.00      81.5057      7.51755
      4503.40      81.1675      7.39678
      4504.80      73.0827      7.05984
      4506.20      70.2428      7.13714
      4507.60      82.9990      7.44015
      4509.00      82.8321      7.40778
      4510.40      86.5727      8.15722
      4511.80      73.9721      7.71488
      4513.20      87.1789      7.72097
      4514.60      81.3920      7.39340
      4516.00      80.7554      7.45484
      4517.40      81.2914      7.44709
      4518.80      82.3569      7.58563
      4520.20      75.4689      7.04050
      4521.60      75.3370      7.30145
      4523.00      85.7092      7.62755
      4524.40      78.6091      7.48677
      4525.80      83.8298      7.64340
      4527.20      95.2619      7.77591
      4528.60      94.8084      7.81767
      4530.00      84.1766      7.61129
      4531.40      77.4601      7.44029
      4532.80      77.4512      7.37022
      4534.20      80.0604      7.38537
      4535.60      84.6807      7.82249
      4537.00      80.7247      7.66805
      4538.40      72.8827      7.42446
      4539.80      81.6271      7.33918
      4541.20      78.0268      7.40944
      4542.60      93.8188      7.82647
      4544.00      88.4718      7.67484
      4545.40      86.4883      7.62277
      4546.80      79.0602      7.43064
      4548.20      92.5313      7.98024
      4549.60      76.0870      7.42247
      4551.00      90.1888      7.42536
      4552.40      84.4201      7.27142
      4553.80      88.2355      7.57106
      4555.20      77.1728      7.21849
      4556.60      82.4565      7.16553
      4558.00      90.0778      7.44387
      4559.40      63.5489      6.61820
      4560.80      82.3952      7.17616
      4562.20      79.7485      7.42495
      4563.60      74.1103      7.17007
      4565.00      77.3480      6.97038
      4566.40      87.4100      7.28874
      4567.80      82.1783      7.22231
      4569.20      81.2986      6.99677
      4570.60      81.1382      7.09665
      4572.00      86.7291      7.26458
      4573.40      82.2177      7.18970
      4574.80      75.1122      6.95074
      4576.20      72.9279      6.99622
      4577.60      89.1781      7.25747
      4579.00      88.2574      7.17737
      4580.40      72.0224      6.82124
      4581.80      76.3347      6.97409
      4583.20      80.7167      7.14558
      4584.60      83.6642      7.28928
      4586.00      78.7718      7.02109
      4587.40      86.2082      7.32430
      4588.80      72.3893      7.17456
      4590.20      78.6450      7.51956
      4591.60      76.3323      7.42588
      4593.00      74.7185      7.14396
      4594.40      76.9548      7.36444
      4595.80      82.2166      7.51092
      4597.20      81.7171      7.45053
      4598.60      92.5354      7.43962
      4600.00      84.3484      7.16320
      4601.40      78.9697      6.98849
      4602.80      88.5812      7.36425
      4604.20      90.5555      7.76342
      4605.60      86.2603      7.84077
      4607.00      76.0983      7.32382
      4608.40      68.1415      6.93505
      4609.80      85.7025      7.18301
      4611.20      79.8219      7.04008
      4612.60      83.5328      7.02922
      4614.00      84.3235      7.09493
      4615.40      87.6955      7.18231
      4616.80      84.9195      7.24661
      4618.20      83.5354      7.25733
      4619.60      79.4184      7.57500
      4621.00      67.1025      7.01818
      4622.40      77.5738      7.19843
      4623.80      81.1587      7.12000
      4625.20      80.2330      6.82168
      4626.60      71.1658      6.87330
      4628.00      84.7193      7.28975
      4629.40      83.7991      6.95417
      4630.80      71.9367      6.85176
      4632.20      77.8705      6.79020
      4633.60      83.1390      7.01665
      4635.00      89.2465      7.21545
      4636.40      85.5386      6.88096
      4637.80      79.0088      6.88843
      4639.20      82.5705      7.22324
      4640.60      79.1036      7.27414
      4642.00      92.2823      7.73562
      4643.40      81.9994      6.97532
      4644.80      80.3792      6.99627
      4646.20      87.3737      7.03134
      4647.60      82.2183      6.83938
      4649.00      81.6686      6.96120
      4650.40      82.3094      7.08151
      4651.80      90.8836      7.38120
      4653.20      88.2369      7.00105
      4654.60      75.3274      6.97374
      4656.00      90.1046      7.30102
      4657.40      76.1151      6.74520
      4658.80      78.8750      7.04770
      4660.20      79.7043      6.51607
      4661.60      67.9735      6.67431
      4663.00      77.8098      6.62351
      4664.40      78.8437      6.79904
      4665.80      76.9811      6.51464
      4667.20      80.8246      7.14462
      4668.60      87.0928      7.38933
      4670.00      86.0070      7.39245
      4671.40      79.8652      7.18625
      4672.80      81.4373      6.95598
      4674.20      85.8095      7.05812
      4675.60      98.0283      7.43171
      4677.00      84.2837      7.61472
      4678.40      89.3139      7.14669
      4679.80      84.5320      7.04871
      4681.20      91.4536      7.45597
      4682.60      83.5772      7.54458
      4684.00      80.4023      7.26641
      4685.40      88.6512      7.23618
      4686.80      77.2384      6.87323
      4688.20      79.5326      7.06980
      4689.60      74.5113      6.57054
      4691.00      80.3279      7.15031
      4692.40      80.0520      7.30087
      4693.80      82.6795      7.38224
      4695.20      74.0206      7.28462
      4696.60      91.4728      7.33744
      4698.00      89.6959      7.16788
      4699.40      88.9553      7.13075
      4700.80      96.0793      7.47677
      4702.20      76.7475      7.66971
      4703.60      90.0584      8.54481
      4705.00      82.9962      7.87755
      4706.40      87.1451      7.08167
      4707.80      78.2007      6.88706
      4709.20      86.1976      7.05450
      4710.60      86.3743      7.40898
      4712.00      81.6274      7.58247
      4713.40      70.9859      7.13221
      4714.80      88.0394      7.13620
      4716.20      70.0466      6.62270
      4717.60      90.4978      7.01689
      4719.00      82.4269      6.92157
      4720.40      88.0011      7.11886
      4721.80      89.3608      7.13960
      4723.20      82.9878      7.52974
      4724.60      91.6509      7.90661
      4726.00      83.6058      7.21299
      4727.40      92.0290      7.00312
      4728.80      84.4240      7.02512
      4730.20      80.8533      7.13340
      4731.60      81.7471      6.91442
      4733.00      83.8599      6.74656
      4734.40      80.3715      6.69356
      4735.80      87.3647      6.72555
      4737.20      83.4731      6.62352
      4738.60      79.2848      6.64262
      4740.00      76.3626      6.47788
      4741.40      88.2797      6.94506
      4742.80      74.2316      6.79021
      4744.20      80.9875      7.13102
      4745.60      80.0467      6.96440
      4747.00      80.2712      6.77077
      4748.40      81.0069      6.72327
      4749.80      84.9033      6.58070
      4751.20      81.5280      6.66990
      4752.60      74.9211      6.33646
      4754.00      84.4547      6.76433
      4755.40      91.7052      7.57586
      4756.80      87.6350      8.35402
      4758.20      77.9826      6.72075
      4759.60      85.8224      6.68281
      4761.00      89.0059      6.54446
      4762.40      78.6026      6.62917
      4763.80      84.3491      6.76586
      4765.20      81.8385      6.79875
      4766.60      87.2822      6.80210
      4768.00      81.4340      6.73720
      4769.40      88.7147      6.67732
      4770.80      88.4907      6.71668
      4772.20      82.0691      6.59767
      4773.60      88.3727      6.88749
      4775.00      83.5399      6.40427
      4776.40      78.8899      6.46533
      4777.80      75.6581      6.33092
      4779.20      73.0005      6.51291
      4780.60      84.1243      7.10862
      4782.00      93.1227      7.49708
      4783.40      78.7522      6.99349
      4784.80      75.1232      6.81019
      4786.20      83.6272      6.77596
      4787.60      78.2742      6.83764
      4789.00      71.7732      6.31140
      4790.40      91.3968      6.90272
      4791.80      77.2746      6.42415
      4793.20      86.3277      6.72846
      4794.60      90.6329      6.75677
      4796.00      84.0142      6.65549
      4797.40      80.2467      6.51713
      4798.80      72.7610      6.29181
      4800.20      78.3257      6.47805
      4801.60      82.6778      6.45109
      4803.00      75.7172      6.26254
      4804.40      77.1405      6.28654
      4805.80      80.8681      6.43325
      4807.20      83.8805      6.68439
      4808.60      82.0659      6.80398
      4810.00      76.5276      6.80227
      4811.40      79.3245      6.85821
      4812.80      70.3486      6.15268
      4814.20      89.9319      6.74620
      4815.60      86.9038      6.72802
      4817.00      82.2506      6.79102
      4818.40      78.3720      6.60496
      4819.80      80.4519      6.73512
      4821.20      89.2140      6.85195
      4822.60      84.9417      6.72007
      4824.00      88.7941      6.75107
      4825.40      74.3703      6.41845
      4826.80      83.6627      6.69792
      4828.20      85.3564      7.06781
      4829.60      86.8565      6.87269
      4831.00      87.0174      6.93008
      4832.40      85.2357      6.60299
      4833.80      76.7639      6.78222
      4835.20      76.3070      6.49942
      4836.60      86.8403      6.77043
      4838.00      77.9978      6.52316
      4839.40      70.8539      6.44883
      4840.80      79.4658      6.94667
      4842.20      79.5794      7.32114
      4843.60      80.9686      7.06385
      4845.00      78.0423      6.66375
      4846.40      76.1464      6.36788
      4847.80      89.1798      6.79185
      4849.20      78.0227      6.76105
      4850.60      94.0481      6.99165
      4852.00      81.2232      6.69451
      4853.40      71.6633      6.33908
      4854.80      80.6697      6.47861
      4856.20      69.9341      6.21435
      4857.60      72.1122      6.09952
      4859.00      70.1015      6.16883
      4860.40      67.8255      6.08004
      4861.80      60.9009      6.08335
      4863.20      62.2081      5.90632
      4864.60      59.1817      5.52218
      4866.00      40.3405      5.35659
      4867.40      43.3566      5.49724
      4868.80      58.0479      5.98472
      4870.20      65.3761      5.78392
      4871.60      74.9732      6.62411
      4873.00      69.9263      6.27082
      4874.40      63.2222      6.43194
      4875.80      75.5884      6.57117
      4877.20      65.3890      6.15857
      4878.60      75.1319      6.22865
      4880.00      62.1642      5.91325
      4881.40      73.4938      6.40262
      4882.80      77.3620      6.82295
      4884.20      76.8377      6.41696
      4885.60      77.8825      6.35413
      4887.00      75.8299      6.29203
      4888.40      70.1117      6.32994
      4889.80      84.7728      6.51418
      4891.20      72.9602      6.14490
      4892.60      87.2205      6.64344
      4894.00      74.7778      6.57202
      4895.40      68.6408      6.26079
      4896.80      74.4182      6.07993
      4898.20      78.3901      6.24018
      4899.60      80.0372      6.21902
      4901.00      76.9521      6.39955
      4902.40      77.1054      6.52725
      4903.80      73.2755      6.45545
      4905.20      69.3282      6.01399
      4906.60      77.1020      6.11896
      4908.00      71.5737      6.04820
      4909.40      86.0164      6.30004
      4910.80      74.8757      6.19698
      4912.20      79.9441      6.32550
      4913.60      78.4819      6.20768
      4915.00      79.7571      6.18220
      4916.40      73.3919      6.20441
      4917.80      76.3293      6.36897
      4919.20      73.2990      6.28032
      4920.60      85.9998      6.56258
      4922.00      87.8016      6.78956
      4923.40      83.6650      6.70355
      4924.80      76.3304      6.10601
      4926.20      68.3635      5.84413
      4927.60      78.3178      6.08369
      4929.00      78.4681      6.09095
      4930.40      71.9980      5.98870
      4931.80      75.7700      6.22011
      4933.20      89.8311      6.84559
      4934.60      83.3594      6.79895
      4936.00      80.3913      6.67334
      4937.40      75.6586      6.51475
      4938.80      82.9632      6.43808
      4940.20      75.8166      6.09925
      4941.60      76.7864      6.03096
      4943.00      87.6408      6.43312
      4944.40      77.9429      6.06416
      4945.80      69.9776      6.02618
      4947.20      76.1150      5.89918
      4948.60      77.7016      6.17211
      4950.00      71.6029      5.89243
      4951.40      71.0672      6.09104
      4952.80      75.8390      5.95798
      4954.20      73.1804      6.19107
      4955.60      79.0083      6.32653
      4957.00      79.2205      6.69944
      4958.40      81.7107      6.83566
      4959.80      86.9796      6.77085
      4961.20      81.5547      6.17154
      4962.60      75.5029      6.12187
      4964.00      87.5989      6.26926
      4965.40      77.7076      6.05327
      4966.80      71.1800      5.87693
      4968.20      75.4663      6.06530
      4969.60      80.7877      6.17366
      4971.00      76.2070      5.95441
      4972.40      75.1075      6.14108
      4973.80      87.4904      9.56932
      4975.20      66.9141      7.55999
      4976.60      78.5002      6.23097
      4978.00      74.7479      6.27749
      4979.40      69.9650      5.96804
      4980.80      72.7497      6.14491
      4982.20      79.1841      6.63597
      4983.60      83.4133      6.69204
      4985.00      78.5875      6.32518
      4986.40      77.7410      6.12973
      4987.80      79.0969      6.54527
      4989.20      79.8978      6.15473
      4990.60      82.5473      6.62579
      4992.00      80.9829      6.56680
      4993.40      78.3895      6.45779
      4994.80      80.3264      5.97461
      4996.20      70.9274      6.08093
      4997.60      89.2490      6.68104
      4999.00      71.2688      6.29079
