      3900.00      33.2765      5.26123
      3901.40      35.1950      5.49070
      3902.80      29.9257      5.04954
      3904.20      32.6264      5.34224
      3905.60      39.2821      6.04579
      3907.00      41.3816      6.20217
      3908.40      38.2151      5.92941
      3909.80      47.8267      6.39564
      3911.20      32.3840      5.32539
      3912.60      37.7961      5.21013
      3914.00      40.8680      5.40639
      3915.40      42.1858      5.35075
      3916.80      34.4188      5.28864
      3918.20      39.7285      5.79217
      3919.60      35.8948      5.66261
      3921.00      36.6850      5.36414
      3922.40      32.4304      4.79885
      3923.80      33.2247      4.77024
      3925.20      37.2260      5.00842
      3926.60      41.0186      5.14164
      3928.00      24.8716      4.75039
      3929.40      19.8892      4.35575
      3930.80      16.8330      3.96311
      3932.20      25.4365      4.31303
      3933.60      29.5614      4.52832
      3935.00      39.0098      4.76513
      3936.40      44.2890      5.37485
      3937.80      37.6894      5.40153
      3939.20      35.7935      5.46171
      3940.60      35.9942      5.53307
      3942.00      45.8773      5.65036
      3943.40      36.3832      5.31575
      3944.80      42.3348      5.09419
      3946.20      32.1448      4.84939
      3947.60      37.1929      5.03540
      3949.00      36.4175      4.95988
      3950.40      44.6476      5.26393
      3951.80      35.3343      4.77833
      3953.20      27.1700      4.64929
      3954.60      30.3144      4.79603
      3956.00      32.7657      5.00480
      3957.40      32.3508      5.26380
      3958.80      31.6005      5.48361
      3960.20      29.8086      5.60574
      3961.60      28.5849      5.38657
      3963.00      31.2322      5.40101
      3964.40      21.5466      4.96684
      3965.80      12.9511      4.86900
      3967.20      23.9895      5.50062
      3968.60      19.4699      5.29705
      3970.00      19.6302      4.95267
      3971.40      32.1704      4.66776
      3972.80      26.8586      4.33717
      3974.20      34.2477      4.60356
      3975.60      35.8001      4.67515
      3977.00      31.1332      4.36025
      3978.40      37.1768      4.76705
      3979.80      34.7164      4.85540
      3981.20      35.7154      4.74146
      3982.60      42.5175      4.73024
      3984.00      35.1911      4.47905
      3985.40      34.3257      4.35363
      3986.80      39.4370      4.53080
      3988.20      43.0595      4.81748
      3989.60      30.1998      4.66487
      3991.00      33.8432      4.77255
      3992.40      31.3687      4.55474
      3993.80      36.5135      4.42775
      3995.20      39.1858      4.49293
      3996.60      42.4148      4.42445
      3998.00      34.8094      4.29313
      3999.40      38.7822      4.44697
      4000.80      39.2561      4.34146
      4002.20      26.7504      4.18186
      4003.60      39.6314      4.61906
      4005.00      35.5257      4.63262
      4006.40      41.4692      4.75186
      4007.80      33.9484      4.36052
      4009.20      31.8059      4.16291
      4010.60      38.8556      4.36121
      4012.00      37.9974      4.33891
      4013.40      42.3992      4.49305
      4014.80      39.6004      4.28186
      4016.20      38.8329      4.37311
      4017.60      37.7592      4.41904
      4019.00      44.0813      4.48340
      4020.40      35.8040      4.28580
      4021.80      38.7267      4.40694
      4023.20      39.4328      4.29317
      4024.60      38.1216      4.32565
      4026.00      39.8284      4.29925
      4027.40      42.6440      4.44577
      4028.80      30.9965      4.35573
      4030.20      41.7195      4.47720
      4031.60      38.8410      4.31750
      4033.00      35.4295      4.22179
      4034.40      34.4530      4.18421
      4035.80      38.5401      4.50375
      4037.20      37.9318      4.56736
      4038.60      43.7916      4.71490
      4040.00      38.6438      4.54090
      4041.40      35.4656      4.33052
      4042.80      35.4167      4.35772
      4044.20      37.4580      4.52316
      4045.60      42.1244      4.68756
      4047.00      40.0252      4.84129
      4048.40      34.0743      4.75693
      4049.80      39.5963      4.68077
      4051.20      38.1028      4.74209
      4052.60      41.6717      4.84677
      4054.00      40.2572      4.69257
      4055.40      32.3126      4.56907
      4056.80      33.0983      4.50816
      4058.20      35.2193      4.29135
      4059.60      29.9029      4.13253
      4061.00      38.3971      4.56718
      4062.40      41.4527      4.68313
      4063.80      37.8601      4.90805
      4065.20      35.7527      4.87828
      4066.60      44.4736      5.33221
      4068.00      40.6360      4.75705
      4069.40      42.5723      4.53621
      4070.80      33.1714      4.23791
      4072.20      38.3551      4.21198
      4073.60      34.1276      4.10072
      4075.00      34.6477      4.24051
      4076.40      41.6977      4.50357
      4077.80      38.0524      4.33676
      4079.20      43.6562      4.30223
      4080.60      36.5879      4.10886
      4082.00      37.3022      4.09967
      4083.40      37.9259      4.09618
      4084.80      34.1499      3.76043
      4086.20      30.2431      4.01593
      4087.60      35.6859      3.94601
      4089.00      37.6315      3.95484
      4090.40      35.0480      3.90838
      4091.80      28.4097      3.75706
      4093.20      35.2920      3.77891
      4094.60      35.0613      3.87657
      4096.00      31.9828      3.76447
      4097.40      20.1487      3.44821
      4098.80      23.5297      3.50792
      4100.20      22.8468      3.54034
      4101.60      35.5008      3.87771
      4103.00      30.1303      3.76703
      4104.40      36.4425      3.95905
      4105.80      36.5979      4.27937
      4107.20      37.5305      4.15992
      4108.60      37.1438      4.18370
      4110.00      35.0725      3.96027
      4111.40      31.7551      3.81145
      4112.80      38.2527      3.94738
      4114.20      34.6232      3.84929
      4115.60      28.0470      3.68458
      4117.00      34.7529      3.88642
      4118.40      39.3499      3.96336
      4119.80      35.6671      3.84974
      4121.20      34.8844      4.02237
      4122.60      40.3583      4.28415
      4124.00      33.3530      4.00793
      4125.40      46.6289      4.19909
      4126.80      40.3082      4.02152
      4128.20      36.3422      3.91328
      4129.60      41.6988      4.31088
      4131.00      41.2711      4.53482
      4132.40      38.2020      4.36891
      4133.80      32.6595      3.80682
      4135.20      40.1631      3.86399
      4136.60      32.3856      3.81450
      4138.00      45.2626      4.30345
      4139.40      42.0952      4.06414
      4140.80      35.1232      3.76578
      4142.20      36.1843      3.72087
      4143.60      36.2477      3.74142
      4145.00      37.7138      3.77371
      4146.40      37.6538      3.82559
      4147.80      39.1971      3.83445
      4149.20      36.9548      3.87828
      4150.60      31.4287      3.95042
      4152.00      42.3671      4.09999
      4153.40      33.8054      3.66510
      4154.80      37.8655      3.67188
      4156.20      37.9671      3.70721
      4157.60      36.1014      3.67820
      4159.00      33.9006      3.73673
      4160.40      32.0336      3.77657
      4161.80      30.0303      3.70399
      4163.20      37.5115      3.75300
      4164.60      38.0792      3.67798
      4166.00      38.9148      3.80179
      4167.40      37.2393      3.90574
      4168.80      36.6689      3.69388
      4170.20      37.1869      3.76060
      4171.60      38.0263      3.68910
      4173.00      40.4748      3.75831
      4174.40      36.8675      3.63706
      4175.80      39.6245      3.66191
      4177.20      35.6597      3.55808
      4178.60      39.7143      3.67245
      4180.00      36.2801      3.72228
      4181.40      37.7533      3.64949
      4182.80      32.8038      3.60849
      4184.20      33.8834      3.57296
      4185.60      36.6074      3.72080
      4187.00      38.8509      3.67490
      4188.40      36.7009      3.61250
      4189.80      38.5516      3.62344
      4191.20      38.6945      3.60622
      4192.60      40.7474      3.67148
      4194.00      38.3277      3.71306
      4195.40      33.9612      3.49893
      4196.80      36.9741      3.48751
      4198.20      35.5877      3.54981
      4199.60      43.2296      3.57443
      4201.00      35.1783      3.58619
      4202.40      49.0708      3.94025
      4203.80      35.4416      3.50769
      4205.20      41.0514      3.60472
      4206.60      40.7780      3.58007
      4208.00      43.5351      3.73267
      4209.40      36.1844      3.46989
      4210.80      33.2270      3.30138
      4212.20      36.1901      3.44949
      4213.60      37.1603      3.46566
      4215.00      41.7307      3.63625
      4216.40      33.6215      3.35761
      4217.80      31.1473      3.27902
      4219.20      42.4536      3.55448
      4220.60      36.8800      3.33648
      4222.00      39.6272      3.45894
      4223.40      34.7153      3.25259
      4224.80      34.4301      3.43856
      4226.20      39.0129      3.33580
      4227.60      35.7145      3.33288
      4229.00      34.0240      3.28414
      4230.40      38.0101      3.42842
      4231.80      44.6373      3.59038
      4233.20      38.9529      3.43253
      4234.60      35.5522      3.33661
      4236.00      42.5709      3.50753
      4237.40      37.1141      3.47610
      4238.80      38.1928      3.57010
      4240.20      36.5797      3.52641
      4241.60      43.1175      3.63439
      4243.00      40.1953      3.56974
      4244.40      34.6778      3.34138
      4245.80      41.7413      3.51782
      4247.20      28.4628      3.23548
      4248.60      37.4081      3.31381
      4250.00      32.2313      3.20735
      4251.40      34.8244      3.30454
      4252.80      35.9721      3.30585
      4254.20      35.4492      3.34024
      4255.60      37.8818      3.33899
      4257.00      35.6882      3.31518
      4258.40      37.8532      3.43145
      4259.80      39.7903      3.44977
      4261.20      38.5560      3.49802
      4262.60      35.9227      3.44622
      4264.00      37.5787      3.51009
      4265.40      39.1569      3.49708
      4266.80      34.0826      3.26452
      4268.20      36.0414      3.33855
      4269.60      38.3903      3.39235
      4271.00      33.9401      3.21906
      4272.40      41.5193      3.44663
      4273.80      34.5046      3.23569
      4275.20      33.5482      3.24387
      4276.60      41.1421      3.48742
      4278.00      41.9709      3.50506
      4279.40      38.9744      3.33601
      4280.80      38.5953      3.40310
      4282.20      38.9863      3.46334
      4283.60      38.5297      3.44685
      4285.00      30.0123      3.24710
      4286.40      39.9485      3.29603
      4287.80      31.6530      3.15343
      4289.20      37.3977      3.25267
      4290.60      34.0477      3.16719
      4292.00      37.5552      3.24408
      4293.40      36.7775      3.24188
      4294.80      40.3408      3.31456
      4296.20      37.1713      3.22071
      4297.60      30.4528      3.09928
      4299.00      33.5670      3.04909
      4300.40      35.3593      3.27409
      4301.80      34.2555      3.25201
      4303.20      39.1931      3.29313
      4304.60      32.5847      3.13477
      4306.00      43.3929      3.32213
      4307.40      34.5365      3.13255
      4308.80      38.5428      3.23949
      4310.20      29.5140      3.05500
      4311.60      37.4879      3.22398
      4313.00      36.7421      3.25460
      4314.40      39.5606      3.29344
      4315.80      39.8701      3.35593
      4317.20      36.9213      3.23237
      4318.60      35.0426      3.16454
      4320.00      36.4822      3.20071
      4321.40      32.2239      3.09962
      4322.80      32.0458      3.08127
      4324.20      33.7755      3.17839
      4325.60      28.9053      4.57829
      4327.00      35.4963      3.21226
      4328.40      36.8941      3.13756
      4329.80      33.5065      3.06260
      4331.20      30.3041      2.92551
      4332.60      30.4096      3.17234
      4334.00      29.2325      3.14923
      4335.40      25.1197      2.80889
      4336.80      16.7874      2.52379
      4338.20      27.2830      2.74651
      4339.60      32.3779      3.21124
      4341.00      32.2778      3.29017
      4342.40      32.3839      3.31905
      4343.80      37.0665      3.26828
      4345.20      34.4003      3.15355
      4346.60      36.4271      3.21397
      4348.00      34.5154      3.12153
      4349.40      34.1588      3.09595
      4350.80      40.2707      3.30816
      4352.20      34.3005      3.19583
      4353.60      37.7652      3.39199
      4355.00      39.9872      3.45199
      4356.40      39.3655      3.44929
      4357.80      36.6097      3.43996
      4359.20      39.1082      3.77872
      4360.60      44.5307      3.78526
      4362.00      36.9624      3.33848
      4363.40      36.5533      3.18714
      4364.80      40.6643      3.33853
      4366.20      38.0135      3.30612
      4367.60      37.6416      3.32826
      4369.00      35.7380      3.26280
      4370.40      39.0653      3.25642
      4371.80      34.2931      3.18716
      4373.20      38.0448      3.36797
      4374.60      36.4229      3.46798
      4376.00      41.0494      3.51589
      4377.40      35.9204      3.23261
      4378.80      34.6184      3.10958
      4380.20      39.5981      3.27329
      4381.60      42.3780      3.37434
      4383.00      37.0747      3.16133
      4384.40      38.2798      3.21035
      4385.80      38.6649      3.26096
      4387.20      38.5996      3.33994
      4388.60      39.8804      3.24697
      4390.00      36.9853      3.12001
      4391.40      37.7354      3.14268
      4392.80      35.8717      3.09499
      4394.20      39.2094      3.17737
      4395.60      38.1373      3.12036
      4397.00      37.5704      3.14015
      4398.40      35.5357      3.14058
      4399.80      40.6760      3.30790
      4401.20      36.3080      3.27010
      4402.60      40.4250      3.32417
      4404.00      37.1239      3.20489
      4405.40      38.2402      3.14929
      4406.80      35.9760      3.06755
      4408.20      35.0030      3.02285
      4409.60      33.5059      2.94951
      4411.00      33.2511      2.95007
      4412.40      36.2202      3.00913
      4413.80      34.0389      2.98033
      4415.20      35.8053      3.00664
      4416.60      36.5315      3.13067
      4418.00      38.3942      3.15858
      4419.40      42.2291      3.29437
      4420.80      36.8856      3.07358
      4422.20      39.9401      3.14677
      4423.60      36.3638      3.05252
      4425.00      36.8168      3.08265
      4426.40      39.2642      3.31386
      4427.80      38.4156      3.22683
      4429.20      35.7492      3.01370
      4430.60      33.3458      2.91360
      4432.00      41.3037      3.14317
      4433.40      34.4344      3.01330
      4434.80      37.6180      3.02771
      4436.20      39.0861      3.08252
      4437.60      41.7429      3.16676
      4439.00      33.8834      3.01262
      4440.40      38.0004      3.07763
      4441.80      39.5489      3.11881
      4443.20      35.4546      3.00132
      4444.60      40.2777      3.22352
      4446.00      36.2193      3.24173
      4447.40      39.3250      3.33339
      4448.80      42.2539      3.25199
      4450.20      38.4319      3.14166
      4451.60      38.3027      3.13707
      4453.00      37.1531      3.22096
      4454.40      37.3720      3.10582
      4455.80      35.3047      2.92548
      4457.20      39.3524      3.11587
      4458.60      36.7866      2.98410
      4460.00      40.3525      3.07400
      4461.40      34.3491      2.92620
      4462.80      37.5367      2.94245
      4464.20      33.0331      3.01034
      4465.60      34.9707      3.10450
      4467.00      38.8541      3.07143
      4468.40      39.0068      3.03720
      4469.80      39.4186      3.04416
      4471.20      37.2933      2.99308
      4472.60      41.3814      3.19967
      4474.00      43.5831      3.24115
      4475.40      35.3010      3.05545
      4476.80      39.4647      2.97657
      4478.20      35.0374      2.91039
      4479.60      38.4191      2.94391
      4481.00      33.2697      2.96044
      4482.40      40.2123      3.08451
      4483.80      38.4395      2.98051
      4485.20      35.8651      2.90549
      4486.60      39.0080      2.94979
      4488.00      38.3846      2.99136
      4489.40      39.2032      2.99486
      4490.80      33.6608      2.98012
      4492.20      36.8474      3.30453
      4493.60      37.6028      3.27325
      4495.00      34.1766      2.96411
      4496.40      33.5154      2.78472
      4497.80      36.9270      2.88167
      4499.20      37.3274      3.02495
      4500.60      39.7836      3.05259
      4502.00      39.2794      3.08223
      4503.40      41.2072      3.06177
      4504.80      35.6052      2.94954
      4506.20      41.3706      2.96841
      4507.60      38.8551      3.05001
      4509.00      35.0223      2.93691
      4510.40      40.6144      2.99798
      4511.80      38.0437      2.93259
      4513.20      36.3162      2.91351
      4514.60      37.9609      3.09247
      4516.00      42.3487      3.21974
      4517.40      35.9482      2.95798
      4518.80      37.7667      2.93010
      4520.20      41.7734      3.07425
      4521.60      33.1934      2.82467
      4523.00      38.3060      2.92843
      4524.40      38.1915      2.98970
      4525.80      39.3298      2.99035
      4527.20      36.0334      2.94093
      4528.60      38.7517      3.00955
      4530.00      35.9063      3.03418
      4531.40      36.9788      3.04784
      4532.80      38.7245      3.26514
      4534.20      40.2508      3.20335
      4535.60      38.0470      3.04944
      4537.00      40.9879      3.11867
      4538.40      34.6575      3.01882
      4539.80      38.5834      3.20401
      4541.20      38.3574      3.02191
      4542.60      37.2870      2.98325
      4544.00      38.0939      2.95788
      4545.40      39.1091      3.02521
      4546.80      38.1899      3.07709
      4548.20      34.3128      2.97098
      4549.60      34.0917      2.82674
      4551.00      36.7295      2.87193
      4552.40      36.8574      2.90043
      4553.80      39.0368      3.07372
      4555.20      37.5339      2.87793
      4556.60      39.4914      2.91711
      4558.00      35.7584      2.78262
      4559.40      33.7655      2.89275
      4560.80      34.5523      2.90600
      4562.20      33.9946      2.76838
      4563.60      40.1649      2.99472
      4565.00      40.5883      3.04826
      4566.40      35.4957      2.99797
      4567.80      32.4448      2.76542
      4569.20      36.4161      2.76644
      4570.60      34.2353      2.70362
      4572.00      38.1120      2.85177
      4573.40      39.1514      2.89486
      4574.80      37.3374      2.97451
      4576.20      39.7454      2.91105
      4577.60      40.0375      3.08105
      4579.00      37.5421      2.89024
      4580.40      39.2188      2.91580
      4581.80      35.6454      2.73170
      4583.20      34.9148      2.73244
      4584.60      39.8572      2.87825
      4586.00      36.7607      2.82372
      4587.40      37.0684      2.93107
      4588.80      36.8761      2.76659
      4590.20      36.4533      2.76367
      4591.60      33.6698      2.75123
      4593.00      38.1935      2.99371
      4594.40      37.1366      2.85635
      4595.80      30.6455      2.56631
      4597.20      36.3253      2.75914
      4598.60      37.9074      2.70217
      4600.00      38.4477      2.89488
      4601.40      40.2362      2.82140
      4602.80      38.8954      2.83610
      4604.20      36.9545      2.91835
      4605.60      35.7064      2.98663
      4607.00      33.2553      2.80135
      4608.40      37.2901      2.82574
      4609.80      40.0421      2.79905
      4611.20      31.5442      2.74607
      4612.60      34.5491      2.61520
      4614.00      37.3374      2.75078
      4615.40      31.5837      2.56827
      4616.80      37.3997      2.86249
      4618.20      38.6073      2.85462
      4619.60      35.7733      2.75795
      4621.00      37.4891      2.72810
      4622.40      34.7285      2.72245
      4623.80      36.2598      2.70210
      4625.20      34.3809      2.70349
      4626.60      38.7799      2.85204
      4628.00      41.0759      2.84466
      4629.40      34.9021      2.76401
      4630.80      36.2552      2.76913
      4632.20      38.6703      2.81008
      4633.60      39.7121      2.82599
      4635.00      38.0543      2.77184
      4636.40      39.8581      2.82802
      4637.80      37.9790      2.76301
      4639.20      34.5451      2.69924
      4640.60      38.3396      2.82286
      4642.00      39.9050      2.81447
      4643.40      37.3729      2.72165
      4644.80      33.7076      2.65153
      4646.20      37.1653      2.72363
      4647.60      39.1878      2.93880
      4649.00      36.0358      2.86057
      4650.40      37.5644      2.85976
      4651.80      36.1624      2.66815
      4653.20      34.0793      2.62600
      4654.60      37.3022      2.65921
      4656.00      33.6909      2.63969
      4657.40      37.3511      2.74254
      4658.80      38.5149      2.87454
      4660.20      38.8581      2.84970
      4661.60      37.9025      2.87665
      4663.00      39.6308      2.99291
      4664.40      39.3152      2.93491
      4665.80      42.2104      2.92272
      4667.20      36.1582      2.78375
      4668.60      36.7086      2.62742
      4670.00      37.4089      2.82140
      4671.40      38.9171      2.80850
      4672.80      37.5387      2.73835
      4674.20      36.7914      2.68518
      4675.60      37.5761      2.70814
      4677.00      34.6870      2.62068
      4678.40      40.1833      2.74621
      4679.80      37.0144      2.70371
      4681.20      39.0616      2.74739
      4682.60      37.0645      2.83418
      4684.00      37.9557      2.92220
      4685.40      39.1609      2.87223
      4686.80      39.8739      2.95196
      4688.20      40.5504      3.09308
      4689.60      41.5888      3.08242
      4691.00      39.4530      2.84828
      4692.40      36.7267      2.73734
      4693.80      37.4599      2.74380
      4695.20      39.7906      2.96419
      4696.60      42.4359      3.08413
      4698.00      37.3378      2.97286
      4699.40      39.5484      2.97320
      4700.80      38.5718      2.88802
      4702.20      40.3508      2.92249
      4703.60      36.1629      2.81960
      4705.00      39.2370      2.92998
      4706.40      43.8008      3.05488
      4707.80      37.8665      2.91944
      4709.20      35.2626      2.79882
      4710.60      32.5047      2.76364
      4712.00      37.9885      2.83488
      4713.40      38.7153      2.88646
      4714.80      34.3364      2.67065
      4716.20      37.2779      2.77158
      4717.60      39.7937      2.82065
      4719.00      37.2572      2.82561
      4720.40      37.1953      2.70921
      4721.80      35.0497      2.73291
      4723.20      38.2145      2.77208
      4724.60      37.5471      2.79246
      4726.00      33.7397      2.52474
      4727.40      36.8300      2.68260
      4728.80      35.6730      2.67790
      4730.20      36.1448      2.80828
      4731.60      38.1777      2.65548
      4733.00      34.9711      2.61156
      4734.40      38.5055      2.66010
      4735.80      34.8761      2.62771
      4737.20      30.9387      2.42968
      4738.60      36.2889      2.59606
      4740.00      38.9829      2.64654
      4741.40      34.8874      2.59223
      4742.80      33.9139      2.54694
      4744.20      35.8838      2.68605
      4745.60      43.7790      2.78377
      4747.00      38.2247      2.66176
      4748.40      38.4481      2.68269
      4749.80      37.0991      2.73474
      4751.20      36.3236      2.63853
      4752.60      38.2408      2.63423
      4754.00      39.3133      2.65005
      4755.40      36.7006      2.62275
      4756.80      35.0874      2.58175
      4758.20      35.7950      2.55934
      4759.60      35.2073      2.59096
      4761.00      39.7464      2.77891
      4762.40      38.1784      2.76477
      4763.80      37.4857      2.79651
      4765.20      39.6954      2.75703
      4766.60      38.6055      2.70132
      4768.00      37.9654      2.71035
      4769.40      37.2009      2.60195
      4770.80      37.7297      2.75749
      4772.20      39.0152      2.62482
      4773.60      37.8200      2.58927
      4775.00      36.5242      2.56010
      4776.40      38.0573      2.74007
      4777.80      37.1051      2.65634
      4779.20      34.4707      2.51643
      4780.60      39.3164      2.68874
      4782.00      40.0572      2.65409
      4783.40      34.7415      2.58096
      4784.80      37.6224      2.64406
      4786.20      34.0348      2.54025
      4787.60      35.9250      2.57820
      4789.00      39.5853      2.61489
      4790.40      41.4965      2.67349
      4791.80      37.2976      2.56260
      4793.20      33.4566      2.52179
      4794.60      37.4720      2.70649
      4796.00      35.5360      2.56965
      4797.40      38.3342      2.59964
      4798.80      38.5087      2.59775
      4800.20      36.5513      2.54817
      4801.60      37.3058      2.59295
      4803.00      35.7514      2.51425
      4804.40      38.9472      2.60704
      4805.80      40.5662      2.66547
      4807.20      41.7792      2.68328
      4808.60      36.9882      2.56752
      4810.00      35.4958      2.48133
      4811.40      37.4761      2.61300
      4812.80      37.8135      2.65840
      4814.20      39.4932      2.75762
      4815.60      36.2839      2.58739
      4817.00      35.9004      2.55936
      4818.40      34.6103      2.51698
      4819.80      39.3137      2.76459
      4821.20      38.7056      2.71992
      4822.60      37.8291      2.60450
      4824.00      39.6913      2.62916
      4825.40      39.3434      2.63253
      4826.80      38.2745      2.65561
      4828.20      38.2914      2.75001
      4829.60      37.4408      2.64101
      4831.00      35.7438      2.58912
      4832.40      39.0687      2.61264
      4833.80      37.3227      2.62540
      4835.20      37.9626      2.60032
      4836.60      38.8222      2.69565
      4838.00      37.0612      2.67625
      4839.40      32.8303      2.78712
      4840.80      35.5681      3.01592
      4842.20      36.9191      2.85456
      4843.60      36.0906      2.62949
      4845.00      37.5561      2.62689
      4846.40      32.4776      2.43986
      4847.80      33.6590      2.56298
      4849.20      34.1017      2.47763
      4850.60      41.0449      2.69390
      4852.00      32.4095      2.56005
      4853.40      31.0304      2.52142
      4854.80      26.2034      2.27526
      4856.20      21.9071      2.10292
      4857.60      19.9106      2.06910
      4859.00      28.5700      2.27437
      4860.40      28.1781      2.31741
      4861.80      31.7226      2.48617
      4863.20      33.1860      2.47111
      4864.60      30.7505      2.45815
      4866.00      34.3026      2.49088
      4867.40      33.2965      2.43721
      4868.80      30.8857      2.40317
      4870.20      35.3470      2.55646
      4871.60      37.2894      2.63157
      4873.00      34.7069      2.49751
      4874.40      33.6206      2.46352
      4875.80      32.7623      2.39906
      4877.20      37.0952      2.53069
      4878.60      36.0035      2.49698
      4880.00      36.5573      2.51190
      4881.40      36.0889      2.53200
      4882.80      39.5170      2.58622
      4884.20      34.2531      2.48087
      4885.60      35.7132      2.45504
      4887.00      33.8629      2.45654
      4888.40      41.0877      2.69487
      4889.80      38.2550      2.62115
      4891.20      34.7692      2.48312
      4892.60      36.7143      2.47231
      4894.00      35.6059      2.48287
      4895.40      34.6063      2.41217
      4896.80      36.6105      2.60367
      4898.20      35.5419      2.50683
      4899.60      34.4921      2.45877
      4901.00      37.0243      2.55042
      4902.40      38.6262      2.53081
      4903.80      32.9650      2.40277
      4905.20      37.8793      2.49505
      4906.60      39.2098      2.59329
      4908.00      36.2752      2.59749
      4909.40      35.5126      2.62368
      4910.80      35.3454      2.52274
      4912.20      37.2865      2.51212
      4913.60      35.1442      2.41635
      4915.00      34.3299      2.43155
      4916.40      33.9674      2.51182
      4917.80      37.3296      2.64460
      4919.20      37.9665      2.51955
      4920.60      32.8256      2.36944
      4922.00      37.0196      2.49492
      4923.40      36.9929      2.45378
      4924.80      35.4314      2.44258
      4926.20      36.3316      2.45582
      4927.60      38.0679      2.51928
      4929.00      37.2814      2.52384
      4930.40      33.8955      2.35076
      4931.80      36.1584      2.44964
      4933.20      34.4995      2.43083
      4934.60      33.3296      2.42011
      4936.00      36.0569      2.42067
      4937.40      34.4679      2.42605
      4938.80      35.7703      2.40274
      4940.20      39.0324      2.59370
      4941.60      36.9264      2.44664
      4943.00      35.6195      2.45557
      4944.40      33.1417      2.29604
      4945.80      34.3242      2.46731
      4947.20      38.7577      2.53294
      4948.60      35.9382      2.44384
      4950.00      34.7719      2.39387
      4951.40      34.8853      2.42555
      4952.80      36.0006      2.44512
      4954.20      39.1660      2.57250
      4955.60      38.3507      2.55626
      4957.00      36.2567      2.57991
      4958.40      36.2879      2.51004
      4959.80      38.6805      2.48428
      4961.20      38.1533      2.49599
      4962.60      34.7351      2.37900
      4964.00      35.4071      2.46152
      4965.40      34.7208      2.51987
      4966.80      35.1655          Inf
      4968.20      35.6102          Inf
      4969.60      36.0549      2.49148
      4971.00      40.6367      2.65290
      4972.40      39.7396      2.73965
      4973.80      39.0571      2.67780
      4975.20      38.5567      2.58696
      4976.60      36.8434      2.56201
      4978.00      37.6064      2.55597
      4979.40      37.1465      2.42475
      4980.80      35.1551      2.50355
      4982.20      37.9216      2.45889
      4983.60      39.8123      2.62050
      4985.00      38.0160      2.57364
      4986.40      36.1957      2.46350
      4987.80      36.3938      2.45124
      4989.20      37.1420      2.47666
      4990.60      39.1707      2.53829
      4992.00      35.0745      2.46061
      4993.40      35.3715      2.44188
      4994.80      38.4138      2.53882
      4996.20      35.4887      2.56490
      4997.60      36.0138      2.57940
      4999.00      39.3663      2.54945
