      3900.00      334.523      14.8505
      3901.40      328.020      14.7188
      3902.80      369.235      15.7211
      3904.20      387.144      15.8683
      3905.60      395.428      16.4480
      3907.00      406.963      16.5406
      3908.40      422.580      17.4964
      3909.80      433.988      16.7721
      3911.20      432.283      17.5770
      3912.60      440.080      17.4878
      3914.00      429.451      17.0851
      3915.40      421.717      17.0238
      3916.80      433.295      17.3194
      3918.20      429.326      17.6537
      3919.60      442.321      17.5515
      3921.00      424.229      17.2222
      3922.40      432.555      17.3720
      3923.80      430.219      17.4956
      3925.20      434.665      17.0691
      3926.60      439.406      17.1260
      3928.00      432.948      17.1465
      3929.40      420.970      16.4147
      3930.80      415.101      16.3696
      3932.20      394.533      15.9948
      3933.60      273.564      11.9545
      3935.00      200.542      10.0322
      3936.40      306.345      13.1876
      3937.80      398.958      16.4640
      3939.20      421.265      16.8035
      3940.60      431.787      16.3858
      3942.00      424.574      16.8034
      3943.40      422.726      16.7416
      3944.80      417.442      16.7697
      3946.20      404.146      16.3472
      3947.60      419.190      16.3326
      3949.00      400.760      16.0933
      3950.40      399.210      16.1257
      3951.80      386.018      15.7874
      3953.20      375.213      15.6961
      3954.60      383.020      15.4564
      3956.00      358.069      14.9050
      3957.40      345.893      14.7498
      3958.80      324.030      14.3101
      3960.20      328.118      13.8286
      3961.60      311.116      13.8321
      3963.00      291.506      12.7863
      3964.40      287.758      12.6371
      3965.80      271.024      11.8924
      3967.20      241.347      11.4347
      3968.60      170.450      9.12415
      3970.00      111.430      7.15607
      3971.40      126.577      7.14872
      3972.80      181.933      8.62779
      3974.20      240.292      10.5793
      3975.60      284.424      11.9502
      3977.00      313.423      12.6110
      3978.40      323.358      12.6342
      3979.80      340.157      13.4840
      3981.20      346.521      13.8110
      3982.60      363.031      13.8773
      3984.00      359.251      13.5819
      3985.40      365.146      14.5737
      3986.80      378.239      14.8151
      3988.20      376.938      14.8437
      3989.60      388.473      15.2555
      3991.00      405.870      15.6872
      3992.40      401.163      15.8498
      3993.80      412.075      15.5000
      3995.20      405.333      15.3846
      3996.60      408.065      15.1320
      3998.00      404.661      15.2088
      3999.40      410.308      15.3784
      4000.80      421.030      15.9342
      4002.20      416.861      15.9677
      4003.60      421.078      15.7168
      4005.00      420.645      15.7923
      4006.40      406.917      15.4301
      4007.80      415.638      15.6506
      4009.20      425.094      15.5545
      4010.60      416.019      15.8541
      4012.00      428.795      16.5410
      4013.40      413.800      15.6921
      4014.80      422.328      16.2933
      4016.20      429.231      15.8975
      4017.60      429.386      16.0713
      4019.00      429.685      16.1046
      4020.40      431.791      16.3667
      4021.80      428.451      16.1374
      4023.20      422.003      15.4753
      4024.60      418.846      15.6692
      4026.00      427.106      16.0873
      4027.40      425.781      16.1425
      4028.80      428.725      16.0387
      4030.20      416.528      15.7762
      4031.60      418.878      15.7855
      4033.00      412.734      15.9006
      4034.40      417.500      15.5031
      4035.80      414.242      16.2243
      4037.20      416.930      16.1838
      4038.60      425.662      15.9376
      4040.00      421.194      15.8090
      4041.40      427.456      15.8969
      4042.80      414.831      16.0533
      4044.20      421.440      15.7470
      4045.60      403.407      15.3309
      4047.00      396.357      15.1561
      4048.40      407.021      15.5201
      4049.80      421.717      16.0397
      4051.20      422.620      15.9462
      4052.60      421.322      15.9605
      4054.00      419.407      15.9838
      4055.40      426.514      15.8970
      4056.80      416.911      15.9517
      4058.20      416.308      15.8885
      4059.60      422.388      15.9283
      4061.00      425.724      15.4463
      4062.40      424.208      16.1348
      4063.80      406.329      15.7862
      4065.20      405.178      15.2415
      4066.60      416.442      15.5626
      4068.00      419.602      15.6242
      4069.40      416.840      15.4096
      4070.80      417.262      15.7111
      4072.20      405.478      15.3826
      4073.60      389.376      15.0836
      4075.00      413.441      15.2671
      4076.40      406.324      15.2574
      4077.80      392.874      14.9057
      4079.20      372.128      14.2257
      4080.60      388.929      14.6761
      4082.00      390.083      14.3795
      4083.40      388.456      14.6179
      4084.80      376.008      14.2684
      4086.20      372.964      14.2131
      4087.60      362.373      13.8349
      4089.00      359.586      13.0588
      4090.40      353.160      13.5469
      4091.80      337.497      13.1042
      4093.20      324.095      12.4354
      4094.60      312.431      11.9201
      4096.00      292.548      11.5168
      4097.40      269.503      10.6850
      4098.80      251.210      10.1024
      4100.20      209.892      9.00979
      4101.60      161.578      7.32184
      4103.00      126.528      6.47300
      4104.40      152.373      7.44343
      4105.80      214.018      8.85298
      4107.20      242.946      9.60431
      4108.60      256.561      10.1086
      4110.00      282.070      11.4573
      4111.40      299.556      11.5848
      4112.80      311.131      12.2892
      4114.20      329.906      12.4712
      4115.60      337.970      13.0239
      4117.00      344.253      13.3692
      4118.40      349.295      13.3450
      4119.80      352.105      13.4157
      4121.20      363.615      13.6376
      4122.60      364.340      14.1890
      4124.00      375.311      13.7829
      4125.40      387.044      14.5338
      4126.80      380.633      14.4070
      4128.20      390.133      14.4931
      4129.60      381.098      14.4317
      4131.00      393.319      14.4136
      4132.40      388.607      14.2354
      4133.80      392.055      14.5381
      4135.20      388.648      14.5905
      4136.60      389.768      14.3337
      4138.00      401.348      14.8751
      4139.40      406.736      15.1242
      4140.80      402.566      14.8215
      4142.20      406.119      14.9737
      4143.60      393.407      14.3815
      4145.00      385.299      14.4188
      4146.40      393.332      14.5791
      4147.80      402.377      14.7453
      4149.20      399.572      14.8005
      4150.60      393.963      14.7747
      4152.00      392.926      14.6158
      4153.40      391.411      14.7632
      4154.80      393.498      14.3293
      4156.20      385.378      14.4315
      4157.60      395.042      14.4002
      4159.00      392.214      14.4480
      4160.40      384.409      14.3961
      4161.80      388.948      14.3664
      4163.20      398.064      14.7658
      4164.60      377.175      14.1291
      4166.00      394.093      14.2577
      4167.40      393.010      14.6206
      4168.80      391.888      14.4015
      4170.20      395.345      14.5692
      4171.60      391.667      14.1659
      4173.00      380.575      13.8816
      4174.40      378.665      14.2057
      4175.80      383.320      14.3294
      4177.20      390.059      14.2705
      4178.60      386.858      14.2969
      4180.00      379.128      13.8968
      4181.40      381.603      14.0144
      4182.80      389.603      13.9308
      4184.20      383.943      14.0268
      4185.60      390.102      14.1523
      4187.00      386.728      14.3205
      4188.40      383.028      14.1219
      4189.80      383.229      14.1806
      4191.20      391.562      14.4124
      4192.60      390.654      14.1419
      4194.00      391.439      14.0865
      4195.40      387.222      14.0789
      4196.80      389.728      13.7023
      4198.20      392.904      14.4383
      4199.60      378.788      13.7665
      4201.00      384.095      13.7218
      4202.40      382.601      13.9476
      4203.80      380.841      13.8474
      4205.20      387.962      14.2878
      4206.60      391.460      13.9841
      4208.00      391.630      14.3185
      4209.40      387.092      14.3471
      4210.80      388.559      14.2506
      4212.20      391.544      14.2983
      4213.60      390.908      13.9247
      4215.00      399.089      14.2640
      4216.40      380.246      13.6982
      4217.80      386.826      14.0323
      4219.20      397.537      14.3527
      4220.60      389.441      13.8587
      4222.00      391.077      14.0461
      4223.40      390.740      14.0149
      4224.80      389.576      14.1872
      4226.20      385.349      13.7345
      4227.60      362.399      13.3456
      4229.00      367.564      13.4572
      4230.40      387.609      13.7438
      4231.80      390.964      13.5321
      4233.20      383.538      13.8634
      4234.60      373.209      13.6781
      4236.00      373.090      13.1909
      4237.40      383.700      13.6814
      4238.80      382.693      13.7754
      4240.20      388.041      14.0550
      4241.60      386.834      13.7777
      4243.00      388.363      13.9642
      4244.40      380.011      13.4541
      4245.80      383.997      13.6865
      4247.20      374.730      13.4860
      4248.60      367.079      13.5441
      4250.00      377.437      13.1913
      4251.40      370.708      13.3771
      4252.80      379.752      13.3952
      4254.20      384.480      13.8741
      4255.60      384.821      13.7118
      4257.00      381.083      14.3331
      4258.40      386.177      14.0485
      4259.80      385.982      13.5405
      4261.20      375.626      13.2426
      4262.60      375.208      13.6043
      4264.00      386.942      13.5932
      4265.40      388.669      14.0301
      4266.80      390.450      13.8777
      4268.20      389.940      13.6703
      4269.60      384.707      13.6411
      4271.00      381.996      13.7402
      4272.40      364.272      13.3068
      4273.80      361.709      13.1591
      4275.20      373.938      13.7305
      4276.60      378.902      13.0667
      4278.00      378.509      13.4892
      4279.40      380.538      13.5886
      4280.80      385.488      13.6344
      4282.20      383.233      13.7493
      4283.60      374.495      13.5120
      4285.00      379.164      13.3476
      4286.40      374.103      13.5361
      4287.80      374.753      13.4348
      4289.20      369.626      13.2947
      4290.60      361.388      13.1079
      4292.00      361.735      12.9003
      4293.40      373.282      13.0535
      4294.80      365.401      13.0168
      4296.20      368.532      13.0730
      4297.60      375.976      13.2271
      4299.00      375.460      13.2860
      4300.40      349.458      12.5937
      4301.80      351.007      12.1765
      4303.20      343.525      12.2264
      4304.60      352.837      12.5260
      4306.00      358.779      12.5211
      4307.40      362.411      12.5095
      4308.80      346.291      12.2740
      4310.20      352.291      12.6035
      4311.60      358.262      12.5436
      4313.00      355.127      12.5598
      4314.40      342.003      12.3036
      4315.80      335.225      12.0440
      4317.20      339.294      12.3205
      4318.60      348.074      12.5539
      4320.00      348.243      12.4945
      4321.40      340.235      12.1868
      4322.80      335.349      11.8619
      4324.20      334.605      11.8849
      4325.60      327.625      11.4324
      4327.00      307.582      11.0165
      4328.40      303.761      11.1418
      4329.80      304.976      11.0090
      4331.20      303.281      10.7194
      4332.60      292.205      10.3631
      4334.00      277.066      10.3296
      4335.40      259.104      9.75266
      4336.80      248.289      9.34634
      4338.20      217.996      8.09985
      4339.60      181.169      7.17517
      4341.00      137.775      5.80891
      4342.40      124.380      5.43029
      4343.80      171.235      6.69157
      4345.20      205.168      7.75502
      4346.60      235.072      8.93339
      4348.00      256.196      9.20822
      4349.40      271.066      9.92981
      4350.80      283.251      10.0697
      4352.20      278.647      10.0138
      4353.60      289.645      10.3461
      4355.00      305.042      10.8073
      4356.40      317.270      10.9854
      4357.80      321.065      11.4812
      4359.20      327.573      11.8263
      4360.60      329.212      11.6303
      4362.00      336.948      12.0336
      4363.40      333.414      11.9679
      4364.80      345.590      11.8010
      4366.20      345.941      12.3669
      4367.60      344.189      12.2768
      4369.00      343.900      12.1034
      4370.40      343.602      12.1049
      4371.80      349.495      12.3148
      4373.20      351.737      12.5429
      4374.60      355.347      12.4678
      4376.00      340.435      12.5190
      4377.40      340.687      12.3217
      4378.80      351.596      12.4775
      4380.20      353.106      12.4443
      4381.60      355.487      12.5112
      4383.00      351.614      12.5934
      4384.40      346.100      12.2219
      4385.80      331.364      11.4667
      4387.20      347.509      12.3420
      4388.60      358.938      12.7719
      4390.00      359.353      12.6020
      4391.40      355.341      12.6950
      4392.80      359.949      12.5850
      4394.20      353.873      12.5014
      4395.60      337.092      12.0393
      4397.00      334.977      12.0828
      4398.40      352.001      12.6207
      4399.80      355.073      12.7487
      4401.20      344.321      12.3279
      4402.60      348.810      12.2887
      4404.00      355.755      12.4888
      4405.40      346.983      12.5105
      4406.80      344.854      12.2233
      4408.20      354.050      12.6616
      4409.60      356.938      12.3444
      4411.00      349.006      12.4546
      4412.40      356.074      12.6259
      4413.80      352.253      12.4672
      4415.20      340.466      12.1843
      4416.60      344.426      12.2154
      4418.00      341.518      12.1156
      4419.40      336.285      11.8351
      4420.80      347.950      12.3533
      4422.20      354.563      12.3039
      4423.60      344.728      12.2383
      4425.00      346.833      12.4776
      4426.40      346.640      12.1286
      4427.80      341.512      12.1228
      4429.20      351.481      12.5225
      4430.60      345.441      12.2303
      4432.00      342.380      12.0804
      4433.40      344.187      12.3257
      4434.80      346.255      12.1391
      4436.20      339.765      11.8970
      4437.60      346.638      11.9811
      4439.00      348.554      12.3220
      4440.40      350.311      12.2710
      4441.80      345.892      12.2537
      4443.20      344.228      12.2894
      4444.60      334.696      12.2508
      4446.00      334.838      12.0194
      4447.40      342.997      12.0727
      4448.80      349.506      12.2757
      4450.20      346.519      12.2894
      4451.60      340.451      12.0716
      4453.00      344.897      12.2395
      4454.40      341.888      11.9557
      4455.80      337.288      12.0852
      4457.20      338.109      11.7212
      4458.60      344.503      12.0891
      4460.00      347.222      12.1329
      4461.40      345.835      12.2598
      4462.80      345.441      12.1799
      4464.20      346.034      12.2738
      4465.60      341.568      11.8913
      4467.00      344.097      12.2480
      4468.40      336.334      11.9230
      4469.80      328.075      11.5054
      4471.20      332.685      11.8477
      4472.60      340.467      12.1159
      4474.00      346.521      12.0772
      4475.40      345.868      12.1710
      4476.80      346.608      12.1670
      4478.20      342.124      12.2202
      4479.60      345.815      12.2503
      4481.00      337.137      11.9243
      4482.40      322.123      12.0031
      4483.80      331.120      11.5604
      4485.20      338.200      12.0046
      4486.60      344.211      12.3617
      4488.00      338.811      11.9160
      4489.40      338.329      11.8963
      4490.80      333.716      11.8931
      4492.20      340.982      11.7025
      4493.60      338.627      11.8801
      4495.00      341.031      11.8098
      4496.40      329.668      11.7974
      4497.80      336.591      11.7503
      4499.20      341.547      12.0604
      4500.60      338.279      11.5762
      4502.00      329.977      11.5252
      4503.40      326.182      11.4529
      4504.80      334.835      11.8321
      4506.20      341.432      11.9315
      4507.60      338.000      12.0626
      4509.00      333.493      11.7342
      4510.40      328.895      11.7883
      4511.80      334.924      11.7676
      4513.20      338.571      11.6180
      4514.60      331.628      11.8525
      4516.00      329.191      11.5056
      4517.40      332.892      11.8424
      4518.80      335.527      11.9892
      4520.20      331.782      11.7928
      4521.60      323.874      11.5875
      4523.00      325.954      11.4171
      4524.40      323.213      11.3682
      4525.80      330.043      11.4990
      4527.20      334.294      11.8066
      4528.60      333.026      11.8123
      4530.00      326.971      11.4610
      4531.40      323.897      11.4051
      4532.80      331.176      11.7285
      4534.20      327.530      11.8457
      4535.60      313.890      11.3227
      4537.00      328.281      11.4747
      4538.40      335.363      11.7151
      4539.80      339.806      11.7384
      4541.20      337.272      11.8512
      4542.60      334.552      11.7781
      4544.00      335.684      11.6650
      4545.40      336.305      11.6367
      4546.80      334.941      11.7567
      4548.20      342.130      11.7549
      4549.60      327.354      11.4942
      4551.00      311.124      11.1840
      4552.40      323.306      11.5061
      4553.80      330.902      11.8410
      4555.20      326.862      11.3470
      4556.60      326.514      11.4766
      4558.00      330.796      11.5200
      4559.40      328.285      11.4678
      4560.80      333.342      11.7491
      4562.20      334.594      11.7927
      4563.60      331.005      11.5185
      4565.00      322.842      11.1497
      4566.40      324.141      11.4964
      4567.80      329.237      11.6324
      4569.20      329.670      11.5921
      4570.60      334.852      11.6644
      4572.00      326.040      11.6311
      4573.40      316.600      11.3670
      4574.80      318.738      11.1045
      4576.20      328.345      11.4469
      4577.60      322.875      11.4875
      4579.00      322.595      11.2128
      4580.40      329.130      11.5535
      4581.80      326.006      11.5635
      4583.20      318.117      11.3711
      4584.60      314.119      11.0066
      4586.00      316.758      11.4002
      4587.40      321.595      11.4083
      4588.80      323.774      11.6514
      4590.20      320.915      11.2653
      4591.60      322.661      11.4108
      4593.00      325.659      11.3199
      4594.40      323.291      11.4518
      4595.80      319.908      11.1024
      4597.20      327.623      11.3800
      4598.60      328.490      11.5555
      4600.00      320.376      11.1516
      4601.40      323.955      11.2823
      4602.80      326.521      11.5063
      4604.20      323.629      11.6462
      4605.60      325.112      11.4610
      4607.00      323.302      11.3117
      4608.40      322.897      11.4307
      4609.80      323.504      11.2851
      4611.20      329.131      11.3101
      4612.60      323.738      11.4939
      4614.00      324.232      11.1339
      4615.40      324.849      11.3699
      4616.80      324.992      11.4052
      4618.20      320.827      11.3051
      4619.60      323.583      11.2009
      4621.00      318.608      11.3092
      4622.40      318.048      11.2355
      4623.80      322.037      11.0951
      4625.20      325.159      11.2360
      4626.60      318.300      11.1774
      4628.00      319.675      11.1811
      4629.40      316.165      10.8906
      4630.80      312.753      10.8197
      4632.20      322.603      11.1525
      4633.60      318.171      11.1501
      4635.00      321.328      11.0249
      4636.40      317.806      11.2809
      4637.80      315.471      11.0839
      4639.20      315.558      10.9993
      4640.60      321.798      10.9645
      4642.00      314.823      11.1606
      4643.40      321.185      11.0219
      4644.80      320.471      11.0474
      4646.20      316.290      11.1603
      4647.60      314.447      11.1658
      4649.00      319.785      11.1867
      4650.40      321.357      11.0417
      4651.80      320.118      11.0787
      4653.20      317.492      10.8486
      4654.60      320.004      11.1337
      4656.00      322.819      11.0767
      4657.40      317.768      11.0274
      4658.80      318.732      11.0411
      4660.20      319.637      11.1300
      4661.60      320.543      11.0996
      4663.00      317.851      10.9511
      4664.40      313.374      10.8926
      4665.80      316.700      10.9427
      4667.20      319.469      11.0616
      4668.60      313.629      10.7963
      4670.00      313.653      10.9633
      4671.40      316.002      11.0789
      4672.80      316.275      10.8146
      4674.20      319.347      10.8530
      4675.60      311.925      10.7715
      4677.00      311.780      11.0903
      4678.40      316.966      10.8917
      4679.80      312.942      10.8103
      4681.20      312.980      10.7621
      4682.60      315.696      10.9806
      4684.00      316.567      10.8682
      4685.40      308.184      10.8727
      4686.80      306.470      10.7616
      4688.20      312.376      10.9720
      4689.60      312.591      11.1596
      4691.00      310.871      10.9331
      4692.40      305.877      10.6226
      4693.80      308.332      10.7259
      4695.20      306.886      10.5751
      4696.60      306.363      10.8445
      4698.00      310.667      10.9245
      4699.40      305.012      10.7516
      4700.80      307.015      10.9901
      4702.20      308.015      10.8557
      4703.60      308.158      10.5786
      4705.00      308.728      10.6956
      4706.40      315.936      10.8450
      4707.80      316.543      11.0128
      4709.20      315.441      11.0571
      4710.60      317.017      10.8459
      4712.00      316.152      10.7674
      4713.40      315.845      11.0481
      4714.80      317.724      11.0621
      4716.20      311.873      10.9579
      4717.60      315.985      11.0993
      4719.00      319.550      11.1262
      4720.40      311.764      10.9011
      4721.80      319.984      11.0285
      4723.20      310.946      11.1223
      4724.60      317.037      11.2095
      4726.00      314.220      11.0911
      4727.40      316.000      11.1264
      4728.80      316.996      10.7865
      4730.20      318.146      10.8534
      4731.60      321.201      11.1394
      4733.00      328.011      11.2156
      4734.40      312.862      11.0045
      4735.80      322.759      12.4895
      4737.20      319.075      11.4692
      4738.60      316.118      11.0157
      4740.00      312.577      10.8901
      4741.40      313.976      10.9277
      4742.80      312.767      10.8840
      4744.20      311.380      10.9898
      4745.60      310.349      10.7493
      4747.00      309.223      10.7756
      4748.40      309.629      10.7820
      4749.80      306.719      10.7181
      4751.20      307.854      10.6326
      4752.60      311.392      10.6587
      4754.00      307.882      10.7253
      4755.40      304.742      10.5070
      4756.80      307.864      10.8084
      4758.20      310.525      10.5113
      4759.60      305.371      10.5130
      4761.00      305.388      10.5299
      4762.40      307.735      10.6482
      4763.80      305.590      10.5848
      4765.20      299.959      10.3355
      4766.60      309.769      10.6415
      4768.00      310.669      10.8702
      4769.40      301.373      10.4007
      4770.80      305.854      10.6996
      4772.20      302.217      10.4618
      4773.60      307.250      10.6156
      4775.00      305.855      10.5866
      4776.40      303.300      10.5291
      4777.80      306.123      10.5824
      4779.20      306.100      10.6359
      4780.60      300.500      10.5331
      4782.00      299.268      10.6411
      4783.40      301.940      10.8202
      4784.80      305.199      10.6556
      4786.20      302.612      10.4083
      4787.60      301.187      10.3368
      4789.00      303.912      10.5782
      4790.40      304.680      10.4858
      4791.80      299.917      10.4864
      4793.20      301.336      10.4365
      4794.60      301.699      10.6268
      4796.00      300.898      10.5431
      4797.40      302.957      10.6722
      4798.80      301.062      10.3963
      4800.20      300.556      10.2203
      4801.60      301.294      10.6613
      4803.00      298.455      10.4756
      4804.40      300.167      10.3663
      4805.80      298.204      10.2852
      4807.20      297.766      10.3914
      4808.60      295.555      10.4109
      4810.00      298.785      10.4184
      4811.40      295.499      10.2196
      4812.80      297.542      10.3861
      4814.20      297.964      10.3517
      4815.60      296.092      10.4756
      4817.00      296.683      10.4250
      4818.40      292.565      10.3641
      4819.80      293.921      10.1738
      4821.20      296.922      10.2131
      4822.60      292.136      10.1813
      4824.00      289.181      10.0536
      4825.40      284.958      9.87827
      4826.80      288.892      10.0806
      4828.20      283.881      9.95375
      4829.60      281.587      9.95908
      4831.00      283.183      9.79798
      4832.40      285.407      9.95501
      4833.80      282.414      10.1194
      4835.20      280.803      9.86354
      4836.60      283.322      9.93605
      4838.00      278.668      9.85882
      4839.40      278.533      9.72658
      4840.80      273.654      9.55958
      4842.20      272.764      9.54622
      4843.60      271.272      9.51329
      4845.00      267.845      9.56474
      4846.40      258.717      9.10738
      4847.80      263.979      9.33650
      4849.20      252.058      8.89749
      4850.60      249.618      8.88320
      4852.00      246.474      8.65878
      4853.40      238.489      8.41467
      4854.80      229.553      8.18890
      4856.20      224.477      8.06865
      4857.60      209.879      7.53791
      4859.00      194.456      7.07232
      4860.40      172.578      6.45053
      4861.80      136.172      5.26568
      4863.20      115.693      4.69610
      4864.60      139.923      5.37438
      4866.00      178.818      6.46855
      4867.40      198.407      7.27781
      4868.80      214.108      7.73724
      4870.20      229.525      8.07017
      4871.60      231.277      8.29010
      4873.00      235.094      8.42218
      4874.40      246.254      8.60544
      4875.80      251.918      8.84424
      4877.20      259.064      8.95956
      4878.60      260.817      9.07992
      4880.00      266.280      9.30008
      4881.40      267.426      9.44811
      4882.80      269.155      9.25455
      4884.20      273.853      9.48311
      4885.60      274.056      9.48340
      4887.00      275.323      9.55899
      4888.40      276.066      9.41788
      4889.80      275.623      9.62084
      4891.20      276.051      9.54718
      4892.60      275.336      9.45301
      4894.00      272.000      9.65827
      4895.40      275.008      9.46289
      4896.80      281.761      9.63623
      4898.20      276.640      9.74604
      4899.60      280.746      9.87215
      4901.00      273.527      9.55339
      4902.40      279.693      9.59359
      4903.80      287.805      9.67285
      4905.20      284.195      9.79951
      4906.60      281.757      9.81618
      4908.00      276.382      9.52360
      4909.40      280.474      9.52728
      4910.80      279.943      9.78962
      4912.20      279.716      9.56165
      4913.60      277.324      9.52237
      4915.00      281.796      9.95068
      4916.40      285.541      9.89465
      4917.80      278.986      9.66511
      4919.20      275.547      9.58954
      4920.60      276.752      9.52534
      4922.00      275.313      9.65112
      4923.40      279.497      9.76721
      4924.80      266.478      9.48695
      4926.20      265.547      9.35411
      4927.60      280.481      9.81199
      4929.00      281.768      9.94083
      4930.40      281.181      9.80618
      4931.80      279.774      9.82144
      4933.20      280.808      9.83443
      4934.60      276.457      9.65669
      4936.00      276.454      9.58506
      4937.40      283.161      9.81013
      4938.80      281.107      9.69787
      4940.20      275.821      9.67920
      4941.60      278.333      9.86306
      4943.00      280.591      9.68061
      4944.40      279.823      9.73971
      4945.80      280.700      9.74700
      4947.20      282.739      9.67933
      4948.60      283.719      9.89869
      4950.00      283.101      10.0424
      4951.40      280.522      10.0155
      4952.80      277.567      9.68788
      4954.20      277.001      9.63228
      4955.60      277.289      9.77007
      4957.00      276.682      9.63844
      4958.40      273.491      9.68719
      4959.80      270.811      9.41347
      4961.20      275.743      9.99385
      4962.60      280.005      9.89643
      4964.00      275.560      9.72427
      4965.40      274.235      9.70592
      4966.80      277.214      9.69744
      4968.20      277.300      9.71890
      4969.60      280.255      10.0077
      4971.00      274.093      9.79854
      4972.40      273.607      9.74995
      4973.80      275.823      9.73928
      4975.20      279.152      9.61292
      4976.60      275.188      9.52017
      4978.00      277.356      9.61050
      4979.40      274.313      9.62841
      4980.80      275.928      9.72403
      4982.20      276.572      9.69513
      4983.60      270.671      9.39542
      4985.00      275.182      9.63944
      4986.40      278.086      9.66033
      4987.80      272.149      9.61711
      4989.20      275.414      9.58080
      4990.60      274.679      9.68278
      4992.00      271.930      9.53743
      4993.40      275.153      9.59134
      4994.80      275.286      9.65118
      4996.20      269.677      9.53951
      4997.60      269.402      9.43022
      4999.00      270.649      9.59848
