      3900.00      46.9995      6.91901
      3901.40      36.8146      6.32695
      3902.80      41.1853      6.28347
      3904.20      32.6976      6.09484
      3905.60      35.5942      6.19283
      3907.00      30.2678      5.90037
      3908.40      32.3002      6.01135
      3909.80      33.4763      5.84604
      3911.20      42.1760      6.07027
      3912.60      44.6066      6.41909
      3914.00      45.2237      6.46043
      3915.40      42.6026      6.34704
      3916.80      56.9137      6.43057
      3918.20      34.5302      5.91563
      3919.60      46.5552      6.21398
      3921.00      44.9192      6.28605
      3922.40      45.3153      6.26559
      3923.80      38.1294      6.14981
      3925.20      42.9495      6.11369
      3926.60      54.5125      6.36235
      3928.00      45.7260      5.97109
      3929.40      38.2052      5.96045
      3930.80      45.6907      5.84560
      3932.20      40.9727      5.68095
      3933.60      30.0769      5.13830
      3935.00      22.5242      4.92610
      3936.40      8.80487      4.76884
      3937.80      16.5066      5.28185
      3939.20      37.7262      6.07367
      3940.60      34.4174      6.03289
      3942.00      48.3385      6.28232
      3943.40      52.0119      6.37474
      3944.80      52.9508      6.56263
      3946.20      44.6865      6.12423
      3947.60      42.8937      6.12976
      3949.00      47.0670      6.38062
      3950.40      35.8365      6.20448
      3951.80      58.2768      6.86607
      3953.20      33.6154      6.13620
      3954.60      50.5785      6.54157
      3956.00      47.4101      6.75454
      3957.40      37.9433      6.49573
      3958.80      52.2162      7.04289
      3960.20      31.6243      6.42594
      3961.60      44.6067      6.76520
      3963.00      42.9879      6.87360
      3964.40      39.5531      6.58353
      3965.80      37.6625      6.35236
      3967.20      38.7096      6.30404
      3968.60      29.0213      5.74164
      3970.00      20.3592      5.07403
      3971.40      13.4764      4.36824
      3972.80      18.0739      4.36856
      3974.20      26.6537      4.80798
      3975.60      33.9394      5.04052
      3977.00      29.8991      5.04009
      3978.40      37.3084      5.52829
      3979.80      42.2880      5.73183
      3981.20      40.8306      5.84578
      3982.60      45.5150      5.76886
      3984.00      44.7512      5.50287
      3985.40      34.1909      4.87651
      3986.80      37.8038      5.11594
      3988.20      41.3716      5.39980
      3989.60      43.9076      5.55820
      3991.00      43.4358      5.63363
      3992.40      41.6648      5.54822
      3993.80      47.6380      5.69040
      3995.20      43.4792      5.71757
      3996.60      48.9796      5.90815
      3998.00      49.0643      5.89514
      3999.40      41.8660      5.53209
      4000.80      42.1366      5.58923
      4002.20      37.7043      5.33237
      4003.60      43.2928      5.32735
      4005.00      36.7534      5.07800
      4006.40      56.0696      5.55753
      4007.80      40.5503      5.09232
      4009.20      45.5234      5.37634
      4010.60      47.6551      5.48372
      4012.00      50.3240      5.73099
      4013.40      47.4722      5.56133
      4014.80      44.7720      5.44579
      4016.20      52.4937      5.51695
      4017.60      41.4516      5.18156
      4019.00      48.7098      5.38846
      4020.40      77.0428      6.68944
      4021.80      71.8485      7.22910
      4023.20      54.9076      6.24031
      4024.60      43.4970      5.41121
      4026.00      40.1134      5.17506
      4027.40      53.8436      5.69405
      4028.80      48.5094      5.39483
      4030.20      40.7727      5.37998
      4031.60      44.0187      5.51749
      4033.00      47.9567      5.76409
      4034.40      37.4182      5.45963
      4035.80      48.6237      5.65676
      4037.20      44.3317      5.39999
      4038.60      45.9877      5.43699
      4040.00      52.6908      5.61321
      4041.40      49.0544      5.79858
      4042.80      47.0015      6.25109
      4044.20      41.3418      6.19225
      4045.60      49.2281      6.14941
      4047.00      59.4219      6.52027
      4048.40      37.5611      5.70494
      4049.80      46.5207      5.68912
      4051.20      50.4573      5.65862
      4052.60      43.2698      5.58010
      4054.00      41.8019      5.64972
      4055.40      49.0549      5.96654
      4056.80      45.2301      5.66954
      4058.20      44.3971      5.53561
      4059.60      50.6893      5.95735
      4061.00      47.3947      5.99803
      4062.40      49.8333      6.25121
      4063.80      40.0058      5.92605
      4065.20      37.8536      5.38381
      4066.60      49.4594      5.39831
      4068.00      43.9636      5.14107
      4069.40      49.4611      5.56652
      4070.80      40.0559      5.39366
      4072.20      43.6002      5.37333
      4073.60      41.6691      5.32218
      4075.00      45.0400      5.19938
      4076.40      37.9567      4.88739
      4077.80      41.7600      5.03681
      4079.20      43.4782      5.02843
      4080.60      43.5518      5.10675
      4082.00      46.9961      5.14303
      4083.40      34.5803      4.65965
      4084.80      58.5634      5.20511
      4086.20      44.0060      4.98574
      4087.60      46.9336      5.02487
      4089.00      43.1645      4.82951
      4090.40      39.8416      4.68397
      4091.80      35.6021      4.51627
      4093.20      35.2133      4.67112
      4094.60      46.5385      5.17194
      4096.00      42.2856      5.17186
      4097.40      42.2813      5.05501
      4098.80      39.2648      4.79190
      4100.20      40.8709      4.71125
      4101.60      39.6105      4.41849
      4103.00      27.6410      4.22214
      4104.40      18.8531      3.79225
      4105.80      29.8630      4.09065
      4107.20      30.3692      4.35422
      4108.60      29.5250      4.53833
      4110.00      42.4722      4.80356
      4111.40      39.0736      4.59385
      4112.80      41.6188      4.77770
      4114.20      41.8284      4.65258
      4115.60      46.6810      4.96968
      4117.00      44.0953      4.83242
      4118.40      37.8576      4.52978
      4119.80      40.8705      4.61006
      4121.20      41.7657      4.92921
      4122.60      48.2055      5.27079
      4124.00      36.8457      4.70390
      4125.40      35.0535      4.42038
      4126.80      36.0005      4.45582
      4128.20      45.9089      5.12862
      4129.60      40.5946      5.54768
      4131.00      47.0276      5.66307
      4132.40      52.0431      5.51359
      4133.80      65.5142      6.47031
      4135.20      47.3993      5.14582
      4136.60      51.3761      5.26892
      4138.00      45.4221      5.12510
      4139.40      45.5647      5.10398
      4140.80      45.9793      4.88436
      4142.20      48.1502      4.78089
      4143.60      45.8654      4.72234
      4145.00      54.4600      5.00995
      4146.40      41.4485      4.90520
      4147.80      61.6044      5.84577
      4149.20      56.0443      5.13063
      4150.60      42.6880      4.60394
      4152.00      47.1656      4.55868
      4153.40      41.6554      4.41589
      4154.80      44.5639      4.48132
      4156.20      47.1891      4.56873
      4157.60      46.0291      4.51040
      4159.00      42.1864      4.50762
      4160.40      35.3395      4.41607
      4161.80      35.7666      4.21206
      4163.20      41.2159      4.37962
      4164.60      40.5556      4.49351
      4166.00      45.2789      4.96201
      4167.40      48.9741      5.02587
      4168.80      47.1519      4.60373
      4170.20      45.6714      4.51899
      4171.60      50.1478      4.58763
      4173.00      44.0023      4.42766
      4174.40      49.9148      4.62256
      4175.80      42.8381      4.38937
      4177.20      35.4673      4.12150
      4178.60      41.7051      4.53271
      4180.00      43.7722      4.59240
      4181.40      53.1834      4.93327
      4182.80      51.8266      4.82319
      4184.20      49.3470      4.61589
      4185.60      43.1476      4.50096
      4187.00      48.8587      4.38842
      4188.40      40.1806      4.36131
      4189.80      37.8895      4.45494
      4191.20      43.3516      4.62968
      4192.60      51.3296      4.58123
      4194.00      46.3010      4.39704
      4195.40      36.8488      4.07863
      4196.80      42.8437      4.30941
      4198.20      47.1048      4.43253
      4199.60      46.2515      4.51655
      4201.00      42.2063      4.42417
      4202.40      41.0932      4.23708
      4203.80      40.7751      4.09566
      4205.20      40.3696      4.13471
      4206.60      41.9030      4.41116
      4208.00      41.6753      4.58073
      4209.40      44.7991      4.71500
      4210.80      44.0378      4.63242
      4212.20      42.9282      4.44337
      4213.60      41.4558      4.12674
      4215.00      37.3200      3.95295
      4216.40      43.7914      4.09365
      4217.80      37.8313      3.95030
      4219.20      39.4921      4.17803
      4220.60      43.6420      4.23653
      4222.00      34.4013      4.07245
      4223.40      40.3176      4.18639
      4224.80      48.3587      4.51850
      4226.20      42.1455      4.23089
      4227.60      46.6341      4.20971
      4229.00      44.5637      4.12671
      4230.40      39.6608      3.92987
      4231.80      46.7111      4.27460
      4233.20      45.3043      4.26988
      4234.60      39.9004      4.21907
      4236.00      40.9264      4.30742
      4237.40      44.0802      4.21692
      4238.80      35.7467      3.90639
      4240.20      44.5733      4.12919
      4241.60      44.6753      4.16703
      4243.00      43.0862      4.16283
      4244.40      50.4164      4.33205
      4245.80      44.8983      4.14514
      4247.20      42.5494      4.20616
      4248.60      48.6056      4.22241
      4250.00      37.3511      3.95177
      4251.40      45.1059      4.07192
      4252.80      38.8496      3.92430
      4254.20      41.7607      4.01944
      4255.60      50.4929      4.28843
      4257.00      48.0485      4.20948
      4258.40      40.9174      4.03071
      4259.80      41.7829      4.07402
      4261.20      50.4141      4.47731
      4262.60      45.9109      4.50160
      4264.00      43.6949      4.48071
      4265.40      59.7163      5.20715
      4266.80      46.0242      4.28012
      4268.20      48.5865      4.16616
      4269.60      45.0872      4.11594
      4271.00      42.2816      3.99509
      4272.40      47.4197      4.06550
      4273.80      39.2967      3.97588
      4275.20      40.9825      3.95618
      4276.60      36.0682      3.86702
      4278.00      50.6224      4.25877
      4279.40      41.1794      4.02992
      4280.80      46.2793      4.02591
      4282.20      47.9230      4.18507
      4283.60      45.2580      4.03585
      4285.00      39.7122      3.84088
      4286.40      35.4058      3.69532
      4287.80      45.8190      4.00064
      4289.20      47.6896      4.07344
      4290.60      34.4663      3.64973
      4292.00      49.2356      4.23093
      4293.40      35.6352      3.86821
      4294.80      42.9785      3.91742
      4296.20      43.0387      3.95568
      4297.60      39.9976      3.86378
      4299.00      36.6372      4.02797
      4300.40      50.8841      4.51297
      4301.80      41.0131      4.04836
      4303.20      44.3526      3.92804
      4304.60      33.7332      3.56744
      4306.00      35.8094      3.60327
      4307.40      41.2293      3.79770
      4308.80      37.1521      3.63216
      4310.20      36.0100      3.72698
      4311.60      38.4578      3.74555
      4313.00      44.0814      4.06760
      4314.40      45.2763      4.22561
      4315.80      40.3206      4.00460
      4317.20      40.4391      3.85335
      4318.60      34.3892      3.67388
      4320.00      39.1131      3.79262
      4321.40      38.3652      3.92083
      4322.80      36.3323      4.00979
      4324.20      38.0092      4.03367
      4325.60      42.1634      3.92309
      4327.00      41.8410      3.76207
      4328.40      35.1711      3.64897
      4329.80      40.5539      3.62497
      4331.20      42.7125      3.91691
      4332.60      39.8981      3.87967
      4334.00      34.5320      3.61822
      4335.40      42.8268      3.80436
      4336.80      44.2715      3.90110
      4338.20      39.6901      3.80100
      4339.60      34.9178      3.65304
      4341.00      35.1596      3.44733
      4342.40      24.6121      3.20257
      4343.80      22.0461      2.97738
      4345.20      22.2823      3.10427
      4346.60      32.3870      3.41986
      4348.00      34.0574      3.51126
      4349.40      35.3087      3.59371
      4350.80      37.3562      3.61317
      4352.20      36.5997      3.63994
      4353.60      36.3051      3.57763
      4355.00      34.7547      3.62007
      4356.40      39.4758      4.00669
      4357.80      44.5510      4.97944
      4359.20      41.3864      5.15278
      4360.60      45.7535      4.51846
      4362.00      40.7881      3.98311
      4363.40      37.8745      3.71174
      4364.80      39.5164      3.90314
      4366.20      47.4915      4.14364
      4367.60      42.2769      3.87007
      4369.00      45.0069      3.96397
      4370.40      43.8578      3.96891
      4371.80      49.2566      4.08985
      4373.20      44.2023      3.91467
      4374.60      42.7606      3.84365
      4376.00      40.8127      3.76482
      4377.40      43.2004      3.88571
      4378.80      37.0433      3.73607
      4380.20      39.1214      3.65480
      4381.60      39.3224      3.71416
      4383.00      42.1564      3.74143
      4384.40      45.3641      3.82828
      4385.80      36.2611      3.60539
      4387.20      37.7670      3.56619
      4388.60      37.6938      3.56825
      4390.00      43.8982      3.73655
      4391.40      42.4237      3.73104
      4392.80      43.6624      3.82574
      4394.20      38.5019      3.86677
      4395.60      40.1119      4.05458
      4397.00      43.5757      4.20702
      4398.40      42.5597      3.98241
      4399.80      42.7426      3.81335
      4401.20      35.7351      3.44276
      4402.60      40.3189      3.61270
      4404.00      41.4160      3.67301
      4405.40      42.8424      3.65571
      4406.80      39.3615      3.62660
      4408.20      42.2116      3.62784
      4409.60      42.2651      3.72693
      4411.00      43.0193      3.72327
      4412.40      47.0157      3.83583
      4413.80      42.1002      3.74064
      4415.20      45.3523      3.71283
      4416.60      43.3002      3.72886
      4418.00      43.1726      3.84932
      4419.40      42.1266      3.82051
      4420.80      36.7605      3.57225
      4422.20      35.7961      3.43193
      4423.60      40.5940      3.60675
      4425.00      47.4391      3.74998
      4426.40      41.4486      3.64048
      4427.80      44.3779      3.78761
      4429.20      42.3899      3.64935
      4430.60      42.1510      3.70302
      4432.00      43.7588      3.74877
      4433.40      44.7757      3.73157
      4434.80      43.8732      3.70103
      4436.20      42.5681      3.65824
      4437.60      43.4335      3.79912
      4439.00      41.0387      3.54113
      4440.40      47.2411      3.81358
      4441.80      46.5127      3.75566
      4443.20      43.9476      3.73521
      4444.60      40.8060      3.51527
      4446.00      32.1179      3.34054
      4447.40      38.3164      3.39918
      4448.80      36.4382      3.37404
      4450.20      46.5155      3.84012
      4451.60      46.9027      3.98004
      4453.00      43.2697      3.88209
      4454.40      39.7594      3.63017
      4455.80      42.6929      3.56917
      4457.20      42.5657      3.54025
      4458.60      35.8590      3.41170
      4460.00      41.2735      3.63311
      4461.40      35.3290      3.49254
      4462.80      42.2186      3.58800
      4464.20      40.2493      3.73620
      4465.60      41.5533      3.58566
      4467.00      39.7738      3.68391
      4468.40      44.8450      3.74773
      4469.80      37.2870      3.66025
      4471.20      41.5550      3.73803
      4472.60      39.8260      3.65091
      4474.00      43.3569      3.64020
      4475.40      45.2457      3.74602
      4476.80      43.4828      3.58778
      4478.20      40.7514      3.69638
      4479.60      41.0464      3.63472
      4481.00      40.8366      3.59193
      4482.40      40.3362      3.44016
      4483.80      42.0742      3.54180
      4485.20      41.2126      3.53806
      4486.60      45.7323      3.76455
      4488.00      43.0433      3.69762
      4489.40      37.8806      3.57590
      4490.80      43.4917      3.70995
      4492.20      37.1361      3.61394
      4493.60      44.1932      3.78084
      4495.00      36.9110      3.52371
      4496.40      40.4614      3.44522
      4497.80      38.3581      3.41599
      4499.20      43.3598      3.61504
      4500.60      37.2860      3.52131
      4502.00      39.3633      3.60587
      4503.40      48.4963      3.87566
      4504.80      37.7137      3.65771
      4506.20      39.3937      3.66862
      4507.60      49.0103      3.73137
      4509.00      42.9863      3.54193
      4510.40      36.1752      3.37344
      4511.80      41.5319      3.46087
      4513.20      38.4968      3.53980
      4514.60      41.5493      3.76812
      4516.00      43.5862      3.76446
      4517.40      45.3884      3.60028
      4518.80      40.2481      3.44268
      4520.20      43.6733      3.67254
      4521.60      40.7664      3.72446
      4523.00      46.9650      3.87942
      4524.40      46.6451      3.88959
      4525.80      42.2128      3.56607
      4527.20      41.6045      3.46579
      4528.60      38.4342      3.48413
      4530.00      45.5390      3.64887
      4531.40      42.1540      3.52776
      4532.80      42.1682      3.57711
      4534.20      44.1254      3.68920
      4535.60      40.4598      3.55272
      4537.00      37.2643      3.49261
      4538.40      41.3560      3.48639
      4539.80      45.3183      3.57645
      4541.20      42.5300      3.47471
      4542.60      42.2991      3.48768
      4544.00      48.2110      3.63280
      4545.40      41.1386      3.41522
      4546.80      43.5457      3.39957
      4548.20      45.0808      3.62901
      4549.60      41.1051      3.67803
      4551.00      40.5249      3.68274
      4552.40      41.1680      3.49715
      4553.80      39.9904      3.31543
      4555.20      41.6914      3.43546
      4556.60      34.2310      3.34680
      4558.00      34.1521      3.38879
      4559.40      37.1614      3.27092
      4560.80      36.9323      3.25131
      4562.20      43.0816      3.35454
      4563.60      42.8878      3.47216
      4565.00      43.1608      3.33305
      4566.40      43.1838      3.43576
      4567.80      42.6621      3.49261
      4569.20      41.4002      3.43525
      4570.60      39.0786      3.33258
      4572.00      41.7107      3.30800
      4573.40      43.0761      3.35385
      4574.80      35.9691      3.12143
      4576.20      39.0153      3.20303
      4577.60      39.8141      3.27844
      4579.00      42.5416      3.42183
      4580.40      39.3020      3.47859
      4581.80      39.0503      3.25148
      4583.20      39.2298      3.25013
      4584.60      42.9912      3.30416
      4586.00      40.5783      3.37809
      4587.40      39.1583      3.27568
      4588.80      39.4941      3.24604
      4590.20      42.0398      3.31977
      4591.60      39.2014      3.30881
      4593.00      37.4794      3.33029
      4594.40      38.7776      3.38299
      4595.80      37.1317      3.27944
      4597.20      41.0619      3.28560
      4598.60      38.0200      3.19279
      4600.00      41.0257      3.26722
      4601.40      43.7416      3.45608
      4602.80      49.0642      3.67487
      4604.20      45.1925      3.41446
      4605.60      36.5679      3.15428
      4607.00      42.8419      3.28349
      4608.40      43.8428      3.34817
      4609.80      41.2212      3.51714
      4611.20      45.9225      3.61380
      4612.60      42.9695      3.49023
      4614.00      40.4299      3.31068
      4615.40      45.6890      3.47602
      4616.80      49.8760      3.57570
      4618.20      42.1615      3.33197
      4619.60      40.9791      3.25900
      4621.00      40.0696      3.26389
      4622.40      46.3912      3.51576
      4623.80      42.0441      3.53266
      4625.20      44.2172      3.37782
      4626.60      39.3818      3.21755
      4628.00      39.7504      3.20284
      4629.40      41.9149      3.35545
      4630.80      34.7179      3.17970
      4632.20      39.9323      3.25540
      4633.60      38.6610      3.35111
      4635.00      42.1339      3.44957
      4636.40      37.4220      3.46057
      4637.80      41.1024      3.43677
      4639.20      39.8994      3.35558
      4640.60      43.2184      3.26922
      4642.00      41.2463      3.24010
      4643.40      39.1385      3.16868
      4644.80      44.5894      3.42171
      4646.20      40.7564      3.40962
      4647.60      44.2559      3.51997
      4649.00      45.1634      3.45273
      4650.40      38.4277      3.17058
      4651.80      35.8122      3.05119
      4653.20      41.0298      3.28239
      4654.60      45.0844      3.47229
      4656.00      38.3247      3.27803
      4657.40      39.7715      3.26527
      4658.80      41.1411      3.21399
      4660.20      39.4511      3.18679
      4661.60      45.0057      3.29461
      4663.00      41.0634      3.29090
      4664.40      40.3878      3.30376
      4665.80      36.5657      3.35963
      4667.20      40.8786      3.24925
      4668.60      43.9945      3.39579
      4670.00      40.3550      3.32520
      4671.40      40.6863      3.46754
      4672.80      36.1513      3.23472
      4674.20      40.8592      3.18507
      4675.60      44.0935      3.34880
      4677.00      43.2268      3.29972
      4678.40      40.2583      3.29669
      4679.80      39.2194      3.30914
      4681.20      45.9855      3.42751
      4682.60      40.9797      3.35989
      4684.00      39.7875      3.65682
      4685.40      44.3860      3.84634
      4686.80      45.1433      3.63503
      4688.20      47.3911      3.46988
      4689.60      43.3939      3.33441
      4691.00      45.7916      3.53717
      4692.40      42.4216      3.30896
      4693.80      38.0774      3.30441
      4695.20      43.5506      3.32715
      4696.60      42.6977      3.34080
      4698.00      37.5470      3.12892
      4699.40      43.0924      3.37909
      4700.80      48.5445      3.58043
      4702.20      44.7591      3.40985
      4703.60      43.7217      3.37340
      4705.00      42.5187      3.29801
      4706.40      37.2450      3.15743
      4707.80      42.0489      3.25536
      4709.20      42.0925      3.31568
      4710.60      40.1416      3.28148
      4712.00      37.8601      3.33903
      4713.40      39.7526      3.29572
      4714.80      41.2055      3.23641
      4716.20      41.5606      3.26360
      4717.60      41.2747      3.19311
      4719.00      38.6246      3.20613
      4720.40      41.4443      3.25761
      4721.80      44.1376      3.31750
      4723.20      41.4344      3.23744
      4724.60      40.5874      3.18897
      4726.00      43.1636      3.25083
      4727.40      38.3565      3.13639
      4728.80      36.9438      3.06952
      4730.20      39.5861      3.13233
      4731.60      43.2728      3.27442
      4733.00      42.2371      3.28924
      4734.40      44.4389      3.36018
      4735.80      37.2215      3.22254
      4737.20      36.6481      3.11243
      4738.60      40.2235      3.21443
      4740.00      41.1256      3.14372
      4741.40      39.5083      3.06308
      4742.80      42.2571      3.10438
      4744.20      41.1280      3.13041
      4745.60      40.2375      3.11361
      4747.00      45.7079      3.22744
      4748.40      40.6162      3.11009
      4749.80      41.8540      3.32101
      4751.20      41.4372      3.13106
      4752.60      37.8776      3.09256
      4754.00      45.1997      3.11412
      4755.40      39.8008      3.23764
      4756.80      45.6648      3.33551
      4758.20      38.2734      3.24879
      4759.60      45.9990      3.28063
      4761.00      42.4913      3.10916
      4762.40      38.5725      2.95429
      4763.80      38.8053      2.97990
      4765.20      43.7028      3.10301
      4766.60      39.9256      3.01840
      4768.00      38.9851      2.98098
      4769.40      38.2215      3.06794
      4770.80      40.8035      3.25093
      4772.20      39.6628      3.13111
      4773.60      41.4463      3.04345
      4775.00      39.3862      3.02102
      4776.40      38.5280      2.94582
      4777.80      43.3016      3.13116
      4779.20      41.4297      3.15668
      4780.60      40.8808      3.31724
      4782.00      39.4769      3.23068
      4783.40      41.5475      3.24709
      4784.80      41.4236      3.03999
      4786.20      40.4316      3.02709
      4787.60      40.1833      2.99654
      4789.00      47.5766      3.40586
      4790.40      43.9457          Inf
      4791.80      40.3149          Inf
      4793.20      36.6840      2.98042
      4794.60      43.5649      3.11273
      4796.00      39.5751      3.10918
      4797.40      42.7985      3.11621
      4798.80      38.9256      2.99998
      4800.20      37.7756      2.96332
      4801.60      40.2998      3.00072
      4803.00      40.7271      2.97416
      4804.40      35.5770      2.92144
      4805.80      44.5077      3.15155
      4807.20      40.0551      3.12345
      4808.60      39.3263      3.20908
      4810.00      40.9524      3.27470
      4811.40      40.0256      3.15765
      4812.80      41.6292      3.12107
      4814.20      42.9682      3.13866
      4815.60      38.3604      3.23923
      4817.00      45.6876      3.30642
      4818.40      42.8984      3.09606
      4819.80      36.7282      2.86658
      4821.20      40.1387      3.08429
      4822.60      41.4366      3.19944
      4824.00      43.0070      3.20033
      4825.40      42.8203      3.15236
      4826.80      40.6932      3.27764
      4828.20      38.7459      3.25836
      4829.60      41.8356      3.20893
      4831.00      42.1845      3.04957
      4832.40      36.5583      3.12342
      4833.80      40.5954      3.30200
      4835.20      41.0080      3.15421
      4836.60      40.3416      3.03691
      4838.00      37.2951      3.07319
      4839.40      39.2195      3.35516
      4840.80      38.9010      3.20406
      4842.20      37.5224      3.04792
      4843.60      40.8478      3.17688
      4845.00      41.2368      3.38940
      4846.40      43.3291      3.53943
      4847.80      37.4041      3.16303
      4849.20      39.1129      3.09443
      4850.60      41.4714      3.09194
      4852.00      35.6887      2.98232
      4853.40      36.8895      2.92283
      4854.80      37.7643      2.97762
      4856.20      38.8143      2.99708
      4857.60      37.0785      2.97557
      4859.00      31.7489      2.92558
      4860.40      35.2240      2.95658
      4861.80      28.2007      2.75634
      4863.20      32.3442      2.81481
      4864.60      22.6870      2.48814
      4866.00      21.8687      2.37620
      4867.40      27.6799      2.48264
      4868.80      32.7985      2.73474
      4870.20      34.3334      2.74902
      4871.60      40.3391      2.92269
      4873.00      36.3175      2.93274
      4874.40      33.1106      2.65872
      4875.80      34.0782      2.78118
      4877.20      35.6108      2.77171
      4878.60      36.1540      2.78822
      4880.00      35.9671      2.86931
      4881.40      36.7897      2.91217
      4882.80      35.8478      2.88532
      4884.20      44.3031      3.00382
      4885.60      39.7163      2.99339
      4887.00      37.2851      2.98933
      4888.40      43.1064      3.21377
      4889.80      38.2533      2.96113
      4891.20      45.7866      3.03725
      4892.60      41.3285      2.93034
      4894.00      36.0711      2.76706
      4895.40      37.4671      2.82101
      4896.80      38.3056      2.85000
      4898.20      38.6976      2.84767
      4899.60      38.4902      2.87471
      4901.00      37.7085      2.81218
      4902.40      37.8088      2.88359
      4903.80      39.7296      2.91397
      4905.20      39.5266      2.91920
      4906.60      36.4543      2.89075
      4908.00      39.6706      2.96979
      4909.40      35.7946      2.86316
      4910.80      41.4591      3.06431
      4912.20      40.8117      3.07654
      4913.60      35.4361      3.03123
      4915.00      44.4617      3.25184
      4916.40      41.5569      2.99686
      4917.80      40.3665      2.90943
      4919.20      39.2919      2.84083
      4920.60      38.7249      2.84154
      4922.00      37.6814      2.76413
      4923.40      37.5061      2.81331
      4924.80      36.1255      2.77521
      4926.20      36.4645      2.84707
      4927.60      38.3792      2.97028
      4929.00      34.6224      2.85915
      4930.40      41.5694      3.01423
      4931.80      40.7665      2.94322
      4933.20      42.8263      2.95983
      4934.60      38.8805      2.82284
      4936.00      36.2048      2.74628
      4937.40      32.6065      2.66582
      4938.80      36.5345      2.69993
      4940.20      37.4636      2.83732
      4941.60      38.4098      2.81297
      4943.00      39.1838      2.91219
      4944.40      38.9782      2.80339
      4945.80      37.9426      2.86089
      4947.20      40.5747      2.88452
      4948.60      41.8760      2.90571
      4950.00      36.3994      2.75940
      4951.40      46.3388      3.10259
      4952.80      41.1170      2.99341
      4954.20      37.8488      2.94901
      4955.60      38.8698      2.88474
      4957.00      37.9428      2.77578
      4958.40      39.0999      2.78409
      4959.80      38.1137      2.80175
      4961.20      35.9690      2.99623
      4962.60      37.6078      2.94349
      4964.00      36.4619      2.75137
      4965.40      34.9161      2.70560
      4966.80      38.1939      2.81215
      4968.20      41.3685      2.89542
      4969.60      40.3491      2.87772
      4971.00      36.8121      2.80586
      4972.40      39.2750      2.93672
      4973.80      38.7469      2.87069
      4975.20      39.4842      2.87753
      4976.60      39.0460      2.98865
      4978.00      40.9028      3.01209
      4979.40      39.9930      2.95745
      4980.80      38.7433      2.92278
      4982.20      39.4078      3.04315
      4983.60      34.8507      2.96219
      4985.00      38.1862      3.00711
      4986.40      45.2811      3.28893
      4987.80      38.1427      2.84302
      4989.20      39.5492      2.93189
      4990.60      35.7766      2.85631
      4992.00      40.1681      2.88113
      4993.40      45.2800      3.04608
      4994.80      36.5606      2.75927
      4996.20      34.2480      2.64917
      4997.60      38.8151      2.75332
      4999.00      36.3149      2.71432
