      3900.00      265.115      17.9244
      3901.40      280.421      18.8688
      3902.80      255.368      17.8741
      3904.20      279.477      19.1154
      3905.60      293.102      19.6213
      3907.00      282.804      18.7081
      3908.40      281.734      18.9415
      3909.80      275.629      18.3490
      3911.20      308.580      19.3870
      3912.60      319.437      20.2014
      3914.00      336.142      19.9492
      3915.40      330.813      20.0398
      3916.80      303.522      19.2680
      3918.20      312.953      19.6105
      3919.60      324.143      19.6503
      3921.00      309.079      19.2013
      3922.40      315.248      19.0044
      3923.80      312.935      18.6462
      3925.20      304.063      18.3029
      3926.60      320.597      19.5892
      3928.00      325.020      19.2898
      3929.40      329.319      19.7395
      3930.80      297.864      17.6224
      3932.20      281.446      17.0722
      3933.60      225.652      15.6873
      3935.00      160.790      12.9899
      3936.40      90.5164      11.0653
      3937.80      76.8309      10.4495
      3939.20      161.270      12.8314
      3940.60      248.636      16.7557
      3942.00      286.826      19.1868
      3943.40      310.393      19.5288
      3944.80      301.044      19.0506
      3946.20      305.254      19.5751
      3947.60      306.835      19.0444
      3949.00      320.589      20.0183
      3950.40      337.218      21.2288
      3951.80      299.661      20.5984
      3953.20      324.778      21.4102
      3954.60      299.886      20.1610
      3956.00      327.733      21.1505
      3957.40      324.791      20.1535
      3958.80      309.876      19.3945
      3960.20      282.556      17.7394
      3961.60      289.064      17.6259
      3963.00      305.609      18.1378
      3964.40      286.173      17.4760
      3965.80      252.732      15.6382
      3967.20      243.194      14.8578
      3968.60      205.315      13.6163
      3970.00      158.230      12.8586
      3971.40      82.8269      9.66899
      3972.80      74.9771      9.32332
      3974.20      117.118      10.3899
      3975.60      174.241      12.1784
      3977.00      216.128      14.7887
      3978.40      242.488      15.0743
      3979.80      262.030      16.0438
      3981.20      260.485      15.6808
      3982.60      285.238      15.7815
      3984.00      299.513      17.3913
      3985.40      292.843      16.3830
      3986.80      305.268      16.6473
      3988.20      285.451      15.6064
      3989.60      312.495      17.1997
      3991.00      308.503      17.3638
      3992.40      320.737      18.2109
      3993.80      296.848      16.7304
      3995.20      322.384      17.0892
      3996.60      335.589      17.8634
      3998.00      324.274      16.7797
      3999.40      318.015      17.2064
      4000.80      302.254      17.0343
      4002.20      302.597      16.3639
      4003.60      311.495      16.8931
      4005.00      331.783      18.3122
      4006.40      328.882      17.6989
      4007.80      321.394      17.0596
      4009.20      294.807      16.2383
      4010.60      316.124      17.2079
      4012.00      317.012      17.1514
      4013.40      329.852      17.3278
      4014.80      314.697      16.7274
      4016.20      322.987      17.2151
      4017.60      324.607      16.7918
      4019.00      330.119      16.8884
      4020.40      344.063      17.5187
      4021.80      333.776      17.5379
      4023.20      337.414      18.1254
      4024.60      332.030      17.3914
      4026.00      324.182      16.8506
      4027.40      320.666      17.1323
      4028.80      310.903      17.0773
      4030.20      323.330      17.1432
      4031.60      334.995      17.4104
      4033.00      312.139      17.1269
      4034.40      301.965      16.9784
      4035.80      314.714      17.3197
      4037.20      310.894      16.9925
      4038.60      317.219      17.6641
      4040.00      335.839      18.4258
      4041.40      333.803      17.4531
      4042.80      352.181      18.0576
      4044.20      329.135      17.8103
      4045.60      330.748      17.7724
      4047.00      341.806      18.2518
      4048.40      312.363      17.5318
      4049.80      303.307      16.3122
      4051.20      329.287      17.4212
      4052.60      329.092      17.6620
      4054.00      348.254      17.7963
      4055.40      330.728      17.7831
      4056.80      319.496      17.1340
      4058.20      325.594      17.2578
      4059.60      326.090      16.9202
      4061.00      326.802      17.2072
      4062.40      329.526      16.6426
      4063.80      323.219      16.8668
      4065.20      322.789      16.3786
      4066.60      294.155      16.2404
      4068.00      307.240      16.0239
      4069.40      321.987      16.9506
      4070.80      312.783      16.3934
      4072.20      320.811      16.3787
      4073.60      323.608      16.6382
      4075.00      302.977      15.8404
      4076.40      313.932      15.8786
      4077.80      311.707      16.2167
      4079.20      311.705      16.0411
      4080.60      288.098      14.9779
      4082.00      289.510      15.2370
      4083.40      312.684      15.6690
      4084.80      332.044      17.7265
      4086.20      320.470      17.2051
      4087.60      311.830      15.9174
      4089.00      305.923      15.3067
      4090.40      309.676      15.8503
      4091.80      306.698      16.0498
      4093.20      306.386      15.7558
      4094.60      305.310      15.4989
      4096.00      296.477      15.4561
      4097.40      299.174      15.1446
      4098.80      273.128      14.8136
      4100.20      272.332      14.6818
      4101.60      250.861      14.0880
      4103.00      228.229      12.6164
      4104.40      177.639      11.4275
      4105.80      155.811      10.3254
      4107.20      201.975      12.0912
      4108.60      237.082      13.0693
      4110.00      264.765      14.2234
      4111.40      266.120      14.2035
      4112.80      281.643      14.9301
      4114.20      279.759      14.5458
      4115.60      294.631      15.3518
      4117.00      296.018      15.4049
      4118.40      300.960      14.8168
      4119.80      324.955      16.8342
      4121.20      300.239      15.6342
      4122.60      307.043      15.9429
      4124.00      309.602      15.8935
      4125.40      308.160      15.3067
      4126.80      301.175      15.7566
      4128.20      308.215      15.5705
      4129.60      323.946      16.1355
      4131.00      313.847      15.2064
      4132.40      311.738      15.2243
      4133.80      309.313      15.3051
      4135.20      308.062      15.6987
      4136.60      293.094      14.7636
      4138.00      308.998      14.9498
      4139.40      314.383      15.9958
      4140.80      318.102      15.2815
      4142.20      327.404      15.3285
      4143.60      328.472      15.4793
      4145.00      320.744      15.7613
      4146.40      307.715      15.3047
      4147.80      293.176      14.7797
      4149.20      312.052      15.1935
      4150.60      323.860      15.3696
      4152.00      318.091      14.9557
      4153.40      319.059      15.0168
      4154.80      318.105      15.5950
      4156.20      314.243      15.2955
      4157.60      313.043      15.0738
      4159.00      303.740      14.8304
      4160.40      312.448      15.9989
      4161.80      307.496      15.3021
      4163.20      313.435      15.0251
      4164.60      315.270      15.2245
      4166.00      306.879      14.7013
      4167.40      302.826      14.5722
      4168.80      322.557      15.3450
      4170.20      316.935      15.1620
      4171.60      306.045      14.8666
      4173.00      326.162      15.0888
      4174.40      311.085      15.6134
      4175.80      294.771      14.6594
      4177.20      292.364      14.4490
      4178.60      298.223      14.3666
      4180.00      299.612      14.4004
      4181.40      300.723      14.3177
      4182.80      301.895      15.1553
      4184.20      307.401      14.6958
      4185.60      309.141      14.5163
      4187.00      318.835      15.1948
      4188.40      311.006      15.1562
      4189.80      302.190      14.0627
      4191.20      298.993      13.9759
      4192.60      306.152      14.2634
      4194.00      304.934      14.3132
      4195.40      316.574      14.7977
      4196.80      318.254      15.0689
      4198.20      334.149      15.0578
      4199.60      304.457      14.4605
      4201.00      312.930      14.7602
      4202.40      293.175      14.1849
      4203.80      300.787      14.5774
      4205.20      299.928      13.8234
      4206.60      297.441      14.0985
      4208.00      307.450      14.7694
      4209.40      320.381      15.1549
      4210.80      311.994      14.8043
      4212.20      305.699      14.2329
      4213.60      310.632      14.7803
      4215.00      310.055      14.3254
      4216.40      319.738      14.9771
      4217.80      315.895      14.7335
      4219.20      295.179      14.0201
      4220.60      295.683      13.5421
      4222.00      310.565      14.1253
      4223.40      309.390      14.4947
      4224.80      309.018      14.4770
      4226.20      305.603      14.3306
      4227.60      315.761      14.3475
      4229.00      292.365      13.8193
      4230.40      276.511      13.0622
      4231.80      286.960      13.3814
      4233.20      319.338      13.8940
      4234.60      326.773      15.0244
      4236.00      303.389      14.0331
      4237.40      291.757      13.2795
      4238.80      299.115      13.7860
      4240.20      311.426      14.4027
      4241.60      295.363      14.1305
      4243.00      312.698      14.6979
      4244.40      314.478      14.4552
      4245.80      312.972      14.3386
      4247.20      321.676      14.5728
      4248.60      314.716      14.7299
      4250.00      298.926      13.8357
      4251.40      300.205      13.8585
      4252.80      304.340      14.0076
      4254.20      285.337      13.4051
      4255.60      304.491      13.6290
      4257.00      308.560      14.1717
      4258.40      305.331      14.3034
      4259.80      316.626      14.1610
      4261.20      314.745      14.6269
      4262.60      307.137      14.2893
      4264.00      303.271      13.7732
      4265.40      300.059      13.8902
      4266.80      315.633      14.7616
      4268.20      326.201      14.9784
      4269.60      321.586      14.5963
      4271.00      311.871      14.0785
      4272.40      319.812      14.4942
      4273.80      307.361      13.9999
      4275.20      285.705      13.3286
      4276.60      287.199      12.8455
      4278.00      291.686      13.4684
      4279.40      306.144      13.7562
      4280.80      317.394      14.3287
      4282.20      317.689      14.2780
      4283.60      322.532      14.6025
      4285.00      318.122      14.1959
      4286.40      318.376      13.9475
      4287.80      310.411      13.7650
      4289.20      316.720      13.8958
      4290.60      313.212      14.3176
      4292.00      291.913      13.1808
      4293.40      271.675      12.7420
      4294.80      290.941      15.0675
      4296.20      311.784      17.6640
      4297.60      303.548      13.6581
      4299.00      296.290      13.0096
      4300.40      302.709      13.4893
      4301.80      297.792      13.4576
      4303.20      267.487      12.2308
      4304.60      264.721      12.2316
      4306.00      264.007      12.0564
      4307.40      279.630      13.0556
      4308.80      295.899      12.9585
      4310.20      289.426      13.2822
      4311.60      276.835      12.9185
      4313.00      279.353      12.9739
      4314.40      308.947      13.4537
      4315.80      300.868      13.3498
      4317.20      273.562      12.4320
      4318.60      269.667      12.3348
      4320.00      294.997      13.1608
      4321.40      302.868      13.6298
      4322.80      298.976      13.5461
      4324.20      276.252      12.3234
      4325.60      290.886      12.8381
      4327.00      298.341      13.2708
      4328.40      279.557      13.0201
      4329.80      267.186      12.4741
      4331.20      293.275      13.2961
      4332.60      289.383      13.0551
      4334.00      284.730      12.9152
      4335.40      277.970      12.5431
      4336.80      273.919      12.0756
      4338.20      268.453      12.1669
      4339.60      260.656      12.2028
      4341.00      221.393      11.0913
      4342.40      204.152      10.4545
      4343.80      163.185      9.02684
      4345.20      160.092      8.70160
      4346.60      206.385      10.0416
      4348.00      236.129      11.2593
      4349.40      251.586      11.7758
      4350.80      270.706      12.1275
      4352.20      288.634      13.5998
      4353.60      284.518      12.6682
      4355.00      257.681      11.8607
      4356.40      270.817      12.5562
      4357.80      276.946      12.5653
      4359.20      294.466      13.2303
      4360.60      304.438      13.9885
      4362.00      299.104      13.2104
      4363.40      298.649      13.2485
      4364.80      299.772      13.4571
      4366.20      304.431      13.2527
      4367.60      311.467      13.3989
      4369.00      320.550      13.8563
      4370.40      300.156      13.5792
      4371.80      303.084      13.2625
      4373.20      300.950      13.3152
      4374.60      312.548      13.6562
      4376.00      317.322      13.6228
      4377.40      292.304      12.7069
      4378.80      287.951      12.7155
      4380.20      295.151      12.9869
      4381.60      306.541      13.3826
      4383.00      303.664      13.3209
      4384.40      312.752      13.2720
      4385.80      300.055      13.2744
      4387.20      275.493      12.2871
      4388.60      282.664      12.6338
      4390.00      298.225      12.8437
      4391.40      305.598      13.0252
      4392.80      303.334      13.0425
      4394.20      300.919      12.7698
      4395.60      300.309      13.2804
      4397.00      296.021      13.1500
      4398.40      281.458      12.0566
      4399.80      280.068      12.3971
      4401.20      303.612      13.0480
      4402.60      291.275      13.2431
      4404.00      278.789      12.8653
      4405.40      291.518      12.8559
      4406.80      297.062      12.6820
      4408.20      282.368      12.3973
      4409.60      298.682      12.8491
      4411.00      296.585      12.7731
      4412.40      297.864      13.3203
      4413.80      305.373      13.1628
      4415.20      297.566      13.1102
      4416.60      317.260      13.4683
      4418.00      289.838      12.6265
      4419.40      277.728      12.1638
      4420.80      267.196      12.3211
      4422.20      277.017      12.3352
      4423.60      296.343      12.7977
      4425.00      308.750      12.8464
      4426.40      290.807      12.7739
      4427.80      294.765      12.8374
      4429.20      300.411      12.9132
      4430.60      291.916      12.8994
      4432.00      294.502          Inf
      4433.40      297.089          Inf
      4434.80      299.675      12.9397
      4436.20      302.124      13.1873
      4437.60      295.436      12.7746
      4439.00      279.802      12.7363
      4440.40      289.608      12.6948
      4441.80      310.413      12.9996
      4443.20      298.373      12.9763
      4444.60      299.887      13.1577
      4446.00      282.333      12.6943
      4447.40      263.300      11.7732
      4448.80      276.787      12.3049
      4450.20      296.820      12.5788
      4451.60      288.199      12.5137
      4453.00      301.095      13.0197
      4454.40      291.355      12.6957
      4455.80      287.154      12.5104
      4457.20      298.614      12.9708
      4458.60      287.815      12.7738
      4460.00      287.959      12.5594
      4461.40      295.484      12.7307
      4462.80      292.258      12.0783
      4464.20      293.258      12.9837
      4465.60      304.713      12.8428
      4467.00      291.138      12.7719
      4468.40      297.312      12.5496
      4469.80      288.351      12.5357
      4471.20      283.726      12.2833
      4472.60      269.945      11.7809
      4474.00      274.540      11.6710
      4475.40      291.172      12.9237
      4476.80      291.061      12.3076
      4478.20      295.811      12.7709
      4479.60      289.934      12.6970
      4481.00      297.318      12.7227
      4482.40      301.671      13.0179
      4483.80      295.152      12.7774
      4485.20      272.199      12.2394
      4486.60      278.405      12.1581
      4488.00      290.195      12.3816
      4489.40      296.852      13.2586
      4490.80      306.439      15.3669
      4492.20      284.528      12.2495
      4493.60      289.745      12.4204
      4495.00      285.495      12.1317
      4496.40      289.185      12.2888
      4497.80      282.741      12.2888
      4499.20      292.518      12.2019
      4500.60      293.816      13.1023
      4502.00      291.258      12.4693
      4503.40      297.020      13.0186
      4504.80      278.691      12.6151
      4506.20      287.468      12.3479
      4507.60      288.796      12.4178
      4509.00      296.215      12.9270
      4510.40      301.675      12.2565
      4511.80      301.445      12.0706
      4513.20      292.178      12.8698
      4514.60      295.224      12.5517
      4516.00      302.289      12.4782
      4517.40      293.498      12.6311
      4518.80      300.000      12.9102
      4520.20      295.717      12.9066
      4521.60      295.422      12.1433
      4523.00      289.473      12.3439
      4524.40      298.253      12.5270
      4525.80      284.961      12.2783
      4527.20      280.470      12.2322
      4528.60      284.637      12.0738
      4530.00      289.981      12.2723
      4531.40      284.049      12.0040
      4532.80      279.179      12.2229
      4534.20      287.539      12.1304
      4535.60      293.716      12.7096
      4537.00      274.334      11.9184
      4538.40      271.451      11.7680
      4539.80      289.570      12.2074
      4541.20      296.356      12.6157
      4542.60      297.386      12.4107
      4544.00      297.234      12.6163
      4545.40      291.562      11.9210
      4546.80      291.716      12.4605
      4548.20      294.282      12.2598
      4549.60      293.719      12.2614
      4551.00      294.619      12.2798
      4552.40      273.635      11.6324
      4553.80      268.750      11.6435
      4555.20      279.834      11.7621
      4556.60      287.006      12.5805
      4558.00      278.647      11.9689
      4559.40      271.271      11.6991
      4560.80      280.530      11.8720
      4562.20      286.478      12.2785
      4563.60      287.268      12.2150
      4565.00      299.594      12.4088
      4566.40      285.998      12.0824
      4567.80      269.655      11.4162
      4569.20      277.222      11.6390
      4570.60      293.008      12.2384
      4572.00      290.753      12.0197
      4573.40      292.345      11.7865
      4574.80      286.398      12.0420
      4576.20      264.654      11.7453
      4577.60      291.790      12.3175
      4579.00      296.964      11.9900
      4580.40      286.149      12.0376
      4581.80      292.668      12.0254
      4583.20      288.978      12.0900
      4584.60      284.494      11.6145
      4586.00      275.551      11.8279
      4587.40      267.738      11.3464
      4588.80      272.652      11.2830
      4590.20      286.976      12.0546
      4591.60      287.583      11.9205
      4593.00      282.068      11.7435
      4594.40      280.544      11.5496
      4595.80      282.921      11.8543
      4597.20      289.130      12.0656
      4598.60      292.787      12.2082
      4600.00      288.337      11.8379
      4601.40      292.870      12.3632
      4602.80      288.847      12.0393
      4604.20      291.082      12.0269
      4605.60      289.658      11.8582
      4607.00      286.015      11.7725
      4608.40      284.046      12.1036
      4609.80      286.916      12.0735
      4611.20      291.311      12.1535
      4612.60      286.318      11.8604
      4614.00      289.323      12.0691
      4615.40      285.658      12.2003
      4616.80      292.057      11.9326
      4618.20      291.993      12.1676
      4619.60      286.327      11.7354
      4621.00      285.797      11.9656
      4622.40      278.207      11.5705
      4623.80      281.752      11.7260
      4625.20      291.554      12.1717
      4626.60      284.546      12.0324
      4628.00      283.728      12.1046
      4629.40      289.603      12.0506
      4630.80      286.073      12.4415
      4632.20      290.143      11.8430
      4633.60      272.196      11.3868
      4635.00      286.474      11.5962
      4636.40      285.037      11.9900
      4637.80      278.142      11.7402
      4639.20      282.710      11.8114
      4640.60      293.383      12.0414
      4642.00      285.953      12.1809
      4643.40      291.789      12.0249
      4644.80      291.040      12.0701
      4646.20      290.812      12.0310
      4647.60      288.708      11.9728
      4649.00      288.569      11.8410
      4650.40      285.386      11.9333
      4651.80      290.328      11.9909
      4653.20      275.791      11.1357
      4654.60      290.013      11.6020
      4656.00      294.341      12.3978
      4657.40      282.760      11.4966
      4658.80      281.939      11.2634
      4660.20      276.771      11.5787
      4661.60      284.680      11.5885
      4663.00      287.922      12.0561
      4664.40      292.387      11.9100
      4665.80      288.475      11.7350
      4667.20      284.243      12.0230
      4668.60      285.960      11.8358
      4670.00      283.020      11.7944
      4671.40      274.424      11.3606
      4672.80      281.360      11.6244
      4674.20      281.008      11.2456
      4675.60      281.185      11.4780
      4677.00      281.944      11.6742
      4678.40      283.142      11.5392
      4679.80      286.183      12.1611
      4681.20      284.809      11.6631
      4682.60      280.726      11.4902
      4684.00      279.978      11.4596
      4685.40      284.219      11.9441
      4686.80      278.097      11.5035
      4688.20      284.007      11.7364
      4689.60      290.193      11.9955
      4691.00      281.410      11.5706
      4692.40      290.448      11.8911
      4693.80      284.903      11.3857
      4695.20      286.968      11.7838
      4696.60      281.882      11.9743
      4698.00      285.342      11.6751
      4699.40      284.748      11.9694
      4700.80      283.777      12.0841
      4702.20      279.873      11.7422
      4703.60      278.480      11.9662
      4705.00      275.987      11.7397
      4706.40      276.893      11.6041
      4707.80      276.814      11.3186
      4709.20      285.302      11.8650
      4710.60      278.808      11.5066
      4712.00      276.340      11.5975
      4713.40      277.576      11.5694
      4714.80      280.768      11.8635
      4716.20      289.441      11.9044
      4717.60      287.009      11.8984
      4719.00      280.030      11.7695
      4720.40      287.641      11.6948
      4721.80      281.645      11.2942
      4723.20      280.708      11.3721
      4724.60      276.868      11.1081
      4726.00      286.605      11.4675
      4727.40      277.670      11.2587
      4728.80      281.922      11.4621
      4730.20      291.361      11.8223
      4731.60      286.085      11.7120
      4733.00      282.240      11.6271
      4734.40      282.734      12.1373
      4735.80      280.117      11.4560
      4737.20      282.408      12.2036
      4738.60      280.849      11.7942
      4740.00      279.635      11.4614
      4741.40      278.450      11.2372
      4742.80      279.739      11.3002
      4744.20      284.890      11.5226
      4745.60      284.867      11.5856
      4747.00      287.027      11.5721
      4748.40      289.352      11.4366
      4749.80      282.320      11.5036
      4751.20      280.842      11.4563
      4752.60      278.952      11.3224
      4754.00      273.479      11.1167
      4755.40      281.754      11.5498
      4756.80      282.185      11.4759
      4758.20      280.793      11.5951
      4759.60      281.486      11.5519
      4761.00      282.343      11.8008
      4762.40      283.623      11.7678
      4763.80      273.795      11.0968
      4765.20      275.652      11.3216
      4766.60      270.867      10.8732
      4768.00      269.068      10.9430
      4769.40      276.707      11.2147
      4770.80      280.383      11.4557
      4772.20      279.635      11.5257
      4773.60      281.595      11.3402
      4775.00      286.484      11.6128
      4776.40      279.006      11.3640
      4777.80      278.712      11.1351
      4779.20      285.656      11.7632
      4780.60      282.036      11.9434
      4782.00      277.264      11.6068
      4783.40      277.022      11.3380
      4784.80      273.818      11.0399
      4786.20      275.060      11.0789
      4787.60      274.209      11.0584
      4789.00      272.662      11.3136
      4790.40      274.650      11.2972
      4791.80      274.167      11.1198
      4793.20      273.967      11.0522
      4794.60      268.017      10.9207
      4796.00      270.713      11.0458
      4797.40      274.907      10.8304
      4798.80      269.375      11.1547
      4800.20      277.544      11.0825
      4801.60      285.401      11.6263
      4803.00      276.871      11.5251
      4804.40      280.604      11.5735
      4805.80      272.824      11.2561
      4807.20      273.002      11.0962
      4808.60      268.061      10.8738
      4810.00      268.322      11.0860
      4811.40      271.387      11.1178
      4812.80      271.695      10.9102
      4814.20      276.467      11.4481
      4815.60      274.802      11.2309
      4817.00      273.396      11.0743
      4818.40      273.457      11.1093
      4819.80      278.435      11.4555
      4821.20      276.803      11.1645
      4822.60      277.132      11.3604
      4824.00      277.944      11.3423
      4825.40      275.807      11.1360
      4826.80      274.733      11.1667
      4828.20      259.278      10.8670
      4829.60      266.069      10.9756
      4831.00      275.277      11.6405
      4832.40      277.765      11.3083
      4833.80      276.488      11.5498
      4835.20      277.550      11.5259
      4836.60      274.330      11.3347
      4838.00      275.880      11.5222
      4839.40      268.741      11.1977
      4840.80      275.236      11.0334
      4842.20      270.330      11.0689
      4843.60      262.514      11.0813
      4845.00      267.230      11.4058
      4846.40      271.983      11.2288
      4847.80      268.445      11.3525
      4849.20      267.036      10.9472
      4850.60      264.193      10.8916
      4852.00      257.746      10.8700
      4853.40      257.362      10.9078
      4854.80      258.242      10.6624
      4856.20      254.235      10.5121
      4857.60      254.786      10.4820
      4859.00      248.754      10.5956
      4860.40      233.286      9.88422
      4861.80      229.971      9.74881
      4863.20      202.216      8.64751
      4864.60      166.233      7.89569
      4866.00      136.575      6.64328
      4867.40      178.281      7.79929
      4868.80      209.755      8.93223
      4870.20      232.460      9.69333
      4871.60      237.826      9.87636
      4873.00      246.572      9.89613
      4874.40      249.092      10.2926
      4875.80      241.728      10.0112
      4877.20      249.392      10.3435
      4878.60      257.048      10.7651
      4880.00      252.613      10.6737
      4881.40      250.688      10.4715
      4882.80      254.755      10.4620
      4884.20      265.037      11.0361
      4885.60      265.794      10.6681
      4887.00      262.979      10.7372
      4888.40      257.120      10.3089
      4889.80      266.346      10.5779
      4891.20      264.819      10.8811
      4892.60      269.117      10.7530
      4894.00      256.880      10.2602
      4895.40      251.487      10.4053
      4896.80      257.723      10.5869
      4898.20      261.866      10.5425
      4899.60      268.537      10.8871
      4901.00      270.920      10.8359
      4902.40      267.511      10.7681
      4903.80      267.032      10.8015
      4905.20      268.007      10.5593
      4906.60      266.195      10.7707
      4908.00      266.584      10.6923
      4909.40      267.130      10.8721
      4910.80      263.969      10.7120
      4912.20      267.178      10.9128
      4913.60      269.422      10.7943
      4915.00      262.700      10.6609
      4916.40      266.131      10.7639
      4917.80      268.111      10.6870
      4919.20      268.726      10.9502
      4920.60      268.159      10.7306
      4922.00      265.163      10.5131
      4923.40      255.320      10.4329
      4924.80      251.822      10.3640
      4926.20      259.109      10.5536
      4927.60      253.763      10.3113
      4929.00      246.905      10.1321
      4930.40      265.115      10.6887
      4931.80      264.871      10.4730
      4933.20      265.081      10.3147
      4934.60      265.796      10.4167
      4936.00      267.811      10.9227
      4937.40      256.027      10.4841
      4938.80      252.382      10.2125
      4940.20      261.754      10.4004
      4941.60      260.393      10.3928
      4943.00      257.152      10.5810
      4944.40      263.122      10.6656
      4945.80      269.584      10.8983
      4947.20      270.179      10.8570
      4948.60      266.570      10.7240
      4950.00      266.649      10.5212
      4951.40      273.556      10.9560
      4952.80      270.611      11.0597
      4954.20      266.737      10.7762
      4955.60      267.632      10.5744
      4957.00      270.318      10.8513
      4958.40      266.553      10.4692
      4959.80      264.287      10.5430
      4961.20      249.181      10.1769
      4962.60      249.604      10.0323
      4964.00      252.582      10.0905
      4965.40      263.688      10.7672
      4966.80      269.562      10.7784
      4968.20      265.016      10.6807
      4969.60      267.219      10.7690
      4971.00      267.489      10.6754
      4972.40      263.057      10.3879
      4973.80      263.189      10.4892
      4975.20      262.718      10.5539
      4976.60      268.688      10.6922
      4978.00      267.932      10.7235
      4979.40      263.290      10.1658
      4980.80      266.792      10.5065
      4982.20      265.075      10.6742
      4983.60      260.098      10.3752
      4985.00      255.850      10.1803
      4986.40      252.626      10.2619
      4987.80      252.661      10.1141
      4989.20      254.573      10.2171
      4990.60      257.858      10.2342
      4992.00      265.947      10.6672
      4993.40      259.585      10.3893
      4994.80      261.189      10.3792
      4996.20      256.570      10.3998
      4997.60      257.615      10.4346
      4999.00      254.710      10.0601
