      3900.00      82.8422      15.4138
      3901.40      76.8401      16.2176
      3902.80      93.7723      16.6648
      3904.20      84.9901      16.7351
      3905.60      91.2824      15.9368
      3907.00      92.1595      16.3128
      3908.40      99.9343      15.6719
      3909.80      111.424      15.8063
      3911.20      109.075      16.0672
      3912.60      117.550      16.7127
      3914.00      106.695      15.7881
      3915.40      103.875      15.2451
      3916.80      91.4774      13.9334
      3918.20      97.0374      14.5485
      3919.60      103.272      14.1208
      3921.00      100.260      13.8566
      3922.40      114.067      14.2067
      3923.80      95.6346      14.0998
      3925.20      123.883      14.4664
      3926.60      100.964      14.8924
      3928.00      93.0497      14.8944
      3929.40      119.332      14.9379
      3930.80      102.687      13.1891
      3932.20      86.1279      12.3145
      3933.60      66.1196      10.8456
      3935.00      54.2694      10.8025
      3936.40      74.5869      10.9193
      3937.80      88.4174      12.6386
      3939.20      106.648      13.3767
      3940.60      105.930      13.3608
      3942.00      112.923      14.2560
      3943.40      89.0105      14.0889
      3944.80      116.172      13.7416
      3946.20      100.327      12.8553
      3947.60      117.361      13.6474
      3949.00      99.5984      12.8161
      3950.40      92.0378      13.7247
      3951.80      101.894      14.1633
      3953.20      115.394      15.3080
      3954.60      114.167      15.2451
      3956.00      98.3859      14.0242
      3957.40      92.5196      13.7909
      3958.80      97.8736      12.9278
      3960.20      99.1142      13.4349
      3961.60      93.7252      12.5105
      3963.00      96.7873      12.9579
      3964.40      87.0644      13.1654
      3965.80      86.1424      12.7004
      3967.20      65.7278      12.1879
      3968.60      44.9100      10.7724
      3970.00      36.4308      10.3008
      3971.40      35.7206      11.8782
      3972.80      48.5688      12.0272
      3974.20      73.9954      13.4735
      3975.60      84.1169      13.1898
      3977.00      78.4029      13.9338
      3978.40      93.2138      14.0386
      3979.80      106.852      15.0712
      3981.20      103.982      15.7534
      3982.60      105.155      14.7453
      3984.00      121.509      14.4371
      3985.40      101.548      14.2385
      3986.80      105.106      13.2602
      3988.20      106.673      12.8233
      3989.60      112.578      13.2694
      3991.00      108.519      12.9093
      3992.40      112.845      12.9031
      3993.80      111.219      12.2498
      3995.20      108.147      14.2187
      3996.60      101.202      14.8428
      3998.00      121.794      14.6502
      3999.40      100.237      13.6430
      4000.80      112.461      13.1094
      4002.20      115.605      12.7357
      4003.60      117.788      12.0463
      4005.00      100.389      12.3108
      4006.40      107.771      11.8299
      4007.80      110.340      12.6710
      4009.20      112.381      12.9252
      4010.60      103.329      12.5205
      4012.00      110.908      12.5544
      4013.40      114.846      12.6212
      4014.80      116.967      12.6095
      4016.20      114.763      12.4961
      4017.60      112.977      13.1735
      4019.00      112.604      13.8673
      4020.40      106.104      12.6517
      4021.80      114.590      12.1145
      4023.20      109.517      11.6849
      4024.60      108.210      12.4552
      4026.00      103.884      12.6686
      4027.40      102.681      11.6110
      4028.80      116.590      12.3759
      4030.20      105.511      11.9036
      4031.60      102.964      11.5664
      4033.00      116.544      13.0481
      4034.40      111.822          Inf
      4035.80      107.100      18.3347
      4037.20      111.458      13.1557
      4038.60      108.785      13.2862
      4040.00      111.657      11.8713
      4041.40      102.544      12.2835
      4042.80      114.660      13.0323
      4044.20      110.769      12.9164
      4045.60      112.145      12.8135
      4047.00      97.7937      13.3224
      4048.40      97.2801      12.5182
      4049.80      99.1627      12.3779
      4051.20      114.344      12.7710
      4052.60      104.558      12.1974
      4054.00      99.7921      12.4735
      4055.40      109.033      12.8715
      4056.80      113.406      12.5147
      4058.20      111.361      11.7965
      4059.60      107.221      12.5437
      4061.00      107.998      12.3420
      4062.40      106.984      11.9446
      4063.80      97.8799      11.5857
      4065.20      114.887      12.6658
      4066.60      110.047      13.0174
      4068.00      124.931      14.6234
      4069.40      114.961      13.1564
      4070.80      101.685      12.7450
      4072.20      105.293      12.3267
      4073.60      100.265      11.7855
      4075.00      108.080      12.3158
      4076.40      114.294      13.1594
      4077.80      107.131      12.1121
      4079.20      94.4762      12.5888
      4080.60      91.8839      11.7555
      4082.00      115.030      12.1754
      4083.40      103.678      11.7751
      4084.80      105.148      12.0331
      4086.20      112.836      12.1093
      4087.60      109.560      12.3369
      4089.00      115.019      11.9601
      4090.40      89.9755      11.1157
      4091.80      99.4827      10.9425
      4093.20      94.3822      11.4132
      4094.60      95.8047      11.0201
      4096.00      86.3820      11.1509
      4097.40      79.9560      10.8318
      4098.80      84.2718      9.86269
      4100.20      67.4296      9.53690
      4101.60      58.4622      9.16662
      4103.00      48.3844      8.71405
      4104.40      67.5113      9.33448
      4105.80      80.7479      9.93354
      4107.20      75.0310      10.2064
      4108.60      81.0249      10.0480
      4110.00      90.6164      10.6685
      4111.40      84.8590      11.3362
      4112.80      87.0439      11.6485
      4114.20      109.337      11.7441
      4115.60      101.272      10.9408
      4117.00      94.2321      10.1607
      4118.40      97.5048      10.4409
      4119.80      102.367      10.4908
      4121.20      101.753      10.6644
      4122.60      95.9179      11.3204
      4124.00      113.418      12.3420
      4125.40      99.5007      12.1947
      4126.80      101.555      11.5316
      4128.20      101.363      10.8306
      4129.60      112.842      11.2183
      4131.00      105.573      11.1887
      4132.40      93.5264      11.2233
      4133.80      101.814      11.6209
      4135.20      91.4823      11.7798
      4136.60      108.389      12.1231
      4138.00      95.3897      11.6495
      4139.40      109.470      11.4587
      4140.80      103.194      11.1564
      4142.20      118.005      11.1528
      4143.60      101.235      10.4894
      4145.00      123.048      11.0814
      4146.40      95.1098      9.87080
      4147.80      107.563      10.9021
      4149.20      97.1749      10.8640
      4150.60      101.491      10.1040
      4152.00      114.782      10.7937
      4153.40      104.337      10.4478
      4154.80      104.476      10.3157
      4156.20      110.610      10.7405
      4157.60      110.435      11.0071
      4159.00      106.862      10.9777
      4160.40      92.8847      10.2540
      4161.80      106.717      10.6866
      4163.20      101.120      10.5846
      4164.60      95.4221      9.97251
      4166.00      103.437      10.3892
      4167.40      103.354      10.3519
      4168.80      108.273      10.4500
      4170.20      106.536      10.5279
      4171.60      102.947      10.5911
      4173.00      103.306      10.4742
      4174.40      105.191      10.0392
      4175.80      108.332      10.6251
      4177.20      108.363      10.1879
      4178.60      107.402      10.1496
      4180.00      100.977      9.79509
      4181.40      110.934      10.2129
      4182.80      97.8032      9.39317
      4184.20      91.3563      9.16078
      4185.60      110.315      10.1195
      4187.00      97.9391      10.1211
      4188.40      99.4110      9.29096
      4189.80      105.754      10.2138
      4191.20      106.198      10.1011
      4192.60      102.386      10.4216
      4194.00      111.319      10.7604
      4195.40      105.750      10.5444
      4196.80      115.424      10.7400
      4198.20      104.890      10.1457
      4199.60      104.259      9.94973
      4201.00      104.629      9.63682
      4202.40      105.273      9.89052
      4203.80      99.9625      9.56884
      4205.20      100.029      9.42003
      4206.60      110.867      10.4801
      4208.00      101.477      9.79125
      4209.40      102.604      9.73728
      4210.80      101.599      10.0902
      4212.20      103.651      10.2985
      4213.60      107.695      9.63495
      4215.00      100.668      10.1964
      4216.40      103.689      10.0495
      4217.80      100.891      9.89036
      4219.20      101.578      9.45305
      4220.60      95.6879      9.21640
      4222.00      99.3876      9.60713
      4223.40      102.729      9.72320
      4224.80      105.204      9.56661
      4226.20      97.3490      9.16670
      4227.60      100.861      9.10506
      4229.00      92.4196      9.03055
      4230.40      111.858      9.60156
      4231.80      108.684      9.99766
      4233.20      103.595      9.47077
      4234.60      109.364      9.76476
      4236.00      102.007      9.73106
      4237.40      98.2044      8.96295
      4238.80      107.239      9.37134
      4240.20      106.190      9.71763
      4241.60      115.543      10.1599
      4243.00      109.204      10.0267
      4244.40      107.845      9.76687
      4245.80      103.518      9.86058
      4247.20      107.084      10.3517
      4248.60      100.158      9.99569
      4250.00      93.4875      9.23380
      4251.40      104.174      9.23329
      4252.80      109.067      9.34769
      4254.20      103.932      8.97967
      4255.60      95.1396      9.03265
      4257.00      105.798      9.27933
      4258.40      110.681      9.67534
      4259.80      96.6833      10.3847
      4261.20      101.857      11.5321
      4262.60      99.9801      10.7147
      4264.00      106.179      9.37593
      4265.40      113.132      9.54053
      4266.80      110.992      10.0730
      4268.20      103.100      9.57465
      4269.60      117.937      9.88015
      4271.00      101.471      9.18881
      4272.40      97.7018      9.51045
      4273.80      95.4768      9.49617
      4275.20      99.1882      9.40045
      4276.60      107.582      9.44070
      4278.00      102.782      9.23268
      4279.40      105.333      9.21729
      4280.80      110.977      10.0463
      4282.20      100.507      9.77775
      4283.60      115.587      9.67698
      4285.00      115.412      9.24910
      4286.40      105.071      9.01407
      4287.80      99.7680      9.42447
      4289.20      99.7065      8.86798
      4290.60      97.9416      9.23297
      4292.00      98.8864      9.31125
      4293.40      100.124      9.20570
      4294.80      108.722      9.32496
      4296.20      107.447      9.59548
      4297.60      100.132      9.92936
      4299.00      109.546      9.95744
      4300.40      99.7308      9.14756
      4301.80      87.3782      8.77708
      4303.20      98.1845      8.69946
      4304.60      103.832      8.69390
      4306.00      96.6847      8.46067
      4307.40      97.3529      8.81315
      4308.80      92.5745      8.71205
      4310.20      113.577      9.30537
      4311.60      109.955      9.23616
      4313.00      100.786      8.81869
      4314.40      95.2981      8.43415
      4315.80      97.2559      8.73099
      4317.20      95.8115      8.47472
      4318.60      105.667      9.12710
      4320.00      104.404      9.45964
      4321.40      98.3675      8.93752
      4322.80      96.3103      9.25591
      4324.20      94.2740      8.46698
      4325.60      85.1068      8.07621
      4327.00      89.1039      8.44064
      4328.40      90.1394      8.58283
      4329.80      89.3329      9.04741
      4331.20      93.3960      8.91910
      4332.60      88.1508      8.71057
      4334.00      88.6806      8.36547
      4335.40      93.7028      8.81855
      4336.80      87.4063      8.24913
      4338.20      81.0683      7.79181
      4339.60      60.7687      7.33659
      4341.00      47.3795      6.58168
      4342.40      53.3154      6.92355
      4343.80      58.0157      7.36290
      4345.20      75.9355      7.92380
      4346.60      81.9526      8.25743
      4348.00      80.3363      8.02883
      4349.40      90.0113      8.00019
      4350.80      86.4430      8.78238
      4352.20      91.8557      9.10788
      4353.60      96.0433      9.17139
      4355.00      97.4746      8.98342
      4356.40      93.4362      8.21146
      4357.80      97.0185      8.54715
      4359.20      94.7812      10.3361
      4360.60      106.119      10.7149
      4362.00      99.3254      9.24717
      4363.40      114.307      9.00066
      4364.80      116.397      9.64661
      4366.20      97.0163      8.91799
      4367.60      95.8701      8.76567
      4369.00      100.544      8.61727
      4370.40      88.1697      8.36028
      4371.80      105.396      9.07593
      4373.20      104.883      8.95193
      4374.60      100.924      8.65270
      4376.00      98.4956      8.27629
      4377.40      107.565      8.45252
      4378.80      100.912      8.82115
      4380.20      112.811      8.88440
      4381.60      104.592      8.94772
      4383.00      105.832      9.01603
      4384.40      106.770      8.79967
      4385.80      100.395      8.58516
      4387.20      102.768      8.79679
      4388.60      104.169      8.80718
      4390.00      96.9052      8.90258
      4391.40      100.476      8.49173
      4392.80      101.982      8.96931
      4394.20      99.4349      8.72856
      4395.60      94.9586      8.61942
      4397.00      93.2574      8.18657
      4398.40      100.086      8.70905
      4399.80      101.324      8.37179
      4401.20      102.509      8.50893
      4402.60      99.5670      8.27968
      4404.00      100.254      8.91413
      4405.40      110.376      8.79944
      4406.80      91.7891      8.15058
      4408.20      102.227      8.56868
      4409.60      104.781      8.62698
      4411.00      102.583      8.55905
      4412.40      95.4177      8.51100
      4413.80      97.2484      8.40039
      4415.20      101.784      8.40366
      4416.60      90.4216      8.12088
      4418.00      103.258      8.52943
      4419.40      103.590      8.36423
      4420.80      105.991      8.40824
      4422.20      97.3039      8.71193
      4423.60      100.851      8.91620
      4425.00      104.027      9.07317
      4426.40      104.849      9.03564
      4427.80      99.0356      8.96785
      4429.20      95.5761      8.89741
      4430.60      99.2000      8.39597
      4432.00      100.181      8.19648
      4433.40      102.827      8.32137
      4434.80      101.209      8.41925
      4436.20      109.324      8.25952
      4437.60      89.6162      8.23979
      4439.00      105.192      8.97288
      4440.40      97.2796      8.95023
      4441.80      105.827      8.56943
      4443.20      93.6456      7.60649
      4444.60      96.4824      7.86126
      4446.00      98.1771      8.18134
      4447.40      104.776      9.01437
      4448.80      101.351      9.55615
      4450.20      100.846      9.62600
      4451.60      100.061      8.55956
      4453.00      92.9592      7.92064
      4454.40      95.7621      8.05938
      4455.80      94.0641      8.12523
      4457.20      95.2580      7.88019
      4458.60      102.783      7.88041
      4460.00      94.9175      7.76588
      4461.40      102.818      7.86399
      4462.80      99.2918      7.96102
      4464.20      104.337      7.68997
      4465.60      95.4604      8.09063
      4467.00      103.044      8.03093
      4468.40      98.0952      8.00172
      4469.80      89.6176      7.91827
      4471.20      100.215      8.27848
      4472.60      94.4649      8.24197
      4474.00      97.6858      8.07454
      4475.40      97.5716      7.70773
      4476.80      92.3741      7.76489
      4478.20      95.4792      7.94885
      4479.60      103.241      8.69798
      4481.00      94.6593      7.93821
      4482.40      88.2061      7.63077
      4483.80      92.4012      8.02803
      4485.20      92.7762      7.36945
      4486.60      97.7973      8.03488
      4488.00      100.985      7.73621
      4489.40      97.7609      7.67617
      4490.80      93.0238      7.74904
      4492.20      98.0150      7.97465
      4493.60      100.649      8.53316
      4495.00      98.5458      8.59503
      4496.40      100.219      8.90460
      4497.80      102.650      8.55043
      4499.20      103.512      8.27858
      4500.60      100.534      8.18138
      4502.00      102.279      7.79753
      4503.40      94.5870      7.57884
      4504.80      95.4183      7.65734
      4506.20      92.7837      7.98745
      4507.60      95.1999      7.78814
      4509.00      87.9807      7.31232
      4510.40      94.6969      7.74913
      4511.80      100.600      7.93781
      4513.20      102.473      7.89006
      4514.60      96.5440      7.88347
      4516.00      101.111      7.97166
      4517.40      94.4718      7.47074
      4518.80      96.6714      7.80638
      4520.20      104.128      7.72177
      4521.60      102.103      7.85505
      4523.00      96.1103      8.11796
      4524.40      102.239      8.08366
      4525.80      101.833      8.02512
      4527.20      94.1593      7.82458
      4528.60      92.9026      7.47950
      4530.00      103.228      7.85837
      4531.40      102.164      7.92830
      4532.80      96.5277      7.88757
      4534.20      99.6753      7.39311
      4535.60      82.3588      7.64635
      4537.00      97.6715      7.96644
      4538.40      92.8160      8.00616
      4539.80      97.9473      7.77406
      4541.20      96.8365      7.78313
      4542.60      99.3584      7.64160
      4544.00      100.826      8.13002
      4545.40      100.280      7.80407
      4546.80      95.7590      7.85014
      4548.20      93.4461      7.75171
      4549.60      94.6817      8.07992
      4551.00      95.8587      7.99141
      4552.40      87.3008      7.80590
      4553.80      99.7718      8.11406
      4555.20      84.7226      7.56368
      4556.60      89.1955      7.41918
      4558.00      97.7631      7.62814
      4559.40      104.491      7.71366
      4560.80      96.9936      7.77126
      4562.20      103.300      8.04214
      4563.60      99.9515      7.55400
      4565.00      100.162      7.98704
      4566.40      101.344      7.92801
      4567.80      101.648      7.97293
      4569.20      100.410      8.25651
      4570.60      98.2046      8.13049
      4572.00      97.4133      7.67758
      4573.40      101.084      7.47781
      4574.80      92.2307      7.84425
      4576.20      98.8970      7.95021
      4577.60      103.377      7.64390
      4579.00      100.259      7.47954
      4580.40      96.9205      7.77286
      4581.80      95.8984      7.43316
      4583.20      99.9540      7.69002
      4584.60      98.3081      7.68206
      4586.00      95.5229      7.29404
      4587.40      96.5482      7.25881
      4588.80      91.2087      7.79840
      4590.20      98.4449      8.15274
      4591.60      103.062      7.70318
      4593.00      88.3258      6.84796
      4594.40      95.3400      7.22459
      4595.80      94.1378      7.45678
      4597.20      94.2043      7.30561
      4598.60      101.510      7.47822
      4600.00      98.1291      7.35505
      4601.40      94.4641      7.73176
      4602.80      92.3792      7.98816
      4604.20      96.5740      7.72272
      4605.60      87.7470      7.34570
      4607.00      99.7573      7.41377
      4608.40      97.5421      7.19671
      4609.80      96.7897      7.27040
      4611.20      98.7585      7.26253
      4612.60      100.204      7.27928
      4614.00      94.6619      7.54255
      4615.40      99.4580      7.14237
      4616.80      98.0445      7.42431
      4618.20      98.6859      7.42612
      4619.60      99.4825      7.39474
      4621.00      95.8735      7.27886
      4622.40      95.3995      7.26028
      4623.80      98.6660      7.49135
      4625.20      93.8674      7.03970
      4626.60      92.2785      6.93151
      4628.00      98.2231      7.04218
      4629.40      101.426      7.38066
      4630.80      102.310      7.57453
      4632.20      96.0729      7.20047
      4633.60      100.158      7.33023
      4635.00      92.9057      7.33323
      4636.40      96.2715      7.12879
      4637.80      95.7614      7.21644
      4639.20      93.0788      7.26470
      4640.60      100.317      7.64113
      4642.00      93.3052      7.13298
      4643.40      92.3136      6.88756
      4644.80      94.2087      7.09522
      4646.20      99.0195      7.29724
      4647.60      98.3810      7.17976
      4649.00      99.4522      7.36839
      4650.40      97.2519      7.21388
      4651.80      95.1042      7.15110
      4653.20      94.8000      7.25609
      4654.60      102.219      7.55686
      4656.00      93.5448      7.17445
      4657.40      95.3417      7.24027
      4658.80      95.1145      7.61507
      4660.20      90.4307      8.14997
      4661.60      98.4593      8.27514
      4663.00      98.0120      7.57844
      4664.40      97.8121      7.27119
      4665.80      96.2200      7.34886
      4667.20      94.6360      7.29315
      4668.60      99.0307      7.46980
      4670.00      97.2373      7.58824
      4671.40      96.0766      7.35746
      4672.80      93.3124      7.12900
      4674.20      91.0344      7.05969
      4675.60      96.3684      7.26545
      4677.00      89.7538      7.25339
      4678.40      94.7763      7.54836
      4679.80      95.2341      7.51689
      4681.20      95.5249      7.61256
      4682.60      92.0165      7.70841
      4684.00      97.9440      7.04868
      4685.40      86.2737      6.59424
      4686.80      102.829      7.14476
      4688.20      92.0504      7.18989
      4689.60      104.694      7.53429
      4691.00      89.2383      6.54065
      4692.40      94.5104      6.87075
      4693.80      95.1084      6.83628
      4695.20      100.435      7.26474
      4696.60      96.8998      7.29537
      4698.00      93.6029      7.07694
      4699.40      100.941      6.99653
      4700.80      95.3709      6.76336
      4702.20      97.9354      6.92455
      4703.60      87.2735      6.74632
      4705.00      93.7001      7.41666
      4706.40      95.9745      7.59041
      4707.80      94.0205      6.94881
      4709.20      96.3744      7.42293
      4710.60      92.3268      7.17233
      4712.00      93.5933      7.33821
      4713.40      88.4253      6.78222
      4714.80      94.8885      7.32858
      4716.20      93.4590      7.27687
      4717.60      98.3179      7.47234
      4719.00      96.5426      7.15873
      4720.40      94.7990      7.40779
      4721.80      99.0235      7.59635
      4723.20      102.586      7.74239
      4724.60      100.508      7.53064
      4726.00      95.5516      6.94188
      4727.40      96.6863      7.18164
      4728.80      97.7788      7.28834
      4730.20      92.5232      7.25030
      4731.60      94.3258      6.96977
      4733.00      99.1299      7.60665
      4734.40      97.7274      7.22909
      4735.80      96.0879      7.47299
      4737.20      97.9380      7.36308
      4738.60      96.4250      7.97829
      4740.00      92.2449      7.54793
      4741.40      94.4837      7.12373
      4742.80      95.2425      7.03132
      4744.20      95.6981      6.93991
      4745.60      99.9522      7.23651
      4747.00      103.903      7.12725
      4748.40      88.4261      6.73812
      4749.80      101.710      7.29715
      4751.20      100.185      7.10840
      4752.60      101.336      6.84562
      4754.00      97.5941      6.70566
      4755.40      95.5584      6.73639
      4756.80      92.1423      6.94291
      4758.20      91.4587      6.98134
      4759.60      98.3784      7.03554
      4761.00      98.5585      6.75355
      4762.40      93.6637      6.53263
      4763.80      90.6811      6.51580
      4765.20      95.2603      6.71638
      4766.60      96.7062      6.89188
      4768.00      99.1410      7.21267
      4769.40      91.4222      6.70340
      4770.80      90.0451      6.28335
      4772.20      92.3276      6.66551
      4773.60      98.3853      6.83841
      4775.00      93.1578      6.42188
      4776.40      90.1037      6.62187
      4777.80      86.8610      6.42288
      4779.20      96.2548      6.85668
      4780.60      89.6164      6.88268
      4782.00      88.7049      6.48027
      4783.40      90.1306      6.71961
      4784.80      86.3052      6.44519
      4786.20      94.8530      6.81236
      4787.60      96.2636      6.58946
      4789.00      93.4776      6.84201
      4790.40      95.0481      7.38525
      4791.80      91.5101      7.60010
      4793.20      93.5607      7.40948
      4794.60      92.9305      7.24743
      4796.00      88.6060      6.88410
      4797.40      92.4952      6.81838
      4798.80      94.4066      6.60090
      4800.20      94.8185      6.79331
      4801.60      91.5168      6.42396
      4803.00      97.3609      6.71084
      4804.40      93.8009      6.95325
      4805.80      96.0216      7.16941
      4807.20      88.2509      6.77537
      4808.60      101.324      6.71296
      4810.00      91.4602      6.78727
      4811.40      100.705      6.83016
      4812.80      92.9384      6.80377
      4814.20      96.4829      6.56653
      4815.60      88.4908      6.44410
      4817.00      86.4521      6.49158
      4818.40      97.1195      6.94109
      4819.80      87.3991      6.78332
      4821.20      91.0612      6.84170
      4822.60      90.5644      6.78302
      4824.00      92.6350      6.94459
      4825.40      90.1379      6.96084
      4826.80      87.7689      7.16131
      4828.20      92.5031      6.92269
      4829.60      91.5668      6.85696
      4831.00      87.7533      6.70423
      4832.40      87.4837      6.15490
      4833.80      90.5849      6.69165
      4835.20      92.8856      6.65531
      4836.60      85.8844      6.75193
      4838.00      93.4915      6.58638
      4839.40      88.8850      6.52889
      4840.80      92.3108      6.75368
      4842.20      88.8868      6.46319
      4843.60      91.2344      6.51985
      4845.00      88.8339      6.44856
      4846.40      85.8908      6.26873
      4847.80      82.8057      6.33309
      4849.20      84.9728      6.35790
      4850.60      82.4217      6.41112
      4852.00      81.5165      6.46348
      4853.40      89.7944      6.59717
      4854.80      79.6650      6.32176
      4856.20      82.9916      6.38870
      4857.60      78.5596      6.32889
      4859.00      75.0708      6.01805
      4860.40      67.4122      6.11099
      4861.80      52.6169      5.95692
      4863.20      48.1316      5.73018
      4864.60      58.4628      5.61110
      4866.00      69.0872      5.68559
      4867.40      74.9029      6.18715
      4868.80      85.7740      6.67856
      4870.20      77.9840      6.86074
      4871.60      86.8243      6.92181
      4873.00      81.1980      6.52544
      4874.40      89.5847      6.72047
      4875.80      82.6908      6.96920
      4877.20      92.7063      7.21326
      4878.60      94.0752      6.91875
      4880.00      83.1479      6.56729
      4881.40      88.3921      6.74908
      4882.80      85.3192      7.00401
      4884.20      83.6458      6.53584
      4885.60      88.2356      6.65384
      4887.00      95.0584      6.68421
      4888.40      91.8717      6.58576
      4889.80      90.0803      6.36708
      4891.20      87.1528      6.29002
      4892.60      83.1993      6.23822
      4894.00      86.3319      6.18654
      4895.40      91.7529      6.38251
      4896.80      96.3779      6.66657
      4898.20      87.1745      6.63065
      4899.60      99.7762      6.69718
      4901.00      91.6909      6.19127
      4902.40      92.5242      6.19282
      4903.80      88.8728      6.37964
      4905.20      84.0093      5.88350
      4906.60      93.5648      6.36908
      4908.00      93.6568      6.36776
      4909.40      102.104      6.61683
      4910.80      96.2418      6.69840
      4912.20      93.0942      6.31390
      4913.60      96.7512      6.59749
      4915.00      93.6943      6.75148
      4916.40      88.4501      6.57391
      4917.80      87.0024      6.56860
      4919.20      90.4278      6.24335
      4920.60      92.0711      6.09874
      4922.00      87.7562      6.15870
      4923.40      92.4162      6.53475
      4924.80      87.2506      6.45310
      4926.20      87.2611      6.56630
      4927.60      89.4164      6.78361
      4929.00      90.0804      6.69923
      4930.40      89.6095      6.33162
      4931.80      91.3319      6.27412
      4933.20      93.3745      6.31700
      4934.60      83.5490      6.01662
      4936.00      91.5889      6.21323
      4937.40      85.0822      6.18495
      4938.80      90.1677      6.20210
      4940.20      94.6371      6.61641
      4941.60      89.2246      6.32856
      4943.00      90.0202      6.12724
      4944.40      89.5609      6.36438
      4945.80      91.0255      6.24412
      4947.20      91.9286      6.39806
      4948.60      84.8603      6.06095
      4950.00      88.1877      5.98196
      4951.40      93.7038      6.47435
      4952.80      88.7047      6.62564
      4954.20      85.8240      7.16459
      4955.60      92.3385      7.30422
      4957.00      86.0607      6.61575
      4958.40      84.6869      6.06361
      4959.80      82.9432      6.00751
      4961.20      91.6029      6.09951
      4962.60      87.6809      6.32895
      4964.00      81.4912      6.16409
      4965.40      88.6803      6.25301
      4966.80      87.7289      6.13557
      4968.20      90.5440      6.63728
      4969.60      93.4691      6.27508
      4971.00      87.2195      6.07931
      4972.40      91.6676      6.10995
      4973.80      90.1580      6.53542
      4975.20      92.6528      6.73504
      4976.60      93.6744      6.40478
      4978.00      88.2196      6.10455
      4979.40      83.8763      5.94382
      4980.80      88.7833      6.01389
      4982.20      85.8816      6.07663
      4983.60      91.6537      6.27172
      4985.00      94.9894      6.46314
      4986.40      84.5403      6.17016
      4987.80      85.4268      6.50657
      4989.20      85.5232      6.31806
      4990.60      85.3738      6.30198
      4992.00      93.0541      6.47910
      4993.40      84.3491      6.47332
      4994.80      107.283      6.90172
      4996.20      105.286          Inf
      4997.60      103.289      6.73641
      4999.00      88.1576      6.19668
