      3900.00      37.2843      5.93894
      3901.40      41.3718      6.05017
      3902.80      43.8136      6.07283
      3904.20      48.2110      6.38357
      3905.60      42.8842      6.50259
      3907.00      62.6394      7.17210
      3908.40      53.6676      6.74041
      3909.80      47.2514      6.31447
      3911.20      44.6295      6.06904
      3912.60      59.8106      6.55950
      3914.00      47.1439      6.14679
      3915.40      58.2768      6.34428
      3916.80      49.5032      6.08777
      3918.20      60.0606      6.02250
      3919.60      47.2716      5.68461
      3921.00      43.7914      5.48831
      3922.40      53.3789      5.64674
      3923.80      51.3488      5.53465
      3925.20      55.8289      5.62569
      3926.60      57.7365      5.73059
      3928.00      53.9414      5.61172
      3929.40      47.2952      5.60864
      3930.80      36.3070      5.24583
      3932.20      31.1079      4.62635
      3933.60      24.0805      4.10184
      3935.00      24.1286      4.03935
      3936.40      42.4812      4.85478
      3937.80      65.3129      6.01573
      3939.20      41.3224      5.67945
      3940.60      55.7374      5.65019
      3942.00      42.9757      5.22379
      3943.40      56.7665      5.38781
      3944.80      49.6233      5.53177
      3946.20      45.0087      5.29991
      3947.60      51.2510      5.45179
      3949.00      47.4144      5.43100
      3950.40      57.8691      5.76089
      3951.80      48.4933      5.72729
      3953.20      41.6711      5.43809
      3954.60      47.4406      5.52242
      3956.00      40.3544      5.16095
      3957.40      49.2554      5.34342
      3958.80      41.1405      5.38573
      3960.20      45.9193      5.66097
      3961.60      37.8401      5.46299
      3963.00      34.3739      5.45375
      3964.40      29.4314      5.43159
      3965.80      31.9860      5.51003
      3967.20      30.9537      5.40950
      3968.60      19.1023      5.00213
      3970.00      14.7498      4.85207
      3971.40      20.4323      4.98529
      3972.80      20.1685      4.94622
      3974.20      45.5635      5.59063
      3975.60      28.9186      5.17965
      3977.00      42.6352      5.45067
      3978.40      36.2710      5.60615
      3979.80      45.6982      5.79339
      3981.20      52.2504      5.66285
      3982.60      48.7824      5.26005
      3984.00      45.1143      5.34522
      3985.40      56.5192      5.57643
      3986.80      38.4094      5.54456
      3988.20      46.4683      5.99315
      3989.60      53.7987      5.46228
      3991.00      54.4266      5.42289
      3992.40      48.0484      5.23565
      3993.80      48.0515      5.54524
      3995.20      52.2968      5.86435
      3996.60      48.1349      5.48391
      3998.00      47.5923      5.18353
      3999.40      46.1135      5.35915
      4000.80      53.3186      5.45651
      4002.20      49.6333      5.33683
      4003.60      66.7545      5.53666
      4005.00      46.8822      4.99067
      4006.40      53.5145      5.32377
      4007.80      56.7125      5.27661
      4009.20      50.6270      5.35984
      4010.60      56.5348      5.31776
      4012.00      53.4892      5.35982
      4013.40      53.0932      5.40303
      4014.80      52.4901      5.40616
      4016.20      59.1293      5.43581
      4017.60      57.4156      5.60490
      4019.00      61.6542      6.01206
      4020.40      63.3167      6.15716
      4021.80      57.5726      5.77524
      4023.20      64.9397      5.60112
      4024.60      49.0605      5.19183
      4026.00      46.1778      5.10620
      4027.40      52.3422      5.35859
      4028.80      61.1248      5.95759
      4030.20      55.6343      5.46409
      4031.60      46.8469      4.96011
      4033.00      55.2657      5.15178
      4034.40      53.7275      5.17573
      4035.80      43.7578      5.34524
      4037.20      60.7292      5.95503
      4038.60      55.8041      5.72751
      4040.00      56.8975      5.65125
      4041.40      62.6924      5.89833
      4042.80      48.5774      5.60723
      4044.20      48.3797      5.35236
      4045.60      43.9083      5.19091
      4047.00      54.4707      5.69953
      4048.40      50.8710      5.73226
      4049.80      53.5068      5.51744
      4051.20      57.2276      5.56421
      4052.60      40.8443      5.11370
      4054.00      56.9547      5.95740
      4055.40      55.2469      6.75442
      4056.80      46.4532      6.60880
      4058.20      51.9501      6.02112
      4059.60      56.1391      5.50273
      4061.00      58.3682      5.66692
      4062.40      48.5597      5.65660
      4063.80      50.2787      5.71095
      4065.20      49.5972      5.73565
      4066.60      51.4418      5.84963
      4068.00      57.3341      6.00831
      4069.40      47.1870      5.46759
      4070.80      49.0595      5.13972
      4072.20      46.6748      5.06632
      4073.60      50.0527      5.28043
      4075.00      46.4295      5.60334
      4076.40      58.4748      5.53074
      4077.80      42.8167      4.95163
      4079.20      53.4699      5.19919
      4080.60      50.5022      5.21143
      4082.00      50.2474      5.06827
      4083.40      45.8368      4.85621
      4084.80      50.2468      5.59093
      4086.20      63.1653      6.38272
      4087.60      49.6952      5.15695
      4089.00      44.2238      4.87196
      4090.40      43.6299      4.76479
      4091.80      49.3177      4.84200
      4093.20      39.4615      4.64582
      4094.60      42.9564      4.62830
      4096.00      33.2960      4.47513
      4097.40      40.1759      4.58432
      4098.80      28.5232      4.25746
      4100.20      27.2418      4.01601
      4101.60      13.1289      3.54081
      4103.00      21.2239      3.65720
      4104.40      25.2631      3.89844
      4105.80      28.0602      4.12969
      4107.20      36.3809      4.35803
      4108.60      35.4913      4.39695
      4110.00      39.1783      4.52221
      4111.40      44.6711      4.63730
      4112.80      48.9394      4.77501
      4114.20      46.1597      4.73276
      4115.60      47.5705      4.80050
      4117.00      48.4990      4.84336
      4118.40      41.3986      4.91814
      4119.80      53.4062      5.14000
      4121.20      44.9604      4.82703
      4122.60      42.9399      5.01891
      4124.00      45.6725      5.60837
      4125.40      54.0771      5.72801
      4126.80      45.1278      5.17969
      4128.20      53.3555      4.91623
      4129.60      43.9674      4.71326
      4131.00      51.5328      4.76368
      4132.40      53.9281      5.07124
      4133.80      43.1543      5.06392
      4135.20      47.6031      5.04012
      4136.60      49.5430      4.77996
      4138.00      45.2842      4.75007
      4139.40      51.7337      4.87124
      4140.80      47.0654      4.70819
      4142.20      41.2814      4.45141
      4143.60      43.6634      4.48532
      4145.00      52.8567      4.81975
      4146.40      53.5621      4.80731
      4147.80      45.7900      4.54634
      4149.20      47.6204      4.56683
      4150.60      51.0800      4.83040
      4152.00      47.5296      4.94123
      4153.40      53.0868      5.19165
      4154.80      44.7782      4.81257
      4156.20      47.6050      4.42051
      4157.60      51.5008      4.68230
      4159.00      48.2217      4.57365
      4160.40      51.6114      4.66427
      4161.80      44.7073      4.47931
      4163.20      47.2179      4.54427
      4164.60      45.2824      4.49327
      4166.00      43.8742      4.70264
      4167.40      52.2169      5.22514
      4168.80      55.3512      4.95595
      4170.20      49.5611      4.72806
      4171.60      46.8190      4.47909
      4173.00      50.5159      4.48918
      4174.40      52.5154      4.74571
      4175.80      45.4662      4.72246
      4177.20      46.5686      4.62676
      4178.60      55.1363      4.62178
      4180.00      45.9244      4.44637
      4181.40      50.4932      4.47574
      4182.80      51.8196      4.83408
      4184.20      50.5335      4.97569
      4185.60      51.8973      4.94776
      4187.00      49.1822      4.49970
      4188.40      47.5039      4.34914
      4189.80      57.5990      4.68920
      4191.20      41.9961      4.59184
      4192.60      58.2170      4.69339
      4194.00      50.1058      4.52871
      4195.40      54.2474      4.59909
      4196.80      55.1982      4.57194
      4198.20      50.4787      4.74862
      4199.60      52.9214      4.89098
      4201.00      45.8143      4.77089
      4202.40      53.4571      4.52384
      4203.80      43.2135      4.23942
      4205.20      48.1882      4.69714
      4206.60      47.2039      4.73790
      4208.00      48.2923      4.65841
      4209.40      59.2567      4.89776
      4210.80      48.9989      4.87648
      4212.20      47.9663      4.75907
      4213.60      52.3248      4.59266
      4215.00      47.6833      4.30823
      4216.40      42.5882      4.11314
      4217.80      53.0593      4.92765
      4219.20      46.4049      4.62998
      4220.60      47.6614      4.33412
      4222.00      53.4363      4.47039
      4223.40      46.2781      4.23961
      4224.80      49.3165      4.35308
      4226.20      48.9139      4.01421
      4227.60      45.0970      4.02701
      4229.00      49.1607      4.16639
      4230.40      41.8947      4.10687
      4231.80      49.4863      4.44904
      4233.20      46.9716      4.44780
      4234.60      45.7258      4.24745
      4236.00      48.4699      4.18619
      4237.40      50.3162      4.18174
      4238.80      49.2523      4.24073
      4240.20      54.1898      4.29197
      4241.60      47.9012      4.18985
      4243.00      45.0422      4.23630
      4244.40      47.6185      4.57487
      4245.80      48.0646      4.50090
      4247.20      48.9798      4.30972
      4248.60      43.8600      4.09795
      4250.00      51.5331      4.22863
      4251.40      48.2297      4.23978
      4252.80      55.2636      4.41947
      4254.20      44.0746      4.11129
      4255.60      50.6054      4.65903
      4257.00      52.2552      5.08890
      4258.40      52.0153      4.35588
      4259.80      49.2702      4.23703
      4261.20      53.0597      4.23619
      4262.60      50.7422      4.48808
      4264.00      47.2307      4.34817
      4265.40      48.1936      4.29739
      4266.80      59.3654      4.55664
      4268.20      52.1175      4.31415
      4269.60      51.8616      4.38630
      4271.00      48.7672      4.44131
      4272.40      49.0996      4.29786
      4273.80      46.8607      4.02515
      4275.20      40.3555      3.97054
      4276.60      49.7476      4.15735
      4278.00      49.5128      4.28629
      4279.40      51.6357      4.34809
      4280.80      51.4192      4.37392
      4282.20      47.5853      4.15916
      4283.60      54.8830      4.54614
      4285.00      47.7750      4.27477
      4286.40      53.0644      4.24692
      4287.80      49.9592      4.11745
      4289.20      46.8290      4.02897
      4290.60      47.1587      3.98537
      4292.00      51.1292      4.13598
      4293.40      47.6950      4.09555
      4294.80      43.3339      3.92588
      4296.20      46.6970      4.08478
      4297.60      46.3312      4.43154
      4299.00      47.5242      4.48947
      4300.40      45.1833      4.18301
      4301.80      45.7370      3.92584
      4303.20      49.8012      3.91665
      4304.60      44.6664      3.85749
      4306.00      50.8058      3.92367
      4307.40      46.7091      3.96942
      4308.80      44.4115      3.85606
      4310.20      51.6931      3.92402
      4311.60      46.2307      3.86854
      4313.00      48.5586      3.93408
      4314.40      45.8845      3.99798
      4315.80      43.2865      3.95826
      4317.20      41.7459      3.97122
      4318.60      46.4395      4.21162
      4320.00      51.2361      4.27154
      4321.40      42.3887      3.97404
      4322.80      45.4297      4.12087
      4324.20      69.1827          Inf
      4325.60      92.9358      5.96462
      4327.00      37.5899      3.68079
      4328.40      38.5817      3.77625
      4329.80      36.8817      3.70123
      4331.20      40.2107      3.85948
      4332.60      36.5199      3.71185
      4334.00      33.5717      3.59707
      4335.40      36.8677      3.68224
      4336.80      33.4039      3.69009
      4338.20      27.0921      3.78799
      4339.60      15.1010      3.63354
      4341.00      15.5943      3.21512
      4342.40      21.9122      3.05942
      4343.80      24.9659      3.31007
      4345.20      32.1591      3.77157
      4346.60      38.1363      4.01080
      4348.00      39.7046      3.91950
      4349.40      37.3141      3.75106
      4350.80      40.6592      4.10598
      4352.20      34.7011      3.92147
      4353.60      42.8152      3.81945
      4355.00      41.0527      3.75764
      4356.40      35.8336      3.82880
      4357.80      44.1151      4.34523
      4359.20      43.4729      4.69849
      4360.60      47.7910      4.47189
      4362.00      47.2386      4.17508
      4363.40      42.0237      3.92333
      4364.80      45.8631      4.00579
      4366.20      48.5415      4.20866
      4367.60      45.3326      4.36028
      4369.00      45.2315      3.88821
      4370.40      45.5793      4.00826
      4371.80      46.0911      3.94531
      4373.20      45.8710      3.96776
      4374.60      45.5178      3.89574
      4376.00      44.5060      3.97717
      4377.40      47.1639      4.14760
      4378.80      48.7608      4.32978
      4380.20      47.0482      4.10080
      4381.60      49.8595      4.05361
      4383.00      46.3726      3.93543
      4384.40      48.3387      4.00731
      4385.80      41.7758      3.98420
      4387.20      45.1554      3.88164
      4388.60      43.2023      3.88243
      4390.00      49.2026      4.04753
      4391.40      48.4162      4.01650
      4392.80      51.7188      4.02577
      4394.20      46.2516      4.00279
      4395.60      41.9101      3.81456
      4397.00      52.7052      4.05850
      4398.40      49.0190      4.11032
      4399.80      41.8511      4.12877
      4401.20      47.0407      4.28800
      4402.60      52.1697      4.27628
      4404.00      44.4775      4.01935
      4405.40      44.3917      3.79262
      4406.80      50.5657      4.03132
      4408.20      47.6057      3.99608
      4409.60      47.7698      3.98483
      4411.00      52.6064      4.08192
      4412.40      42.1860      3.92857
      4413.80      45.9250      4.15740
      4415.20      45.3486      4.02585
      4416.60      44.6742      3.94208
      4418.00      43.6671      3.92718
      4419.40      45.1242      3.98032
      4420.80      51.9728      4.14883
      4422.20      53.9988      4.20658
      4423.60      49.5641      4.31931
      4425.00      44.3939      4.45868
      4426.40      46.0320      4.28600
      4427.80      41.6679      3.89143
      4429.20      47.7438      3.93842
      4430.60      46.0799      3.80494
      4432.00      39.6609      3.85998
      4433.40      47.5123      4.24963
      4434.80      44.8424      4.10368
      4436.20      46.8698      3.88807
      4437.60      48.3361      4.00405
      4439.00      48.8128      4.02941
      4440.40      48.6494      3.89199
      4441.80      45.8282      3.88159
      4443.20      47.8443      3.91601
      4444.60      48.0349      4.21550
      4446.00      41.3624      4.08364
      4447.40      46.6295      4.02711
      4448.80      46.7731      3.96909
      4450.20      43.5459      3.80231
      4451.60      41.8714      3.66607
      4453.00      41.5202      3.67856
      4454.40      40.6072      3.91296
      4455.80      46.3786      4.51512
      4457.20      46.9948      4.55321
      4458.60      50.1774      4.25340
      4460.00      44.8388      3.95907
      4461.40      45.9226      3.86723
      4462.80      41.7341      3.77481
      4464.20      49.9382      3.98633
      4465.60      51.3230      3.92911
      4467.00      43.3172      3.67134
      4468.40      46.8734      4.29248
      4469.80      40.8839      3.74452
      4471.20      42.0460      3.90862
      4472.60      46.6959      4.14213
      4474.00      39.5415      3.75350
      4475.40      43.9275      3.72637
      4476.80      46.7094      3.83851
      4478.20      49.5546      4.04050
      4479.60      38.2498      3.67572
      4481.00      43.0439      3.59817
      4482.40      43.7597      3.54478
      4483.80      44.0348      3.70860
      4485.20      42.9365      3.84387
      4486.60      44.3966      4.06043
      4488.00      48.8204      4.05559
      4489.40      50.0576      3.82180
      4490.80      43.3942      3.71005
      4492.20      48.0621      4.30722
      4493.60      50.5816      4.77259
      4495.00      48.0765      4.25171
      4496.40      46.7515      3.89352
      4497.80      46.0613      3.68401
      4499.20      43.9481      3.70695
      4500.60      41.3386      3.52406
      4502.00      42.6839      3.61148
      4503.40      49.2809      3.76998
      4504.80      45.9355      3.70330
      4506.20      43.8685      3.61297
      4507.60      42.0440      3.58069
      4509.00      43.9326      3.72595
      4510.40      49.0516      4.05013
      4511.80      43.5513      3.85883
      4513.20      46.9093      3.65156
      4514.60      42.5574      3.57401
      4516.00      44.5371      3.65515
      4517.40      45.6112      3.62758
      4518.80      45.0287      3.79243
      4520.20      46.1892      3.77966
      4521.60      39.6882      3.42931
      4523.00      48.6681      3.75062
      4524.40      49.1730      3.74173
      4525.80      49.2925      3.79345
      4527.20      44.6363      3.83485
      4528.60      45.7751      3.77664
      4530.00      44.8410      3.63305
      4531.40      44.9546      3.67736
      4532.80      46.5172      3.74187
      4534.20      42.4781      3.67912
      4535.60      40.0724      3.57806
      4537.00      39.8581      3.53619
      4538.40      38.2110      3.53219
      4539.80      50.6468      3.86525
      4541.20      50.6208      3.85970
      4542.60      48.3560      3.79327
      4544.00      48.5925      3.96219
      4545.40      46.0101      3.77118
      4546.80      52.5210      3.85409
      4548.20      45.5587      3.95149
      4549.60      39.3283      3.97076
      4551.00      42.6997      3.76319
      4552.40      45.1207      3.59219
      4553.80      41.2156      3.54319
      4555.20      45.1805      3.62648
      4556.60      41.2738      3.60489
      4558.00      47.6434      3.71461
      4559.40      45.8826      3.71538
      4560.80      45.3265      3.67777
      4562.20      43.8187      3.58463
      4563.60      47.7876      3.63549
      4565.00      43.7972      3.76252
      4566.40      42.5181      3.89952
      4567.80      47.8499      3.87818
      4569.20      43.4564      3.57824
      4570.60      44.6163      3.57634
      4572.00      41.3919      3.62812
      4573.40      40.9667      3.46769
      4574.80      48.0689      3.54803
      4576.20      40.9563      3.61415
      4577.60      38.9374      3.74944
      4579.00      43.1306      3.75152
      4580.40      45.7895      3.48722
      4581.80      41.7332      3.43417
      4583.20      44.4135      3.46080
      4584.60      36.8802      3.31580
      4586.00      39.9835      3.76809
      4587.40      48.7110      3.80748
      4588.80      43.2308      3.50615
      4590.20      43.1139      3.43510
      4591.60      40.5728      3.36808
      4593.00      45.2759      3.46422
      4594.40      48.2098      3.58363
      4595.80      44.1739      3.71695
      4597.20      49.2644      3.93786
      4598.60      42.5829      3.67344
      4600.00      47.1170      3.47899
      4601.40      45.3952      3.47045
      4602.80      46.6888      3.46191
      4604.20      43.5584      3.42425
      4605.60      45.1393      3.42362
      4607.00      41.7064      3.37994
      4608.40      46.1328      3.47592
      4609.80      40.9817      3.43640
      4611.20      49.5107      3.65839
      4612.60      42.3671      3.71194
      4614.00      44.6142      3.85993
      4615.40      47.4057      3.65886
      4616.80      42.2952      3.36801
      4618.20      40.9777      3.37878
      4619.60      43.0727      3.53676
      4621.00      46.8417      3.50802
      4622.40      42.5659      3.44226
      4623.80      50.5350      3.56169
      4625.20      38.9787      3.33904
      4626.60      42.0657      3.35347
      4628.00      47.7556      3.47767
      4629.40      42.0787      3.42865
      4630.80      42.7680      3.32833
      4632.20      42.0384      3.42265
      4633.60      45.0359      3.62800
      4635.00      44.5184      3.61867
      4636.40      49.6076      3.54087
      4637.80      40.1950      3.32967
      4639.20      43.5693      3.34411
      4640.60      41.4161      3.35603
      4642.00      44.3352      3.47714
      4643.40      44.6272      3.49042
      4644.80      43.2591      3.33845
      4646.20      40.1544      3.29434
      4647.60      41.2931      3.29769
      4649.00      39.1512      3.24317
      4650.40      46.8998      3.53084
      4651.80      44.4923      3.92663
      4653.20      37.6410      4.03270
      4654.60      47.8381      3.99935
      4656.00      43.4090      3.29781
      4657.40      45.9570      3.45005
      4658.80      49.5350      3.55512
      4660.20      48.3335      3.55569
      4661.60      38.9656      3.24941
      4663.00      35.8002      3.23269
      4664.40      46.3148      3.38561
      4665.80      46.2662      3.44298
      4667.20      38.8057      3.48064
      4668.60      37.2923      3.44800
      4670.00      40.3977      3.54710
      4671.40      44.6338      3.60032
      4672.80      44.3651      3.59906
      4674.20      43.8978      3.47978
      4675.60      42.1288      3.46259
      4677.00      38.9752      3.44245
      4678.40      39.4151      3.75034
      4679.80      44.5184      3.62913
      4681.20      42.0822      3.49500
      4682.60      44.9266      3.36936
      4684.00      47.6485      3.44992
      4685.40      48.3886      3.45977
      4686.80      51.2776      3.55600
      4688.20      46.3396      3.40151
      4689.60      39.0678      3.22619
      4691.00      38.8422      3.25315
      4692.40      46.1384      3.42254
      4693.80      43.2441      3.33956
      4695.20      39.7501      3.38875
      4696.60      38.5258      3.46284
      4698.00      40.1244      3.63542
      4699.40      49.0506      3.75909
      4700.80      47.6845      3.99516
      4702.20      42.1092      3.89012
      4703.60      43.3576      3.66666
      4705.00      43.9517      3.57399
      4706.40      45.1704      3.71113
      4707.80      45.6872      3.91732
      4709.20      43.4560      3.97026
      4710.60      46.2197      3.88181
      4712.00      37.1095      3.55735
      4713.40      46.1224      3.48067
      4714.80      44.9541      3.52417
      4716.20      48.6825      3.74362
      4717.60      43.2387      3.48309
      4719.00      46.4455      3.42154
      4720.40      36.2432      3.32975
      4721.80      50.3244      3.82042
      4723.20      40.5192      3.58871
      4724.60      42.0061      3.37597
      4726.00      41.2616      3.38105
      4727.40      46.1928      3.49952
      4728.80      44.1270      3.36360
      4730.20      45.9652      3.43440
      4731.60      42.1830      3.40514
      4733.00      41.5741      3.73024
      4734.40      40.6798      3.86238
      4735.80      39.3259      3.91553
      4737.20      39.4689      3.36782
      4738.60      40.7537      3.19084
      4740.00      44.2028      3.28888
      4741.40      42.0570      3.19785
      4742.80      41.7353      3.25690
      4744.20      45.3015      3.29460
      4745.60      42.9546      3.49141
      4747.00      46.4761      4.03244
      4748.40      39.9239      4.00154
      4749.80      39.8991      3.38175
      4751.20      40.0218      3.19948
      4752.60      37.8701      3.28083
      4754.00      44.4201      3.21405
      4755.40      40.2849      3.13524
      4756.80      43.0004      3.13817
      4758.20      41.2269      3.13233
      4759.60      40.1491      3.14718
      4761.00      41.3593      3.32369
      4762.40      40.6736      3.47285
      4763.80      42.0995      3.41741
      4765.20      36.1092      3.07712
      4766.60      40.9715      3.07230
      4768.00      44.0409      3.20287
      4769.40      44.1447      3.36742
      4770.80      41.7435      3.39495
      4772.20      40.1881      3.17356
      4773.60      36.5262      2.98997
      4775.00      38.3901      3.12920
      4776.40      39.2909      3.21639
      4777.80      41.3654      3.22372
      4779.20      41.9169      3.24938
      4780.60      41.0530      3.03963
      4782.00      42.9651      3.24991
      4783.40      42.5174      3.14313
      4784.80      43.8414      3.18564
      4786.20      39.1039      3.31993
      4787.60      46.3614      3.61794
      4789.00      36.7361      3.16713
      4790.40      44.3833      3.25184
      4791.80      41.1880      3.33565
      4793.20      40.3580      3.42283
      4794.60      40.2714      3.30466
      4796.00      42.4346      3.23849
      4797.40      44.4394      3.19718
      4798.80      44.4456      3.18283
      4800.20      46.0397      3.30008
      4801.60      44.2234      3.22883
      4803.00      42.3903      3.16951
      4804.40      40.0803      3.13366
      4805.80      42.1324      3.25103
      4807.20      39.8801      3.21622
      4808.60      43.2004      3.10140
      4810.00      42.3897      3.13787
      4811.40      36.3176      2.97054
      4812.80      39.2937      3.08369
      4814.20      43.7516      3.16023
      4815.60      43.6924      3.22634
      4817.00      42.1700      3.13318
      4818.40      39.0086      3.06703
      4819.80      43.0089      3.24120
      4821.20      37.7412      3.17799
      4822.60      40.1832      3.12356
      4824.00      44.7022      3.22609
      4825.40      41.3549      3.31488
      4826.80      40.2634      3.25299
      4828.20      41.0274      3.11267
      4829.60      38.1005      3.11051
      4831.00      42.6952      3.32760
      4832.40      32.8827      3.55740
      4833.80      37.5172      3.70801
      4835.20      39.5054      3.59272
      4836.60      36.7541      3.04722
      4838.00      38.5338      3.07461
      4839.40      38.8198      3.37907
      4840.80      39.2239      3.39735
      4842.20      42.6510      3.21025
      4843.60      39.7495      3.17734
      4845.00      34.0352      3.42257
      4846.40      35.6095      3.70340
      4847.80      35.1562      3.11332
      4849.20      36.3795      3.01736
      4850.60      32.1589      2.92411
      4852.00      32.4730      2.91130
      4853.40      33.6350      2.96974
      4854.80      33.9262      2.91579
      4856.20      29.0256      2.84952
      4857.60      28.7772      2.80252
      4859.00      24.2998      2.58639
      4860.40      17.3085      2.34407
      4861.80      16.2014      2.29022
      4863.20      20.9919      2.41802
      4864.60      23.1325      2.61047
      4866.00      24.2522      2.84344
      4867.40      28.9780      3.10125
      4868.80      34.3111      2.89900
      4870.20      35.9063      2.98290
      4871.60      34.9584      2.94177
      4873.00      37.9324      2.91080
      4874.40      29.3959      2.75224
      4875.80      36.1260      2.93992
      4877.20      36.8122      3.07974
      4878.60      37.0985      3.31511
      4880.00      34.9112      3.10435
      4881.40      39.6537      3.08485
      4882.80      35.7692      2.88046
      4884.20      36.8069      3.03595
      4885.60      37.6938      3.32187
      4887.00      38.3202      3.80162
      4888.40      41.6388      3.65800
      4889.80      38.0925      2.92383
      4891.20      35.8018      2.86408
      4892.60      40.3659      3.09781
      4894.00      38.5863      3.11067
      4895.40      41.7502      3.04324
      4896.80      35.7524      2.93520
      4898.20      41.9436      3.15573
      4899.60      40.5288      3.12173
      4901.00      38.5387      2.97831
      4902.40      38.2790      2.97757
      4903.80      38.6014      3.10954
      4905.20      40.0023      3.17388
      4906.60      41.4282      3.04746
      4908.00      44.0197      3.10515
      4909.40      43.5985      2.99816
      4910.80      40.5139      3.03866
      4912.20      43.1311      2.99161
      4913.60      48.5280      3.15997
      4915.00      45.6608      3.14272
      4916.40      40.2652      2.93968
      4917.80      39.2193      2.94322
      4919.20      37.4205      2.84493
      4920.60      44.4005      2.95721
      4922.00      38.0254      2.83847
      4923.40      36.2842      2.80450
      4924.80      38.8761      2.93856
      4926.20      37.7831      2.83687
      4927.60      38.6535      2.91823
      4929.00      42.3940      3.00107
      4930.40      43.6193      3.00765
      4931.80      40.3475      2.98083
      4933.20      38.4433      2.87827
      4934.60      40.5545      3.03999
      4936.00      42.5391      3.06714
      4937.40      43.2178      3.01714
      4938.80      40.6357      2.94687
      4940.20      40.0413      3.05355
      4941.60      41.5641      3.43158
      4943.00      40.8925      3.45587
      4944.40      39.6091      3.31938
      4945.80      41.3763      3.04604
      4947.20      38.4069      2.92928
      4948.60      41.0123      2.90205
      4950.00      39.4302      2.92388
      4951.40      40.9289      3.00870
      4952.80      46.1093      3.01775
      4954.20      43.2074      3.07415
      4955.60      40.1282      2.92073
      4957.00      42.7602      2.93417
      4958.40      42.4854      2.89564
      4959.80      39.7734      2.91132
      4961.20      40.9953      3.06807
      4962.60      38.9726      3.09683
      4964.00      39.6062      3.14268
      4965.40      46.3739      3.16805
      4966.80      41.8715      3.08301
      4968.20      36.7898      2.68474
      4969.60      37.6698      2.94935
      4971.00      38.9499      2.84419
      4972.40      40.3811      2.97834
      4973.80      42.0869      2.93267
      4975.20      39.7939      2.99578
      4976.60      39.6995      2.89873
      4978.00      41.6896      2.95917
      4979.40      40.5402      2.93730
      4980.80      38.7656      2.88274
      4982.20      39.1821      2.91628
      4983.60      32.4003      2.65105
      4985.00      37.2668      2.82757
      4986.40      41.0261      2.92912
      4987.80      37.9866      2.97879
      4989.20      40.4057      3.07013
      4990.60      42.3101      3.09917
      4992.00      36.5637      2.83924
      4993.40      40.7619      2.94044
      4994.80      39.2693      2.96605
      4996.20      36.8225      3.04922
      4997.60      38.9668      3.19275
      4999.00      38.4305      3.07899
