      3900.00      405.833      20.7962
      3901.40      443.129      22.1097
      3902.80      434.950      21.6015
      3904.20      462.341      22.2068
      3905.60      466.743      22.5771
      3907.00      474.707      22.8285
      3908.40      527.710      24.3349
      3909.80      542.409      25.1281
      3911.20      509.228      24.1385
      3912.60      518.113      24.6302
      3914.00      517.958      23.8414
      3915.40      529.191      24.0616
      3916.80      534.209      24.4154
      3918.20      542.652      25.1712
      3919.60      540.324      24.9549
      3921.00      541.867      24.7354
      3922.40      552.109      24.0906
      3923.80      536.319      23.9552
      3925.20      561.843      23.9928
      3926.60      540.745      24.3696
      3928.00      510.711      22.0986
      3929.40      502.607      22.3391
      3930.80      495.047      21.7479
      3932.20      395.238      18.8930
      3933.60      274.726      14.7730
      3935.00      272.184      14.5858
      3936.40      433.359      18.9427
      3937.80      515.531      22.3485
      3939.20      545.656      23.3282
      3940.60      522.462      22.8629
      3942.00      549.224      23.7067
      3943.40      539.636      23.6994
      3944.80      516.595      22.8849
      3946.20      508.193      21.9449
      3947.60      522.058      22.9509
      3949.00      507.458      22.1627
      3950.40      491.286      20.7407
      3951.80      487.452      21.5383
      3953.20      472.915      21.2883
      3954.60      496.520      21.8567
      3956.00      473.137      21.5605
      3957.40      462.636      20.3913
      3958.80      431.458      18.9435
      3960.20      438.433      19.7583
      3961.60      391.247      18.7257
      3963.00      393.316      18.6377
      3964.40      366.083      17.7450
      3965.80      327.376      16.2423
      3967.20      255.980      13.9214
      3968.60      159.629      10.7260
      3970.00      127.097      10.0741
      3971.40      158.336      11.0365
      3972.80      242.689      14.0565
      3974.20      308.396      16.1272
      3975.60      331.346      17.6839
      3977.00      372.485      18.6461
      3978.40      385.516      19.4366
      3979.80      411.389      20.5852
      3981.20      405.570      21.5640
      3982.60      413.698      26.3903
      3984.00      459.630      22.4449
      3985.40      475.466      22.6990
      3986.80      477.846      21.9596
      3988.20      492.032      22.1670
      3989.60      510.962      22.1655
      3991.00      517.727      22.5163
      3992.40      517.324      22.3343
      3993.80      528.676      22.6963
      3995.20      518.054      21.4245
      3996.60      500.765      21.3104
      3998.00      530.529      22.4512
      3999.40      526.229      22.7036
      4000.80      532.939      21.7462
      4002.20      540.955      23.2291
      4003.60      535.629      24.2783
      4005.00      518.875      22.0898
      4006.40      507.103      21.4925
      4007.80      533.347      21.8116
      4009.20      530.302      21.8861
      4010.60      540.551      21.9229
      4012.00      514.213      21.8109
      4013.40      525.800      21.4470
      4014.80      538.438      22.1363
      4016.20      545.068      22.2925
      4017.60      555.564      21.5776
      4019.00      561.589      21.7807
      4020.40      526.222      21.3348
      4021.80      548.063      22.1879
      4023.20      542.247      21.8944
      4024.60      516.148      20.7765
      4026.00      540.989      21.9742
      4027.40      539.545      21.8450
      4028.80      528.589      21.3724
      4030.20      531.863      21.6954
      4031.60      527.420      21.5486
      4033.00      525.647      21.5558
      4034.40      526.438      21.1736
      4035.80      526.573      21.8976
      4037.20      544.984      21.8211
      4038.60      543.709      21.9130
      4040.00      523.881      22.1911
      4041.40      551.255      22.0231
      4042.80      529.770      21.2212
      4044.20      541.027      21.9002
      4045.60      516.890      21.1336
      4047.00      491.795      20.4162
      4048.40      534.055      21.5043
      4049.80      531.867      21.8094
      4051.20      533.442      21.5935
      4052.60      529.014      21.3618
      4054.00      505.685      21.0552
      4055.40      519.227      21.2773
      4056.80      542.868      21.9008
      4058.20      501.027      21.0241
      4059.60      536.009      21.6664
      4061.00      527.511      21.4724
      4062.40      507.606      21.0730
      4063.80      482.104      19.3264
      4065.20      502.348      20.9632
      4066.60      502.219      20.7904
      4068.00      528.230      21.6039
      4069.40      496.220      21.0675
      4070.80      507.611      21.3969
      4072.20      502.785      21.1782
      4073.60      478.325      20.3255
      4075.00      489.272      20.6671
      4076.40      482.072      20.6865
      4077.80      446.158      19.2218
      4079.20      459.915      19.7205
      4080.60      487.246      20.4102
      4082.00      480.465      20.0558
      4083.40      481.699      20.2119
      4084.80      461.002      19.4872
      4086.20      473.026      19.6765
      4087.60      456.244      19.3597
      4089.00      449.301      18.8813
      4090.40      442.931      18.9654
      4091.80      426.819      19.0582
      4093.20      400.985      18.1666
      4094.60      385.529      17.3578
      4096.00      360.753      16.6552
      4097.40      325.736      15.1933
      4098.80      297.594      14.3515
      4100.20      230.487      12.4897
      4101.60      176.784      10.9298
      4103.00      169.323      10.5983
      4104.40      238.601      12.3367
      4105.80      297.917      14.1115
      4107.20      327.187      14.5908
      4108.60      348.830      15.6444
      4110.00      368.973      16.0581
      4111.40      381.206      16.5028
      4112.80      399.117      17.0543
      4114.20      423.906      17.6724
      4115.60      437.469      18.1857
      4117.00      447.766      18.9585
      4118.40      438.569      18.0825
      4119.80      448.354      18.2153
      4121.20      443.405      18.6709
      4122.60      462.572      18.8507
      4124.00      464.450      19.3122
      4125.40      473.037      19.4767
      4126.80      515.621      20.1494
      4128.20      504.278      19.7535
      4129.60      467.537      18.9153
      4131.00      470.712      18.7311
      4132.40      466.808      19.5113
      4133.80      489.951      19.9453
      4135.20      488.917      19.5814
      4136.60      489.605      19.6050
      4138.00      503.041      20.2392
      4139.40      505.651      20.0497
      4140.80      499.487      19.8636
      4142.20      492.796      19.5595
      4143.60      469.249      18.6806
      4145.00      474.241      18.9031
      4146.40      492.241      19.1158
      4147.80      499.805      19.4147
      4149.20      490.597      19.5046
      4150.60      476.816      19.1449
      4152.00      499.562      20.0663
      4153.40      493.648      19.3278
      4154.80      477.840      19.3400
      4156.20      487.502      19.3799
      4157.60      491.297      19.4472
      4159.00      490.485      19.5146
      4160.40      501.291      20.0356
      4161.80      501.548      19.5709
      4163.20      485.731      19.3514
      4164.60      485.226      19.2020
      4166.00      482.396      19.0255
      4167.40      480.105      19.5560
      4168.80      488.297      19.2266
      4170.20      478.476      18.7620
      4171.60      468.724      18.8520
      4173.00      473.753      18.6725
      4174.40      450.974      17.9516
      4175.80      475.157      19.1280
      4177.20      483.904      18.9821
      4178.60      454.572      18.1050
      4180.00      464.333      18.0897
      4181.40      484.882      18.9851
      4182.80      480.252      18.8107
      4184.20      482.798      19.3516
      4185.60      495.984      19.3414
      4187.00      466.436      17.9228
      4188.40      486.372      18.6172
      4189.80      462.961      18.2794
      4191.20      483.697      18.8744
      4192.60      481.185      18.6753
      4194.00      491.671      19.0848
      4195.40      488.416      19.1462
      4196.80      489.550      18.7998
      4198.20      474.825      18.5306
      4199.60      469.441      18.2936
      4201.00      459.166      17.9363
      4202.40      474.932      18.3098
      4203.80      461.457      18.3535
      4205.20      476.279      18.4573
      4206.60      487.356      19.0618
      4208.00      483.613      18.3679
      4209.40      468.599      18.4971
      4210.80      474.412      18.5051
      4212.20      483.130      19.2757
      4213.60      462.199      18.2765
      4215.00      465.609      17.9973
      4216.40      449.685      17.8165
      4217.80      472.890      18.2323
      4219.20      475.057      18.4131
      4220.60      473.304      18.7971
      4222.00      469.524      18.5960
      4223.40      476.334      18.3418
      4224.80      472.989      18.8416
      4226.20      443.134      17.2010
      4227.60      443.673      17.4770
      4229.00      460.447      18.1618
      4230.40      492.493      19.0124
      4231.80      461.354      18.1971
      4233.20      454.521      17.8249
      4234.60      451.942      17.4981
      4236.00      469.504      18.2114
      4237.40      466.223      18.1996
      4238.80      466.254      17.8368
      4240.20      462.012      17.8266
      4241.60      467.788      18.2022
      4243.00      480.583      18.2282
      4244.40      480.921      18.5600
      4245.80      471.697      18.3410
      4247.20      447.483      17.5998
      4248.60      445.881      17.6096
      4250.00      470.305      18.0564
      4251.40      454.947      17.5554
      4252.80      454.203      17.2526
      4254.20      465.349      18.0347
      4255.60      474.051      18.1822
      4257.00      462.501      18.0699
      4258.40      477.778      18.4491
      4259.80      464.107      18.1211
      4261.20      445.879      17.4404
      4262.60      461.442      17.8615
      4264.00      466.486      17.9337
      4265.40      471.875      18.1792
      4266.80      460.505      17.8899
      4268.20      460.040      17.5135
      4269.60      470.693      18.1230
      4271.00      452.298      17.6948
      4272.40      444.106      17.2386
      4273.80      457.915      17.7436
      4275.20      452.779      17.5936
      4276.60      462.904      17.8018
      4278.00      473.557      18.4510
      4279.40      457.489      17.8166
      4280.80      468.282      18.2962
      4282.20      470.084      18.0714
      4283.60      461.778      17.8010
      4285.00      466.617      17.8750
      4286.40      462.667      17.6917
      4287.80      458.010      17.3642
      4289.20      443.090      17.7556
      4290.60      434.323      17.0625
      4292.00      453.125      17.4443
      4293.40      450.643      17.3313
      4294.80      442.839      17.0350
      4296.20      440.288      17.0756
      4297.60      443.180      17.2857
      4299.00      428.746      16.7164
      4300.40      406.857      16.0624
      4301.80      412.234      16.2004
      4303.20      417.352      16.5875
      4304.60      440.397      16.9128
      4306.00      437.167      16.7529
      4307.40      421.959      16.0036
      4308.80      414.569      16.3696
      4310.20      415.378      15.9012
      4311.60      433.179      16.5251
      4313.00      425.447      16.4443
      4314.40      396.120      15.8078
      4315.80      394.050      15.6892
      4317.20      420.928      16.6356
      4318.60      426.942      16.5799
      4320.00      410.166      16.0884
      4321.40      402.998      15.6987
      4322.80      410.371      15.8897
      4324.20      397.518      15.8210
      4325.60      388.466      15.3048
      4327.00      375.518      14.7239
      4328.40      376.116      15.0272
      4329.80      380.319      15.1354
      4331.20      347.155      14.2966
      4332.60      343.067      14.0385
      4334.00      323.921      13.4840
      4335.40      310.536      13.4783
      4336.80      299.390      12.5018
      4338.20      239.562      10.8513
      4339.60      189.714      9.34928
      4341.00      164.263      8.50258
      4342.40      182.920      9.07676
      4343.80      237.952      10.5930
      4345.20      277.842      12.0785
      4346.60      302.543      12.8335
      4348.00      327.057      13.6645
      4349.40      341.747      13.6610
      4350.80      363.173      14.5390
      4352.20      342.871      14.0701
      4353.60      365.645      14.3842
      4355.00      387.275      15.0313
      4356.40      399.512      15.4271
      4357.80      392.372      15.6558
      4359.20      407.736      15.9488
      4360.60      412.788      16.2535
      4362.00      414.092      16.1730
      4363.40      418.477      16.1534
      4364.80      418.734      15.9167
      4366.20      426.282      16.5036
      4367.60      420.243      16.3384
      4369.00      426.133      16.5980
      4370.40      428.078      16.1620
      4371.80      424.855      16.2159
      4373.20      433.656      16.2837
      4374.60      421.579      16.5540
      4376.00      417.436      15.8577
      4377.40      434.372      16.6256
      4378.80      431.072      16.7592
      4380.20      436.125      16.9226
      4381.60      428.865      16.2568
      4383.00      414.055      15.8263
      4384.40      398.623      15.5939
      4385.80      398.255      15.4025
      4387.20      423.506      16.1147
      4388.60      436.368      17.1125
      4390.00      425.733      16.4473
      4391.40      435.353      16.5906
      4392.80      435.753      16.2893
      4394.20      429.005      16.5132
      4395.60      418.099      16.1794
      4397.00      419.534      16.2181
      4398.40      437.002      16.8092
      4399.80      419.347      16.2037
      4401.20      421.161      16.1199
      4402.60      434.020      16.4646
      4404.00      427.121      16.5899
      4405.40      421.719      16.3480
      4406.80      421.715      16.3338
      4408.20      441.682      16.8063
      4409.60      424.700      16.2059
      4411.00      433.090      16.5019
      4412.40      434.069      16.7819
      4413.80      430.411      16.6522
      4415.20      413.062      16.1103
      4416.60      406.796      15.7035
      4418.00      401.391      15.5948
      4419.40      410.034      15.5506
      4420.80      435.206      16.4153
      4422.20      431.192      16.4681
      4423.60      423.301      15.9637
      4425.00      436.813      16.3317
      4426.40      432.851      16.1700
      4427.80      422.385      15.9710
      4429.20      432.554      16.1141
      4430.60      425.250      16.2458
      4432.00      432.140      16.3530
      4433.40      430.935      16.1328
      4434.80      426.804      16.2345
      4436.20      418.530      16.1314
      4437.60      425.849      16.1683
      4439.00      426.960      15.9111
      4440.40      433.414      16.3647
      4441.80      421.904      15.8530
      4443.20      404.912      15.3429
      4444.60      397.085      15.0008
      4446.00      410.888      15.4915
      4447.40      422.936      16.0167
      4448.80      435.792      17.0241
      4450.20      417.618      15.6297
      4451.60      405.174      15.4407
      4453.00      421.958      15.7432
      4454.40      419.716      16.0738
      4455.80      416.124      15.5964
      4457.20      412.971      15.6033
      4458.60      414.811      15.7711
      4460.00      419.998      15.9565
      4461.40      413.945      15.6677
      4462.80      414.849      15.4505
      4464.20      421.586      15.6201
      4465.60      416.851      15.5041
      4467.00      418.990      15.7026
      4468.40      406.841      15.7128
      4469.80      400.858      15.3292
      4471.20      408.603      15.3380
      4472.60      406.059      15.5931
      4474.00      425.879      16.0577
      4475.40      423.840      16.1919
      4476.80      407.016      15.5706
      4478.20      424.621      15.7433
      4479.60      408.127      15.4763
      4481.00      394.011      14.5935
      4482.40      377.400      14.4379
      4483.80      398.165      14.9990
      4485.20      411.143      15.8674
      4486.60      425.345      15.7138
      4488.00      420.892      15.5820
      4489.40      397.275      15.1795
      4490.80      405.243      15.4564
      4492.20      401.681      15.5353
      4493.60      395.762      15.3690
      4495.00      409.091      15.3765
      4496.40      413.128      15.7592
      4497.80      401.545      15.0240
      4499.20      415.932      15.5935
      4500.60      405.945      15.0867
      4502.00      383.145      14.6344
      4503.40      397.199      14.9597
      4504.80      404.140      15.1004
      4506.20      403.034      15.3858
      4507.60      410.890      15.4085
      4509.00      398.376      15.4213
      4510.40      407.766      15.4903
      4511.80      412.900      15.6323
      4513.20      409.873      15.7618
      4514.60      417.145      15.4805
      4516.00      400.569      15.0629
      4517.40      401.663      15.1993
      4518.80      409.645      15.2971
      4520.20      402.679      15.3156
      4521.60      398.785      15.0233
      4523.00      398.299      14.8096
      4524.40      397.659      14.9839
      4525.80      391.218      14.7506
      4527.20      404.871      15.1989
      4528.60      406.979      15.4160
      4530.00      401.581      15.8878
      4531.40      404.245      15.3228
      4532.80      403.436      15.1599
      4534.20      372.926      13.8859
      4535.60      383.496      14.5062
      4537.00      397.548      14.9512
      4538.40      413.252      15.6433
      4539.80      401.267      14.9521
      4541.20      412.905      15.2035
      4542.60      397.570      15.0627
      4544.00      407.896      15.4261
      4545.40      403.619      15.3807
      4546.80      410.392      15.4997
      4548.20      397.434      14.9142
      4549.60      375.957      14.3270
      4551.00      374.222      14.3342
      4552.40      397.702      14.9241
      4553.80      399.323      14.9510
      4555.20      375.074      14.2292
      4556.60      384.657      14.6181
      4558.00      394.443      14.7192
      4559.40      394.200      14.9673
      4560.80      414.649      15.2724
      4562.20      413.629      15.7046
      4563.60      389.105      14.8931
      4565.00      394.893      14.7270
      4566.40      401.316      15.4673
      4567.80      408.084      15.4605
      4569.20      404.984      15.3685
      4570.60      409.162      15.5243
      4572.00      391.709      14.8799
      4573.40      382.266      14.7678
      4574.80      412.435      15.3284
      4576.20      403.822      15.1637
      4577.60      406.790      14.8163
      4579.00      410.094      14.9611
      4580.40      404.213      14.9219
      4581.80      401.042      14.9352
      4583.20      392.968      14.9542
      4584.60      375.550      14.2781
      4586.00      390.399      14.5041
      4587.40      408.782      15.3500
      4588.80      392.287      14.3501
      4590.20      392.359      14.8376
      4591.60      410.332      15.4958
      4593.00      408.343      15.1150
      4594.40      407.014      14.8546
      4595.80      400.765      14.9968
      4597.20      400.282      14.9345
      4598.60      406.784      14.9848
      4600.00      401.657      14.9800
      4601.40      398.755      14.8557
      4602.80      396.806      14.8240
      4604.20      399.837      14.8998
      4605.60      399.239      14.8554
      4607.00      404.276      15.1655
      4608.40      402.381      14.8533
      4609.80      403.669      15.0028
      4611.20      411.858      15.4417
      4612.60      407.523      16.2049
      4614.00      407.737      15.0488
      4615.40      401.246      15.0208
      4616.80      393.545      14.7041
      4618.20      398.977      14.8741
      4619.60      384.570      14.4239
      4621.00      392.148      14.6935
      4622.40      404.457      14.6377
      4623.80      400.898      15.1038
      4625.20      395.214      14.6743
      4626.60      394.681      14.7441
      4628.00      402.859      14.9077
      4629.40      392.684      14.3505
      4630.80      390.147      14.4986
      4632.20      402.374      14.5677
      4633.60      395.684      14.5766
      4635.00      387.407      14.4846
      4636.40      402.203      14.8239
      4637.80      395.750      14.2765
      4639.20      386.673      14.3498
      4640.60      396.016      14.7082
      4642.00      399.318      14.5607
      4643.40      394.565      14.6651
      4644.80      385.959      14.3271
      4646.20      394.111      14.6170
      4647.60      394.367      14.5432
      4649.00      393.809      14.7048
      4650.40      406.422      15.1557
      4651.80      395.220      14.7018
      4653.20      393.589      14.6643
      4654.60      395.913      14.6851
      4656.00      399.512      14.4418
      4657.40      387.202      14.3630
      4658.80      381.938      14.1080
      4660.20      393.813      14.6023
      4661.60      389.851      14.2614
      4663.00      385.021      14.3446
      4664.40      400.342      14.5668
      4665.80      392.037      14.4180
      4667.20      378.118      14.0445
      4668.60      390.393      14.2572
      4670.00      391.141      14.5619
      4671.40      382.491      14.0659
      4672.80      389.375      14.4117
      4674.20      400.313      15.6741
      4675.60      392.909      14.4466
      4677.00      391.963      14.2878
      4678.40      386.924      14.2350
      4679.80      389.210      14.6462
      4681.20      393.883      14.5521
      4682.60      396.669      14.5665
      4684.00      387.241      14.1642
      4685.40      389.956      14.2660
      4686.80      388.804      14.1027
      4688.20      394.085      14.5755
      4689.60      390.578      14.4773
      4691.00      391.500      14.5701
      4692.40      386.543      14.4147
      4693.80      390.295      14.4898
      4695.20      383.813      14.4218
      4696.60      393.439      14.4524
      4698.00      389.112      14.1848
      4699.40      394.589      14.7627
      4700.80      373.221      13.9759
      4702.20      386.672      13.9846
      4703.60      380.942      14.0473
      4705.00      377.912      13.8568
      4706.40      395.972      14.9259
      4707.80      391.595      14.4161
      4709.20      383.401      14.2461
      4710.60      389.310      14.0153
      4712.00      391.829      14.6947
      4713.40      384.148      14.1903
      4714.80      383.266      14.0966
      4716.20      384.794      14.1533
      4717.60      387.076      14.2399
      4719.00      391.779      14.2000
      4720.40      385.642      14.4500
      4721.80      395.177      14.4881
      4723.20      388.501      14.2061
      4724.60      392.325      14.4517
      4726.00      374.592      14.0885
      4727.40      381.185      13.9170
      4728.80      393.814      14.4468
      4730.20      376.661      14.3732
      4731.60      370.070      13.4819
      4733.00      379.440      14.1910
      4734.40      376.323      13.9990
      4735.80      378.786      14.0223
      4737.20      378.996      14.1824
      4738.60      370.282      14.0954
      4740.00      384.094      14.3589
      4741.40      381.927      16.4768
      4742.80      383.040      17.2719
      4744.20      380.537      15.1458
      4745.60      395.761      14.7724
      4747.00      377.060      14.1710
      4748.40      387.995      14.3236
      4749.80      385.790      14.1232
      4751.20      383.138      13.6954
      4752.60      390.130      14.0236
      4754.00      386.983      14.1455
      4755.40      385.416      14.1168
      4756.80      389.560      14.4012
      4758.20      377.958      14.0949
      4759.60      381.816      14.0033
      4761.00      388.857      14.0013
      4762.40      369.298      13.5714
      4763.80      375.998      13.7981
      4765.20      382.896      14.1395
      4766.60      387.032      14.5028
      4768.00      376.637      13.8837
      4769.40      371.744      13.7794
      4770.80      386.916      13.6244
      4772.20      387.490      14.1354
      4773.60      385.622      14.0806
      4775.00      376.026      13.9250
      4776.40      376.080      14.0853
      4777.80      375.724      13.8576
      4779.20      374.622      13.8626
      4780.60      369.088      13.3597
      4782.00      370.824      13.6543
      4783.40      375.542      13.5762
      4784.80      371.055      13.8629
      4786.20      372.548      13.8782
      4787.60      368.404      13.5741
      4789.00      369.460      13.5648
      4790.40      366.193      13.4377
      4791.80      364.208      13.3312
      4793.20      368.744      13.7889
      4794.60      373.139      13.5868
      4796.00      367.969      13.4174
      4797.40      371.986      13.5961
      4798.80      373.985      13.4797
      4800.20      373.129      13.5615
      4801.60      364.457      13.1521
      4803.00      367.424      13.5901
      4804.40      363.707      13.3159
      4805.80      366.456      13.5143
      4807.20      363.461      13.3015
      4808.60      371.896      13.6116
      4810.00      372.658      13.7188
      4811.40      356.491      13.4752
      4812.80      360.376      13.2716
      4814.20      366.182      13.7493
      4815.60      369.345      13.6128
      4817.00      366.984      13.6418
      4818.40      366.388      13.2782
      4819.80      363.873      13.5035
      4821.20      362.018      13.1685
      4822.60      366.576      13.5944
      4824.00      355.518      13.1939
      4825.40      353.214      13.1353
      4826.80      360.749      13.2517
      4828.20      357.847      13.0171
      4829.60      347.909      12.6114
      4831.00      361.270      13.2220
      4832.40      357.544      13.1437
      4833.80      348.353      12.9932
      4835.20      351.043      12.7214
      4836.60      347.027      12.8116
      4838.00      335.200      12.2547
      4839.40      339.382      12.6438
      4840.80      338.207      12.5178
      4842.20      335.254      12.2673
      4843.60      336.510      12.1904
      4845.00      332.400      12.2407
      4846.40      327.909      12.1891
      4847.80      323.193      12.2071
      4849.20      312.982      11.7385
      4850.60      305.967      11.7408
      4852.00      300.998      11.4276
      4853.40      296.468      11.3695
      4854.80      284.824      11.0687
      4856.20      257.355      10.3356
      4857.60      250.382      9.83509
      4859.00      220.224      8.91623
      4860.40      185.298      7.92553
      4861.80      143.458      6.85835
      4863.20      160.368      7.36793
      4864.60      213.330      8.75130
      4866.00      236.540      9.72471
      4867.40      255.670      10.2405
      4868.80      266.579      10.4219
      4870.20      284.576      10.8728
      4871.60      291.342      11.4323
      4873.00      294.063      11.3561
      4874.40      302.690      11.4519
      4875.80      308.495      11.7636
      4877.20      316.940      11.9594
      4878.60      319.368      12.0270
      4880.00      320.295      12.2285
      4881.40      329.328      12.4482
      4882.80      326.911      12.3250
      4884.20      329.934      12.2283
      4885.60      340.474      12.8020
      4887.00      338.501      12.7338
      4888.40      335.189      12.5120
      4889.80      335.877      12.5148
      4891.20      331.124      12.2646
      4892.60      330.966      12.2817
      4894.00      343.039      12.8256
      4895.40      350.179      13.0563
      4896.80      347.646      13.0462
      4898.20      351.899      12.9918
      4899.60      351.828      13.0324
      4901.00      347.946      12.8715
      4902.40      350.437      12.9525
      4903.80      350.639      12.9630
      4905.20      348.235      12.7508
      4906.60      352.708      12.9689
      4908.00      356.941      13.0577
      4909.40      355.485      13.1365
      4910.80      345.892      12.9793
      4912.20      346.582      12.8863
      4913.60      349.685      12.7833
      4915.00      352.899      12.9228
      4916.40      358.248      13.1112
      4917.80      345.294      12.9773
      4919.20      339.578      12.5132
      4920.60      335.282      12.3176
      4922.00      341.869      12.5267
      4923.40      337.816      12.4852
      4924.80      332.011      12.2610
      4926.20      343.918      12.5379
      4927.60      352.161      12.8595
      4929.00      353.254      12.7445
      4930.40      355.477      12.7408
      4931.80      343.727      12.7267
      4933.20      349.474      12.8363
      4934.60      333.673      12.1958
      4936.00      335.338      12.2761
      4937.40      356.216      12.6955
      4938.80      349.997      12.7412
      4940.20      341.569      12.3944
      4941.60      345.641      12.6270
      4943.00      349.217      12.8479
      4944.40      353.639      12.7963
      4945.80      347.214      12.9248
      4947.20      341.091      12.2547
      4948.60      349.667      12.5408
      4950.00      353.333      12.7522
      4951.40      347.318      12.6459
      4952.80      350.094      12.7872
      4954.20      343.218      12.6010
      4955.60      340.716      12.3715
      4957.00      337.522      12.4572
      4958.40      324.423      11.9224
      4959.80      331.164      12.1966
      4961.20      345.196      12.3018
      4962.60      348.575      12.8171
      4964.00      344.463      12.3582
      4965.40      349.703      12.6597
      4966.80      342.763      12.3313
      4968.20      344.784      12.5419
      4969.60      345.800      12.6022
      4971.00      337.766      12.1949
      4972.40      345.134      12.5824
      4973.80      342.993      12.4252
      4975.20      341.256      12.3067
      4976.60      341.590      12.5374
      4978.00      345.409      12.5368
      4979.40      349.091      12.5212
      4980.80      345.502      12.6675
      4982.20      331.499      12.1461
      4983.60      331.735      12.1473
      4985.00      332.844      11.9625
      4986.40      337.334      12.3206
      4987.80      334.448      12.1390
      4989.20      337.902      12.4212
      4990.60      344.701      12.3309
      4992.00      334.835      12.3623
      4993.40      342.227      12.3258
      4994.80      339.557      12.4008
      4996.20      339.401      12.3821
      4997.60      340.443      12.4957
      4999.00      336.548      12.2322
