      3900.00      62.5939      6.48791
      3901.40      58.7994      5.86199
      3902.80      67.9814      5.84650
      3904.20      67.4673      6.07692
      3905.60      66.5059      6.62794
      3907.00      63.3820      6.56339
      3908.40      67.9537      6.17840
      3909.80      74.6812      6.41646
      3911.20      73.5584      6.14292
      3912.60      74.6815      6.69010
      3914.00      71.9557      6.62402
      3915.40      69.4586      6.61489
      3916.80      68.1345      6.64244
      3918.20      71.2344      6.17623
      3919.60      66.7607      5.96084
      3921.00      71.7690      6.06181
      3922.40      73.6825      6.03294
      3923.80      71.2720      5.97207
      3925.20      72.2144      6.02715
      3926.60      71.0039      6.19166
      3928.00      63.2512      5.86485
      3929.40      64.9312      5.61105
      3930.80      53.9294      5.45491
      3932.20      42.7886      4.95928
      3933.60      25.2402      4.53121
      3935.00      18.9438      4.23027
      3936.40      40.7936      4.56919
      3937.80      60.0758      5.17804
      3939.20      64.5123      5.33722
      3940.60      68.0367      5.32111
      3942.00      70.3095      5.48460
      3943.40      67.7718      5.45184
      3944.80      70.8486      5.32415
      3946.20      67.1171      5.17041
      3947.60      72.3998      5.46190
      3949.00      66.8415      5.44137
      3950.40      67.8608      5.29136
      3951.80      66.4511      5.26103
      3953.20      69.9849      5.37196
      3954.60      71.2474      5.51021
      3956.00      72.0822      5.48774
      3957.40      68.0525      5.45780
      3958.80      66.4409      5.48997
      3960.20      67.1031      5.46236
      3961.60      67.4609      5.47076
      3963.00      60.6893      5.32255
      3964.40      62.9243      5.15189
      3965.80      57.8886      4.97633
      3967.20      46.0338      4.26687
      3968.60      26.0708      3.82622
      3970.00      17.9686      3.55288
      3971.40      28.7310      3.77202
      3972.80      44.2208      4.41759
      3974.20      49.2469      4.69188
      3975.60      59.1357      5.07199
      3977.00      63.3879      5.13653
      3978.40      61.1409      5.44775
      3979.80      65.8651      5.66753
      3981.20      67.3953      5.72375
      3982.60      68.1429      5.55005
      3984.00      68.0800      5.52253
      3985.40      69.9575      5.69490
      3986.80      71.0461      5.58129
      3988.20      73.5493      5.87065
      3989.60      73.3326      6.09597
      3991.00      71.9778      6.34255
      3992.40      73.8078      6.65998
      3993.80      70.5615      7.02585
      3995.20      74.0935      6.51728
      3996.60      69.7822      6.24302
      3998.00      67.3324      5.67338
      3999.40      71.6181      5.43369
      4000.80      74.0840      5.44962
      4002.20      75.3877      5.53907
      4003.60      71.4589      5.35563
      4005.00      71.0430      4.91186
      4006.40      64.9297      5.11878
      4007.80      69.9563      5.33904
      4009.20      74.0447      5.72384
      4010.60      71.3832      5.50548
      4012.00      71.2640      5.47057
      4013.40      74.5530      5.31841
      4014.80      70.7638      5.17649
      4016.20      74.4517      5.27638
      4017.60      75.1651      5.31776
      4019.00      75.7883      5.30625
      4020.40      75.0875      5.10290
      4021.80      74.0372      5.09821
      4023.20      72.6275      5.13034
      4024.60      72.1920      5.12614
      4026.00      72.3783      5.15577
      4027.40      73.2612      5.03883
      4028.80      72.3808      5.05542
      4030.20      70.4067      5.61238
      4031.60      70.2520      5.82904
      4033.00      66.2479      5.30565
      4034.40      69.4851      4.97231
      4035.80      71.1588      5.11907
      4037.20      72.7158      5.21828
      4038.60      76.1594      5.15668
      4040.00      72.3504      5.11375
      4041.40      74.3923      5.07157
      4042.80      72.3321      4.93304
      4044.20      73.5863      5.18784
      4045.60      73.5645      5.05040
      4047.00      66.3491      4.85493
      4048.40      71.1514      5.11782
      4049.80      72.8754      5.22543
      4051.20      76.0182      5.31701
      4052.60      72.7485      5.16689
      4054.00      71.3009      5.15190
      4055.40      71.4683      5.14376
      4056.80      74.1395      5.10823
      4058.20      72.6158      4.88108
      4059.60      71.4377      4.96821
      4061.00      73.1288      4.91582
      4062.40      71.0134      5.06872
      4063.80      70.6027      4.84754
      4065.20      63.3381      4.71190
      4066.60      74.6544      5.19531
      4068.00      69.0638      5.04768
      4069.40      71.0358      5.59809
      4070.80      70.3981      5.48593
      4072.20      69.3131      5.02247
      4073.60      67.2312      5.33465
      4075.00      72.1646      5.98142
      4076.40      68.5016      5.53895
      4077.80      63.2047      4.83727
      4079.20      64.9761      5.01541
      4080.60      66.6997      5.08747
      4082.00      72.4577      5.19381
      4083.40      70.7903      5.29632
      4084.80      68.4549      5.23829
      4086.20      66.2455      4.91113
      4087.60      67.9891      5.27470
      4089.00      69.8070      5.47609
      4090.40      68.5000      5.39845
      4091.80      68.5208      5.40726
      4093.20      68.4817      5.27261
      4094.60      68.2327      5.12121
      4096.00      57.3696      4.57427
      4097.40      63.8199      4.67599
      4098.80      56.5344      4.58660
      4100.20      54.2002      4.60804
      4101.60      42.0891      4.20319
      4103.00      36.0693      3.89473
      4104.40      47.3384      4.13129
      4105.80      56.5794      4.47131
      4107.20      59.9641      4.43247
      4108.60      61.1211      4.48356
      4110.00      60.9807      4.74377
      4111.40      62.5894          Inf
      4112.80      64.1982      4.97701
      4114.20      66.3920      4.85409
      4115.60      68.6751      4.69665
      4117.00      70.5216      4.95951
      4118.40      68.7664      4.81034
      4119.80      68.8781      4.70420
      4121.20      65.2777      4.86338
      4122.60      69.1804      4.83163
      4124.00      69.5622      4.78528
      4125.40      69.1828      4.71814
      4126.80      70.9235      4.99505
      4128.20      69.0090      4.92413
      4129.60      67.7307      4.68946
      4131.00      67.4296      4.82618
      4132.40      64.7569      4.70769
      4133.80      66.0493      4.56361
      4135.20      65.1193      4.61277
      4136.60      65.8630      4.69659
      4138.00      69.7409      4.93957
      4139.40      68.9014      4.95526
      4140.80      71.8064      4.80198
      4142.20      70.4351      4.83454
      4143.60      66.2952      4.60716
      4145.00      64.5992      4.68781
      4146.40      71.1220      4.71781
      4147.80      67.7282      4.80104
      4149.20      71.3612      4.82707
      4150.60      67.5011      4.69903
      4152.00      71.5190      4.82864
      4153.40      67.5392      4.64724
      4154.80      66.6048      4.77849
      4156.20      65.8582      4.60000
      4157.60      67.8380      4.60653
      4159.00      70.8143      4.68070
      4160.40      68.5947      4.85179
      4161.80      71.5322      4.87763
      4163.20      68.5980      4.64109
      4164.60      68.1439      4.65184
      4166.00      69.5880      4.64510
      4167.40      70.6863      4.76390
      4168.80      72.0414      4.88408
      4170.20      72.2647      4.96401
      4171.60      69.3012      4.66889
      4173.00      64.7034      4.43403
      4174.40      61.3562      4.31495
      4175.80      63.7487      4.35378
      4177.20      68.6808      4.36077
      4178.60      65.4744      4.34491
      4180.00      64.8085      4.38854
      4181.40      69.2804      4.58451
      4182.80      70.3806      4.59473
      4184.20      72.2220      4.75640
      4185.60      66.9124      4.96212
      4187.00      69.4807      5.03516
      4188.40      67.1846      4.51342
      4189.80      67.4822      4.43443
      4191.20      70.3535      4.35886
      4192.60      66.3778      4.35067
      4194.00      70.6233      4.58612
      4195.40      67.8451      4.41803
      4196.80      70.6848      4.43901
      4198.20      64.9899      4.27003
      4199.60      65.2180      4.35556
      4201.00      65.6986      4.40410
      4202.40      67.6253      4.63655
      4203.80      63.8273      4.63434
      4205.20      67.0862      4.33309
      4206.60      71.2785      4.51420
      4208.00      69.3155      4.37083
      4209.40      70.8637      4.61073
      4210.80      68.0504      4.65042
      4212.20      68.7407      4.67464
      4213.60      68.7453      4.58277
      4215.00      65.9286      4.54605
      4216.40      65.7804      4.47467
      4217.80      68.1126      4.51772
      4219.20      70.1161      4.63651
      4220.60      67.6059      4.55483
      4222.00      70.5448      4.58331
      4223.40      70.9138      4.90841
      4224.80      69.8759      7.00623
      4226.20      64.4756      6.23978
      4227.60      60.3962      4.39123
      4229.00      66.3931      4.34747
      4230.40      67.5562      4.43930
      4231.80      66.5922      4.36804
      4233.20      67.2408      4.34450
      4234.60      64.1114      4.29860
      4236.00      65.4628      4.22210
      4237.40      68.5105      4.29480
      4238.80      70.0391      4.34600
      4240.20      69.5343      4.43825
      4241.60      69.5853      4.57850
      4243.00      70.6746      4.55325
      4244.40      72.5998      4.72083
      4245.80      70.3558      4.35132
      4247.20      64.1142      4.21937
      4248.60      66.9489      4.63902
      4250.00      63.4166      4.46698
      4251.40      64.5665      4.40586
      4252.80      66.9915      4.40088
      4254.20      66.0412      4.27355
      4255.60      66.6595      4.34698
      4257.00      68.9656      4.43166
      4258.40      66.9911      4.40022
      4259.80      67.7555      4.42583
      4261.20      64.9110      4.33272
      4262.60      70.1302      4.31527
      4264.00      71.1115      4.37980
      4265.40      69.0919      4.44401
      4266.80      69.9901      4.23836
      4268.20      67.7709      4.35160
      4269.60      69.6329      4.56127
      4271.00      69.5134      4.44168
      4272.40      65.3766      4.18955
      4273.80      66.3617      4.08795
      4275.20      68.7811      4.15056
      4276.60      66.1820      4.19503
      4278.00      68.9101      4.12746
      4279.40      70.5080      4.32400
      4280.80      72.2794      4.40923
      4282.20      69.7670      4.32605
      4283.60      68.0213      4.40165
      4285.00      67.2279      4.25436
      4286.40      70.9051      4.31198
      4287.80      71.4534      4.34164
      4289.20      64.4029      4.14854
      4290.60      62.3819      4.17083
      4292.00      62.9884      3.95915
      4293.40      67.2746      4.17196
      4294.80      67.1853      4.28016
      4296.20      63.3812      4.27619
      4297.60      68.1709      4.27451
      4299.00      64.8503      4.26120
      4300.40      63.1740      4.17364
      4301.80      60.1513      4.07363
      4303.20      59.8658      4.16265
      4304.60      66.0752      4.21447
      4306.00      67.7469      4.15604
      4307.40      66.4855      4.12639
      4308.80      62.4740      4.13150
      4310.20      65.5818      4.05658
      4311.60      70.9169      4.28196
      4313.00      67.1671      4.25126
      4314.40      60.3836      3.97948
      4315.80      60.8443      3.92288
      4317.20      63.6890      4.16490
      4318.60      70.0286      4.49129
      4320.00      66.7902      4.29381
      4321.40      63.2090      4.11599
      4322.80      67.9046      4.16713
      4324.20      66.8106      4.05058
      4325.60      64.6805      4.01977
      4327.00      61.9462      3.92568
      4328.40      65.4447      4.14899
      4329.80      63.6877      4.03568
      4331.20      63.9205      3.95696
      4332.60      64.1021      4.18258
      4334.00      62.0947      4.05669
      4335.40      61.1393      3.98119
      4336.80      60.9393      3.88679
      4338.20      49.6117      3.76662
      4339.60      43.6470      3.60766
      4341.00      35.2478      3.20800
      4342.40      36.8899      3.09150
      4343.80      50.9563      3.56700
      4345.20      57.1995      3.85359
      4346.60      58.1699      3.84251
      4348.00      59.6650      3.84490
      4349.40      63.4956      4.00856
      4350.80      64.0440      4.02617
      4352.20      59.5734      3.85656
      4353.60      60.8115      3.95045
      4355.00      63.7725      4.09568
      4356.40      66.5430      4.24099
      4357.80      69.3175      4.35018
      4359.20      69.0539      4.45273
      4360.60      68.2142      4.55940
      4362.00      71.6613      4.33347
      4363.40      69.7248      4.35341
      4364.80      72.0952      4.41037
      4366.20      68.9333      4.26174
      4367.60      68.7550      4.26184
      4369.00      64.5492      4.02092
      4370.40      68.3713      4.17211
      4371.80      69.3842      3.97719
      4373.20      68.5978      4.07427
      4374.60      65.9226      4.07149
      4376.00      62.0880      4.16578
      4377.40      64.9409      4.20118
      4378.80      69.0320      4.23657
      4380.20      69.6910      4.23585
      4381.60      71.8420      4.30889
      4383.00      69.4007      4.20006
      4384.40      60.9530      3.93810
      4385.80      64.0285      3.88709
      4387.20      64.4281      4.10072
      4388.60      71.1381      4.18152
      4390.00      68.9813      4.03232
      4391.40      68.4917      4.22906
      4392.80      69.6259      4.33271
      4394.20      67.3624      4.25889
      4395.60      63.4980      3.84506
      4397.00      63.7378      3.86571
      4398.40      67.1107      4.15671
      4399.80      66.5042      4.34259
      4401.20      64.2222      4.16684
      4402.60      66.0462      4.06490
      4404.00      66.4273      4.01799
      4405.40      65.2790      4.02181
      4406.80      64.5750      3.88395
      4408.20      66.9404      4.04595
      4409.60      66.1040      4.08382
      4411.00      67.9081      4.23405
      4412.40      68.3615      4.11009
      4413.80      69.1448      4.16868
      4415.20      66.1129      4.04187
      4416.60      62.4408      3.87529
      4418.00      59.8726      3.95196
      4419.40      62.9412      4.04661
      4420.80      66.9584      4.21753
      4422.20      67.0853      4.14064
      4423.60      69.0701      4.10925
      4425.00      66.1136      4.03524
      4426.40      68.1567      3.99935
      4427.80      66.3187      4.09493
      4429.20      66.1246      4.02495
      4430.60      66.6221      4.01552
      4432.00      66.1858      3.81617
      4433.40      67.3883      3.97804
      4434.80      66.9343      3.96662
      4436.20      64.4313      4.03049
      4437.60      66.1656      3.96881
      4439.00      66.8692      4.00393
      4440.40      67.3469      4.05901
      4441.80      66.9476      4.11023
      4443.20      65.1802      4.01511
      4444.60      60.2138      3.75789
      4446.00      63.3385      3.85442
      4447.40      68.1185      4.09219
      4448.80      65.5219      3.95092
      4450.20      66.2514      3.93412
      4451.60      66.4384      3.93452
      4453.00      65.9145      4.10565
      4454.40      66.7442      4.47341
      4455.80      65.5081      4.04434
      4457.20      63.3163      3.86701
      4458.60      63.4912      3.78339
      4460.00      66.5634      3.77809
      4461.40      64.0282      3.76436
      4462.80      64.5402      3.84435
      4464.20      67.9835      3.99663
      4465.60      66.9726      4.07262
      4467.00      65.0302      4.05313
      4468.40      63.7412      3.87139
      4469.80      61.5035      3.90653
      4471.20      63.4147      3.87457
      4472.60      65.7653      3.96366
      4474.00      67.1139      4.01784
      4475.40      66.1615      3.85998
      4476.80      64.4412      3.79444
      4478.20      64.8713      3.95756
      4479.60      68.1812      3.97074
      4481.00      63.7986      3.84872
      4482.40      60.5368      3.67314
      4483.80      65.6240      3.80995
      4485.20      66.2970      3.95810
      4486.60      66.1454      3.99781
      4488.00      68.2418      3.90212
      4489.40      65.4515      3.86503
      4490.80      64.0625      3.88513
      4492.20      65.2530      3.93947
      4493.60      65.5396      4.18735
      4495.00      64.9112      3.98032
      4496.40      64.7074      3.67741
      4497.80      67.1340      3.81199
      4499.20      66.9095      3.97703
      4500.60      65.3655      3.83660
      4502.00      64.3533      4.00580
      4503.40      62.9858      3.87311
      4504.80      65.8826      4.00833
      4506.20      68.0771      3.92449
      4507.60      64.6255      3.82639
      4509.00      64.2945      3.89110
      4510.40      66.1062      3.84659
      4511.80      67.1043      4.13819
      4513.20      67.7082      3.98241
      4514.60      66.7075      4.06087
      4516.00      64.0501      3.99950
      4517.40      66.6339      3.87921
      4518.80      66.5113      3.95001
      4520.20      65.0814      3.76333
      4521.60      63.7533      3.92561
      4523.00      63.5346      3.73201
      4524.40      65.2265      3.80566
      4525.80      65.0287      3.79243
      4527.20      66.3833      3.73519
      4528.60      65.0480      3.69518
      4530.00      62.7048      3.81122
      4531.40      61.9374      3.80957
      4532.80      64.2700      3.87940
      4534.20      60.5591      3.88414
      4535.60      59.2963      3.86182
      4537.00      64.7609      3.77226
      4538.40      68.0564      3.85622
      4539.80      68.3844      3.88484
      4541.20      67.7153      3.83325
      4542.60      66.3341      3.67909
      4544.00      66.2419      3.69157
      4545.40      64.7744      3.90167
      4546.80      65.9188      3.89223
      4548.20      64.5870      3.89984
      4549.60      61.7245      3.75972
      4551.00      60.7121      3.80176
      4552.40      66.4242      3.87518
      4553.80      64.8125      3.78478
      4555.20      60.2964      3.83677
      4556.60      61.5572      3.83513
      4558.00      65.2841      3.95401
      4559.40      65.5637      3.97743
      4560.80      65.4494      4.01058
      4562.20      67.7428      4.04849
      4563.60      63.7823      3.88036
      4565.00      63.8497      3.75835
      4566.40      63.8962      3.86218
      4567.80      67.3365      3.86538
      4569.20      67.2199      3.85972
      4570.60      67.3045      3.83027
      4572.00      63.2732      3.80517
      4573.40      62.3086      3.61351
      4574.80      64.5147      3.74442
      4576.20      68.3108      3.92701
      4577.60      65.5564      3.86994
      4579.00      65.8474      3.81004
      4580.40      69.4022      4.01654
      4581.80      68.6541      4.33466
      4583.20      62.0767      4.16769
      4584.60      61.1773      3.74641
      4586.00      65.1114      3.74790
      4587.40      67.6358      3.75562
      4588.80      64.8965      3.84109
      4590.20      62.9819      4.12304
      4591.60      67.0831      4.17278
      4593.00      67.2463      4.33647
      4594.40      67.4865      4.01490
      4595.80      66.3116      3.68672
      4597.20      65.8055      3.60536
      4598.60      68.8970      3.78771
      4600.00      68.5831      3.80252
      4601.40      65.4946      3.85662
      4602.80      65.3003      3.74621
      4604.20      66.1303      3.75815
      4605.60      68.1210      3.75132
      4607.00      66.1203      3.64762
      4608.40      67.2843      3.69052
      4609.80      67.8935      3.77372
      4611.20      65.1635      3.75844
      4612.60      66.1128      3.76035
      4614.00      66.6731      3.60190
      4615.40      67.1683      3.86709
      4616.80      64.6401      3.82244
      4618.20      64.9202      3.70295
      4619.60      67.2990      3.70803
      4621.00      65.3954      3.69851
      4622.40      66.8039      3.74005
      4623.80      67.3383      3.67945
      4625.20      65.6083      3.63045
      4626.60      65.9420      3.82315
      4628.00      65.0432      3.78096
      4629.40      61.7183      3.74503
      4630.80      64.3648      3.91520
      4632.20      66.4924      3.77181
      4633.60      65.5026      3.57596
      4635.00      65.0927      3.55908
      4636.40      66.5403      3.68445
      4637.80      64.6423      3.66360
      4639.20      63.6952      3.70372
      4640.60      66.0672      3.70250
      4642.00      65.7712      3.78437
      4643.40      65.0164      3.65075
      4644.80      66.3040      3.69226
      4646.20      64.6018      3.90249
      4647.60      67.4532      3.97164
      4649.00      65.2360      3.77042
      4650.40      67.4518      3.73935
      4651.80      68.5040      3.65410
      4653.20      67.1394      3.60215
      4654.60      64.5718      3.66737
      4656.00      66.2469      3.69074
      4657.40      65.6707      3.52526
      4658.80      64.7721      3.64412
      4660.20      67.0388      3.87483
      4661.60      70.2712      4.00355
      4663.00      66.7037      3.77687
      4664.40      66.2379      3.64562
      4665.80      64.9103      3.55300
      4667.20      63.3930      3.57503
      4668.60      62.1197      3.53951
      4670.00      66.5543      3.71118
      4671.40      66.6455      3.61325
      4672.80      65.1068      3.60578
      4674.20      66.2847      3.51928
      4675.60      66.0785      3.60461
      4677.00      66.9883      3.82000
      4678.40      65.9604      3.91274
      4679.80      66.0297      3.81076
      4681.20      66.6190      3.67069
      4682.60      66.5532      3.66109
      4684.00      67.3303      3.76187
      4685.40      66.8743      4.03036
      4686.80      65.9197      3.94523
      4688.20      65.2535      3.76348
      4689.60      67.2151      3.72586
      4691.00      68.0029      3.65869
      4692.40      67.8627      3.66281
      4693.80      65.6113      3.65854
      4695.20      66.8800      3.62642
      4696.60      65.6425      3.66400
      4698.00      67.9440      3.65285
      4699.40      64.4252      3.62176
      4700.80      66.7501      3.56479
      4702.20      67.4616      4.04132
      4703.60      63.3000      3.79747
      4705.00      65.1485      3.54117
      4706.40      65.2578      3.50692
      4707.80      65.3779      3.40996
      4709.20      66.9180      3.55929
      4710.60      66.4511      3.59781
      4712.00      65.9796      3.79102
      4713.40      69.4766      4.01444
      4714.80      66.3108      3.96091
      4716.20      65.7138      3.65200
      4717.60      66.3387      3.56732
      4719.00      65.8213      3.58657
      4720.40      69.2299      3.93733
      4721.80      69.2403      3.87323
      4723.20      68.0373      3.70065
      4724.60      66.5296      3.66994
      4726.00      66.1562      3.63120
      4727.40      67.4260      3.55990
      4728.80      62.7661      3.58862
      4730.20      66.8518      3.73300
      4731.60      66.8954      3.81778
      4733.00      65.2856      3.75443
      4734.40      67.5934      3.72783
      4735.80      65.2475      3.65992
      4737.20      62.8841      3.55844
      4738.60      64.6352      3.63302
      4740.00      67.1039      3.69066
      4741.40      67.1810      3.71871
      4742.80      68.1441      3.79984
      4744.20      67.5316      3.73010
      4745.60      66.2961      3.72843
      4747.00      67.4038      3.76137
      4748.40      66.6585      3.71273
      4749.80      65.2542      3.62928
      4751.20      66.3247      3.81400
      4752.60      67.2441      3.90247
      4754.00      65.8306      3.81306
      4755.40      69.2150      3.71396
      4756.80      68.9780      3.80079
      4758.20      64.6621      3.64857
      4759.60      66.0908      3.69779
      4761.00      66.3726      3.75374
      4762.40      63.7148      3.71789
      4763.80      65.6630      3.62761
      4765.20      64.0634      3.61038
      4766.60      65.5873      3.62638
      4768.00      66.0135      3.56761
      4769.40      64.8956      3.50049
      4770.80      64.6736      3.52695
      4772.20      65.7825      3.45529
      4773.60      65.7609      3.56349
      4775.00      67.6295      3.71764
      4776.40      66.3144      3.79554
      4777.80      66.9244      3.74657
      4779.20      65.1421      3.82754
      4780.60      63.1900      3.64303
      4782.00      64.2529      3.53050
      4783.40      64.7774      3.56095
      4784.80      64.9222      3.51273
      4786.20      65.4502      3.66711
      4787.60      65.5939      3.58735
      4789.00      66.1329      3.65619
      4790.40      66.8656      3.41747
      4791.80      65.7753      3.50751
      4793.20      64.3905      3.48562
      4794.60      66.1678      3.52221
      4796.00      66.9340      3.48826
      4797.40      65.1919      3.39176
      4798.80      64.8142      3.42463
      4800.20      63.0063      3.43140
      4801.60      65.8490      3.54620
      4803.00      64.1385      3.62791
      4804.40      65.6203      3.50261
      4805.80      62.5686      3.39603
      4807.20      62.8276      3.31521
      4808.60      63.9365      3.39070
      4810.00      63.4490      3.31396
      4811.40      64.4181      3.51859
      4812.80      67.1796      3.55992
      4814.20      64.0928      3.75908
      4815.60      65.8557      3.72930
      4817.00      65.1654      3.52315
      4818.40      64.7455      3.60492
      4819.80      64.6139      3.54351
      4821.20      65.0053      3.50839
      4822.60      67.0941      3.54977
      4824.00      65.1126      3.45777
      4825.40      62.5536      3.49591
      4826.80      64.7999      3.47920
      4828.20      64.9073      3.50437
      4829.60      64.8407      3.59707
      4831.00      65.0331      3.45096
      4832.40      67.1671      3.59837
      4833.80      66.6639      3.65183
      4835.20      64.3287      3.57019
      4836.60      63.0873      3.50239
      4838.00      64.2251      3.54079
      4839.40      63.0179      3.62851
      4840.80      63.9215      3.50716
      4842.20      62.5796      3.44990
      4843.60      63.8765      3.54446
      4845.00      62.7048      3.59123
      4846.40      63.2863      3.71475
      4847.80      63.7831      3.55315
      4849.20      63.0637      3.46216
      4850.60      61.8839      3.22910
      4852.00      60.8716      3.31511
      4853.40      60.8047          Inf
      4854.80      60.7379          Inf
      4856.20      60.6710      3.20513
      4857.60      58.4503      3.13458
      4859.00      52.8569      3.04830
      4860.40      44.5139      2.82286
      4861.80      36.5182      2.58807
      4863.20      36.8204      2.50040
      4864.60      44.1413      2.69464
      4866.00      52.0485      3.15776
      4867.40      56.0853      3.64722
      4868.80      58.3483      3.51904
      4870.20      59.8914      3.54249
      4871.60      57.1225      3.32244
      4873.00      58.9947      3.24563
      4874.40      61.5973      3.20375
      4875.80      62.0637      3.47654
      4877.20      62.2438      3.37452
      4878.60      62.0639      3.39203
      4880.00      61.4281      3.37503
      4881.40      61.8116      3.47294
      4882.80      62.9299      3.56908
      4884.20      62.9115      3.53307
      4885.60      62.9190      3.59916
      4887.00      63.8701      3.51722
      4888.40      64.6854      3.59190
      4889.80      65.4295      3.67014
      4891.20      60.1059      3.40828
      4892.60      60.4973      3.49893
      4894.00      63.7992      3.75114
      4895.40      63.4351      3.71478
      4896.80      65.2077      3.66142
      4898.20      63.3149      3.53729
      4899.60      62.3511      3.52244
      4901.00      65.7184      3.60981
      4902.40      65.8582      3.71763
      4903.80      64.3725      3.50270
      4905.20      64.2292      3.39978
      4906.60      63.7496      3.50880
      4908.00      66.2799      3.49781
      4909.40      62.8872      3.29759
      4910.80      62.4467      3.42786
      4912.20      64.7734      3.49445
      4913.60      63.9484      3.48385
      4915.00      66.2701      3.45791
      4916.40      64.9749      3.46825
      4917.80      66.7291      3.45969
      4919.20      63.3022      3.33718
      4920.60      59.6429      3.16791
      4922.00      59.3393      3.29008
      4923.40      60.5426      3.17178
      4924.80      61.3150      3.34428
      4926.20      61.6099      3.86150
      4927.60      62.1089      3.91222
      4929.00      63.5490      3.44342
      4930.40      65.1096      3.45363
      4931.80      63.5609      3.42676
      4933.20      62.1442      3.32437
      4934.60      64.0039      3.36808
      4936.00      60.2418      3.36431
      4937.40      63.6796      3.32895
      4938.80      62.3128      3.23786
      4940.20      61.2060      3.13037
      4941.60      62.6581      3.44161
      4943.00      65.2154      3.69337
      4944.40      65.6435      3.71209
      4945.80      64.2370      3.32580
      4947.20      63.4454      3.43859
      4948.60      64.1559      3.32289
      4950.00      63.4707      3.28852
      4951.40      60.9224      3.53390
      4952.80      63.4944      3.80620
      4954.20      64.5805      3.67015
      4955.60      63.7153      3.40039
      4957.00      60.9301      3.29595
      4958.40      58.1362      3.31681
      4959.80      61.3857      3.42497
      4961.20      62.0858      3.38746
      4962.60      62.7400      3.38197
      4964.00      61.2257      3.38301
      4965.40      62.3825      3.35205
      4966.80      63.7741      3.35345
      4968.20      63.3909      3.30842
      4969.60      63.6994      3.31209
      4971.00      62.4334      3.18807
      4972.40      65.1573      3.34753
      4973.80      63.6697      3.25903
      4975.20      63.0873      3.48741
      4976.60      63.8335      3.37947
      4978.00      64.8809      3.41341
      4979.40      63.9783      3.33067
      4980.80      62.1940      3.33136
      4982.20      62.7968      4.06439
      4983.60      61.9195      3.57517
      4985.00      60.0891      3.28776
      4986.40      61.4939      3.17802
      4987.80      62.9469      3.31549
      4989.20      62.1109      3.41921
      4990.60      63.5608      3.33965
      4992.00      60.7692      3.19847
      4993.40      62.8342      3.34904
      4994.80      62.1868      3.31445
      4996.20      61.9483      3.18483
      4997.60      62.1293      3.29708
      4999.00      64.4580      3.36854
