      3900.00      150.538      8.77413
      3901.40      149.970      8.94186
      3902.80      155.911      9.14669
      3904.20      155.098      9.11683
      3905.60      161.131      9.11265
      3907.00      166.094      9.18333
      3908.40      164.768      8.35199
      3909.80      159.370      8.59120
      3911.20      157.944      8.39363
      3912.60      167.226      8.54107
      3914.00      166.929      8.83976
      3915.40      165.971      8.67801
      3916.80      165.742      8.73897
      3918.20      161.255      8.53490
      3919.60      165.682      9.10137
      3921.00      165.086      8.78552
      3922.40      165.151      8.65831
      3923.80      170.878      8.66895
      3925.20      167.861      8.88856
      3926.60      165.471      8.70819
      3928.00      157.961      8.28568
      3929.40      146.469      7.65606
      3930.80      111.437      6.80804
      3932.20      106.419      6.69419
      3933.60      131.969      7.56713
      3935.00      159.404      8.12499
      3936.40      160.513      8.02720
      3937.80      168.339      8.58875
      3939.20      167.329      8.36417
      3940.60      163.346      8.15729
      3942.00      163.261      8.13577
      3943.40      164.889      8.33551
      3944.80      158.218      8.08582
      3946.20      164.734      8.29758
      3947.60      162.551      7.95890
      3949.00      161.858      8.03245
      3950.40      160.402      7.97969
      3951.80      155.861      8.02861
      3953.20      157.387      8.08592
      3954.60      144.998      7.67035
      3956.00      145.605      7.84212
      3957.40      141.248      7.73629
      3958.80      140.009      7.89688
      3960.20      133.635      7.93318
      3961.60      130.243      7.97976
      3963.00      118.030      7.65582
      3964.40      101.097      6.86283
      3965.80      76.0784      6.25305
      3967.20      50.3413      5.18894
      3968.60      69.4894      5.74669
      3970.00      103.193      6.68602
      3971.40      108.682      6.98213
      3972.80      120.914      7.01264
      3974.20      127.080      7.44953
      3975.60      137.160      7.53889
      3977.00      138.419      7.35886
      3978.40      141.637      7.53501
      3979.80      140.630      7.35484
      3981.20      144.399      7.41274
      3982.60      148.352      7.63408
      3984.00      148.163      7.58341
      3985.40      153.721      7.79183
      3986.80      151.538      7.72558
      3988.20      159.643      8.17304
      3989.60      156.445      7.73063
      3991.00      157.129      7.70583
      3992.40      160.464      7.71909
      3993.80      156.745      7.95794
      3995.20      156.795      7.58816
      3996.60      153.561      7.83285
      3998.00      166.750      8.88644
      3999.40      161.672      8.24986
      4000.80      164.557      7.89606
      4002.20      150.243      7.47161
      4003.60      159.338      7.79565
      4005.00      164.974      7.97691
      4006.40      162.781      7.67677
      4007.80      158.926      7.66212
      4009.20      156.850      7.48078
      4010.60      166.049      7.94969
      4012.00      157.567      7.30062
      4013.40      158.568      7.62314
      4014.80      159.581      7.72352
      4016.20      161.463      7.65264
      4017.60      164.970      8.20609
      4019.00      161.953      7.95815
      4020.40      161.769      7.66611
      4021.80      166.366      8.01759
      4023.20      159.808      7.60006
      4024.60      158.852      7.88793
      4026.00      160.322      7.35644
      4027.40      157.581      7.70653
      4028.80      157.202      7.38724
      4030.20      160.675      7.40417
      4031.60      153.898      7.31652
      4033.00      163.294      7.94546
      4034.40      157.283      7.77696
      4035.80      157.488      7.70415
      4037.20      159.705      7.82074
      4038.60      155.135      7.59698
      4040.00      161.569      7.82376
      4041.40      153.110      7.64965
      4042.80      155.369      7.55963
      4044.20      154.814      7.42757
      4045.60      159.401      7.75138
      4047.00      157.299      7.83684
      4048.40      158.528      7.87610
      4049.80      158.902      7.92785
      4051.20      151.848      7.58038
      4052.60      155.969      7.61009
      4054.00      153.366      7.69510
      4055.40      151.559      7.35404
      4056.80      158.697      7.59873
      4058.20      162.249      9.14160
      4059.60      157.853          Inf
      4061.00      153.458      7.65243
      4062.40      151.719      7.47114
      4063.80      153.942      7.63814
      4065.20      155.552      7.61156
      4066.60      156.371      7.55808
      4068.00      151.751      7.38109
      4069.40      144.880      7.03780
      4070.80      152.222      7.83379
      4072.20      154.974      7.67178
      4073.60      146.135      7.05754
      4075.00      143.025      6.79963
      4076.40      145.758      7.11004
      4077.80      148.389      7.33320
      4079.20      146.764      7.05073
      4080.60      139.644      6.84793
      4082.00      143.046      6.72280
      4083.40      143.962      6.92931
      4084.80      140.801      6.87388
      4086.20      138.454      6.70564
      4087.60      137.212      6.61050
      4089.00      132.616      6.47606
      4090.40      135.000      6.83019
      4091.80      122.646      6.16147
      4093.20      124.780      6.37159
      4094.60      117.203      6.15491
      4096.00      107.314      5.87485
      4097.40      92.7206      5.33826
      4098.80      69.0680      4.39167
      4100.20      71.9922      4.57863
      4101.60      98.2244      5.32671
      4103.00      108.578      5.77896
      4104.40      117.694      6.02600
      4105.80      121.172      6.18893
      4107.20      126.188      6.44535
      4108.60      131.703      6.49491
      4110.00      134.945      6.64546
      4111.40      137.790      6.60592
      4112.80      136.713      6.51292
      4114.20      140.396      6.64511
      4115.60      144.313      6.89648
      4117.00      143.816      6.95568
      4118.40      142.963      6.97417
      4119.80      142.622      6.91011
      4121.20      146.566      6.93338
      4122.60      143.178      6.68320
      4124.00      149.190      6.92311
      4125.40      145.185      6.82464
      4126.80      150.572      6.80712
      4128.20      147.368      6.89104
      4129.60      146.514      6.88743
      4131.00      148.352      6.85721
      4132.40      145.701      6.74096
      4133.80      145.936      6.67621
      4135.20      150.226      7.03116
      4136.60      148.813      6.69600
      4138.00      152.917      6.83342
      4139.40      148.904      6.84556
      4140.80      146.084      6.68686
      4142.20      147.663      6.77809
      4143.60      146.179      6.73832
      4145.00      149.680      7.00972
      4146.40      147.900      6.75516
      4147.80      144.609      6.46611
      4149.20      150.881      6.77098
      4150.60      144.245      6.70187
      4152.00      145.208      6.72376
      4153.40      150.712      6.89078
      4154.80      147.922      6.79367
      4156.20      149.009      6.73066
      4157.60      146.777      6.78888
      4159.00      148.949      6.76503
      4160.40      143.364      6.67252
      4161.80      146.331      6.83433
      4163.20      143.468      6.70583
      4164.60      148.157      6.76379
      4166.00      143.282      6.54799
      4167.40      150.635      6.76548
      4168.80      143.743      6.80590
      4170.20      146.545      6.50148
      4171.60      147.723      6.73419
      4173.00      146.354      6.79443
      4174.40      148.207      6.99132
      4175.80      148.514      7.36544
      4177.20      145.708      6.69745
      4178.60      148.868      6.57692
      4180.00      144.781      6.51847
      4181.40      144.736      6.59523
      4182.80      145.745      6.33322
      4184.20      148.206      6.81244
      4185.60      146.869      6.75387
      4187.00      146.433      6.78030
      4188.40      149.432      6.53823
      4189.80      143.939      7.04336
      4191.20      157.204      7.67052
      4192.60      145.591      6.58511
      4194.00      146.963      6.53179
      4195.40      143.636      6.29723
      4196.80      147.094      6.64116
      4198.20      142.422      6.44623
      4199.60      144.562      6.44157
      4201.00      146.845      6.50484
      4202.40      145.423      6.65126
      4203.80      145.593      6.56491
      4205.20      146.958      6.64131
      4206.60      144.868      6.38400
      4208.00      143.795      6.49292
      4209.40      143.645      6.32735
      4210.80      143.967      6.35154
      4212.20      146.624      6.46077
      4213.60      143.208      6.52043
      4215.00      146.267      6.57428
      4216.40      143.405      6.25103
      4217.80      142.912      6.30764
      4219.20      147.211      6.30529
      4220.60      149.303      6.56873
      4222.00      148.046      6.54644
      4223.40      140.203      6.32614
      4224.80      132.926      6.19831
      4226.20      140.699      6.49392
      4227.60      145.698      6.65831
      4229.00      141.295      6.52794
      4230.40      141.592      6.30453
      4231.80      143.132      6.15202
      4233.20      144.626      6.36249
      4234.60      142.325      6.30484
      4236.00      144.556      6.36593
      4237.40      144.843      6.22400
      4238.80      143.240      6.20402
      4240.20      139.539      6.07517
      4241.60      143.521      6.17128
      4243.00      140.867      6.21701
      4244.40      143.896      6.34960
      4245.80      146.393      6.39890
      4247.20      144.784      6.28740
      4248.60      141.170      6.26379
      4250.00      144.532      6.35159
      4251.40      143.776      6.45026
      4252.80      141.585      6.49264
      4254.20      150.231      6.69073
      4255.60      142.224      6.35795
      4257.00      147.846      6.37991
      4258.40      144.957      6.23278
      4259.80      146.415      6.29818
      4261.20      145.750      6.41428
      4262.60      146.120      6.45931
      4264.00      144.898      6.23645
      4265.40      144.160      6.35051
      4266.80      144.960      6.27329
      4268.20      137.773      6.42732
      4269.60      137.264      6.22803
      4271.00      144.449      6.36253
      4272.40      146.939      6.34332
      4273.80      143.866      6.26653
      4275.20      143.493      6.41816
      4276.60      143.971      6.33099
      4278.00      146.329      6.29839
      4279.40      144.510      6.25845
      4280.80      144.660      6.32444
      4282.20      142.755      6.34916
      4283.60      144.175      6.49465
      4285.00      141.073      6.29448
      4286.40      140.756      6.40534
      4287.80      139.850      6.02421
      4289.20      141.805      6.19223
      4290.60      143.215      6.03021
      4292.00      135.136      6.09067
      4293.40      146.428      6.09121
      4294.80      140.606      6.12095
      4296.20      137.932      6.17996
      4297.60      136.619      6.02542
      4299.00      138.064      5.89510
      4300.40      137.973      6.05062
      4301.80      142.125      6.10513
      4303.20      145.460      6.69156
      4304.60      139.350      6.22303
      4306.00      139.973      6.18064
      4307.40      137.684      5.97752
      4308.80      138.457      5.97043
      4310.20      137.322      6.02109
      4311.60      133.702      5.85030
      4313.00      135.894      6.01860
      4314.40      136.580      5.91918
      4315.80      139.076      6.09981
      4317.20      134.371      5.99324
      4318.60      134.568      5.83366
      4320.00      135.209      6.03663
      4321.40      135.009      6.24109
      4322.80      128.420      5.84088
      4324.20      129.823      5.70121
      4325.60      128.035      5.79203
      4327.00      126.798      5.58453
      4328.40      122.241      5.40321
      4329.80      121.981      5.53355
      4331.20      116.892      5.35997
      4332.60      116.251      5.35139
      4334.00      105.351      5.04247
      4335.40      92.9938      4.61078
      4336.80      75.3258      4.13364
      4338.20      64.3741      3.93692
      4339.60      81.3154      4.18034
      4341.00      101.314      4.82274
      4342.40      106.962      5.10790
      4343.80      114.612      5.14509
      4345.20      116.766      5.33424
      4346.60      123.233      5.36138
      4348.00      120.320      5.47778
      4349.40      125.791      5.64470
      4350.80      127.597      5.70350
      4352.20      127.965      5.64987
      4353.60      136.019      5.87387
      4355.00      130.935      5.68774
      4356.40      134.604      5.81367
      4357.80      134.002      5.95514
      4359.20      138.998      6.50984
      4360.60      138.310      6.33456
      4362.00      138.920      6.16468
      4363.40      137.595      6.14866
      4364.80      138.268      6.14817
      4366.20      136.454      5.95417
      4367.60      135.833      5.99330
      4369.00      138.170      5.82552
      4370.40      135.341      5.92983
      4371.80      134.540      5.96630
      4373.20      141.298      6.36337
      4374.60      139.387      6.34159
      4376.00      138.582      6.21867
      4377.40      138.263      6.18929
      4378.80      138.298      5.97825
      4380.20      134.097      6.05669
      4381.60      129.654      5.81074
      4383.00      138.696      5.86647
      4384.40      136.433      5.96079
      4385.80      137.190      5.90460
      4387.20      137.973      5.91759
      4388.60      141.890      6.52196
      4390.00      141.156          Inf
      4391.40      140.423          Inf
      4392.80      139.690          Inf
      4394.20      138.956          Inf
      4395.60      138.223          Inf
      4397.00      137.490          Inf
      4398.40      136.756          Inf
      4399.80      136.023      5.94724
      4401.20      134.291      5.90818
      4402.60      132.753      5.87130
      4404.00      135.826      5.53577
      4405.40      135.661      5.89496
      4406.80      133.765      5.74310
      4408.20      135.586      6.00841
      4409.60      131.601      6.01917
      4411.00      137.287      5.90630
      4412.40      134.139      5.69632
      4413.80      133.206      5.96476
      4415.20      129.936      5.60015
      4416.60      137.523      5.87692
      4418.00      133.931      5.81691
      4419.40      135.853      5.85846
      4420.80      136.353      5.81277
      4422.20      135.263      5.99396
      4423.60      133.246      5.84134
      4425.00      137.729      5.82398
      4426.40      135.112      5.67933
      4427.80      134.850      5.72145
      4429.20      133.464      5.65987
      4430.60      128.702      5.64963
      4432.00      134.014      5.77896
      4433.40      133.233      5.77123
      4434.80      130.967      5.59489
      4436.20      130.306      5.55630
      4437.60      133.018      5.65351
      4439.00      129.742      5.58892
      4440.40      131.776      5.65203
      4441.80      128.472      5.60849
      4443.20      132.908      5.65203
      4444.60      131.321      5.60599
      4446.00      132.163      5.52770
      4447.40      134.439      5.66467
      4448.80      131.689      5.65181
      4450.20      131.155      5.56309
      4451.60      130.726      5.42940
      4453.00      130.674      5.45917
      4454.40      133.404      5.52648
      4455.80      130.147      5.60597
      4457.20      133.995      5.76525
      4458.60      131.003      5.63295
      4460.00      134.668      5.67409
      4461.40      130.253      5.36797
      4462.80      130.703      5.58481
      4464.20      127.906      5.47994
      4465.60      128.094      5.49534
      4467.00      127.643      5.45707
      4468.40      129.027      5.67270
      4469.80      132.063      5.55309
      4471.20      129.766      5.29741
      4472.60      130.993      5.51400
      4474.00      128.493      5.50635
      4475.40      129.662      5.42052
      4476.80      130.861      5.33921
      4478.20      130.209      5.34643
      4479.60      128.095      5.40956
      4481.00      125.826      5.55320
      4482.40      130.700      5.42779
      4483.80      130.486      5.48022
      4485.20      126.422      5.44917
      4486.60      127.801      5.38691
      4488.00      127.732      5.38840
      4489.40      129.718      5.55492
      4490.80      129.768      5.49013
      4492.20      129.589      5.54379
      4493.60      127.192      5.28164
      4495.00      128.855      5.65545
      4496.40      126.569      5.27231
      4497.80      127.230      5.36149
      4499.20      125.747      5.39533
      4500.60      127.827      5.51110
      4502.00      128.619      5.32342
      4503.40      128.333      5.47017
      4504.80      125.211      5.36722
      4506.20      126.320      5.42607
      4507.60      126.015      5.36793
      4509.00      126.575      5.39074
      4510.40      131.386      5.59621
      4511.80      134.719      5.60926
      4513.20      122.425      5.15480
      4514.60      128.522      5.32768
      4516.00      128.349      5.28114
      4517.40      125.109      5.26718
      4518.80      128.182      5.46159
      4520.20      126.006      5.30152
      4521.60      129.047      5.31512
      4523.00      126.862      5.32800
      4524.40      127.686      5.34349
      4525.80      127.320      5.48262
      4527.20      125.554      5.42811
      4528.60      124.820      5.35647
      4530.00      125.001      5.33200
      4531.40      123.390      5.26246
      4532.80      127.815      5.39048
      4534.20      121.786      6.72566
      4535.60      115.750      7.78727
      4537.00      129.205      5.51491
      4538.40      129.589      5.49579
      4539.80      125.368      5.33809
      4541.20      126.911      5.43277
      4542.60      128.443      5.59261
      4544.00      123.591      5.32976
      4545.40      125.096      5.18643
      4546.80      121.899      5.02541
      4548.20      121.229      5.15121
      4549.60      125.863      5.31591
      4551.00      125.235      5.29556
      4552.40      126.440      5.36786
      4553.80      125.049      5.27627
      4555.20      122.574      5.09069
      4556.60      124.796      5.27551
      4558.00      127.633      5.45204
      4559.40      126.771      5.23547
      4560.80      123.380      5.11310
      4562.20      122.978      5.10602
      4563.60      123.189      5.37755
      4565.00      126.583      5.32898
      4566.40      128.043      5.25373
      4567.80      126.891      5.34220
      4569.20      125.619      5.17237
      4570.60      121.218      5.38956
      4572.00      125.801      5.36743
      4573.40      127.004      5.22393
      4574.80      124.796      5.28384
      4576.20      125.916      5.39174
      4577.60      123.682      5.09098
      4579.00      122.307      4.95478
      4580.40      123.107      5.21500
      4581.80      124.758      5.31711
      4583.20      126.472      5.39852
      4584.60      122.738      5.23724
      4586.00      125.707      5.28901
      4587.40      125.322      5.09865
      4588.80      123.213      5.31657
      4590.20      123.861      5.24179
      4591.60      122.792      5.13208
      4593.00      124.232      5.34532
      4594.40      124.122      5.28434
      4595.80      122.992      5.10310
      4597.20      124.376      5.21023
      4598.60      123.101      5.17074
      4600.00      120.379      4.94736
      4601.40      125.550      5.21268
      4602.80      125.191      5.21405
      4604.20      123.759      5.38318
      4605.60      122.353      4.99515
      4607.00      122.064      5.15827
      4608.40      122.794      5.22650
      4609.80      124.439      5.24092
      4611.20      121.687      5.00479
      4612.60      121.713      5.13711
      4614.00      123.724      5.21864
      4615.40      122.038      5.11225
      4616.80      123.294      5.17233
      4618.20      122.713      5.10406
      4619.60      122.885      5.20483
      4621.00      122.664      5.24469
      4622.40      122.134      5.14620
      4623.80      123.002      5.08732
      4625.20      121.457      5.06332
      4626.60      121.436      5.04056
      4628.00      124.459      5.12724
      4629.40      122.449      5.14534
      4630.80      119.025      4.96995
      4632.20      120.615      5.06507
      4633.60      120.178      5.09377
      4635.00      120.214      5.05780
      4636.40      121.149      5.07184
      4637.80      123.034      5.15151
      4639.20      122.248      5.00055
      4640.60      120.129      5.17040
      4642.00      123.184      5.14943
      4643.40      120.328      5.13669
      4644.80      119.407      4.94537
      4646.20      121.162      5.06635
      4647.60      120.471      5.12126
      4649.00      123.400      5.18026
      4650.40      122.573      5.14811
      4651.80      119.902      5.15598
      4653.20      119.098      5.12302
      4654.60      119.440      5.18135
      4656.00      120.265      5.02344
      4657.40      119.818      5.12867
      4658.80      118.942      4.93017
      4660.20      119.196      5.03827
      4661.60      117.619      5.03442
      4663.00      116.570      5.02328
      4664.40      119.962      5.14160
      4665.80      115.377      4.97451
      4667.20      118.568      4.98022
      4668.60      120.743      5.11834
      4670.00      118.701      5.05457
      4671.40      119.315      5.21161
      4672.80      118.987      5.00292
      4674.20      119.373      5.09203
      4675.60      118.261      5.06180
      4677.00      118.575      4.96221
      4678.40      121.085      5.01794
      4679.80      117.515      5.03602
      4681.20      116.714      4.98670
      4682.60      120.311      4.95133
      4684.00      117.513      5.04923
      4685.40      120.637      5.18553
      4686.80      121.547      5.12391
      4688.20      122.466      5.11261
      4689.60      117.462      4.95367
      4691.00      122.054      5.08947
      4692.40      121.551      5.15906
      4693.80      122.112      5.04980
      4695.20      118.120      5.04512
      4696.60      119.990      5.05860
      4698.00      121.763      5.24988
      4699.40      119.863      5.12124
      4700.80      120.585      5.06270
      4702.20      115.840      4.87224
      4703.60      120.782      5.06097
      4705.00      117.663      5.04453
      4706.40      120.267      4.89352
      4707.80      118.537      4.98340
      4709.20      118.689      5.09345
      4710.60      120.316      5.24378
      4712.00      118.811      5.15614
      4713.40      120.470      5.03745
      4714.80      119.817      4.99541
      4716.20      118.378      5.05709
      4717.60      119.974      5.05980
      4719.00      117.202      5.09373
      4720.40      116.620      4.95088
      4721.80      118.351      5.11678
      4723.20      116.795      5.02721
      4724.60      118.182      5.02454
      4726.00      118.725      4.98907
      4727.40      116.901      4.88151
      4728.80      118.014      5.06695
      4730.20      116.903      4.93907
      4731.60      115.402      4.85191
      4733.00      114.742      4.86676
      4734.40      116.851      4.97318
      4735.80      116.740      4.89549
      4737.20      116.198      4.76829
      4738.60      118.910      5.03365
      4740.00      115.430      4.90974
      4741.40      115.728      4.89921
      4742.80      117.438      4.94367
      4744.20      111.721      4.78629
      4745.60      117.107      4.82911
      4747.00      118.801      5.02940
      4748.40      114.947      4.83119
      4749.80      112.774      4.74538
      4751.20      118.186      4.83794
      4752.60      117.005      4.84433
      4754.00      116.819      4.79066
      4755.40      112.994      4.77671
      4756.80      114.539      4.86502
      4758.20      114.255      4.57200
      4759.60      116.688      4.86449
      4761.00      116.239      4.85609
      4762.40      115.252      4.75048
      4763.80      113.689      4.84895
      4765.20      113.874      5.03932
      4766.60      114.959      5.00628
      4768.00      116.201      4.77693
      4769.40      116.186      4.88295
      4770.80      115.559      4.82421
      4772.20      114.804      4.84983
      4773.60      114.597      4.78336
      4775.00      116.219      4.87570
      4776.40      113.119      4.67093
      4777.80      111.847      4.72749
      4779.20      113.578      4.77055
      4780.60      113.285      4.84677
      4782.00      112.720      4.77585
      4783.40      115.458      4.95342
      4784.80      115.380      4.82302
      4786.20      111.974      4.68913
      4787.60      114.356      4.74659
      4789.00      112.099      4.66764
      4790.40      113.489      4.80674
      4791.80      114.073      4.78559
      4793.20      111.482      4.71632
      4794.60      114.813      4.74030
      4796.00      114.446      4.77292
      4797.40      113.522      4.67162
      4798.80      111.410      4.57377
      4800.20      114.836      4.80524
      4801.60      113.881      4.91421
      4803.00      112.088      4.68420
      4804.40      113.295      4.91082
      4805.80      113.096      4.76100
      4807.20      111.406      4.67700
      4808.60      113.645      4.78768
      4810.00      116.064      4.60671
      4811.40      111.457      4.76671
      4812.80      114.439      4.68148
      4814.20      112.924      4.72874
      4815.60      116.398      4.80497
      4817.00      114.002      5.00317
      4818.40      111.271      4.91840
      4819.80      115.998      4.84344
      4821.20      112.734      4.69082
      4822.60      114.298      4.80512
      4824.00      110.591      4.75823
      4825.40      111.390      4.74459
      4826.80      113.621      4.76028
      4828.20      112.747      4.62703
      4829.60      110.841      4.45179
      4831.00      111.330      4.65510
      4832.40      111.234      4.59633
      4833.80      111.435      4.79477
      4835.20      110.940      4.60838
      4836.60      110.776      4.70791
      4838.00      110.067      4.59966
      4839.40      107.771      4.63526
      4840.80      108.575      4.58300
      4842.20      109.333      4.61690
      4843.60      110.164      4.82760
      4845.00      105.324      4.54846
      4846.40      105.225      4.46525
      4847.80      102.693      4.41792
      4849.20      100.803      4.54893
      4850.60      98.5777      4.44988
      4852.00      97.5272      4.23309
      4853.40      93.2659      4.15740
      4854.80      89.7848      4.03774
      4856.20      82.0417      3.73908
      4857.60      62.2029      3.14319
      4859.00      56.9855      3.07909
      4860.40      70.8071      3.46992
      4861.80      85.1818      3.93613
      4863.20      91.9337      4.09253
      4864.60      95.7571      4.16487
      4866.00      98.3244      4.29123
      4867.40      100.222      4.42123
      4868.80      103.265      4.45403
      4870.20      100.373      4.27462
      4871.60      103.702      4.44602
      4873.00      106.576      4.53630
      4874.40      107.317      4.52341
      4875.80      107.192      4.50728
      4877.20      109.711      4.55114
      4878.60      108.737      4.60385
      4880.00      108.386      4.60399
      4881.40      109.146      4.70497
      4882.80      113.000      4.58240
      4884.20      109.567      4.50690
      4885.60      109.822      4.43650
      4887.00      107.588      4.49531
      4888.40      107.042      4.50781
      4889.80      111.679      4.61973
      4891.20      111.032      4.52279
      4892.60      112.449      4.61292
      4894.00      110.565      4.58432
      4895.40      109.674      4.50562
      4896.80      111.171      4.54143
      4898.20      109.149      4.51932
      4899.60      113.564      4.63796
      4901.00      111.872      4.61531
      4902.40      109.134      4.54970
      4903.80      112.108      4.62678
      4905.20      112.017      4.64394
      4906.60      113.336      4.59165
      4908.00      111.455      4.46548
      4909.40      110.675      4.61418
      4910.80      112.677      4.57619
      4912.20      111.419      4.57890
      4913.60      109.782      4.48045
      4915.00      111.522      4.60584
      4916.40      110.516      4.62417
      4917.80      109.260      4.64608
      4919.20      108.080      4.46175
      4920.60      109.999      4.59914
      4922.00      107.568      4.44066
      4923.40      111.125      4.55970
      4924.80      110.605      4.57859
      4926.20      109.573      4.54890
      4927.60      112.466      4.61074
      4929.00      110.588      4.64187
      4930.40      110.167      4.57178
      4931.80      112.639      4.73524
      4933.20      112.473      4.40563
      4934.60      109.950      4.46833
      4936.00      110.001      4.50213
      4937.40      113.394      4.59650
      4938.80      111.583      4.57473
      4940.20      112.084      4.50424
      4941.60      111.629      4.51330
      4943.00      110.753      4.47680
      4944.40      109.566      4.62013
      4945.80      109.096      4.43695
      4947.20      109.160      4.55065
      4948.60      110.713      4.41978
      4950.00      111.633      4.60776
      4951.40      110.921      4.51256
      4952.80      111.708      4.52798
      4954.20      111.043      4.64094
      4955.60      108.743      4.46662
      4957.00      110.934      4.58946
      4958.40      109.092      4.45141
      4959.80      110.720      4.46616
      4961.20      108.125      4.47644
      4962.60      110.801      4.47278
      4964.00      108.760      4.47996
      4965.40      111.338      4.47389
      4966.80      110.789      4.48645
      4968.20      110.495      4.43830
      4969.60      111.083      4.55334
      4971.00      109.153      4.39757
      4972.40      109.654      4.45108
      4973.80      112.788      4.62504
      4975.20      111.608      4.39781
      4976.60      109.735      4.57999
      4978.00      108.511      4.48269
      4979.40      112.302      4.62944
      4980.80      110.657      4.63707
      4982.20      110.500      4.55608
      4983.60      109.141      4.43093
      4985.00      107.957      4.39716
      4986.40      110.560      4.53739
      4987.80      110.493      4.56767
      4989.20      107.820      4.57699
      4990.60      108.478      4.52469
      4992.00      110.388      4.56110
      4993.40      109.334      4.43094
      4994.80      109.778      4.29619
      4996.20      110.106      4.33668
      4997.60      108.988      4.44194
      4999.00      109.536      4.43083
