      3900.00      44.5521      7.35383
      3901.40      40.3946      7.57962
      3902.80      51.8572      8.34750
      3904.20      42.5518      7.93944
      3905.60      48.9944      8.06776
      3907.00      51.2935      7.95866
      3908.40      42.2251      7.82367
      3909.80      42.3202      7.43488
      3911.20      48.5696      7.49253
      3912.60      49.1517      7.96868
      3914.00      44.6083      8.38970
      3915.40      66.9480      9.02078
      3916.80      48.9235      8.17801
      3918.20      54.2274      7.70685
      3919.60      35.8550      6.58094
      3921.00      49.4541      6.79975
      3922.40      38.7886      6.59228
      3923.80      45.7126      6.73491
      3925.20      49.0519      6.83238
      3926.60      43.9097      6.50345
      3928.00      51.4424      6.91661
      3929.40      47.0555      6.62665
      3930.80      37.3237      6.21315
      3932.20      45.8360      6.36255
      3933.60      37.6902      5.97213
      3935.00      25.1592      5.40367
      3936.40      15.7592      4.93952
      3937.80      10.7797      4.84454
      3939.20      23.8426      5.79445
      3940.60      38.2023      6.81607
      3942.00      46.2736      7.24959
      3943.40      50.4577      7.09217
      3944.80      44.0375      6.56130
      3946.20      53.8764      6.77261
      3947.60      46.8541      6.32235
      3949.00      40.4625      6.20341
      3950.40      50.0810      6.50439
      3951.80      43.3862      6.25785
      3953.20      50.8185      6.15076
      3954.60      35.6486      6.03439
      3956.00      42.9043      6.24296
      3957.40      50.6616      6.60024
      3958.80      50.9245      6.27277
      3960.20      43.7858      5.92770
      3961.60      42.9523      5.96995
      3963.00      53.2506      6.38855
      3964.40      57.8462      7.89689
      3965.80      44.4095      6.27257
      3967.20      41.0090      5.93750
      3968.60      31.0005      5.21560
      3970.00      15.7192      4.71588
      3971.40      13.5726      4.58141
      3972.80      7.50432      4.29719
      3974.20      19.1858      4.71947
      3975.60      28.0946      4.99150
      3977.00      27.8113      5.23372
      3978.40      26.7720      5.21036
      3979.80      38.3584      5.46098
      3981.20      28.0769      5.35722
      3982.60      42.8121      5.95209
      3984.00      37.7218      5.63635
      3985.40      43.6377      5.68351
      3986.80      49.9595      5.76133
      3988.20      42.9888      5.79957
      3989.60      55.4593      6.16295
      3991.00      48.0425      5.80088
      3992.40      47.6080      5.73149
      3993.80      49.0577      6.24832
      3995.20      49.1403      6.52915
      3996.60      49.9684      6.72137
      3998.00      33.7825      5.95712
      3999.40      46.6081      5.60143
      4000.80      47.3052      5.79413
      4002.20      43.6514      5.65032
      4003.60      51.1802      5.91867
      4005.00      54.3568      6.20526
      4006.40      63.0782      6.28823
      4007.80      49.8377      5.86093
      4009.20      36.0943      5.71675
      4010.60      49.0897      6.40396
      4012.00      59.2277      6.51898
      4013.40      61.2748      6.32149
      4014.80      43.3996      5.70322
      4016.20      43.4637      5.43037
      4017.60      46.8857      5.68015
      4019.00      53.9694      5.90136
      4020.40      56.7299      6.21787
      4021.80      56.4495      6.00317
      4023.20      46.0199      5.63707
      4024.60      44.6360      5.69643
      4026.00      43.7683      5.75453
      4027.40      46.3953      6.61663
      4028.80      38.2005      5.92300
      4030.20      58.6590      5.93769
      4031.60      44.3007      5.53794
      4033.00      50.2426      5.58477
      4034.40      43.1914      5.48983
      4035.80      41.7867      5.71434
      4037.20      56.7239      5.91392
      4038.60      44.9641      5.45060
      4040.00      50.8880      5.69209
      4041.40      52.0576      5.83535
      4042.80      49.9773      5.63109
      4044.20      45.4396      5.55778
      4045.60      52.0052      5.86416
      4047.00      53.6456      6.56374
      4048.40      49.2169      6.07425
      4049.80      49.9629      5.67735
      4051.20      53.7872      5.80589
      4052.60      48.6362      5.51752
      4054.00      45.8140      5.49086
      4055.40      46.4971      5.58423
      4056.80      51.4206      5.49659
      4058.20      41.8015      5.41935
      4059.60      54.9048      5.61088
      4061.00      42.8369      5.33166
      4062.40      49.6433      5.77128
      4063.80      56.5225      5.84234
      4065.20      41.0896      5.61074
      4066.60      49.0453      5.36019
      4068.00      51.5724      5.47478
      4069.40      37.2380      5.36109
      4070.80      54.1532      5.57361
      4072.20      56.2425      5.63165
      4073.60      53.2416      5.68865
      4075.00      47.8782      5.30906
      4076.40      44.3874      5.27868
      4077.80      54.2286      5.63373
      4079.20      41.9495      5.32226
      4080.60      43.2162      5.22050
      4082.00      41.3451      5.12933
      4083.40      52.0997      5.72735
      4084.80      40.1613      5.50448
      4086.20      44.9588      5.62045
      4087.60      50.7191      5.49700
      4089.00      43.2632      4.97410
      4090.40      46.6379      5.17262
      4091.80      47.6670      5.15317
      4093.20      44.5635      5.38189
      4094.60      48.3554      5.39164
      4096.00      43.9360      5.08237
      4097.40      45.6888      5.03980
      4098.80      37.8050      4.86168
      4100.20      51.6671      5.19836
      4101.60      37.2534      4.63329
      4103.00      31.1674      4.64997
      4104.40      26.1802      4.35526
      4105.80      23.7479      4.08791
      4107.20      28.2024      4.24294
      4108.60      35.3266      4.61665
      4110.00      34.2973      4.92369
      4111.40      36.4459      5.13840
      4112.80      47.7924      5.53663
      4114.20      52.7820      5.49756
      4115.60      42.4139      5.28334
      4117.00      33.9276      5.10672
      4118.40      45.9465      5.26321
      4119.80      44.6403      5.07628
      4121.20      43.2063      4.77956
      4122.60      43.2138      5.38064
      4124.00      52.7192      5.92288
      4125.40      38.6171      5.36549
      4126.80      59.7253      5.34599
      4128.20      49.7598      5.13332
      4129.60      52.9357      5.15355
      4131.00      48.4875      5.09343
      4132.40      47.4359      5.33192
      4133.80      57.4739      6.01364
      4135.20      41.2605      5.09406
      4136.60      41.8930      4.77837
      4138.00      44.7070      4.91245
      4139.40      49.2837      5.32496
      4140.80      49.8623      5.51434
      4142.20      49.1377      5.05405
      4143.60      45.8844      4.77900
      4145.00      54.2978      5.03860
      4146.40      43.3526      5.17418
      4147.80      47.6798      5.41551
      4149.20      43.3006      5.43857
      4150.60      50.5320      5.44672
      4152.00      40.1449      4.94674
      4153.40      51.5363      4.89352
      4154.80      46.5115      4.75110
      4156.20      48.2974      4.81165
      4157.60      50.0772      4.91911
      4159.00      47.6769      4.82683
      4160.40      46.2215      4.70866
      4161.80      40.5467      4.64137
      4163.20      43.1518      4.66258
      4164.60      46.5930      4.92491
      4166.00      44.1318      5.06679
      4167.40      49.7534      5.06662
      4168.80      50.9521      4.85498
      4170.20      48.3647      4.97339
      4171.60      54.2235      5.02753
      4173.00      50.9268      4.90152
      4174.40      43.1941      4.69630
      4175.80      39.5266      4.57145
      4177.20      41.8294      4.70635
      4178.60      50.3914      4.83323
      4180.00      51.2038      4.95422
      4181.40      47.4956      4.72990
      4182.80      48.6363      5.17504
      4184.20      45.5913      5.32232
      4185.60      45.1445      4.79086
      4187.00      40.0861      4.42854
      4188.40      48.5196      4.71080
      4189.80      43.1399      5.80513
      4191.20      47.7864      5.82287
      4192.60      45.7062      4.78400
      4194.00      46.5609      4.56373
      4195.40      46.4832      4.61349
      4196.80      53.5697      5.02054
      4198.20      39.4226      4.78294
      4199.60      50.0369      4.82761
      4201.00      45.3439      4.49262
      4202.40      44.0317      4.47794
      4203.80      47.3979      4.55130
      4205.20      41.0775      4.36418
      4206.60      54.5783      4.69346
      4208.00      54.7647      4.74689
      4209.40      44.9690      4.43990
      4210.80      43.0596      4.34245
      4212.20      41.8843      4.37702
      4213.60      47.9265      4.47266
      4215.00      47.1893      4.57135
      4216.40      45.3148      4.58532
      4217.80      46.2300      4.52321
      4219.20      34.9975      4.12801
      4220.60      42.3654      4.29212
      4222.00      55.3903      5.03162
      4223.40      45.0976      5.08915
      4224.80      48.6348      4.96878
      4226.20      51.4427      4.65580
      4227.60      50.8806      4.65107
      4229.00      47.8811      4.41281
      4230.40      44.8200      4.28952
      4231.80      38.0147      4.26892
      4233.20      52.1230      4.49496
      4234.60      53.1810      4.64908
      4236.00      47.0547      4.45429
      4237.40      43.0080      4.39522
      4238.80      47.9331      4.57486
      4240.20      45.9257      4.58596
      4241.60      50.8374      4.63776
      4243.00      43.8206      4.34110
      4244.40      49.1820      4.39286
      4245.80      50.3443      4.67195
      4247.20      46.4198      4.52091
      4248.60      51.9455      4.67320
      4250.00      43.4417      4.26587
      4251.40      40.6449      4.22253
      4252.80      46.4460      4.43591
      4254.20      47.0390      4.59365
      4255.60      38.9128      4.59980
      4257.00      42.8845      4.56450
      4258.40      48.6305      4.76859
      4259.80      43.9537      4.14667
      4261.20      53.0324      4.52598
      4262.60      49.5406      4.48006
      4264.00      43.1370      4.55932
      4265.40      40.5489      4.50184
      4266.80      49.3480      4.53576
      4268.20      50.3466      4.60916
      4269.60      50.8424      4.98690
      4271.00      45.3792      4.79827
      4272.40      46.9816      4.68605
      4273.80      50.4587      4.64283
      4275.20      45.8851      4.31708
      4276.60      37.5800      4.10561
      4278.00      50.7400      4.42887
      4279.40      48.4994      4.46051
      4280.80      51.1177      4.41146
      4282.20      50.7871      4.42801
      4283.60      45.4105      4.31816
      4285.00      47.3767      4.40270
      4286.40      48.6164      4.42932
      4287.80      52.8907      4.56546
      4289.20      45.0666      4.14988
      4290.60      38.8056      4.02903
      4292.00      52.7445      4.30494
      4293.40      44.4746      4.20081
      4294.80      43.5344      4.13708
      4296.20      43.8763      4.16544
      4297.60      40.4541      4.05651
      4299.00      45.6808      4.10834
      4300.40      50.5952      4.28109
      4301.80      45.4546      4.22515
      4303.20      42.2662      4.04115
      4304.60      42.3529      4.42073
      4306.00      40.7287      4.19110
      4307.40      42.1411      4.02385
      4308.80      43.4026      4.13731
      4310.20      42.2485      4.04219
      4311.60      41.5462      4.15184
      4313.00      43.1623      4.25870
      4314.40      44.0089      4.37694
      4315.80      38.2080      4.28472
      4317.20      43.1380      4.14157
      4318.60      41.3659      4.17274
      4320.00      39.1217      4.04546
      4321.40      48.0611      4.27978
      4322.80      48.3503      4.25897
      4324.20      46.0707      4.13775
      4325.60      39.9624      4.13688
      4327.00      46.3024      4.38116
      4328.40      45.8084      4.28843
      4329.80      48.0033      4.30625
      4331.20      50.1046      4.46626
      4332.60      44.7377      4.39376
      4334.00      41.5201      4.15161
      4335.40      42.9982      4.06926
      4336.80      44.3013      4.28998
      4338.20      42.9871      4.73724
      4339.60      36.5006      4.57772
      4341.00      35.6369      4.22345
      4342.40      35.4434      3.71144
      4343.80      23.6513      3.32777
      4345.20      23.8875      3.33596
      4346.60      24.2784      3.43588
      4348.00      36.9786      4.02402
      4349.40      45.5987      4.39150
      4350.80      40.5529      4.18652
      4352.20      46.2649      4.09411
      4353.60      44.1450      3.95234
      4355.00      39.1342      3.82874
      4356.40      43.2374      4.35442
      4357.80      45.5516      5.48867
      4359.20      44.5045      6.11391
      4360.60      45.0389      4.73109
      4362.00      41.6417      4.36401
      4363.40      40.2138      4.36881
      4364.80      41.8145      4.03101
      4366.20      47.3902      4.18642
      4367.60      51.0832      4.22295
      4369.00      52.2082      4.28705
      4370.40      48.1160      4.18584
      4371.80      52.5351      4.19712
      4373.20      43.2275      4.01856
      4374.60      45.3167      4.12157
      4376.00      47.9144      4.17744
      4377.40      47.9711      4.15320
      4378.80      38.1171      3.73689
      4380.20      42.5499      3.97815
      4381.60      51.7733      4.22495
      4383.00      49.8104      4.13685
      4384.40      48.6277      4.14147
      4385.80      45.4664      4.19778
      4387.20      37.5144      4.00811
      4388.60      42.2280      4.01236
      4390.00      46.0032      4.00820
      4391.40      47.2652      3.97053
      4392.80      43.3687      3.96837
      4394.20      50.3510      4.23190
      4395.60      45.8916      4.28792
      4397.00      46.5685      4.26829
      4398.40      40.7451      3.57949
      4399.80      43.3816      4.02967
      4401.20      47.5717      3.95619
      4402.60      48.8563      4.08853
      4404.00      46.7774      3.89507
      4405.40      47.1841      4.05434
      4406.80      45.6673      4.41067
      4408.20      49.0094      4.58608
      4409.60      47.8828      4.07634
      4411.00      42.7267      3.84934
      4412.40      37.3164      3.90056
      4413.80      37.0183      4.03808
      4415.20      41.5129      4.11299
      4416.60      48.5830      4.14676
      4418.00      46.4230      4.07934
      4419.40      35.7807      3.89807
      4420.80      40.2179      4.48733
      4422.20      45.9532      4.70417
      4423.60      48.6085      4.24421
      4425.00      46.3628      4.03785
      4426.40      44.7267      3.97123
      4427.80      50.5556      4.18398
      4429.20      43.0994      4.16565
      4430.60      41.3533      3.99558
      4432.00      49.3738      4.12259
      4433.40      41.2246      3.93205
      4434.80      46.8166      4.16520
      4436.20      48.0884      4.34857
      4437.60      43.6729      3.99003
      4439.00      41.0864      3.73198
      4440.40      44.0948      3.86014
      4441.80      47.4035      3.90794
      4443.20      45.5304      3.94564
      4444.60      43.4388      3.86504
      4446.00      39.1016      3.63536
      4447.40      40.4601      3.66395
      4448.80      38.9990      3.55073
      4450.20      44.1367      3.79380
      4451.60      45.9843      3.84453
      4453.00      44.7836      3.77812
      4454.40      39.9587      3.62457
      4455.80      40.0455      3.56896
      4457.20      41.4074      3.81040
      4458.60      44.7366      3.93405
      4460.00      48.7099      3.85738
      4461.40      46.4820      3.78150
      4462.80      44.8268      3.86438
      4464.20      46.0820      3.95062
      4465.60      47.0393      3.80938
      4467.00      40.0325      3.66439
      4468.40      48.0191      3.83200
      4469.80      49.3704      3.87528
      4471.20      43.0514      3.73091
      4472.60      50.4715      3.91285
      4474.00      40.3116      3.81451
      4475.40      50.8992      3.96746
      4476.80      42.8212      3.71188
      4478.20      48.1898      3.82330
      4479.60      48.7171      3.82018
      4481.00      46.1307      3.78105
      4482.40      45.7747      3.76314
      4483.80      51.3689      3.90373
      4485.20      45.6698      3.76408
      4486.60      47.6436      3.77900
      4488.00      46.5679      3.83612
      4489.40      39.8473      3.53335
      4490.80      45.0429      3.64155
      4492.20      50.6348      3.86191
      4493.60      41.9888      3.72611
      4495.00      46.6296      3.71844
      4496.40      49.2598      3.86998
      4497.80      43.0065      3.61832
      4499.20      47.6575      3.77290
      4500.60      42.8601      3.71921
      4502.00      42.9079      3.64053
      4503.40      46.5550      3.72852
      4504.80      48.1837      3.78625
      4506.20      44.0133      3.71516
      4507.60      54.0528      3.93819
      4509.00      42.9508      3.69977
      4510.40      46.7193      3.63032
      4511.80      38.9001      3.61214
      4513.20      46.8118      3.75871
      4514.60      49.1706      3.85475
      4516.00      45.6805      3.64293
      4517.40      44.7680      3.72232
      4518.80      48.4433      3.72553
      4520.20      50.0109      3.83684
      4521.60      47.9506      3.77308
      4523.00      45.2074      3.67545
      4524.40      42.8265      3.82302
      4525.80      41.1671      3.93831
      4527.20      43.0432      3.90769
      4528.60      44.3194      3.95445
      4530.00      42.2994      3.70611
      4531.40      45.7533      3.73513
      4532.80      42.4636      3.50055
      4534.20      47.4652      3.78924
      4535.60      44.4506      3.67016
      4537.00      48.6491      3.70245
      4538.40      39.3870      3.44868
      4539.80      40.6098      3.49737
      4541.20      44.8987      3.73768
      4542.60      40.2187      3.84080
      4544.00      50.4662      3.87346
      4545.40      44.9107      3.58243
      4546.80      41.9915      3.51733
      4548.20      44.2537      3.52119
      4549.60      42.1647      3.55529
      4551.00      55.8189      4.06827
      4552.40      41.0859      3.77949
      4553.80      39.9634      3.44737
      4555.20      43.7840      3.56681
      4556.60      49.3410      3.67795
      4558.00      37.1761      3.62763
      4559.40      45.2945      3.75761
      4560.80      47.1316      3.91269
      4562.20      42.6046      3.47828
      4563.60      53.3107      3.86595
      4565.00      52.8704      3.66209
      4566.40      43.4309      3.66217
      4567.80      42.2549      3.42361
      4569.20      39.8190      3.35210
      4570.60      40.1992      3.40855
      4572.00      44.0507      3.49638
      4573.40      42.1210      3.41219
      4574.80      43.5895      3.47351
      4576.20      39.6785      3.29150
      4577.60      45.0422      3.57825
      4579.00      45.0879      3.53111
      4580.40      45.2155      3.54369
      4581.80      44.1222      3.44337
      4583.20      43.5291      3.62472
      4584.60      45.9135      3.47978
      4586.00      46.6993      3.54343
      4587.40      43.4145      3.45789
      4588.80      43.8343      3.49272
      4590.20      44.2005      3.45706
      4591.60      36.9503      3.34211
      4593.00      46.5932      3.52652
      4594.40      44.7857      3.61159
      4595.80      46.7469      3.72192
      4597.20      43.9075      3.60186
      4598.60      41.6672      3.43785
      4600.00      48.5395      3.57324
      4601.40      46.7866      3.61381
      4602.80      50.1995      3.89871
      4604.20      47.3277      4.03243
      4605.60      48.4387      4.04658
      4607.00      43.3700      3.45535
      4608.40      41.8469      3.41628
      4609.80      43.7932      3.52225
      4611.20      46.5508      3.56859
      4612.60      51.5991      3.70485
      4614.00      48.8381      3.63128
      4615.40      48.3868      3.65280
      4616.80      47.3185      3.69871
      4618.20      44.9221      3.54393
      4619.60      53.5275      3.74836
      4621.00      50.7560      3.85618
      4622.40      43.7270      3.63998
      4623.80      41.3633      3.53293
      4625.20      44.0641      3.50532
      4626.60      44.7601      3.44373
      4628.00      45.7143      3.52595
      4629.40      52.2533      3.66299
      4630.80      44.6132      3.58976
      4632.20      45.8854      3.56903
      4633.60      46.0837      3.49455
      4635.00      49.1558      3.69527
      4636.40      45.8692      3.79945
      4637.80      46.3550      3.81568
      4639.20      47.3537      3.55706
      4640.60      47.8644      3.52298
      4642.00      45.2958      3.46361
      4643.40      44.3602      3.48478
      4644.80      51.9856      3.98833
      4646.20      46.5649      3.81079
      4647.60      48.0827      3.81865
      4649.00      45.3230      3.80130
      4650.40      51.4604      4.01692
      4651.80      54.1189      4.07873
      4653.20      46.4563      3.95640
      4654.60      46.5678      3.80443
      4656.00      42.5849      3.53376
      4657.40      47.3359      3.45617
      4658.80      43.4203      3.52183
      4660.20      46.4989      3.73118
      4661.60      44.1257      3.41999
      4663.00      49.1067      3.56487
      4664.40      49.9140      3.62136
      4665.80      46.3660      3.75179
      4667.20      48.1878      3.65215
      4668.60      50.4208      3.61398
      4670.00      47.6722      3.50225
      4671.40      46.6694      3.46462
      4672.80      37.9337      3.24907
      4674.20      47.0275      3.48864
      4675.60      42.5088      3.33621
      4677.00      46.2544      3.57044
      4678.40      49.1271      3.56094
      4679.80      42.3108      3.41098
      4681.20      41.4339      3.39251
      4682.60      47.9998      3.56348
      4684.00      44.2265      3.45296
      4685.40      38.1518      3.44258
      4686.80      49.8592      3.67501
      4688.20      42.3861      3.46403
      4689.60      43.8741      3.35401
      4691.00      44.0847      3.35035
      4692.40      45.0236      3.37026
      4693.80      45.7078      3.38484
      4695.20      50.5196      3.50332
      4696.60      48.5372      3.49140
      4698.00      39.6452      3.31656
      4699.40      45.3435      3.43201
      4700.80      39.4297      3.27788
      4702.20      49.7584      3.46738
      4703.60      41.1434      3.54161
      4705.00      46.7602      3.77194
      4706.40      46.6414      3.64497
      4707.80      44.8223      3.41158
      4709.20      45.7477      3.37066
      4710.60      43.3507      3.33591
      4712.00      49.1593      3.39060
      4713.40      43.8433      3.33936
      4714.80      49.2038      3.39512
      4716.20      43.6447      3.23579
      4717.60      47.5302      3.38649
      4719.00      47.6695      3.41894
      4720.40      50.4428      3.43871
      4721.80      44.8659      3.38720
      4723.20      47.9468      3.41740
      4724.60      46.0020      3.38280
      4726.00      50.4684      3.43126
      4727.40      45.7807      3.34190
      4728.80      51.6443      3.48822
      4730.20      44.0696      3.33777
      4731.60      44.4382      3.25058
      4733.00      39.3797      3.11719
      4734.40      39.9052      3.12477
      4735.80      46.3979      3.49074
      4737.20      46.3374      3.50646
      4738.60      42.5466      3.36750
      4740.00      45.1903      3.42233
      4741.40      44.5461      3.48556
      4742.80      45.9707      3.62272
      4744.20      47.1565      3.58112
      4745.60      47.4717      3.48384
      4747.00      46.6524      3.36854
      4748.40      47.7225      3.36661
      4749.80      42.2609      3.44403
      4751.20      41.8559      3.43489
      4752.60      47.2117      3.57419
      4754.00      45.6360      3.47739
      4755.40      43.0475      3.28313
      4756.80      47.5116      3.29592
      4758.20      48.8264      3.31984
      4759.60      43.9765      3.23214
      4761.00      44.9134      3.20688
      4762.40      44.1629      3.18779
      4763.80      43.1119      3.24058
      4765.20      44.3968      3.09247
      4766.60      40.1750      3.26316
      4768.00      41.1166      3.18490
      4769.40      44.4316      3.23546
      4770.80      47.2663      3.32046
      4772.20      50.7204      3.41853
      4773.60      45.4300      3.24950
      4775.00      44.3353      3.22622
      4776.40      45.4393      3.22940
      4777.80      48.2793      3.37055
      4779.20      45.5072      3.19489
      4780.60      45.0364      3.21743
      4782.00      42.1831      3.13402
      4783.40      44.6753      3.23603
      4784.80      47.9079      3.25971
      4786.20      44.7885      3.24156
      4787.60      46.3141      3.37342
      4789.00      47.5668      3.52835
      4790.40      44.4485      3.31408
      4791.80      44.4243      3.24743
      4793.20      43.7400      3.26842
      4794.60      41.0929      3.23635
      4796.00      48.9904      3.35083
      4797.40      41.9203      3.25029
      4798.80      47.6484      3.35531
      4800.20      43.6622      3.44712
      4801.60      46.4257      3.45239
      4803.00      45.0137      3.41417
      4804.40      42.2568      3.28722
      4805.80      45.7985      3.50357
      4807.20      45.6859      3.44867
      4808.60      42.2814      3.39730
      4810.00      44.6785      3.38378
      4811.40      44.1846      3.33323
      4812.80      44.0178      3.20999
      4814.20      47.5229      3.27014
      4815.60      45.6998      3.29763
      4817.00      48.3344      3.27700
      4818.40      50.9584      3.45311
      4819.80      44.4961      3.26445
      4821.20      47.4337      3.37972
      4822.60      50.1452      3.38951
      4824.00      42.2837      3.24346
      4825.40      47.3688      3.39881
      4826.80      46.5841      3.30552
      4828.20      41.9565      3.50853
      4829.60      48.0174      3.59750
      4831.00      44.2116      3.40291
      4832.40      41.9201      3.19706
      4833.80      45.7313      3.31168
      4835.20      46.6578      3.35484
      4836.60      44.3180      3.37405
      4838.00      45.2784      3.38342
      4839.40      41.2340      3.35607
      4840.80      45.1712      3.41112
      4842.20      43.0391      3.28724
      4843.60      40.8896      3.14917
      4845.00      41.5924      3.21996
      4846.40      38.0337      3.21080
      4847.80      41.7387      3.40661
      4849.20      41.9070      3.37056
      4850.60      44.1495      3.28069
      4852.00      45.7886      3.31892
      4853.40      40.8979      3.19989
      4854.80      42.5073      3.43217
      4856.20      43.6952      3.50368
      4857.60      40.5704      3.45185
      4859.00      41.6940      3.19284
      4860.40      40.7630      3.15192
      4861.80      39.0326      3.03710
      4863.20      39.4981      3.12668
      4864.60      28.4561      2.67269
      4866.00      22.2704      2.58430
      4867.40      30.0313      2.72927
      4868.80      34.1022      2.93667
      4870.20      39.1307      3.00847
      4871.60      41.2976      3.05241
      4873.00      38.4749      2.95707
      4874.40      36.2742      2.97292
      4875.80      32.8145      2.89710
      4877.20      40.0595      2.96388
      4878.60      38.1911      3.00579
      4880.00      45.0533      3.22058
      4881.40      43.0636      3.24834
      4882.80      43.1013      3.12013
      4884.20      42.5965      3.12830
      4885.60      39.4264      3.03672
      4887.00      42.8889      3.12484
      4888.40      43.3502      3.05977
      4889.80      40.0425      2.98938
      4891.20      41.5078      3.12591
      4892.60      43.9632      3.34989
      4894.00      42.8678      3.20948
      4895.40      42.2051      3.00798
      4896.80      41.9411      3.05998
      4898.20      40.8956      3.01779
      4899.60      44.6962      3.07958
      4901.00      44.5684      3.13606
      4902.40      44.7874      3.04867
      4903.80      46.8178      3.19816
      4905.20      43.7248      3.07518
      4906.60      41.5237      3.02147
      4908.00      42.5150      3.08488
      4909.40      43.5587      3.20776
      4910.80      45.7526      3.17364
      4912.20      46.0395      3.16935
      4913.60      42.4050      3.03842
      4915.00      43.9826      3.03935
      4916.40      46.1160      3.19331
      4917.80      44.3564      3.00004
      4919.20      44.5160      3.06657
      4920.60      44.5345      3.07740
      4922.00      44.4563      3.13123
      4923.40      44.7615      3.11973
      4924.80      42.2126      2.99460
      4926.20      44.1103      3.02059
      4927.60      45.4443          Inf
      4929.00      46.7783          Inf
      4930.40      48.1124          Inf
      4931.80      49.4464      3.79196
      4933.20      43.9680      3.06530
      4934.60      44.0133      3.03192
      4936.00      47.9934      3.34529
      4937.40      44.4750      3.37677
      4938.80      43.1678      3.19757
      4940.20      44.7604      3.08210
      4941.60      41.1434      2.96174
      4943.00      39.5087      2.87309
      4944.40      42.0174      2.94547
      4945.80      44.1575      3.02128
      4947.20      44.0908      3.11565
      4948.60      47.0729      3.34926
      4950.00      43.8171      3.22241
      4951.40      46.5796      3.14079
      4952.80      46.7825      3.05862
      4954.20      45.7407      3.08303
      4955.60      40.7070      2.93331
      4957.00      44.3635      3.00678
      4958.40      44.4193      2.93387
      4959.80      47.9174      3.12078
      4961.20      41.4426      3.04230
      4962.60      40.6615      3.11766
      4964.00      46.0781      3.11317
      4965.40      40.2321      2.94678
      4966.80      45.8493      3.08128
      4968.20      44.0229      3.10078
      4969.60      43.9217      3.03355
      4971.00      39.8010      2.88785
      4972.40      43.3239      3.02340
      4973.80      44.4053      3.12608
      4975.20      47.0175      3.14764
      4976.60      40.0729      2.97030
      4978.00      45.1484      3.09465
      4979.40      45.1421      3.21088
      4980.80      43.2814      3.21594
      4982.20      47.4401      3.18288
      4983.60      45.9750      3.11867
      4985.00      43.1898      3.05751
      4986.40      42.3235      2.99905
      4987.80      40.4417      3.01203
      4989.20      41.6388      2.98161
      4990.60      40.4935      2.91615
      4992.00      42.7514      2.99392
      4993.40      41.6203      2.94332
      4994.80      40.2686      2.89534
      4996.20      41.4315      2.86789
      4997.60      41.4349      2.96000
      4999.00      44.6836      3.06970
