      3900.00      44.0548      7.11910
      3901.40      69.2871      7.87698
      3902.80      56.1672      7.42768
      3904.20      54.6421      7.23345
      3905.60      68.2827      7.62944
      3907.00      58.3023      7.54984
      3908.40      57.6373      7.59776
      3909.80      65.1703      7.89175
      3911.20      77.2049      8.48155
      3912.60      74.3815      8.02400
      3914.00      67.6898      7.86749
      3915.40      70.5227      7.89305
      3916.80      65.7140      7.57760
      3918.20      62.5570      7.51522
      3919.60      71.5343      7.85071
      3921.00      46.7319      7.22735
      3922.40      59.1837      7.28633
      3923.80      60.9530      7.06559
      3925.20      57.9203      7.02451
      3926.60      65.2352      7.40220
      3928.00      64.1854      7.55964
      3929.40      69.8715      7.50236
      3930.80      74.3834      7.17948
      3932.20      57.0288      6.55268
      3933.60      52.1710      6.64632
      3935.00      37.8521      5.70433
      3936.40      30.0386      5.47506
      3937.80      12.5305      7.34023
      3939.20      22.9981      6.23378
      3940.60      43.9566      6.23692
      3942.00      59.7007      6.83655
      3943.40      60.0281      6.85967
      3944.80      57.2672      6.69364
      3946.20      60.0812      6.94866
      3947.60      56.9891      7.33718
      3949.00      63.6304      7.21932
      3950.40      50.7702      6.63507
      3951.80      58.3980      6.87898
      3953.20      69.7535      7.81401
      3954.60      58.8050      7.94614
      3956.00      73.1559      7.78814
      3957.40      71.3367      7.20031
      3958.80      72.3752      7.02709
      3960.20      56.4899      7.22671
      3961.60      53.1349      6.87858
      3963.00      60.3621      6.73349
      3964.40      51.6109      6.48881
      3965.80      59.2356      6.63269
      3967.20      47.0632      5.89779
      3968.60      52.8360      6.14797
      3970.00      38.8738      5.29980
      3971.40      18.5951      4.60401
      3972.80      15.6265      4.58804
      3974.20      10.0351      4.68253
      3975.60      38.9516      5.57490
      3977.00      37.0017      5.84371
      3978.40      44.8694      6.05261
      3979.80      57.8664      6.48171
      3981.20      53.6776      6.48859
      3982.60      63.2980      6.69877
      3984.00      60.9397      6.64597
      3985.40      65.0767      6.95829
      3986.80      57.4331      6.79208
      3988.20      64.2198      6.79064
      3989.60      47.9014      6.19519
      3991.00      61.7958      6.50400
      3992.40      58.3653      6.55855
      3993.80      48.9660      6.32588
      3995.20      56.3681      6.94787
      3996.60      58.3330      7.16284
      3998.00      60.9292      6.92133
      3999.40      61.3773      6.61586
      4000.80      65.4795      6.72120
      4002.20      57.8126      6.67415
      4003.60      63.7723      7.26144
      4005.00      64.5515      6.93666
      4006.40      61.2301      6.42484
      4007.80      63.3970      6.40678
      4009.20      61.7723      6.42936
      4010.60      65.8366      6.92820
      4012.00      63.9903      7.26917
      4013.40      63.5822      7.34076
      4014.80      60.8788      6.96655
      4016.20      60.1822      6.43603
      4017.60      65.4535      6.51827
      4019.00      59.0939      6.96305
      4020.40      72.6207      7.93844
      4021.80      64.3806      7.82745
      4023.20      73.0615      7.30580
      4024.60      63.0779      6.54115
      4026.00      67.1450      6.42506
      4027.40      63.9989      6.61857
      4028.80      63.4635      7.17271
      4030.20      62.3599      7.01999
      4031.60      57.6396      6.57290
      4033.00      55.7752      6.05796
      4034.40      66.0492      6.12009
      4035.80      59.3056      6.01759
      4037.20      57.3330      6.37329
      4038.60      60.6917      6.76735
      4040.00      67.3664      6.78305
      4041.40      61.6156      6.35090
      4042.80      61.3401      6.16695
      4044.20      60.6835      6.11251
      4045.60      53.9486      5.97285
      4047.00      61.1185      6.81022
      4048.40      61.5624      7.33928
      4049.80      52.9313      6.81686
      4051.20      56.8321      6.30912
      4052.60      59.7826      6.20977
      4054.00      49.5615      5.68174
      4055.40      63.8480      5.98081
      4056.80      57.6665      6.03956
      4058.20      52.9282      5.96124
      4059.60      61.2493      5.86467
      4061.00      57.1276      5.91188
      4062.40      51.0915      5.71724
      4063.80      60.6963      5.87703
      4065.20      65.9102      6.05631
      4066.60      62.2567      5.93943
      4068.00      51.2338      5.83131
      4069.40      62.0365      6.50450
      4070.80      65.0275      6.88340
      4072.20      55.9031      6.18312
      4073.60      67.4272      5.91875
      4075.00      54.0964      5.82194
      4076.40      60.6228      5.92110
      4077.80      63.0807      5.92312
      4079.20      57.5032      5.82158
      4080.60      52.2509      5.55230
      4082.00      51.2562      5.75015
      4083.40      52.2112      5.68801
      4084.80      59.9092      5.83307
      4086.20      59.0257      5.78559
      4087.60      60.2639      5.87516
      4089.00      53.2780      5.66067
      4090.40      60.2742      5.77241
      4091.80      51.9796      5.63551
      4093.20      54.1551      5.49815
      4094.60      52.7613      5.71922
      4096.00      57.8446      5.66462
      4097.40      52.8543      5.35352
      4098.80      53.7900      5.38867
      4100.20      54.0965      5.40370
      4101.60      44.6978      4.98339
      4103.00      53.5421      5.18576
      4104.40      43.7325      4.99446
      4105.80      34.5869      4.70949
      4107.20      36.4453      5.20626
      4108.60      42.5158      5.39728
      4110.00      60.1525      5.58257
      4111.40      56.2899      5.44824
      4112.80      46.1509      5.16983
      4114.20      57.3800      5.48399
      4115.60      63.1836      5.62291
      4117.00      56.1091      5.48400
      4118.40      62.4043      5.67218
      4119.80      66.8459      5.76632
      4121.20      71.5780      5.86302
      4122.60      69.1858      7.26772
      4124.00      75.9823      6.55506
      4125.40      57.9189      5.77941
      4126.80      52.2167      5.22723
      4128.20      57.6253      5.45468
      4129.60      55.7520      5.43741
      4131.00      59.5595      5.54942
      4132.40      60.0609      5.46620
      4133.80      57.4559      5.27747
      4135.20      50.5711      5.23754
      4136.60      63.1254      5.68338
      4138.00      55.6690      5.60978
      4139.40      52.5739      5.53005
      4140.80      63.0287      5.52262
      4142.20      62.1085      5.53977
      4143.60      62.5429      5.50095
      4145.00      65.4929      5.49882
      4146.40      45.3674      5.19975
      4147.80      57.0339      5.51816
      4149.20      61.2776      5.64692
      4150.60      58.7331      5.49071
      4152.00      65.2813      5.58977
      4153.40      52.5316      5.21441
      4154.80      56.4027      5.26086
      4156.20      61.3663      5.59854
      4157.60      54.3156      5.31908
      4159.00      62.9699      5.45168
      4160.40      62.1447      5.46603
      4161.80      59.6576      5.41158
      4163.20      51.9876      5.73139
      4164.60      60.1615      6.48250
      4166.00      58.3694      6.38083
      4167.40      53.0318      5.77344
      4168.80      62.4244      5.56930
      4170.20      59.7338      5.55399
      4171.60      59.7998      5.85846
      4173.00      55.5191      5.78691
      4174.40      58.8232      5.32098
      4175.80      51.2401      5.05087
      4177.20      59.6263      5.18204
      4178.60      62.0626      5.59211
      4180.00      57.4712      5.58286
      4181.40      51.1043      5.21850
      4182.80      47.7695      4.92184
      4184.20      50.8542      5.03758
      4185.60      61.2999      5.20681
      4187.00      53.2894      5.01810
      4188.40      57.0847      5.11058
      4189.80      58.3948      5.17752
      4191.20      61.4375      5.22974
      4192.60      57.6329      5.17163
      4194.00      53.2057      5.06357
      4195.40      48.3135      5.02586
      4196.80      61.6109      5.36783
      4198.20      61.0965      5.22099
      4199.60      55.9400      4.97646
      4201.00      61.9172      5.15190
      4202.40      54.8768      4.94711
      4203.80      52.1828      4.89644
      4205.20      61.9768      5.25665
      4206.60      57.4974      5.10264
      4208.00      59.8882      5.10420
      4209.40      55.0584      5.03928
      4210.80      60.7858      5.18327
      4212.20      64.6295      5.26609
      4213.60      58.3575      5.10660
      4215.00      53.3224      5.06915
      4216.40      62.1052      5.63539
      4217.80      64.5420      5.87135
      4219.20      65.7834      5.54584
      4220.60      52.4013      5.00945
      4222.00      51.7406      4.86474
      4223.40      52.7467      4.96818
      4224.80      53.6157      5.09624
      4226.20      64.7141      5.41172
      4227.60      56.4797      4.90600
      4229.00      55.4012      4.81684
      4230.40      55.1835      4.89556
      4231.80      52.3246      5.17804
      4233.20      55.2302      5.08817
      4234.60      60.5215      5.07426
      4236.00      59.8793      5.03589
      4237.40      49.7099      4.95328
      4238.80      67.6626      5.31029
      4240.20      52.6884      5.07823
      4241.60      56.1642      5.10002
      4243.00      62.1778      5.13524
      4244.40      54.9595      4.87242
      4245.80      60.3550      5.03935
      4247.20      58.5396      5.02223
      4248.60      63.1368      5.25455
      4250.00      68.6039      5.52200
      4251.40      50.8341      4.93763
      4252.80      56.7001      4.84040
      4254.20      50.3823      4.70279
      4255.60      55.3211      4.92680
      4257.00      55.0746      5.29449
      4258.40      49.4238      4.94275
      4259.80      60.6430      4.96867
      4261.20      53.3839      4.73558
      4262.60      56.1966      4.87070
      4264.00      53.1988      4.95993
      4265.40      56.4032      5.04605
      4266.80      53.7838      4.81674
      4268.20      62.6274      4.96724
      4269.60      51.4174      4.75575
      4271.00      56.4354      4.76706
      4272.40      55.2116      4.78480
      4273.80      57.3600      4.84097
      4275.20      52.3729      4.66306
      4276.60      44.2143      4.61754
      4278.00      53.7725      4.86220
      4279.40      53.9518      4.82538
      4280.80      60.4289      4.81163
      4282.20      56.3251      4.78187
      4283.60      56.8566      4.72699
      4285.00      54.2343      4.72724
      4286.40      56.9034      4.74571
      4287.80      54.9634      4.70748
      4289.20      57.9653      4.67937
      4290.60      48.4831      4.51342
      4292.00      54.0528      4.61841
      4293.40      47.7131      4.56447
      4294.80      47.2209      4.82424
      4296.20      59.2798      4.81866
      4297.60      58.6462      4.73769
      4299.00      54.2102      4.64620
      4300.40      55.9692      4.95834
      4301.80      50.4594      4.80542
      4303.20      52.0110      4.42766
      4304.60      55.0812      4.50677
      4306.00      49.4789      4.38774
      4307.40      46.6066      4.42469
      4308.80      54.5458      4.56494
      4310.20      58.5960      4.60310
      4311.60      51.8860      4.41507
      4313.00      48.6380      4.38769
      4314.40      57.7525      4.67954
      4315.80      50.0541      4.70218
      4317.20      51.1705      4.66885
      4318.60      50.7150      4.60296
      4320.00      48.1457      4.54561
      4321.40      50.4712          Inf
      4322.80      52.7968      4.69406
      4324.20      52.5859          Inf
      4325.60      52.3751          Inf
      4327.00      52.1642      4.62428
      4328.40      55.1349      4.45584
      4329.80      48.7819      4.63950
      4331.20      58.6350      4.66374
      4332.60      55.7306      4.68546
      4334.00      51.0097      4.67519
      4335.40      47.5491      4.52368
      4336.80      46.4220      4.49821
      4338.20      51.7776      4.43464
      4339.60      46.0058      4.35051
      4341.00      48.1178      4.19305
      4342.40      32.6920      3.89442
      4343.80      31.9809      4.51586
      4345.20      28.2806      4.83038
      4346.60      31.3598      4.55311
      4348.00      39.5095      4.22279
      4349.40      45.1587      4.31046
      4350.80      48.2854      4.40618
      4352.20      45.3719      4.31989
      4353.60      48.7591      4.47656
      4355.00      55.1875      4.48239
      4356.40      43.7954      4.31201
      4357.80      54.8775      4.74106
      4359.20      53.1588      5.29922
      4360.60      54.7392      5.16975
      4362.00      54.8694      5.19209
      4363.40      56.7204      5.01250
      4364.80      78.8910      6.81383
      4366.20      63.7172      5.03030
      4367.60      55.8089      5.12876
      4369.00      51.7687      5.21243
      4370.40      51.0442      5.35560
      4371.80      51.7301      5.04773
      4373.20      53.8558      4.66964
      4374.60      59.3368      4.59609
      4376.00      51.5674      4.36941
      4377.40      54.0143      4.64041
      4378.80      58.3110      4.82801
      4380.20      43.0106      4.52354
      4381.60      58.4770      4.85317
      4383.00      50.5172      4.46570
      4384.40      48.7532      4.26327
      4385.80      55.6139      4.42640
      4387.20      49.3871      4.21959
      4388.60      47.3802      4.18035
      4390.00      44.1230      4.14876
      4391.40      53.4154      4.38137
      4392.80      53.4236      4.41340
      4394.20      59.6106      4.58625
      4395.60      58.7140      4.50087
      4397.00      53.4986      4.55531
      4398.40      50.4233      4.35392
      4399.80      46.6546      4.22973
      4401.20      54.4677      4.50983
      4402.60      55.4130      4.71084
      4404.00      50.6037      4.63458
      4405.40      49.5004      4.51341
      4406.80      49.7880      4.55695
      4408.20      54.3147      4.63251
      4409.60      48.3114      4.29989
      4411.00      48.5773      4.27487
      4412.40      55.8955      4.46450
      4413.80      42.4887      4.27348
      4415.20      44.4701      4.62712
      4416.60      53.0439      4.77787
      4418.00      55.8668      4.49542
      4419.40      53.7305      4.38102
      4420.80      47.2631      4.26355
      4422.20      45.7584      4.16930
      4423.60      57.2628      4.39191
      4425.00      44.0983      4.21589
      4426.40      57.7195      4.57418
      4427.80      54.9978      4.69013
      4429.20      50.1762      4.28550
      4430.60      47.9159      4.30300
      4432.00      55.1265      4.66451
      4433.40      53.4500      4.53490
      4434.80      50.4071      4.22036
      4436.20      48.5495      4.14911
      4437.60      49.0242      4.36744
      4439.00      49.4978      4.43150
      4440.40      54.2640      4.39598
      4441.80      55.9254      4.40927
      4443.20      55.5712      4.35932
      4444.60      52.7227      4.36110
      4446.00      50.7887      4.73315
      4447.40      47.3850      4.63418
      4448.80      53.2671      4.59464
      4450.20      50.6976      4.59812
      4451.60      48.9239      4.71517
      4453.00      49.9121      4.47660
      4454.40      47.7154      4.11438
      4455.80      41.7853      3.91400
      4457.20      46.8729      4.03201
      4458.60      52.2488      4.24124
      4460.00      47.0598      4.17316
      4461.40      48.3557      4.41375
      4462.80      53.8690      4.49516
      4464.20      39.5330      4.05409
      4465.60      45.1934      4.13613
      4467.00      45.6198      4.03297
      4468.40      55.4573      4.26916
      4469.80      51.1004      4.21848
      4471.20      53.3164      4.18884
      4472.60      47.8426      4.08899
      4474.00      45.9518      4.07865
      4475.40      53.0046      4.20541
      4476.80      54.8435      4.31271
      4478.20      56.0502      4.38661
      4479.60      53.8500      4.35386
      4481.00      46.9492      4.16799
      4482.40      47.2254      3.99967
      4483.80      52.1882      4.07941
      4485.20      45.1450      4.07132
      4486.60      39.7994      3.80342
      4488.00      53.4590      4.25084
      4489.40      56.7011      4.47565
      4490.80      51.6128      4.46606
      4492.20      48.1995      4.23269
      4493.60      53.8006      4.25220
      4495.00      50.6541      4.09414
      4496.40      53.3357      4.30269
      4497.80      52.3467      4.06524
      4499.20      54.9958      4.27156
      4500.60      54.9263      4.27533
      4502.00      56.6812      4.56015
      4503.40      56.3067      5.04430
      4504.80      50.1809      4.56070
      4506.20      53.3214      4.19574
      4507.60      51.7148      4.13761
      4509.00      56.2638      4.27653
      4510.40      47.7516      4.13976
      4511.80      48.2741      4.03257
      4513.20      46.9667      3.99184
      4514.60      63.1035      4.35465
      4516.00      48.1866      4.10620
      4517.40      51.2144      4.06701
      4518.80      50.4012      4.09790
      4520.20      51.3370      4.12982
      4521.60      49.8072      4.33392
      4523.00      49.0664      4.35726
      4524.40      57.0274      4.25166
      4525.80      48.9814      4.00786
      4527.20      50.6300      4.16153
      4528.60      51.2266      4.47926
      4530.00      46.1900      4.35287
      4531.40      51.2495      4.28093
      4532.80      48.0795      3.96746
      4534.20      42.9463      3.81068
      4535.60      46.4456      3.88163
      4537.00      48.3696      3.91061
      4538.40      48.3741      4.04919
      4539.80      45.7498      4.11188
      4541.20      48.9955      4.10865
      4542.60      48.2397      3.98702
      4544.00      46.2193      3.96105
      4545.40      50.9392      3.93218
      4546.80      46.5614      4.09158
      4548.20      53.1337      4.11789
      4549.60      48.5081      4.29853
      4551.00      49.9485      4.20776
      4552.40      53.2616      4.02485
      4553.80      46.0840      3.94552
      4555.20      43.3844      4.01964
      4556.60      46.6832      3.97408
      4558.00      50.7047      4.00757
      4559.40      45.7965      3.88041
      4560.80      50.6792      4.19938
      4562.20      55.3483      4.19063
      4563.60      52.4936      4.00796
      4565.00      51.1619      4.03614
      4566.40      52.5359      3.98807
      4567.80      51.2423      3.97687
      4569.20      51.0645      4.02220
      4570.60      54.1103      4.25356
      4572.00      56.7611      4.37077
      4573.40      53.3340      4.38062
      4574.80      51.3961      4.27448
      4576.20      53.0526      4.04320
      4577.60      47.5958      3.94316
      4579.00      54.3197      4.14008
      4580.40      52.0706      4.20086
      4581.80      49.5611      3.91451
      4583.20      49.2364      3.95386
      4584.60      47.0744      3.88004
      4586.00      49.2225      3.90167
      4587.40      47.1888      3.80878
      4588.80      42.4870      3.67958
      4590.20      49.0759      3.83747
      4591.60      50.7526      3.95346
      4593.00      51.6566      3.86366
      4594.40      43.9317      3.84733
      4595.80      43.3987      3.66210
      4597.20      50.9100      3.89261
      4598.60      51.6631      3.98284
      4600.00      56.2123      4.03837
      4601.40      51.5012      4.03760
      4602.80      50.4301      4.07154
      4604.20      47.6897      4.16032
      4605.60      50.6488      4.10307
      4607.00      53.6392      4.07155
      4608.40      49.2373      3.87533
      4609.80      51.5848      3.96470
      4611.20      51.8647      3.96980
      4612.60      50.0961      3.89717
      4614.00      46.5211      3.79076
      4615.40      52.0894      3.90053
      4616.80      45.2515      3.67517
      4618.20      46.7230      3.90432
      4619.60      50.1615      3.84245
      4621.00      53.5785      3.96431
      4622.40      47.4095      3.76867
      4623.80      49.8596      3.83739
      4625.20      48.4417      3.87853
      4626.60      55.3038      4.13109
      4628.00      55.7164      4.27483
      4629.40      48.6310      4.27908
      4630.80      54.5158      4.12657
      4632.20      51.4742      3.98466
      4633.60      46.3153      3.73798
      4635.00      46.4652      3.73125
      4636.40      48.2791      3.80139
      4637.80      51.7319      3.85425
      4639.20      48.5747      4.00123
      4640.60      53.1011      4.35002
      4642.00      52.0742      4.36390
      4643.40      51.8366      4.05067
      4644.80      51.7947      3.87371
      4646.20      46.3627      3.69242
      4647.60      46.6064      3.71685
      4649.00      49.9820      3.72521
      4650.40      49.3329      3.80556
      4651.80      50.7265      3.80727
      4653.20      46.9229      4.23400
      4654.60      53.8585      4.42064
      4656.00      52.9959      4.06721
      4657.40      48.2402      3.79031
      4658.80      50.8646      3.73235
      4660.20      47.4031      4.10806
      4661.60      47.6769      3.78110
      4663.00      48.0741      3.79273
      4664.40      45.9897      3.85673
      4665.80      50.1704      4.08257
      4667.20      53.8737      3.89137
      4668.60      50.3136      3.79527
      4670.00      47.4848      3.72585
      4671.40      48.1720      3.77052
      4672.80      48.1548      3.96079
      4674.20      51.3925      4.03928
      4675.60      50.0843      4.14929
      4677.00      46.5738      3.94773
      4678.40      49.6356      3.97630
      4679.80      48.6867      3.77593
      4681.20      48.3290      3.87234
      4682.60      48.9054      3.85075
      4684.00      48.4161      3.72009
      4685.40      45.3580      3.64121
      4686.80      45.7176      3.81673
      4688.20      54.0529      3.97633
      4689.60      48.9018      3.75069
      4691.00      44.0281      3.64245
      4692.40      46.7817      3.78654
      4693.80      52.3253      3.89498
      4695.20      53.0225      3.83222
      4696.60      51.7062      3.97803
      4698.00      50.1287      4.02389
      4699.40      52.9263      3.87562
      4700.80      45.0243      3.58425
      4702.20      44.4868      3.51821
      4703.60      47.8268      3.63862
      4705.00      46.9113      3.77024
      4706.40      51.5288      4.13016
      4707.80      48.5414      3.98313
      4709.20      50.2778      3.73751
      4710.60      49.2844      3.66798
      4712.00      55.6163      3.83513
      4713.40      50.2016      3.72638
      4714.80      46.1035      3.57693
      4716.20      48.9422      3.66423
      4717.60      47.6933      3.62595
      4719.00      49.3606      3.73393
      4720.40      52.4974      3.96105
      4721.80      48.4437      3.83427
      4723.20      45.9666      3.67072
      4724.60      56.9158      3.83234
      4726.00      48.1323      3.70995
      4727.40      47.9815      3.64538
      4728.80      45.6512      3.55566
      4730.20      46.8412      3.60860
      4731.60      51.6970      3.67847
      4733.00      45.3727      3.55840
      4734.40      52.5906      3.75669
      4735.80      47.5700      3.65696
      4737.20      51.3513      3.67404
      4738.60      46.3615      3.62278
      4740.00      44.5283      3.60949
      4741.40      49.8425      3.69135
      4742.80      48.6490      3.67146
      4744.20      48.8394      3.71247
      4745.60      48.4114      3.80591
      4747.00      47.4514      3.95083
      4748.40      49.5932      3.87336
      4749.80      51.1087      3.70062
      4751.20      49.6388      3.75877
      4752.60      49.5111      4.13380
      4754.00      51.8707      4.11862
      4755.40      48.9413      3.71191
      4756.80      44.3044      3.54406
      4758.20      45.1751      3.90877
      4759.60      47.8382      3.94055
      4761.00      49.6964      3.69333
      4762.40      46.5240      3.58496
      4763.80      48.2702      3.61210
      4765.20      50.3393      3.65404
      4766.60      38.5481      3.55052
      4768.00      53.8248      3.94852
      4769.40      46.2971      3.66653
      4770.80      46.3903      3.56916
      4772.20      46.7453      3.53942
      4773.60      45.7665      3.50165
      4775.00      51.6087      3.73858
      4776.40      51.6418      3.68588
      4777.80      52.2972      3.76091
      4779.20      49.0192      3.69297
      4780.60      49.1340      3.79810
      4782.00      47.3417      3.68980
      4783.40      49.6766      3.90256
      4784.80      47.5452      3.73638
      4786.20      44.2894      3.53404
      4787.60      45.5867      3.39871
      4789.00      47.0675      3.58751
      4790.40      45.3678      3.48080
      4791.80      44.0619      3.43838
      4793.20      43.5793      3.45578
      4794.60      46.2933      3.47614
      4796.00      51.1981      3.64253
      4797.40      41.8262      3.43895
      4798.80      48.2705      3.53805
      4800.20      52.3805      3.77573
      4801.60      48.2039      3.57571
      4803.00      42.5821      3.42371
      4804.40      51.4032      3.62671
      4805.80      52.1374      3.63310
      4807.20      46.9141      3.60103
      4808.60      45.0714      3.84683
      4810.00      43.0758      3.68896
      4811.40      47.0779      3.49465
      4812.80      46.8671      3.51055
      4814.20      49.7376      3.60055
      4815.60      49.8458      3.73384
      4817.00      51.3757      4.03806
      4818.40      48.3935      3.69455
      4819.80      40.3615      3.35094
      4821.20      46.7633      3.60225
      4822.60      50.7693      3.90713
      4824.00      49.1498      3.72892
      4825.40      50.2796      3.56919
      4826.80      46.4411      3.51055
      4828.20      45.8632      3.76759
      4829.60      47.5619      3.68302
      4831.00      40.7905      3.43581
      4832.40      46.3741      3.45783
      4833.80      47.1454      3.53678
      4835.20      48.4103      3.55335
      4836.60      46.8969      3.51585
      4838.00      49.0276      3.55925
      4839.40      48.2056      3.55296
      4840.80      44.6190      3.42965
      4842.20      50.1335      3.57071
      4843.60      47.3916      3.52868
      4845.00      47.0513      3.45148
      4846.40      45.6467      3.45449
      4847.80      45.8911      3.45886
      4849.20      49.5872      3.59899
      4850.60      46.9766      3.45381
      4852.00      50.2206      3.53348
      4853.40      45.3397      3.45439
      4854.80      39.1587      3.23056
      4856.20      43.7436      3.39024
      4857.60      44.1542      3.34301
      4859.00      38.4526      3.22177
      4860.40      38.6014      3.19236
      4861.80      41.1964      3.18612
      4863.20      39.4186      3.17354
      4864.60      32.6591      3.06082
      4866.00      21.2181      2.89066
      4867.40      27.3636      2.90416
      4868.80      31.7753      3.14903
      4870.20      41.2773      3.59858
      4871.60      44.3436      3.60773
      4873.00      43.7163      3.46647
      4874.40      43.8395      3.40627
      4875.80      41.0896      3.33021
      4877.20      43.0426      3.72692
      4878.60      44.7416      3.64089
      4880.00      46.7707      3.56801
      4881.40      45.0533      3.51856
      4882.80      46.2474      3.56520
      4884.20      50.2655      3.80142
      4885.60      49.9263      3.74652
      4887.00      46.8224      3.56286
      4888.40      40.7277      3.44401
      4889.80      44.2601      3.41265
      4891.20      47.3959      3.59683
      4892.60      48.6598      3.56402
      4894.00      45.3843      3.49593
      4895.40      46.8397      3.53407
      4896.80      41.6565      3.47647
      4898.20      43.0614      3.47150
      4899.60      44.7433      3.46706
      4901.00      49.3304      3.59581
      4902.40      48.2598      3.56075
      4903.80      43.6176      3.49428
      4905.20      47.4018      3.49414
      4906.60      45.5987      3.54054
      4908.00      49.1417      3.76659
      4909.40      52.3424      3.63602
      4910.80      48.1618      3.77517
      4912.20      54.2693      3.49523
      4913.60      42.4959      3.39139
      4915.00      47.2259      3.40276
      4916.40      40.6233      3.33374
      4917.80      48.7460      3.44046
      4919.20      46.5391      3.38972
      4920.60      44.6870      3.46663
      4922.00      46.4010      3.44762
      4923.40      45.3084      3.35144
      4924.80      45.0395      3.36003
      4926.20      42.4493      3.57898
      4927.60      43.6850      3.68357
      4929.00      39.7702      3.25565
      4930.40      41.9437      3.27588
      4931.80      49.8096      3.46051
      4933.20      47.9437      3.40975
      4934.60      47.8229      3.40590
      4936.00      50.4782      3.47021
      4937.40      43.3690      3.31734
      4938.80      44.3669      3.30270
      4940.20      41.8324      3.21261
      4941.60      41.1677      3.21402
      4943.00      44.4330      3.41345
      4944.40      45.1988      3.57080
      4945.80      44.3772      3.53230
      4947.20      47.9744      3.43534
      4948.60      45.5225      3.37086
      4950.00      46.9748      3.35540
      4951.40      44.5312      3.37686
      4952.80      44.8988      3.33882
      4954.20      46.6901      3.41677
      4955.60      41.1562      3.16613
      4957.00      48.9078      3.58503
      4958.40      44.2683      3.52239
      4959.80      44.0364      3.45294
      4961.20      45.5614      3.39595
      4962.60      42.8573      3.39400
      4964.00      43.3624      3.40013
      4965.40      46.8291      3.43338
      4966.80      48.7505      3.43425
      4968.20      47.4121      3.53227
      4969.60      44.4030      3.51458
      4971.00      45.2215      3.45572
      4972.40      43.8425      3.33645
      4973.80      43.7640      3.44584
      4975.20      50.0884      3.73641
      4976.60      49.8528      3.65734
      4978.00      46.4776      3.52107
      4979.40      45.9470      3.32059
      4980.80      45.6277      3.36926
      4982.20      42.2439      3.31975
      4983.60      47.5248      3.45812
      4985.00      45.0179      3.39167
      4986.40      41.0474      3.32974
      4987.80      41.7577      3.22265
      4989.20      46.1154      3.35304
      4990.60      47.5262      3.37648
      4992.00      45.2923      3.31328
      4993.40      41.6667      3.19371
      4994.80      43.1394      3.24553
      4996.20      49.6789      3.61861
      4997.60      42.4590      3.55646
      4999.00      46.4413      3.39490
