      3900.00      893.181      38.5803
      3901.40      886.940      38.6244
      3902.80      955.548      40.4587
      3904.20      945.391      39.2773
      3905.60      943.659      39.6201
      3907.00      970.852      39.8765
      3908.40      1032.76      41.4111
      3909.80      1053.89      42.1778
      3911.20      1063.01      42.6708
      3912.60      1070.59      43.2865
      3914.00      1000.69      40.4298
      3915.40      1001.06      40.0928
      3916.80      1094.93      42.9695
      3918.20      1069.39      42.1215
      3919.60      1020.54      41.6291
      3921.00      1048.33      40.4646
      3922.40      1038.78      40.2704
      3923.80      1056.38      40.5362
      3925.20      1061.61      41.1443
      3926.60      1086.48      41.3546
      3928.00      1057.82      40.4562
      3929.40      1008.36      38.9928
      3930.80      986.322      38.2872
      3932.20      920.018      34.2928
      3933.60      616.500      26.2691
      3935.00      540.093      24.2840
      3936.40      863.424      33.3183
      3937.80      1034.45      39.3609
      3939.20      1041.74      39.2451
      3940.60      1104.99      40.6281
      3942.00      1043.06      38.9927
      3943.40      1065.06      39.8676
      3944.80      1037.91      39.8115
      3946.20      1079.18      40.3546
      3947.60      1072.20      41.2374
      3949.00      1063.80      40.3118
      3950.40      1065.90      40.4885
      3951.80      1037.29      39.9852
      3953.20      1078.22      40.7323
      3954.60      1062.03      40.3448
      3956.00      1067.00      40.0140
      3957.40      1025.79      39.3555
      3958.80      1004.83      38.8289
      3960.20      1006.17      38.8608
      3961.60      943.064      36.6763
      3963.00      898.544      35.8250
      3964.40      863.475      35.3997
      3965.80      823.905      34.6341
      3967.20      681.597      31.3562
      3968.60      485.069      23.9005
      3970.00      341.558      19.6946
      3971.40      448.823      22.4684
      3972.80      656.123      29.2939
      3974.20      773.702      32.4464
      3975.60      836.980      34.1460
      3977.00      900.032      35.3727
      3978.40      915.698      35.4974
      3979.80      953.953      37.3174
      3981.20      985.887      37.6239
      3982.60      971.671      37.0636
      3984.00      977.470      36.9769
      3985.40      998.680      37.6703
      3986.80      1011.67      38.4811
      3988.20      999.559      37.7505
      3989.60      1016.43      38.7113
      3991.00      1023.74      38.3242
      3992.40      1042.21      38.2647
      3993.80      1019.88      38.4483
      3995.20      1023.85      38.0918
      3996.60      1026.42      37.8227
      3998.00      1018.03      37.3710
      3999.40      1053.81      38.9373
      4000.80      1054.30      38.7709
      4002.20      1021.21      38.0129
      4003.60      1046.59      38.7070
      4005.00      1016.82      37.9586
      4006.40      1015.41      37.4874
      4007.80      1011.52      37.1868
      4009.20      1075.02      39.3259
      4010.60      1050.58      39.9323
      4012.00      1046.94      39.1771
      4013.40      1025.41      38.0665
      4014.80      1027.30      37.9270
      4016.20      1041.87      37.8397
      4017.60      1043.00      37.9301
      4019.00      1064.73      38.6864
      4020.40      1050.11      38.2186
      4021.80      1066.76      38.5672
      4023.20      1047.69      37.9888
      4024.60      1067.00      38.9345
      4026.00      1068.45      38.6740
      4027.40      1037.25      38.0370
      4028.80      1036.92      37.3144
      4030.20      1030.88      37.8774
      4031.60      1021.60      37.8716
      4033.00      1021.34      37.2071
      4034.40      1040.10      38.0993
      4035.80      1060.59      38.4411
      4037.20      1043.97      38.9968
      4038.60      1061.49      38.7684
      4040.00      1045.73      37.9784
      4041.40      1071.82      39.0831
      4042.80      1041.68      38.3487
      4044.20      1050.95      38.7838
      4045.60      993.885      37.5313
      4047.00      991.256      37.5623
      4048.40      1063.42      39.9921
      4049.80      1080.91      40.3417
      4051.20      1072.05      38.9149
      4052.60      1037.31      38.4603
      4054.00      1030.90      38.5266
      4055.40      1027.48      38.3534
      4056.80      1040.44      38.8306
      4058.20      1024.85      37.5297
      4059.60      1029.92      37.8489
      4061.00      1024.42      38.5581
      4062.40      1008.61      37.9604
      4063.80      971.255      35.3192
      4065.20      979.911      36.3717
      4066.60      1011.22      37.2460
      4068.00      1008.16      36.9932
      4069.40      1024.33      37.7825
      4070.80      981.312      35.8552
      4072.20      946.056      34.9783
      4073.60      985.525      37.4181
      4075.00      1011.08      37.4666
      4076.40      1033.93      37.5080
      4077.80      937.633      35.0298
      4079.20      954.600      35.2534
      4080.60      1010.58      36.9028
      4082.00      996.516      36.3884
      4083.40      984.322      36.2321
      4084.80      988.178      35.9679
      4086.20      986.411      36.3221
      4087.60      976.743      36.6398
      4089.00      964.342      35.9717
      4090.40      964.465      35.3049
      4091.80      945.066      34.3949
      4093.20      920.382      33.4730
      4094.60      903.341      33.5479
      4096.00      880.225      32.6523
      4097.40      850.488      32.2638
      4098.80      805.767      31.2529
      4100.20      734.289      28.6067
      4101.60      576.422      23.7114
      4103.00      529.480      22.6559
      4104.40      669.981      27.5761
      4105.80      783.068      30.2516
      4107.20      830.146      31.5920
      4108.60      874.889      32.8493
      4110.00      900.642      33.0651
      4111.40      923.867      34.6318
      4112.80      933.317      33.9856
      4114.20      942.708      35.6761
      4115.60      953.421      34.9721
      4117.00      981.209      36.1520
      4118.40      961.610      35.1555
      4119.80      984.589      36.5070
      4121.20      958.982      36.3273
      4122.60      995.618      37.0324
      4124.00      991.703      37.0096
      4125.40      994.786      36.6818
      4126.80      988.731      36.8123
      4128.20      1006.33      36.7120
      4129.60      979.240      35.8178
      4131.00      1001.79      35.9424
      4132.40      954.401      35.7477
      4133.80      951.719      35.6224
      4135.20      978.926      36.7509
      4136.60      987.689      37.0732
      4138.00      984.591      36.0089
      4139.40      994.945      36.1167
      4140.80      1009.53      37.0008
      4142.20      1002.76      35.8867
      4143.60      957.194      35.0840
      4145.00      960.242      34.9077
      4146.40      975.946      34.4815
      4147.80      965.591      35.0475
      4149.20      988.721      35.6319
      4150.60      981.630      34.8428
      4152.00      999.701      35.8741
      4153.40      993.884      35.8446
      4154.80      982.255      35.2474
      4156.20      974.958      35.3224
      4157.60      964.347      34.7123
      4159.00      959.856      34.8352
      4160.40      992.145      34.8231
      4161.80      981.795      34.8288
      4163.20      968.148      34.7942
      4164.60      979.125      35.0687
      4166.00      976.458      35.2074
      4167.40      972.334      34.2701
      4168.80      980.497      34.8127
      4170.20      981.023      34.8224
      4171.60      980.572      35.2837
      4173.00      942.658      34.1836
      4174.40      964.058      34.2157
      4175.80      994.953      35.2373
      4177.20      964.544      34.4952
      4178.60      980.002      34.4961
      4180.00      978.244      36.1371
      4181.40      988.157      34.9341
      4182.80      955.149      34.2635
      4184.20      967.728      34.1386
      4185.60      971.455      34.4740
      4187.00      962.899      34.0547
      4188.40      951.694      33.9077
      4189.80      978.118      33.9671
      4191.20      998.850      35.2622
      4192.60      980.733      34.7783
      4194.00      996.757      35.3758
      4195.40      988.511      35.4708
      4196.80      966.052      34.9000
      4198.20      967.862      34.6072
      4199.60      973.096      34.3979
      4201.00      960.362      33.8848
      4202.40      940.501      32.7106
      4203.80      961.252      34.1203
      4205.20      974.979      34.9399
      4206.60      983.036      34.7728
      4208.00      976.264      34.7472
      4209.40      967.541      34.5094
      4210.80      981.428      34.2606
      4212.20      989.363      34.9665
      4213.60      993.744      35.1062
      4215.00      962.251      34.0005
      4216.40      915.097      32.8326
      4217.80      955.395      33.4793
      4219.20      982.017      34.2729
      4220.60      964.112      34.3321
      4222.00      979.260      34.2415
      4223.40      959.576      34.2375
      4224.80      986.013      34.1459
      4226.20      941.239      32.8028
      4227.60      900.950      32.0367
      4229.00      934.641      32.6523
      4230.40      985.220      34.8348
      4231.80      974.214      34.2562
      4233.20      953.211      33.6653
      4234.60      925.450      32.5090
      4236.00      961.000      33.3186
      4237.40      965.809      33.6547
      4238.80      954.754      33.6575
      4240.20      979.012      33.8741
      4241.60      971.090      34.3131
      4243.00      982.453      34.4841
      4244.40      986.843      34.7115
      4245.80      966.673      33.8068
      4247.20      914.388      33.1774
      4248.60      947.613      33.1227
      4250.00      941.524      33.3505
      4251.40      945.643      33.3744
      4252.80      935.504      32.4645
      4254.20      974.559      34.0995
      4255.60      964.746      34.0646
      4257.00      980.129      33.1913
      4258.40      993.733      33.9690
      4259.80      945.971      33.3621
      4261.20      936.661      33.0892
      4262.60      967.291      33.8419
      4264.00      1006.33      34.8323
      4265.40      978.842      34.1676
      4266.80      967.485      34.0561
      4268.20      986.220      34.1060
      4269.60      979.673      34.2017
      4271.00      933.049      32.8539
      4272.40      920.835      32.5986
      4273.80      946.659      33.0788
      4275.20      952.374      32.7488
      4276.60      967.222      33.4813
      4278.00      977.083      33.7848
      4279.40      974.192      34.1096
      4280.80      973.711      33.7631
      4282.20      960.273      33.5954
      4283.60      981.011      34.6561
      4285.00      957.119      33.1854
      4286.40      961.756      33.2267
      4287.80      970.529      33.8293
      4289.20      928.872      32.3701
      4290.60      936.650      32.8660
      4292.00      937.961      32.9503
      4293.40      957.864      33.1318
      4294.80      923.567      32.4566
      4296.20      937.422      32.7396
      4297.60      984.407      33.9627
      4299.00      948.534      32.8936
      4300.40      892.539      31.4418
      4301.80      899.594      31.3452
      4303.20      915.649      32.2515
      4304.60      934.946      32.5088
      4306.00      967.502      33.3652
      4307.40      956.718      33.0097
      4308.80      923.318      32.0995
      4310.20      922.766      32.1003
      4311.60      954.818      32.8110
      4313.00      927.868      32.4012
      4314.40      898.316      31.0640
      4315.80      889.702      30.7897
      4317.20      931.829      33.2805
      4318.60      929.307      32.6006
      4320.00      918.756      32.1848
      4321.40      921.625      32.0523
      4322.80      921.936      32.5632
      4324.20      923.039      31.7398
      4325.60      892.760      30.8230
      4327.00      872.518      30.2797
      4328.40      885.373      31.0759
      4329.80      901.183      31.4872
      4331.20      904.482      31.4894
      4332.60      879.851      30.5248
      4334.00      862.366      30.9790
      4335.40      838.255      30.1008
      4336.80      803.848      28.8229
      4338.20      724.260      25.8774
      4339.60      625.067      22.3742
      4341.00      497.901      19.3404
      4342.40      544.948      20.6956
      4343.80      680.219      25.5571
      4345.20      756.614      31.8397
      4346.60      824.598      29.2273
      4348.00      849.661      29.6855
      4349.40      858.684      30.6221
      4350.80      870.036      30.5086
      4352.20      865.932      30.0678
      4353.60      889.806      31.2136
      4355.00      906.687      31.5502
      4356.40      922.102      32.5485
      4357.80      942.325      32.7981
      4359.20      941.178      32.7836
      4360.60      922.968      32.1251
      4362.00      933.157      32.5532
      4363.40      951.313      32.9000
      4364.80      948.160      32.7888
      4366.20      934.586      32.4555
      4367.60      945.624      32.9339
      4369.00      954.077      33.2075
      4370.40      949.199      32.9913
      4371.80      949.124      34.0115
      4373.20      939.000      32.6404
      4374.60      922.215      32.0774
      4376.00      933.160      32.6201
      4377.40      931.288      32.4133
      4378.80      964.712      32.9289
      4380.20      939.082      32.2483
      4381.60      942.553      32.1024
      4383.00      915.489      32.1566
      4384.40      878.454      30.8728
      4385.80      893.748      31.4259
      4387.20      925.811      31.9881
      4388.60      938.713      32.6067
      4390.00      939.154      32.3580
      4391.40      925.334      32.4709
      4392.80      927.346      31.7540
      4394.20      901.624      31.3130
      4395.60      871.828      30.4681
      4397.00      894.181      31.3059
      4398.40      921.260      31.8119
      4399.80      907.351      31.9240
      4401.20      910.849      31.7004
      4402.60      925.479      32.3294
      4404.00      904.008      31.3635
      4405.40      885.627      30.7320
      4406.80      909.441      31.9106
      4408.20      916.788      31.4885
      4409.60      923.782      31.8283
      4411.00      928.958      31.9584
      4412.40      922.569      31.8952
      4413.80      929.698      31.8600
      4415.20      898.066      31.2410
      4416.60      870.327      29.9402
      4418.00      892.509      30.8034
      4419.40      894.992      31.9441
      4420.80      927.279      31.9590
      4422.20      919.481      31.6608
      4423.60      911.874      31.4262
      4425.00      910.564      31.7868
      4426.40      899.489      31.2267
      4427.80      904.437      31.6111
      4429.20      909.877      31.5756
      4430.60      921.878      31.5877
      4432.00      922.169      32.2740
      4433.40      906.900      31.2491
      4434.80      910.750      30.9977
      4436.20      911.710      30.8954
      4437.60      908.293      31.3677
      4439.00      920.555      31.1678
      4440.40      933.372      32.3511
      4441.80      920.484      31.4859
      4443.20      880.132      31.1803
      4444.60      868.492      29.8398
      4446.00      885.386      30.5729
      4447.40      913.466      31.2963
      4448.80      907.170      31.1770
      4450.20      892.891      31.0763
      4451.60      902.296      31.1784
      4453.00      900.949      31.2273
      4454.40      887.964      30.4731
      4455.80      879.568      30.2390
      4457.20      898.455      30.5534
      4458.60      902.311      30.9154
      4460.00      888.536      31.0470
      4461.40      917.216      31.0635
      4462.80      884.997      30.8138
      4464.20      903.003      31.2178
      4465.60      904.919      31.3310
      4467.00      888.065      30.9124
      4468.40      878.385      30.3046
      4469.80      849.062      29.1354
      4471.20      883.318      30.2702
      4472.60      904.815      30.9448
      4474.00      881.053      30.4010
      4475.40      890.046      30.3838
      4476.80      901.635      31.0841
      4478.20      893.256      30.8961
      4479.60      901.110      30.7146
      4481.00      881.214      30.5256
      4482.40      878.572      32.0251
      4483.80      905.895      34.1319
      4485.20      906.909      31.1669
      4486.60      902.698      31.3895
      4488.00      889.064      30.9871
      4489.40      892.913      30.4110
      4490.80      891.492      30.5761
      4492.20      888.626      30.3598
      4493.60      900.557      31.1501
      4495.00      893.752      30.8780
      4496.40      881.861      30.4206
      4497.80      913.898      30.5878
      4499.20      911.800      31.0149
      4500.60      879.667      31.1591
      4502.00      853.083      30.1003
      4503.40      863.402      29.4277
      4504.80      883.798      30.3461
      4506.20      898.849      30.5324
      4507.60      881.696      30.6953
      4509.00      910.195      30.7169
      4510.40      876.009      30.4929
      4511.80      906.213      31.1971
      4513.20      895.840      30.3538
      4514.60      898.854      30.1877
      4516.00      877.403      30.3877
      4517.40      889.062      30.8690
      4518.80      897.866      30.8404
      4520.20      885.578      30.4647
      4521.60      898.166      30.5223
      4523.00      863.379      29.6078
      4524.40      883.972      30.2721
      4525.80      895.971      30.5400
      4527.20      897.196      30.5298
      4528.60      875.076      29.8931
      4530.00      881.026      30.3454
      4531.40      911.767      30.9608
      4532.80      881.310      30.2779
      4534.20      859.898      29.8032
      4535.60      854.588      29.2841
      4537.00      881.104      30.1379
      4538.40      909.637      30.9594
      4539.80      878.276      30.2748
      4541.20      893.316      30.6225
      4542.60      886.682      30.3287
      4544.00      896.414      30.2343
      4545.40      871.894      30.1071
      4546.80      892.739      30.6140
      4548.20      891.297      29.9973
      4549.60      848.045      29.8210
      4551.00      835.835      29.4222
      4552.40      874.062      29.9943
      4553.80      874.978      30.1011
      4555.20      857.069      29.0386
      4556.60      867.630      29.0412
      4558.00      888.995      29.9759
      4559.40      891.527      30.4057
      4560.80      900.707      30.4502
      4562.20      897.664      31.0699
      4563.60      868.551      29.5703
      4565.00      861.317      29.4739
      4566.40      876.207      29.6981
      4567.80      899.643      30.5894
      4569.20      903.702      30.9779
      4570.60      883.732      30.5324
      4572.00      869.582      29.4710
      4573.40      846.388      29.1179
      4574.80      885.049      30.4586
      4576.20      887.143      30.0019
      4577.60      896.339      30.4083
      4579.00      894.952      30.5640
      4580.40      899.511      30.4040
      4581.80      886.214      30.4190
      4583.20      885.390      30.4040
      4584.60      862.131      29.5350
      4586.00      875.974      30.0338
      4587.40      880.253      29.5586
      4588.80      882.531      30.1754
      4590.20      882.261      30.0166
      4591.60      896.725      30.3820
      4593.00      885.306      30.4639
      4594.40      889.808      30.3336
      4595.80      897.679      30.2772
      4597.20      883.541      30.0443
      4598.60      890.374      30.2582
      4600.00      890.212      29.8305
      4601.40      902.059      29.8711
      4602.80      895.485      29.6432
      4604.20      888.521      30.0964
      4605.60      900.249      30.3906
      4607.00      891.577      30.0820
      4608.40      895.085      30.1189
      4609.80      894.059      29.9874
      4611.20      893.953      30.1949
      4612.60      899.049      30.1349
      4614.00      908.969      30.6615
      4615.40      892.077      29.9271
      4616.80      911.129      30.4724
      4618.20      890.269      30.0920
      4619.60      896.229      30.0195
      4621.00      897.513      30.2902
      4622.40      899.387      30.1203
      4623.80      886.582      30.1662
      4625.20      910.836      30.9259
      4626.60      923.337      30.8198
      4628.00      889.057      30.0896
      4629.40      887.941      29.9901
      4630.80      882.091      29.6190
      4632.20      890.286      30.1795
      4633.60      894.192      30.4565
      4635.00      888.061      29.6977
      4636.40      893.023      29.8853
      4637.80      892.769      30.1609
      4639.20      894.030      29.8023
      4640.60      862.410      29.1389
      4642.00      901.479      30.1495
      4643.40      879.213      30.0040
      4644.80      875.461      29.9684
      4646.20      900.667      30.0652
      4647.60      886.192      29.7635
      4649.00      898.240      30.0188
      4650.40      879.572      29.6378
      4651.80      879.528      29.8023
      4653.20      885.247      29.9690
      4654.60      889.601      29.5381
      4656.00      876.419      29.1457
      4657.40      881.793      29.6802
      4658.80      870.561      29.4318
      4660.20      889.477      29.8235
      4661.60      881.236      29.7672
      4663.00      873.006      29.9089
      4664.40      890.405      29.8862
      4665.80      867.868      29.3300
      4667.20      869.376      28.8197
      4668.60      871.757      29.3539
      4670.00      868.731      28.8808
      4671.40      877.596      29.4940
      4672.80      883.179      29.7985
      4674.20      883.312      29.5707
      4675.60      879.334      29.4012
      4677.00      869.850      29.1896
      4678.40      882.167      29.5656
      4679.80      884.420      30.0244
      4681.20      877.119      29.7875
      4682.60      887.643      29.9918
      4684.00      900.779      29.8510
      4685.40      905.898      30.1915
      4686.80      896.790      30.1107
      4688.20      889.100      29.8551
      4689.60      896.154      30.6523
      4691.00      890.277      29.9837
      4692.40      878.154      29.8424
      4693.80      885.133      30.2918
      4695.20      885.178      29.9456
      4696.60      884.871      30.0906
      4698.00      894.185      29.7371
      4699.40      879.316      29.6479
      4700.80      889.884      29.9834
      4702.20      873.763      29.4746
      4703.60      874.324      29.3289
      4705.00      860.564      29.6106
      4706.40      892.266      29.9341
      4707.80      877.797      29.5068
      4709.20      882.354      29.4892
      4710.60      871.652      29.6377
      4712.00      899.276      30.1290
      4713.40      889.403      30.2455
      4714.80      890.044      30.2634
      4716.20      884.828      29.8241
      4717.60      869.421      29.4638
      4719.00      869.413      28.9341
      4720.40      877.718      29.2350
      4721.80      862.695      29.1614
      4723.20      859.570      28.9605
      4724.60      851.246      28.3532
      4726.00      851.641      28.6350
      4727.40      851.626      28.8101
      4728.80      857.995      29.1851
      4730.20      855.222      28.9745
      4731.60      877.620      29.8214
      4733.00      872.116      29.0153
      4734.40      864.637      28.8156
      4735.80      871.731      28.8626
      4737.20      870.292      29.0127
      4738.60      866.114      28.9362
      4740.00      870.251      29.0502
      4741.40      867.567      28.7244
      4742.80      868.696      29.1290
      4744.20      877.530      29.0070
      4745.60      872.728      29.3711
      4747.00      866.274      28.7106
      4748.40      855.366      28.5954
      4749.80      864.744      28.7922
      4751.20      871.918      29.0694
      4752.60      871.625      29.3339
      4754.00      868.741      29.2755
      4755.40      865.227      29.0276
      4756.80      869.125      28.7518
      4758.20      862.824      28.9390
      4759.60      859.649      28.6272
      4761.00      862.143      28.8622
      4762.40      862.000      28.9739
      4763.80      857.909      28.5382
      4765.20      857.099      28.6631
      4766.60      859.221      28.4717
      4768.00      861.071      28.5975
      4769.40      853.954      28.5946
      4770.80      870.656      28.7347
      4772.20      846.051      28.6295
      4773.60      853.332      28.4707
      4775.00      863.419      29.0981
      4776.40      847.579      27.8546
      4777.80      853.496      28.6802
      4779.20      854.098      28.7311
      4780.60      847.423      28.4827
      4782.00      852.473      28.8417
      4783.40      851.906      27.9653
      4784.80      857.218      28.4344
      4786.20      851.738      28.4579
      4787.60      860.718      28.3203
      4789.00      858.668      29.2214
      4790.40      840.314      28.0092
      4791.80      863.974      28.6694
      4793.20      870.716      29.0294
      4794.60      854.080      28.6143
      4796.00      866.460      28.9652
      4797.40      855.907      28.5449
      4798.80      844.683      28.5365
      4800.20      863.287      29.0848
      4801.60      854.719      28.3336
      4803.00      868.893      28.4647
      4804.40      856.006      29.0713
      4805.80      840.921      28.3632
      4807.20      845.254      28.2245
      4808.60      856.683      28.7990
      4810.00      855.750      28.6091
      4811.40      847.366      28.6537
      4812.80      855.817      28.7621
      4814.20      866.489      29.0905
      4815.60      857.762      28.7082
      4817.00      852.264      28.8803
      4818.40      856.670      28.8933
      4819.80      855.081      28.7421
      4821.20      834.974      28.2239
      4822.60      853.697      29.1073
      4824.00      842.414      28.3846
      4825.40      849.739      28.4149
      4826.80      850.349      28.1246
      4828.20      850.203      28.1252
      4829.60      853.180      28.4791
      4831.00      844.255      28.5815
      4832.40      849.655      28.6107
      4833.80      847.831      28.1611
      4835.20      843.415      28.2292
      4836.60      843.606      28.1055
      4838.00      842.388      28.7669
      4839.40      847.265      29.0290
      4840.80      847.384      28.2862
      4842.20      838.901      28.6601
      4843.60      844.065      27.8603
      4845.00      841.440      28.0957
      4846.40      820.843      27.9484
      4847.80      830.672      27.7981
      4849.20      808.808      26.9430
      4850.60      815.039      27.3834
      4852.00      804.160      27.0722
      4853.40      793.656      26.7727
      4854.80      780.708      26.6925
      4856.20      759.999      25.8381
      4857.60      730.171      25.0297
      4859.00      697.437      23.4040
      4860.40      602.212      20.6567
      4861.80      478.313      17.2180
      4863.20      495.363      17.6819
      4864.60      620.927      21.8225
      4866.00      708.933      23.8363
      4867.40      733.801      24.9743
      4868.80      759.172      25.4825
      4870.20      786.203      26.7705
      4871.60      777.181      26.2001
      4873.00      787.854      26.4900
      4874.40      796.669      26.5827
      4875.80      802.360      26.7616
      4877.20      807.032      26.6499
      4878.60      805.292      27.2063
      4880.00      801.033      27.1221
      4881.40      811.431      27.3529
      4882.80      815.289      27.1322
      4884.20      823.032      27.6561
      4885.60      817.248      27.9838
      4887.00      827.686      27.8183
      4888.40      830.297      27.9667
      4889.80      827.695      27.6974
      4891.20      817.571      27.4180
      4892.60      803.961      26.8514
      4894.00      823.666      27.4144
      4895.40      828.940      27.5101
      4896.80      825.480      27.4252
      4898.20      815.665      26.7868
      4899.60      825.127      27.6532
      4901.00      823.820      27.2753
      4902.40      820.397      27.4409
      4903.80      833.150      27.5209
      4905.20      836.023      28.3817
      4906.60      840.576      28.0614
      4908.00      832.222      27.6228
      4909.40      820.348      27.2193
      4910.80      822.208      27.5613
      4912.20      829.195      27.3160
      4913.60      825.994      27.5827
      4915.00      826.738      27.5585
      4916.40      838.765      27.5218
      4917.80      830.812      27.5174
      4919.20      829.361      27.7173
      4920.60      817.263      27.3345
      4922.00      809.188      27.0723
      4923.40      826.140      27.1388
      4924.80      792.886      26.4031
      4926.20      825.809      27.7275
      4927.60      834.620      28.0594
      4929.00      829.357      27.4171
      4930.40      853.314      27.4604
      4931.80      861.634      27.5369
      4933.20      832.947      27.4811
      4934.60      816.931      27.4707
      4936.00      827.387      27.3556
      4937.40      828.939      27.6332
      4938.80      831.619      27.9591
      4940.20      828.826      27.9437
      4941.60      829.106      27.2226
      4943.00      827.240      27.6640
      4944.40      840.252      27.7162
      4945.80      834.029      27.5036
      4947.20      838.948      27.7733
      4948.60      820.404      27.4980
      4950.00      826.861      27.2333
      4951.40      837.126      27.3798
      4952.80      828.613      27.8382
      4954.20      829.211      28.3479
      4955.60      827.472      28.2574
      4957.00      804.199      26.7383
      4958.40      791.480      26.4558
      4959.80      814.967      27.3587
      4961.20      830.285      27.7867
      4962.60      844.028      28.4234
      4964.00      835.351      27.8991
      4965.40      832.102      27.6199
      4966.80      831.311      27.3542
      4968.20      822.002      27.1679
      4969.60      815.468      26.3457
      4971.00      818.102      27.1569
      4972.40      827.190      27.3387
      4973.80      828.239      27.4097
      4975.20      814.751      27.1385
      4976.60      822.120      27.5285
      4978.00      827.184      27.4791
      4979.40      821.649      27.1919
      4980.80      809.917      26.8397
      4982.20      826.421      27.1773
      4983.60      820.635      27.0839
      4985.00      813.725      26.8791
      4986.40      821.213      27.1185
      4987.80      821.006      27.3353
      4989.20      823.616      27.1594
      4990.60      826.209      27.1359
      4992.00      815.559      27.4151
      4993.40      820.166      26.9177
      4994.80      806.059      26.7139
      4996.20      834.180      27.2822
      4997.60      831.572      27.1478
      4999.00      810.630      26.7090
