3900.0 139.358 11.98100
3901.4 153.015 12.48780
3902.8 170.407 12.95050
3904.2 172.331 13.15660
3905.6 175.709 13.41620
3907.0 191.022 14.16480
3908.4 181.168 14.28360
3909.8 189.293 14.30100
3911.2 213.263 14.05400
3912.6 205.817 13.83460
3914.0 199.066 13.99890
3915.4 199.408 13.91230
3916.8 189.470 13.41330
3918.2 197.278 13.74970
3919.6 211.459 14.00000
3921.0 200.401 14.02060
3922.4 196.356 13.87310
3923.8 215.260 14.43180
3925.2 196.365 13.74690
3926.6 216.084 14.40850
3928.0 204.693 14.54540
3929.4 209.779 16.64430
3930.8 208.045 14.28860
3932.2 193.380 13.87790
3933.6 193.854 13.82240
3935.0 163.123 12.41000
3936.4 131.738 11.04540
3937.8 151.858 11.90650
3939.2 173.166 12.43220
3940.6 218.957 14.45750
3942.0 216.930 14.09380
3943.4 217.990 13.90840
3944.8 208.035 13.47080
3946.2 218.861 13.73390
3947.6 189.092 13.00020
3949.0 200.674 13.13410
3950.4 202.067 13.08560
3951.8 198.099 12.93150
3953.2 179.442 12.45600
3954.6 190.544 12.47620
3956.0 189.185 12.63010
3957.4 192.486 12.43320
3958.8 182.703 11.60120
3960.2 170.245 11.71060
3961.6 184.582 12.29960
3963.0 164.493 11.20640
3964.4 154.098 10.94030
3965.8 144.431 10.50660
3967.2 125.194 9.98474
3968.6 115.182 9.48023
3970.0 91.467 9.01142
3971.4 59.744 7.53593
3972.8 49.267 7.34405
3974.2 60.194 7.27537
3975.6 92.376 8.69894
3977.0 108.489 9.26082
3978.4 124.378 9.59864
3979.8 137.361 10.34640
3981.2 141.237 10.83810
3982.6 161.213 11.28260
3984.0 160.990 11.35540
3985.4 161.308 11.70270
3986.8 173.019 12.06380
3988.2 175.616 12.26790
3989.6 179.521 12.10120
3991.0 187.461 12.69010
3992.4 183.215 13.13860
3993.8 192.886 12.94740
3995.2 184.894 13.41690
3996.6 210.624 13.91090
3998.0 188.703 13.09550
3999.4 178.576 12.83480
4000.8 181.319 13.47460
4002.2 186.758 13.35020
4003.6 207.791 13.89320
4005.0 205.005 13.48660
4006.4 200.232 12.98700
4007.8 200.320 12.89630
4009.2 190.197 12.52410
4010.6 205.515 12.56890
4012.0 191.058 12.19800
4013.4 206.130 12.58150
4014.8 202.142 12.63400
4016.2 213.377 12.75230
4017.6 199.033 12.72840
4019.0 203.674 12.22080
4020.4 196.526 13.86500
4021.8 204.328 12.30520
4023.2 196.545 11.79020
4024.6 203.742 11.80100
4026.0 203.074 11.96860
4027.4 204.740 11.99070
4028.8 206.705 12.45720
4030.2 193.665 11.93280
4031.6 204.610 11.95720
4033.0 199.857 11.56410
4034.4 200.942 11.49300
4035.8 202.529 11.80540
4037.2 210.402 11.82180
4038.6 200.004 11.67010
4040.0 185.788 11.48030
4041.4 208.356 12.66190
4042.8 204.070 11.71900
4044.2 190.620 11.80950
4045.6 208.388 11.74070
4047.0 192.415 11.95310
4048.4 201.839 12.03110
4049.8 201.315 12.04080
4051.2 207.665 11.74740
4052.6 192.399 11.78640
4054.0 194.752 11.32610
4055.4 197.890 11.51160
4056.8 206.224 11.54000
4058.2 186.171 11.30640
4059.6 207.390 11.81680
4061.0 194.699 11.24910
4062.4 198.612 11.34080
4063.8 203.960 11.65080
4065.2 184.877 10.95920
4066.6 190.676 10.83610
4068.0 192.724 11.35640
4069.4 194.193 11.36820
4070.8 187.742 11.35610
4072.2 193.683 11.22930
4073.6 186.952 11.52080
4075.0 196.152 11.69120
4076.4 194.302 11.45600
4077.8 189.024 11.47960
4079.2 185.513 11.13130
4080.6 154.473 10.17730
4082.0 184.427 11.21210
4083.4 183.262 11.22690
4084.8 185.028 11.52760
4086.2 173.653 11.00080
4087.6 180.088 11.15790
4089.0 162.531 10.67250
4090.4 173.294 10.60670
4091.8 159.389 10.63360
4093.2 167.258 10.29790
4094.6 147.358 10.44180
4096.0 155.071 10.20140
4097.4 146.380 9.73431
4098.8 131.651 9.58119
4100.2 107.867 8.69791
4101.6 107.541 8.51715
4103.0 85.074 7.52016
4104.4 55.180 6.74530
4105.8 64.443 6.99970
4107.2 90.080 7.40424
4108.6 105.123 8.09901
4110.0 114.805 8.23485
4111.4 130.483 8.67385
4112.8 140.701 9.21189
4114.2 134.495 9.30861
4115.6 150.966 9.37000
4117.0 157.649 9.86857
4118.4 170.718 10.16860
4119.8 164.855 9.98168
4121.2 175.442 10.02090
4122.6 168.301 9.92175
4124.0 171.926 10.01370
4125.4 165.671 10.28250
4126.8 171.160 10.49110
4128.2 183.396 10.22200
4129.6 186.502 10.53450
4131.0 179.786 10.50890
4132.4 173.976 10.41620
4133.8 183.019 10.80340
4135.2 186.605 10.50510
4136.6 172.301 10.04260
4138.0 187.114 10.60900
4139.4 189.375 10.13350
4140.8 195.474 10.70820
4142.2 196.801 11.16960
4143.6 187.224 10.85430
4145.0 185.476 10.71690
4146.4 171.184 10.61140
4147.8 185.680 10.84700
4149.2 186.877 10.93970
4150.6 191.825 10.89340
4152.0 186.947 10.50870
4153.4 180.746 10.36880
4154.8 183.974 10.36220
4156.2 179.488 10.39840
4157.6 190.973 10.50070
4159.0 183.558 10.68620
4160.4 179.159 10.38400
4161.8 175.147 9.82586
4163.2 189.178 10.96270
4164.6 192.110 10.65220
4166.0 175.277 10.01540
4167.4 175.675 10.34490
4168.8 187.273 10.27060
4170.2 189.847 10.32750
4171.6 192.682 10.49350
4173.0 176.628 10.14470
4174.4 188.798 10.26110
4175.8 181.358 10.38810
4177.2 187.741 10.44820
4178.6 178.918 10.25150
4180.0 182.594 9.71320
4181.4 185.304 10.23110
4182.8 175.669 9.79422
4184.2 187.870 9.83753
4185.6 177.851 10.27670
4187.0 186.487 10.45250
4188.4 176.973 10.01780
4189.8 177.128 9.60059
4191.2 179.456 9.93700
4192.6 176.357 9.95104
4194.0 173.016 10.07780
4195.4 181.405 9.77418
4196.8 174.657 9.77813
4198.2 191.754 10.30130
4199.6 181.465 9.97013
4201.0 175.900 9.71680
4202.4 174.482 9.96339
4203.8 181.475 9.66015
4205.2 169.047 9.52788
4206.6 174.938 9.66605
4208.0 180.885 9.85549
4209.4 183.888 10.12900
4210.8 173.061 9.52042
4212.2 180.667 9.95092
4213.6 188.211 10.04470
4215.0 179.792 9.66765
4216.4 183.503 9.71183
4217.8 170.908 9.40191
4219.2 174.421 9.52567
4220.6 178.478 10.12680
4222.0 185.165 9.98253
4223.4 178.963 9.62794
4224.8 173.249 9.36149
4226.2 180.094 9.68059
4227.6 176.622 9.38160
4229.0 164.536 9.11030
4230.4 166.556 9.29413
4231.8 172.995 9.70331
4233.2 172.133 9.72226
4234.6 184.355 9.94460
4236.0 165.518 9.34281
4237.4 169.512 9.14249
4238.8 161.698 8.91593
4240.2 176.512 9.43486
4241.6 177.169 9.78390
4243.0 181.619 9.84982
4244.4 177.963 9.84656
4245.8 172.874 9.64060
4247.2 172.037 9.43784
4248.6 164.964 9.64666
4250.0 174.461 9.61846
4251.4 181.854 9.45615
4252.8 169.028 9.29073
4254.2 178.579 9.33090
4255.6 167.700 9.18521
4257.0 168.347 9.18531
4258.4 167.116 9.17507
4259.8 176.040 9.62979
4261.2 175.569 9.73049
4262.6 174.259 9.43937
4264.0 179.598 9.73725
4265.4 175.525 9.61956
4266.8 170.058 9.08261
4268.2 172.132 9.22649
4269.6 168.566 9.36095
4271.0 177.076 9.70610
4272.4 176.684 9.61985
4273.8 173.441 9.35292
4275.2 168.192 9.16430
4276.6 174.475 9.81003
4278.0 174.390 9.23335
4279.4 182.133 9.46020
4280.8 171.766 9.23500
4282.2 181.745 9.47420
4283.6 174.249 9.33901
4285.0 170.138 9.21098
4286.4 171.665 8.96824
4287.8 163.003 8.78831
4289.2 162.814 8.95481
4290.6 163.916 9.19188
4292.0 174.699 8.98125
4293.4 164.212 9.36178
4294.8 170.947 9.34074
4296.2 179.837 9.43679
4297.6 151.429 8.71646
4299.0 165.014 8.75785
4300.4 164.078 8.87771
4301.8 170.835 9.20647
4303.2 161.245 8.66198
4304.6 156.984 8.51007
4306.0 160.192 9.09298
4307.4 164.111 9.01695
4308.8 168.325 9.16768
4310.2 163.762 8.87739
4311.6 155.176 8.88362
4313.0 167.770 9.08415
4314.4 167.618 8.95375
4315.8 154.264 8.69099
4317.2 159.567 8.67130
4318.6 149.398 8.45367
4320.0 150.703 8.53673
4321.4 157.149 8.78020
4322.8 161.946 8.68992
4324.2 146.103 8.35372
4325.6 153.623 8.46083
4327.0 145.695 8.30994
4328.4 140.068 8.07511
4329.8 136.150 7.87299
4331.2 134.438 7.87680
4332.6 137.293 7.80376
4334.0 131.191 7.75335
4335.4 124.057 7.46309
4336.8 114.342 7.10725
4338.2 113.369 6.98223
4339.6 97.582 6.52343
4341.0 85.576 6.03024
4342.4 65.278 5.57104
4343.8 63.075 5.39516
4345.2 60.809 5.63817
4346.6 79.398 6.00727
4348.0 92.960 6.50429
4349.4 105.640 6.82250
4350.8 114.429 6.98405
4352.2 119.714 7.03726
4353.6 128.734 7.54349
4355.0 126.548 7.64689
4356.4 142.383 7.95434
4357.8 144.531 8.22613
4359.2 153.439 8.58335
4360.6 152.561 8.45882
4362.0 152.108 8.61855
4363.4 162.382 8.71585
4364.8 144.356 8.29395
4366.2 148.119 8.22728
4367.6 145.865 8.01086
4369.0 155.738 8.36955
4370.4 156.513 8.34989
4371.8 156.974 8.52055
4373.2 159.057 8.49378
4374.6 157.594 8.69851
4376.0 153.404 8.65635
4377.4 153.853 8.44065
4378.8 157.462 8.42505
4380.2 168.783 8.50421
4381.6 167.956 8.76752
4383.0 150.134 8.22017
4384.4 154.986 8.18281
4385.8 151.811 8.29736
4387.2 161.733 8.47046
4388.6 143.281 8.13111
4390.0 157.128 8.30729
4391.4 158.775 8.63535
4392.8 159.941 8.41311
4394.2 160.137 8.31019
4395.6 164.420 8.55917
4397.0 163.234 8.51521
4398.4 149.014 8.06291
4399.8 165.135 8.65515
4401.2 165.592 8.83017
4402.6 153.135 8.39953
4404.0 162.387 8.39760
4405.4 161.810 8.44515
4406.8 150.148 8.09634
4408.2 157.760 8.17190
4409.6 153.684 8.28850
4411.0 157.992 8.34038
4412.4 162.601 8.58623
4413.8 158.878 8.45366
4415.2 161.030 8.76800
4416.6 154.640 8.26257
4418.0 156.831 8.27623
4419.4 160.643 8.45832
4420.8 153.008 8.23309
4422.2 152.700 8.05555
4423.6 158.637 8.35798
4425.0 160.364 8.44655
4426.4 148.953 8.39327
4427.8 155.130 8.14189
4429.2 158.401 8.42816
4430.6 161.304 8.55769
4432.0 148.528 8.28037
4433.4 166.245 8.58857
4434.8 151.582 8.44329
4436.2 161.229 8.32300
4437.6 162.962 8.47693
4439.0 158.392 8.27784
4440.4 160.644 8.22751
4441.8 163.909 8.40364
4443.2 157.328 8.28120
4444.6 156.283 8.48260
4446.0 151.018 8.03189
4447.4 144.478 7.79316
4448.8 157.646 8.41440
4450.2 160.875 8.18577
4451.6 151.734 7.91377
4453.0 151.501 7.78364
4454.4 152.335 8.05682
4455.8 159.045 7.99206
4457.2 154.357 7.98978
4458.6 157.988 8.29495
4460.0 152.210 7.89690
4461.4 158.085 8.31571
4462.8 149.889 8.15921
4464.2 158.988 8.35911
4465.6 153.358 7.77043
4467.0 159.844 7.98212
4468.4 153.939 7.90691
4469.8 157.208 8.06953
4471.2 138.175 7.43348
4472.6 153.514 7.88994
4474.0 141.466 7.94135
4475.4 153.647 8.01130
4476.8 154.748 8.18079
4478.2 156.101 8.05985
4479.6 156.239 7.86044
4481.0 148.961 8.05304
4482.4 152.831 8.18454
4483.8 146.519 7.84955
4485.2 136.536 7.54526
4486.6 143.346 7.71211
4488.0 154.315 7.97206
4489.4 151.426 7.82814
4490.8 145.080 7.81589
4492.2 142.943 7.65124
4493.6 152.110 7.78809
4495.0 151.965 8.02993
4496.4 155.026 7.88622
4497.8 146.169 8.28613
4499.2 149.775 7.92047
4500.6 152.153 8.09396
4502.0 150.298 7.65502
4503.4 145.495 7.92656
4504.8 147.876 7.77731
4506.2 146.224 7.90348
4507.6 153.238 7.85622
4509.0 145.995 7.69389
4510.4 156.642 7.81586
4511.8 142.824 7.62513
4513.2 153.425 8.13978
4514.6 154.022 7.87511
4516.0 156.240 7.86422
4517.4 145.469 7.70965
4518.8 153.260 7.81548
4520.2 147.336 7.68687
4521.6 155.462 7.71737
4523.0 147.667 7.54854
4524.4 151.882 7.84662
4525.8 142.237 7.65116
4527.2 147.622 7.80995
4528.6 142.651 7.29513
4530.0 146.870 7.69289
4531.4 152.126 7.70457
4532.8 150.939 7.82139
4534.2 155.384 7.78720
4535.6 149.477 7.70448
4537.0 143.364 7.58064
4538.4 143.496 7.52713
4539.8 144.875 7.39286
4541.2 149.510 7.59651
4542.6 148.585 7.35056
4544.0 144.026 7.66381
4545.4 154.293 7.61894
4546.8 152.171 7.84761
4548.2 149.040 7.42712
4549.6 146.293 7.49475
4551.0 148.406 7.44052
4552.4 141.603 7.49538
4553.8 140.072 7.31415
4555.2 151.157 7.88085
4556.6 147.079 7.29457
4558.0 146.506 7.55276
4559.4 141.133 7.45608
4560.8 143.524 7.38589
4562.2 149.334 7.74736
4563.6 150.284 7.62835
4565.0 147.109 7.47365
4566.4 140.741 7.30491
4567.8 141.943 7.38572
4569.2 144.577 7.52728
4570.6 151.170 7.71904
4572.0 154.502 7.80869
4573.4 146.553 7.44687
4574.8 135.003 7.18296
4576.2 141.656 7.44028
4577.6 145.940 7.63436
4579.0 144.876 7.51641
4580.4 139.435 7.37013
4581.8 150.170 7.67959
4583.2 157.257 7.93876
4584.6 143.283 7.68146
4586.0 151.239 7.70302
4587.4 144.501 7.69058
4588.8 146.739 7.65233
4590.2 145.934 7.49214
4591.6 147.440 7.59335
4593.0 153.654 7.75194
4594.4 145.175 7.44006
4595.8 146.757 7.62188
4597.2 153.988 7.73693
4598.6 141.215 7.25901
4600.0 142.220 7.32941
4601.4 148.754 7.53131
4602.8 147.083 7.58260
4604.2 140.495 7.26838
4605.6 148.173 7.36559
4607.0 147.497 7.60296
4608.4 138.380 7.23006
4609.8 148.893 7.36594
4611.2 145.414 7.38285
4612.6 142.859 7.30716
4614.0 146.179 7.45504
4615.4 145.525 7.31275
4616.8 148.450 7.57384
4618.2 147.912 7.26222
4619.6 140.351 7.15286
4621.0 145.045 7.15105
4622.4 139.439 7.08475
4623.8 149.166 7.59876
4625.2 145.916 7.38079
4626.6 137.294 7.39970
4628.0 152.416 7.21265
4629.4 143.240 7.28047
4630.8 140.768 7.33761
4632.2 140.263 7.20615
4633.6 142.582 7.30940
4635.0 141.552 7.04560
4636.4 142.294 7.11620
4637.8 143.229 7.26069
4639.2 147.820 7.27530
4640.6 147.425 7.51164
4642.0 138.545 7.12718
4643.4 137.564 6.95243
4644.8 140.460 7.21401
4646.2 141.362 6.90116
4647.6 141.070 6.93906
4649.0 144.254 7.32775
4650.4 133.034 6.79191
4651.8 143.451 7.58679
4653.2 139.137 6.99475
4654.6 144.736 7.10615
4656.0 148.690 7.28303
4657.4 142.539 7.25778
4658.8 140.275 7.15838
4660.2 136.313 6.92776
4661.6 141.589 7.22005
4663.0 142.680 7.19624
4664.4 138.867 7.11027
4665.8 138.795 7.22129
4667.2 138.496 7.09498
4668.6 140.803 7.16571
4670.0 140.941 7.01680
4671.4 141.388 7.02799
4672.8 139.893 7.31555
4674.2 138.859 6.98645
4675.6 137.284 7.10374
4677.0 144.145 7.29982
4678.4 149.774 7.36766
4679.8 142.561 7.21488
4681.2 142.628 6.98194
4682.6 145.911 7.24884
4684.0 145.260 7.40105
4685.4 144.489 7.13316
4686.8 136.390 6.98474
4688.2 149.290 7.28063
4689.6 141.001 7.19296
4691.0 144.198 7.21849
4692.4 146.974 7.07652
4693.8 143.411 7.22167
4695.2 143.063 7.08001
4696.6 140.942 7.09327
4698.0 147.754 7.39016
4699.4 139.131 6.97871
4700.8 152.940 7.29309
4702.2 135.011 6.86602
4703.6 137.274 6.87396
4705.0 133.585 6.93896
4706.4 138.364 6.89464
4707.8 138.523 6.88973
4709.2 140.358 6.80828
4710.6 135.777 6.71547
4712.0 142.022 7.01820
4713.4 139.095 7.11538
4714.8 139.192 6.95066
4716.2 137.970 6.97220
4717.6 141.288 6.94878
4719.0 142.339 7.16120
4720.4 136.136 6.98971
4721.8 142.040 7.24369
4723.2 134.467 6.70221
4724.6 142.543 6.96941
4726.0 143.365 7.02458
4727.4 141.670 7.11056
4728.8 138.102 7.18275
4730.2 134.866 6.79722
4731.6 142.486 7.06687
4733.0 141.628 7.01217
4734.4 136.226 6.99323
4735.8 141.297 6.91622
4737.2 137.677 7.32146
4738.6 135.895 7.25719
4740.0 139.468 7.06556
4741.4 134.191 6.80431
4742.8 136.328 6.81726
4744.2 140.138 7.05050
4745.6 138.965 7.16950
4747.0 138.425 7.33707
4748.4 137.243 7.05791
4749.8 141.954 7.02135
4751.2 139.229 6.98682
4752.6 142.429 6.92527
4754.0 139.387 7.12406
4755.4 140.741 7.17266
4756.8 134.101 6.99574
4758.2 137.998 7.14654
4759.6 137.663 7.23666
4761.0 141.585 7.11069
4762.4 136.291 7.10068
4763.8 135.263 7.05970
4765.2 141.768 7.16024
4766.6 129.326 6.87922
4768.0 148.833 7.16995
4769.4 131.967 6.87048
4770.8 142.368 7.06451
4772.2 132.572 6.73298
4773.6 137.969 6.91203
4775.0 138.961 6.84059
4776.4 138.578 6.85247
4777.8 139.884 6.73323
4779.2 140.151 6.92295
4780.6 136.949 6.67848
4782.0 140.074 6.87341
4783.4 137.307 6.84728
4784.8 132.014 6.58612
4786.2 129.430 6.44943
4787.6 132.874 6.55156
4789.0 132.511 6.57951
4790.4 136.554 6.71435
4791.8 136.550 6.84766
4793.2 131.445 6.53805
4794.6 136.386 6.63270
4796.0 138.378 6.70797
4797.4 136.734 6.77912
4798.8 133.652 6.42211
4800.2 129.006 6.34226
4801.6 132.690 6.58553
4803.0 131.370 6.55438
4804.4 137.226 6.69287
4805.8 127.549 6.53957
4807.2 134.310 6.50505
4808.6 130.271 6.59161
4810.0 144.764 6.82217
4811.4 130.117 6.42300
4812.8 132.400 6.48158
4814.2 138.852 6.77078
4815.6 136.252 6.79813
4817.0 127.382 6.37431
4818.4 133.771 6.43527
4819.8 123.429 6.47690
4821.2 133.537 6.56081
4822.6 131.718 6.51207
4824.0 130.128 6.51185
4825.4 131.446 6.43003
4826.8 123.972 6.29496
4828.2 126.566 6.52895
4829.6 131.890 6.84856
4831.0 128.238 6.40006
4832.4 127.814 6.34569
4833.8 131.408 6.39627
4835.2 131.209 6.55779
4836.6 128.560 7.03913
4838.0 125.061 7.04366
4839.4 126.584 6.47805
4840.8 133.596 6.48681
4842.2 119.549 6.01728
4843.6 117.859 6.03604
4845.0 121.933 6.15370
4846.4 123.488 6.16642
4847.8 118.250 6.12557
4849.2 113.562 5.86125
4850.6 116.369 5.98626
4852.0 119.926 6.08664
4853.4 106.792 5.71730
4854.8 110.781 5.71228
4856.2 110.900 5.71596
4857.6 97.757 5.51300
4859.0 91.367 5.18348
4860.4 90.413 5.32352
4861.8 77.263 4.84691
4863.2 60.083 4.09465
4864.6 51.414 3.92346
4866.0 51.389 3.75828
4867.4 63.424 4.27416
4868.8 78.797 4.55955
4870.2 85.994 5.08149
4871.6 95.174 5.16693
4873.0 93.777 5.26804
4874.4 97.784 5.58775
4875.8 107.739 5.71291
4877.2 114.615 5.89871
4878.6 107.482 5.78188
4880.0 109.374 5.80237
4881.4 113.156 5.80207
4882.8 114.045 6.03240
4884.2 116.389 6.03496
4885.6 116.757 5.98948
4887.0 115.504 5.95696
4888.4 112.639 6.00599
4889.8 118.877 6.08101
4891.2 120.571 6.17848
4892.6 117.484 6.13936
4894.0 119.685 6.43209
4895.4 124.249 6.35297
4896.8 127.322 6.26319
4898.2 122.377 6.21805
4899.6 121.854 6.24551
4901.0 123.145 6.27548
4902.4 124.370 6.26328
4903.8 124.531 6.40726
4905.2 124.584 6.56009
4906.6 128.678 6.48615
4908.0 125.570 6.38923
4909.4 124.716 6.59719
4910.8 129.187 6.73670
4912.2 128.255 6.50663
4913.6 124.849 6.28710
4915.0 123.689 6.28829
4916.4 122.985 5.99234
4917.8 123.914 6.22064
4919.2 124.753 6.24186
4920.6 123.647 6.04726
4922.0 122.541 6.02417
4923.4 119.691 6.27018
4924.8 121.783 6.21122
4926.2 129.406 6.46028
4927.6 117.194 5.97927
4929.0 124.063 6.28871
4930.4 122.731 6.19792
4931.8 122.476 6.31756
4933.2 127.704 6.36443
4934.6 122.715 6.10040
4936.0 122.565 6.31894
4937.4 125.217 5.96296
4938.8 127.814 6.19714
4940.2 127.795 6.25734
4941.6 124.403 6.07895
4943.0 121.732 6.06955
4944.4 125.661 6.21376
4945.8 128.316 6.35627
4947.2 122.604 6.18186
4948.6 127.317 6.15463
4950.0 123.761 5.87507
4951.4 123.022 6.21215
4952.8 128.496 6.19981
4954.2 124.051 6.12738
4955.6 124.731 6.25342
4957.0 124.457 6.06013
4958.4 125.310 6.31643
4959.8 122.029 6.21285
4961.2 122.167 6.26055
4962.6 124.440 5.92873
4964.0 124.761 6.16513
4965.4 123.816 6.07381
4966.8 121.935 6.19399
4968.2 120.845 6.07946
4969.6 120.692 5.94508
4971.0 119.065 6.00399
4972.4 126.233 6.06775
4973.8 127.709 6.18273
4975.2 123.045 6.11134
4976.6 121.521 5.96866
4978.0 120.238 6.09738
4979.4 115.926 5.98774
4980.8 113.986 6.04010
4982.2 119.838 6.07663
4983.6 123.048 5.99813
4985.0 116.274 6.07435
4986.4 117.641 6.01952
4987.8 127.522 6.22597
4989.2 124.997 6.18457
4990.6 127.524 6.31349
4992.0 125.674 6.17269
4993.4 120.889 6.06394
4994.8 129.892 6.06781
4996.2 120.566 6.03515
4997.6 118.739 5.91363
4999.0 118.090 5.87164
