3900.0 103.019 6.24273
3901.4 103.712 6.47161
3902.8 120.814 7.14011
3904.2 116.038 7.07630
3905.6 123.067 7.19964
3907.0 131.948 7.31218
3908.4 132.268 7.20226
3909.8 121.497 6.93606
3911.2 133.437 7.27338
3912.6 142.578 7.53986
3914.0 132.592 7.39109
3915.4 135.571 7.47154
3916.8 132.419 7.35027
3918.2 135.866 7.39446
3919.6 144.958 7.54868
3921.0 137.247 7.23729
3922.4 142.625 7.37091
3923.8 140.656 7.30423
3925.2 144.417 7.38597
3926.6 144.902 7.39864
3928.0 141.967 7.32510
3929.4 146.448 7.28228
3930.8 143.515 7.34547
3932.2 144.221 7.30193
3933.6 122.362 6.60985
3935.0 109.977 6.26881
3936.4 96.232 5.82957
3937.8 96.596 5.89120
3939.2 116.304 6.46461
3940.6 134.637 7.00485
3942.0 142.626 7.20523
3943.4 147.544 7.42169
3944.8 134.268 6.95459
3946.2 138.661 7.08149
3947.6 140.165 7.17749
3949.0 136.607 7.07916
3950.4 131.950 6.87634
3951.8 125.866 6.74628
3953.2 126.159 6.68966
3954.6 133.383 6.85611
3956.0 132.482 6.78991
3957.4 129.433 6.65361
3958.8 128.951 6.65202
3960.2 125.790 6.53750
3961.6 120.977 6.34630
3963.0 119.664 6.32656
3964.4 113.567 6.11559
3965.8 98.722 5.67025
3967.2 104.814 5.88780
3968.6 83.990 5.21086
3970.0 75.731 4.90529
3971.4 53.053 4.24023
3972.8 44.034 3.87121
3974.2 46.740 3.94220
3975.6 63.588 4.45168
3977.0 80.535 4.98217
3978.4 89.552 5.38231
3979.8 109.186 6.02365
3981.2 98.034 5.91182
3982.6 104.331 6.14661
3984.0 116.958 6.17536
3985.4 111.063 6.02094
3986.8 120.750 6.26236
3988.2 129.662 6.51844
3989.6 121.331 6.35182
3991.0 133.148 6.72718
3992.4 131.923 6.63500
3993.8 128.901 6.52604
3995.2 138.501 6.78474
3996.6 132.663 6.84947
3998.0 137.689 6.99478
3999.4 138.379 6.86644
4000.8 143.763 6.96135
4002.2 141.163 6.88625
4003.6 142.970 7.01809
4005.0 132.577 6.85682
4006.4 134.994 6.86118
4007.8 146.587 7.03200
4009.2 136.721 6.80106
4010.6 143.982 6.96312
4012.0 139.953 7.10212
4013.4 142.932 7.13535
4014.8 134.323 6.80960
4016.2 134.760 6.72918
4017.6 136.561 6.71867
4019.0 138.736 6.79713
4020.4 135.902 6.73052
4021.8 143.248 6.91007
4023.2 146.549 6.96488
4024.6 139.504 6.89431
4026.0 142.222 6.98160
4027.4 142.875 6.94552
4028.8 134.464 6.66873
4030.2 135.830 6.52126
4031.6 140.477 6.63026
4033.0 130.552 6.39081
4034.4 136.786 6.47180
4035.8 134.722 6.65245
4037.2 142.844 6.58719
4038.6 130.007 6.51714
4040.0 148.327 6.80656
4041.4 127.721 6.35368
4042.8 138.299 6.58771
4044.2 140.920 6.63667
4045.6 139.438 6.63332
4047.0 139.317 6.72160
4048.4 139.499 6.69556
4049.8 139.475 7.16577
4051.2 149.015 7.34780
4052.6 142.787 6.57234
4054.0 141.503 6.66394
4055.4 135.676 6.44516
4056.8 132.302 6.28166
4058.2 140.890 6.52889
4059.6 132.913 6.37767
4061.0 141.534 6.58622
4062.4 137.385 6.54644
4063.8 140.023 6.55497
4065.2 137.852 6.49769
4066.6 136.077 6.47734
4068.0 130.423 6.21943
4069.4 132.961 6.30434
4070.8 129.409 6.33437
4072.2 140.950 6.48354
4073.6 128.929 6.22832
4075.0 132.016 6.33516
4076.4 136.895 6.48758
4077.8 126.246 6.34127
4079.2 138.631 6.47239
4080.6 124.755 6.05922
4082.0 124.075 5.99450
4083.4 121.664 5.98000
4084.8 122.518 6.08888
4086.2 124.594 6.19896
4087.6 124.767 6.24088
4089.0 115.941 5.93373
4090.4 124.859 5.96841
4091.8 113.679 5.75018
4093.2 111.733 5.63714
4094.6 106.853 5.58283
4096.0 103.932 5.56018
4097.4 97.620 5.32191
4098.8 98.835 5.22759
4100.2 86.674 4.80306
4101.6 81.849 4.61501
4103.0 70.618 4.24774
4104.4 49.865 3.54782
4105.8 45.239 3.48840
4107.2 59.958 3.87340
4108.6 77.766 4.50704
4110.0 83.716 4.69008
4111.4 94.838 4.90886
4112.8 95.451 5.05481
4114.2 112.323 5.48620
4115.6 109.619 5.40094
4117.0 110.461 5.57160
4118.4 112.929 5.63716
4119.8 118.687 5.82062
4121.2 112.616 5.69260
4122.6 128.888 6.01021
4124.0 124.713 5.86769
4125.4 121.987 5.84018
4126.8 126.355 5.94652
4128.2 117.595 5.67440
4129.6 127.804 6.20468
4131.0 119.567 6.06966
4132.4 129.920 6.20303
4133.8 120.885 5.98316
4135.2 123.560 5.94856
4136.6 120.301 5.86237
4138.0 131.175 6.05871
4139.4 133.077 6.08982
4140.8 122.214 5.78306
4142.2 132.994 6.06297
4143.6 126.914 6.12886
4145.0 130.909 6.19733
4146.4 132.712 6.18885
4147.8 123.906 5.93448
4149.2 132.144 5.99696
4150.6 127.222 6.10542
4152.0 133.679 6.01102
4153.4 126.439 5.86561
4154.8 133.351 6.12286
4156.2 135.534 6.32605
4157.6 135.038 6.24746
4159.0 128.425 6.08918
4160.4 130.342 5.98835
4161.8 132.892 5.99823
4163.2 139.903 6.35911
4164.6 133.692 6.15305
4166.0 125.976 6.04394
4167.4 129.696 6.12114
4168.8 130.626 6.12386
4170.2 138.904 6.21440
4171.6 131.182 6.06431
4173.0 135.308 6.26991
4174.4 129.788 6.23376
4175.8 123.615 5.98342
4177.2 138.852 6.25403
4178.6 124.737 5.91128
4180.0 130.658 5.95053
4181.4 126.915 5.77995
4182.8 118.689 5.61347
4184.2 125.327 5.75622
4185.6 122.945 5.77160
4187.0 130.389 6.00619
4188.4 125.366 5.90834
4189.8 135.984 6.00999
4191.2 126.727 5.84816
4192.6 128.200 5.88416
4194.0 131.734 5.95660
4195.4 123.353 5.67076
4196.8 125.488 5.75956
4198.2 134.036 5.95080
4199.6 127.478 5.74372
4201.0 124.033 5.77795
4202.4 125.662 5.62365
4203.8 124.833 5.70427
4205.2 127.751 5.80960
4206.6 124.065 5.83574
4208.0 127.638 6.03898
4209.4 131.093 5.99910
4210.8 130.692 5.95171
4212.2 130.291 5.90433
4213.6 129.890 5.85694
4215.0 129.489 5.80955
4216.4 127.434 5.76166
4217.8 126.755 5.70470
4219.2 123.175 5.63636
4220.6 128.279 5.77357
4222.0 133.061 5.89824
4223.4 131.699 5.85528
4224.8 130.407 5.84925
4226.2 130.230 5.73797
4227.6 130.455 5.95152
4229.0 116.467 5.38985
4230.4 120.206 5.49363
4231.8 121.575 5.60859
4233.2 126.238 5.67856
4234.6 126.224 5.68239
4236.0 129.389 5.83692
4237.4 117.052 5.40443
4238.8 128.210 5.70617
4240.2 121.727 5.49235
4241.6 128.898 5.68962
4243.0 130.340 5.76676
4244.4 120.866 5.51088
4245.8 122.125 5.52674
4247.2 124.476 5.65922
4248.6 130.439 5.79838
4250.0 123.225 5.58717
4251.4 125.553 5.57362
4252.8 119.641 5.55532
4254.2 123.106 5.45064
4255.6 122.907 5.60449
4257.0 125.942 5.65600
4258.4 129.825 5.87855
4259.8 121.134 5.64081
4261.2 134.678 5.81380
4262.6 123.610 5.60314
4264.0 128.127 5.64863
4265.4 118.331 5.48432
4266.8 128.030 5.72688
4268.2 125.730 5.70908
4269.6 126.643 5.78387
4271.0 122.961 5.64698
4272.4 128.593 5.73918
4273.8 126.852 5.63599
4275.2 118.237 5.38962
4276.6 118.991 5.39538
4278.0 128.238 5.67531
4279.4 129.427 5.72492
4280.8 126.857 5.62385
4282.2 128.216 5.67788
4283.6 125.156 5.59725
4285.0 124.115 5.49869
4286.4 120.849 5.58682
4287.8 122.986 5.42499
4289.2 127.354 5.62362
4290.6 117.198 5.32412
4292.0 125.739 5.52593
4293.4 109.152 5.26306
4294.8 124.266 5.51527
4296.2 123.018 5.51172
4297.6 125.770 5.58283
4299.0 126.310 5.52866
4300.4 125.637 5.59639
4301.8 126.099 5.57201
4303.2 119.899 5.43167
4304.6 114.935 5.27248
4306.0 113.757 5.22889
4307.4 114.915 5.29332
4308.8 120.469 5.46210
4310.2 119.517 5.46212
4311.6 113.074 5.32956
4313.0 120.205 5.38405
4314.4 115.618 5.22581
4315.8 118.586 5.32585
4317.2 112.838 5.16829
4318.6 114.397 5.30082
4320.0 114.682 5.17399
4321.4 115.019 5.24103
4322.8 116.202 5.27613
4324.2 114.299 5.19869
4325.6 117.003 5.27770
4327.0 116.340 5.24548
4328.4 106.014 4.94328
4329.8 104.410 4.85859
4331.2 105.575 4.88937
4332.6 104.232 4.91634
4334.0 99.019 4.76542
4335.4 95.605 4.65739
4336.8 94.092 4.46154
4338.2 85.485 4.26600
4339.6 85.706 4.22322
4341.0 70.563 3.78382
4342.4 64.359 3.69269
4343.8 41.198 2.90602
4345.2 47.377 3.06065
4346.6 64.368 3.59103
4348.0 76.290 3.98345
4349.4 81.155 4.20273
4350.8 91.953 4.50028
4352.2 91.475 4.45335
4353.6 92.025 4.46316
4355.0 94.375 4.55947
4356.4 101.837 4.70425
4357.8 107.644 5.21886
4359.2 107.134 5.44441
4360.6 108.493 5.29693
4362.0 111.924 5.22193
4363.4 107.299 4.95129
4364.8 110.738 5.03224
4366.2 111.356 5.07295
4367.6 108.968 4.94091
4369.0 115.278 5.16891
4370.4 118.089 5.24921
4371.8 112.282 5.04790
4373.2 114.429 5.14895
4374.6 120.945 5.30517
4376.0 118.311 5.36454
4377.4 114.741 5.15472
4378.8 114.857 5.17598
4380.2 119.556 5.25756
4381.6 119.639 5.33428
4383.0 111.001 4.97609
4384.4 115.075 5.10610
4385.8 119.826 5.28342
4387.2 117.614 5.12760
4388.6 112.268 5.12219
4390.0 119.287 5.21899
4391.4 122.073 5.30923
4392.8 108.168 5.00535
4394.2 122.680 5.27670
4395.6 116.551 5.21976
4397.0 123.119 5.34506
4398.4 116.404 5.15800
4399.8 118.264 5.25920
4401.2 120.100 5.20334
4402.6 114.231 5.20369
4404.0 113.487 5.11697
4405.4 118.781 5.25735
4406.8 117.288 5.20559
4408.2 118.451 5.24294
4409.6 111.940 5.05414
4411.0 118.015 5.19534
4412.4 114.966 5.11787
4413.8 120.746 5.24951
4415.2 115.888 5.14698
4416.6 115.751 5.09949
4418.0 110.183 4.98228
4419.4 115.523 5.07263
4420.8 115.854 5.07367
4422.2 110.933 5.00648
4423.6 118.585 5.16107
4425.0 119.126 5.19100
4426.4 114.030 5.00134
4427.8 109.861 4.93999
4429.2 114.558 5.03833
4430.6 116.747 5.07913
4432.0 111.867 4.97629
4433.4 120.917 5.19985
4434.8 120.655 5.28515
4436.2 115.294 5.07467
4437.6 112.818 4.94772
4439.0 108.366 4.89189
4440.4 116.109 5.04835
4441.8 116.651 5.06766
4443.2 119.328 5.20652
4444.6 111.201 4.99642
4446.0 115.094 5.06323
4447.4 112.387 5.02511
4448.8 114.064 4.99243
4450.2 114.201 5.00230
4451.6 115.112 4.99062
4453.0 115.635 5.09080
4454.4 109.303 4.86404
4455.8 115.113 4.95780
4457.2 115.753 5.08053
4458.6 115.431 4.99771
4460.0 111.101 4.90678
4461.4 113.609 4.91752
4462.8 112.994 4.98997
4464.2 114.293 4.99952
4465.6 114.452 5.04382
4467.0 112.623 4.95439
4468.4 112.409 4.86707
4469.8 113.497 4.98145
4471.2 111.530 4.89632
4472.6 115.033 4.99234
4474.0 108.534 4.81147
4475.4 113.399 4.91917
4476.8 114.074 4.99284
4478.2 113.549 5.00505
4479.6 106.572 4.77825
4481.0 108.608 4.81983
4482.4 120.336 5.06741
4483.8 109.966 4.89340
4485.2 108.288 4.87379
4486.6 107.697 4.81867
4488.0 110.628 4.87206
4489.4 114.639 5.02940
4490.8 114.476 5.06461
4492.2 116.083 5.06692
4493.6 112.702 4.91032
4495.0 111.427 4.91635
4496.4 116.595 5.04837
4497.8 119.987 5.08697
4499.2 103.545 4.70747
4500.6 106.231 4.58831
4502.0 115.774 5.03800
4503.4 114.335 4.93917
4504.8 107.807 4.86068
4506.2 109.353 4.75907
4507.6 108.189 4.87407
4509.0 115.102 4.94929
4510.4 108.948 4.86886
4511.8 114.673 5.14841
4513.2 109.820 4.91506
4514.6 112.756 4.87859
4516.0 115.854 4.92804
4517.4 109.908 4.84804
4518.8 111.570 4.78384
4520.2 107.518 4.73061
4521.6 114.741 4.92808
4523.0 113.689 4.91905
4524.4 113.595 4.86785
4525.8 109.012 4.76419
4527.2 114.419 4.93700
4528.6 105.831 4.70967
4530.0 109.483 4.79488
4531.4 103.871 4.73893
4532.8 108.756 4.89365
4534.2 105.035 4.77021
4535.6 117.003 4.97161
4537.0 106.662 4.72182
4538.4 107.959 4.71401
4539.8 111.257 4.80038
4541.2 110.617 4.79377
4542.6 107.392 4.75898
4544.0 108.579 4.73759
4545.4 106.075 4.64365
4546.8 108.473 4.74592
4548.2 112.352 4.80448
4549.6 114.182 4.97993
4551.0 109.371 4.67927
4552.4 107.345 4.65977
4553.8 102.967 4.52846
4555.2 105.876 4.61794
4556.6 104.248 4.57711
4558.0 103.926 4.55353
4559.4 101.153 4.50634
4560.8 106.483 4.64577
4562.2 106.990 4.75917
4563.6 114.991 4.86995
4565.0 109.786 4.70112
4566.4 107.470 4.69442
4567.8 104.894 4.53441
4569.2 100.847 4.49594
4570.6 105.915 4.65379
4572.0 104.292 4.53893
4573.4 112.412 4.81752
4574.8 111.641 4.73995
4576.2 100.731 4.47076
4577.6 108.122 4.73765
4579.0 112.706 4.87666
4580.4 111.223 4.77313
4581.8 106.255 4.62204
4583.2 110.519 4.76469
4584.6 106.183 4.67103
4586.0 110.062 4.79034
4587.4 109.923 4.80052
4588.8 104.516 4.58430
4590.2 104.697 4.59994
4591.6 111.234 4.68738
4593.0 103.465 4.54177
4594.4 109.385 4.71401
4595.8 105.857 4.64248
4597.2 112.102 4.78627
4598.6 107.880 4.74374
4600.0 112.495 4.77120
4601.4 114.542 4.80813
4602.8 102.815 4.53705
4604.2 105.106 4.55265
4605.6 107.524 4.67173
4607.0 105.200 4.66154
4608.4 110.377 4.70162
4609.8 107.226 4.65972
4611.2 108.655 4.61573
4612.6 108.863 4.67227
4614.0 107.198 4.60871
4615.4 105.148 4.55187
4616.8 103.858 4.53854
4618.2 106.595 4.65836
4619.6 112.910 4.80935
4621.0 111.754 4.75691
4622.4 107.588 4.57434
4623.8 109.778 4.69644
4625.2 105.967 4.57206
4626.6 104.978 4.56479
4628.0 105.844 4.52412
4629.4 107.143 4.61659
4630.8 114.386 4.77473
4632.2 109.843 4.59444
4633.6 100.434 4.47807
4635.0 107.275 4.54325
4636.4 102.994 4.49751
4637.8 111.009 4.64655
4639.2 104.171 4.48628
4640.6 103.208 4.48034
4642.0 102.673 4.43996
4643.4 107.880 4.57752
4644.8 105.660 4.58704
4646.2 107.638 4.68729
4647.6 107.610 4.66162
4649.0 105.779 4.54226
4650.4 105.657 4.54447
4651.8 109.174 4.63255
4653.2 100.743 4.35510
4654.6 112.041 4.68711
4656.0 108.688 4.60193
4657.4 100.919 4.37039
4658.8 103.193 4.46900
4660.2 106.104 4.53343
4661.6 109.258 4.61345
4663.0 105.391 4.50064
4664.4 102.602 4.42098
4665.8 106.483 4.53579
4667.2 104.718 4.52210
4668.6 104.940 4.55981
4670.0 108.354 4.57197
4671.4 101.336 4.41337
4672.8 106.741 4.55315
4674.2 107.150 4.53059
4675.6 103.208 4.48386
4677.0 104.995 4.47815
4678.4 105.107 4.50474
4679.8 101.675 4.47752
4681.2 111.041 4.68301
4682.6 102.499 4.37119
4684.0 108.478 4.58910
4685.4 107.841 4.57818
4686.8 107.512 4.58146
4688.2 103.140 4.47831
4689.6 108.409 4.56349
4691.0 104.703 4.47999
4692.4 103.016 4.44699
4693.8 102.629 4.42087
4695.2 102.797 4.42151
4696.6 102.189 4.39587
4698.0 103.471 4.48043
4699.4 105.073 4.58645
4700.8 98.941 4.33202
4702.2 103.221 4.40340
4703.6 107.205 4.51763
4705.0 104.562 4.48869
4706.4 100.211 4.37500
4707.8 99.782 4.36123
4709.2 105.554 4.45970
4710.6 104.376 4.41475
4712.0 100.209 4.31862
4713.4 106.628 4.53318
4714.8 105.371 4.45048
4716.2 103.825 4.44070
4717.6 103.223 4.42590
4719.0 102.718 4.42622
4720.4 105.827 4.56398
4721.8 105.347 4.47282
4723.2 100.221 4.32816
4724.6 104.624 4.44197
4726.0 102.951 4.34829
4727.4 102.524 4.40455
4728.8 102.931 4.36461
4730.2 102.650 4.36617
4731.6 100.597 4.34422
4733.0 104.088 4.37611
4734.4 105.042 4.46739
4735.8 105.476 4.46214
4737.2 103.505 4.42214
4738.6 100.544 4.36040
4740.0 101.749 4.32946
4741.4 100.436 4.29558
4742.8 100.246 4.32077
4744.2 99.246 4.21142
4745.6 104.402 4.43788
4747.0 109.080 4.55648
4748.4 104.053 4.39383
4749.8 102.283 4.42380
4751.2 105.339 4.35822
4752.6 104.009 4.46422
4754.0 100.050 4.31640
4755.4 100.120 4.28649
4756.8 101.016 4.28413
4758.2 101.055 4.27872
4759.6 100.538 4.26029
4761.0 97.416 4.28386
4762.4 103.507 4.31092
4763.8 98.980 4.26951
4765.2 98.405 4.22109
4766.6 105.118 4.39368
4768.0 99.074 4.32133
4769.4 96.034 4.17047
4770.8 97.940 4.18439
4772.2 100.525 4.26100
4773.6 102.732 4.32710
4775.0 100.716 4.28748
4776.4 97.497 4.22159
4777.8 101.919 4.30035
4779.2 98.211 4.23647
4780.6 103.149 4.29274
4782.0 97.097 4.16457
4783.4 95.496 4.08611
4784.8 97.368 4.13489
4786.2 93.289 4.07116
4787.6 100.060 4.22127
4789.0 98.174 4.19525
4790.4 100.413 4.23530
4791.8 94.438 4.14501
4793.2 101.250 4.27359
4794.6 99.019 4.24938
4796.0 97.040 4.13021
4797.4 100.291 4.22887
4798.8 96.370 4.13303
4800.2 97.324 4.13848
4801.6 99.973 4.29361
4803.0 96.697 4.13603
4804.4 98.189 4.18209
4805.8 98.950 4.19558
4807.2 98.996 4.21933
4808.6 97.155 4.17420
4810.0 93.209 4.01949
4811.4 100.929 4.18330
4812.8 94.951 4.17283
4814.2 102.300 4.33220
4815.6 99.204 4.28726
4817.0 99.296 4.25858
4818.4 97.415 4.18095
4819.8 95.553 4.15952
4821.2 97.315 4.18050
4822.6 89.487 3.99637
4824.0 93.751 4.02035
4825.4 97.342 4.11758
4826.8 94.746 4.08547
4828.2 95.631 4.16286
4829.6 97.392 4.24514
4831.0 100.366 4.18036
4832.4 92.331 4.04108
4833.8 100.726 4.25754
4835.2 93.318 4.12278
4836.6 97.615 4.19478
4838.0 94.079 4.15603
4839.4 92.192 4.06242
4840.8 93.039 3.99718
4842.2 91.093 3.96297
4843.6 93.387 3.99780
4845.0 94.502 4.07678
4846.4 89.207 3.90759
4847.8 88.933 3.91505
4849.2 93.423 3.97387
4850.6 87.022 3.82550
4852.0 86.077 3.78993
4853.4 86.052 3.87394
4854.8 81.638 3.77795
4856.2 81.683 3.66493
4857.6 76.803 3.49319
4859.0 74.676 3.40447
4860.4 69.511 3.29744
4861.8 66.148 3.23750
4863.2 59.931 2.99136
4864.6 46.306 2.65851
4866.0 41.379 2.53513
4867.4 48.310 2.66360
4868.8 60.487 3.02890
4870.2 68.943 3.18359
4871.6 74.817 3.41701
4873.0 75.464 3.45066
4874.4 77.472 3.48399
4875.8 78.933 3.64149
4877.2 77.572 3.55260
4878.6 82.061 3.70790
4880.0 84.034 3.70900
4881.4 81.173 3.61950
4882.8 88.000 3.82181
4884.2 86.039 3.79848
4885.6 91.540 3.94504
4887.0 87.945 3.85897
4888.4 88.473 3.84540
4889.8 84.718 3.73215
4891.2 90.364 3.88860
4892.6 90.294 3.90073
4894.0 89.816 3.89139
4895.4 91.696 4.00101
4896.8 91.295 3.87696
4898.2 88.086 3.95141
4899.6 93.518 4.02820
4901.0 94.844 4.06981
4902.4 91.627 4.15247
4903.8 90.680 3.97614
4905.2 93.278 4.07984
4906.6 94.945 4.03242
4908.0 91.739 3.98327
4909.4 89.731 3.92474
4910.8 92.295 4.01952
4912.2 94.941 4.04696
4913.6 91.651 4.01755
4915.0 95.493 4.05930
4916.4 91.973 4.01580
4917.8 94.198 4.04424
4919.2 91.342 4.01591
4920.6 97.041 4.08963
4922.0 92.762 4.02387
4923.4 92.891 3.98727
4924.8 94.853 4.09881
4926.2 93.169 4.00438
4927.6 85.159 3.89427
4929.0 85.862 3.87263
4930.4 90.143 3.95213
4931.8 91.978 3.94757
4933.2 93.837 4.01752
4934.6 89.738 3.94111
4936.0 89.235 3.96146
4937.4 90.133 3.99098
4938.8 89.837 3.95517
4940.2 94.799 4.00744
4941.6 91.405 3.94849
4943.0 92.665 3.95952
4944.4 93.464 4.01273
4945.8 91.441 3.91425
4947.2 97.356 4.10945
4948.6 92.248 3.95522
4950.0 93.108 3.96406
4951.4 92.674 3.97277
4952.8 92.844 3.96648
4954.2 97.159 4.09392
4955.6 94.854 3.97112
4957.0 89.852 3.91446
4958.4 93.513 3.91966
4959.8 96.089 4.70154
4961.2 92.820 4.30625
4962.6 87.665 3.83965
4964.0 95.723 3.94559
4965.4 85.857 3.75025
4966.8 92.977 3.94244
4968.2 91.485 3.97702
4969.6 89.964 3.83416
4971.0 87.622 3.79858
4972.4 91.912 3.87118
4973.8 90.021 3.90044
4975.2 91.269 3.83012
4976.6 92.819 3.92553
4978.0 89.487 3.84911
4979.4 89.876 3.83326
4980.8 91.436 3.90062
4982.2 96.205 4.01265
4983.6 89.397 3.85394
4985.0 88.490 3.81059
4986.4 90.670 3.87235
4987.8 88.049 3.88612
4989.2 88.330 3.83987
4990.6 90.378 3.87882
4992.0 88.620 3.77886
4993.4 88.239 3.77181
4994.8 87.284 3.78435
4996.2 87.823 3.84293
4997.6 91.466 3.93531
4999.0 93.136 3.88956
