3900.0 595.885 23.44880
3901.4 600.006 23.32810
3902.8 603.990 23.15280
3904.2 623.933 23.96260
3905.6 664.510 25.35450
3907.0 701.372 26.40010
3908.4 665.570 25.28160
3909.8 674.734 25.10580
3911.2 623.992 24.11370
3912.6 669.746 25.34020
3914.0 680.097 25.70060
3915.4 681.769 25.08840
3916.8 669.103 25.33980
3918.2 690.146 26.56400
3919.6 702.085 27.92360
3921.0 699.583 26.58940
3922.4 689.053 26.03130
3923.8 658.504 24.64480
3925.2 661.735 24.93590
3926.6 647.272 24.54040
3928.0 583.467 21.93270
3929.4 453.254 17.76140
3930.8 249.525 13.16780
3932.2 380.954 16.69390
3933.6 548.402 21.02460
3935.0 615.364 23.26490
3936.4 672.610 25.58000
3937.8 686.805 25.85810
3939.2 669.970 24.99000
3940.6 675.114 24.60020
3942.0 656.221 24.54460
3943.4 670.881 24.86330
3944.8 654.437 24.29370
3946.2 644.475 24.05310
3947.6 637.640 24.38650
3949.0 626.432 23.53340
3950.4 634.164 24.26990
3951.8 628.285 23.62070
3953.2 583.229 22.81230
3954.6 559.251 20.92280
3956.0 564.338 21.25240
3957.4 531.603 19.86870
3958.8 496.209 19.01900
3960.2 480.447 18.53770
3961.6 465.364 18.04230
3963.0 387.458 15.77760
3964.4 286.700 12.50840
3965.8 158.396 8.72003
3967.2 154.224 8.80121
3968.6 238.053 11.48230
3970.0 320.501 13.93550
3971.4 395.634 16.41690
3972.8 442.512 17.36650
3974.2 484.687 18.68860
3975.6 508.673 19.82430
3977.0 547.776 20.11250
3978.4 536.779 20.67000
3979.8 571.169 21.12110
3981.2 587.228 21.65410
3982.6 618.071 23.01420
3984.0 606.446 22.69590
3985.4 626.165 23.13670
3986.8 633.837 23.13450
3988.2 639.325 23.73380
3989.6 659.549 24.25170
3991.0 671.262 24.35870
3992.4 645.376 23.54320
3993.8 647.964 23.69030
3995.2 634.244 23.28670
3996.6 650.982 24.08460
3998.0 677.151 24.57600
3999.4 653.841 23.88930
4000.8 676.257 24.60790
4002.2 644.809 23.62870
4003.6 655.298 24.07560
4005.0 665.661 24.59900
4006.4 670.398 24.10150
4007.8 666.941 23.98410
4009.2 661.275 24.34150
4010.6 646.490 23.14180
4012.0 657.229 23.92380
4013.4 673.829 24.30970
4014.8 673.923 25.00730
4016.2 678.875 24.38240
4017.6 672.231 23.66050
4019.0 662.419 23.77780
4020.4 663.593 24.23220
4021.8 639.987 23.01340
4023.2 651.793 23.31660
4024.6 663.502 23.35860
4026.0 641.622 23.09670
4027.4 657.475 23.95840
4028.8 657.506 23.56950
4030.2 650.972 23.61460
4031.6 656.301 23.69100
4033.0 666.008 24.04040
4034.4 670.308 23.79630
4035.8 668.279 24.05170
4037.2 658.855 23.80840
4038.6 666.086 23.79980
4040.0 664.472 24.03120
4041.4 665.071 23.79130
4042.8 620.608 22.40560
4044.2 637.329 23.16310
4045.6 679.573 24.24270
4047.0 650.267 23.11010
4048.4 668.678 23.71630
4049.8 656.737 23.62570
4051.2 636.376 23.08900
4052.6 652.525 23.66980
4054.0 652.893 23.33620
4055.4 654.084 23.80570
4056.8 667.466 23.92650
4058.2 658.929 23.48310
4059.6 647.743 23.16400
4061.0 610.563 22.21660
4062.4 640.011 22.94630
4063.8 643.796 23.27480
4065.2 639.403 23.28660
4066.6 632.015 22.94190
4068.0 623.473 22.88610
4069.4 605.417 21.88300
4070.8 623.407 22.14620
4072.2 629.987 23.06510
4073.6 595.100 22.01470
4075.0 581.498 21.15570
4076.4 599.971 21.93410
4077.8 625.727 22.28060
4079.2 617.132 22.40000
4080.6 595.044 21.26990
4082.0 588.171 21.33250
4083.4 579.017 21.46450
4084.8 587.451 21.38400
4086.2 554.646 19.88730
4087.6 535.869 19.75320
4089.0 524.917 19.46730
4090.4 509.552 18.70710
4091.8 474.464 17.93340
4093.2 438.441 16.72380
4094.6 410.119 15.22660
4096.0 338.507 13.24550
4097.4 274.548 11.37130
4098.8 203.817 9.60960
4100.2 245.934 11.15170
4101.6 336.581 13.28100
4103.0 383.445 15.08440
4104.4 428.487 15.93290
4105.8 455.032 17.16410
4107.2 476.188 17.86530
4108.6 513.040 18.51960
4110.0 524.476 19.16920
4111.4 543.850 19.74820
4112.8 548.326 19.56810
4114.2 551.545 20.27080
4115.6 556.750 20.14480
4117.0 572.364 20.84210
4118.4 581.518 20.89440
4119.8 590.680 21.85460
4121.2 602.551 21.83700
4122.6 604.240 21.79670
4124.0 599.393 21.62580
4125.4 604.133 21.74980
4126.8 602.707 21.89590
4128.2 606.255 21.78570
4129.6 589.762 21.08530
4131.0 608.427 21.59810
4132.4 618.140 22.41900
4133.8 612.385 21.32280
4135.2 614.865 22.13390
4136.6 636.704 22.76070
4138.0 652.345 23.15940
4139.4 611.061 21.84590
4140.8 596.439 21.66910
4142.2 606.645 21.59640
4143.6 631.367 22.29870
4145.0 606.869 21.68350
4146.4 618.051 21.83260
4147.8 629.901 22.23230
4149.2 615.575 21.46980
4150.6 616.049 21.85980
4152.0 601.128 21.48030
4153.4 608.659 21.73930
4154.8 609.853 21.66140
4156.2 606.930 21.52910
4157.6 623.166 22.40510
4159.0 602.141 21.55790
4160.4 620.323 21.88480
4161.8 611.132 21.48460
4163.2 611.187 21.52920
4164.6 599.438 21.90450
4166.0 606.219 21.78080
4167.4 609.832 21.86540
4168.8 582.467 21.13490
4170.2 566.582 20.73050
4171.6 600.227 21.27360
4173.0 625.536 21.93980
4174.4 616.443 21.21180
4175.8 570.539 21.02350
4177.2 594.005 21.48860
4178.6 600.157 21.27660
4180.0 597.246 21.20430
4181.4 615.315 21.97000
4182.8 597.550 21.37270
4184.2 594.839 20.91590
4185.6 585.304 20.97560
4187.0 609.376 21.08820
4188.4 605.752 21.13640
4189.8 614.582 21.68090
4191.2 617.800 21.40630
4192.6 604.163 21.25550
4194.0 593.019 20.92030
4195.4 568.715 20.29900
4196.8 588.722 20.93550
4198.2 587.609 20.93850
4199.6 581.342 20.78450
4201.0 587.949 20.98850
4202.4 603.257 21.66630
4203.8 611.159 21.89160
4205.2 616.896 21.52020
4206.6 600.094 21.56610
4208.0 603.722 21.21900
4209.4 615.104 21.55480
4210.8 619.620 21.81520
4212.2 576.069 20.61840
4213.6 580.228 20.55370
4215.0 606.712 21.59190
4216.4 590.388 20.85490
4217.8 605.265 21.50940
4219.2 601.798 21.44000
4220.6 606.608 21.21010
4222.0 570.856 20.28360
4223.4 546.779 19.55090
4224.8 542.500 19.41130
4226.2 594.265 21.09040
4227.6 616.309 21.76990
4229.0 579.568 20.53690
4230.4 561.813 20.14290
4231.8 575.925 20.46740
4233.2 593.821 20.74950
4234.6 589.358 20.98370
4236.0 592.564 21.09320
4237.4 604.308 21.66460
4238.8 592.808 20.78480
4240.2 598.824 21.04240
4241.6 597.140 21.01590
4243.0 573.091 20.08450
4244.4 561.587 20.09690
4245.8 581.069 20.22720
4247.2 573.355 20.55640
4248.6 586.692 20.74390
4250.0 600.770 21.02980
4251.4 579.360 21.20120
4252.8 597.765 20.81260
4254.2 610.613 21.30840
4255.6 592.615 20.69970
4257.0 585.102 20.50450
4258.4 566.967 20.13680
4259.8 590.881 20.73670
4261.2 596.505 20.73860
4262.6 594.485 20.78540
4264.0 590.231 20.80260
4265.4 595.196 20.90850
4266.8 594.371 20.82160
4268.2 562.104 19.96440
4269.6 541.809 18.94010
4271.0 593.814 20.68050
4272.4 575.630 20.46140
4273.8 589.310 21.18180
4275.2 593.853 20.95490
4276.6 601.325 20.88860
4278.0 592.751 20.93360
4279.4 575.036 20.62270
4280.8 579.030 20.74040
4282.2 599.657 21.08290
4283.6 584.315 20.61810
4285.0 580.842 20.17230
4286.4 545.312 19.84330
4287.8 551.881 19.35080
4289.2 576.936 20.01120
4290.6 576.504 20.33200
4292.0 571.114 20.18050
4293.4 566.500 20.02090
4294.8 565.284 19.95850
4296.2 538.500 18.96240
4297.6 519.208 18.54470
4299.0 519.789 18.79790
4300.4 534.671 19.14580
4301.8 570.786 19.80720
4303.2 551.433 19.42110
4304.6 533.239 18.78140
4306.0 534.197 19.15300
4307.4 571.323 19.84650
4308.8 568.347 19.87070
4310.2 522.928 18.55840
4311.6 501.421 17.93060
4313.0 528.004 18.84560
4314.4 555.251 19.55360
4315.8 544.453 18.97440
4317.2 523.442 18.71700
4318.6 520.124 18.37240
4320.0 542.236 19.06390
4321.4 507.344 18.14860
4322.8 485.069 17.59340
4324.2 494.631 17.97640
4325.6 491.874 17.71390
4327.0 479.814 17.20010
4328.4 466.068 17.13210
4329.8 451.561 16.15260
4331.2 413.421 15.15400
4332.6 401.713 14.57280
4334.0 349.786 13.24340
4335.4 286.320 11.02940
4336.8 213.732 9.09564
4338.2 197.098 8.75379
4339.6 274.691 10.86510
4341.0 332.683 12.78770
4342.4 383.488 14.23410
4343.8 405.308 14.85700
4345.2 447.402 15.94740
4346.6 450.887 16.21360
4348.0 450.466 16.28870
4349.4 458.288 16.63910
4350.8 494.258 17.56720
4352.2 503.541 18.07290
4353.6 516.973 18.55070
4355.0 515.499 18.66650
4356.4 526.176 19.00930
4357.8 539.373 19.11360
4359.2 550.997 19.79670
4360.6 557.677 19.72400
4362.0 549.477 19.55620
4363.4 543.264 19.14880
4364.8 541.677 18.83800
4366.2 526.560 18.52710
4367.6 551.674 19.32980
4369.0 552.457 19.40580
4370.4 541.224 18.87640
4371.8 530.531 18.73680
4373.2 541.970 19.42830
4374.6 569.086 19.84710
4376.0 567.437 19.90290
4377.4 561.452 19.54830
4378.8 562.842 19.97690
4380.2 520.605 18.45400
4381.6 514.607 18.21770
4383.0 532.253 18.63300
4384.4 556.216 19.40280
4385.8 559.003 19.54550
4387.2 547.331 19.20090
4388.6 558.765 19.81320
4390.0 558.298 19.40060
4391.4 516.241 18.50580
4392.8 519.527 18.29250
4394.2 552.819 19.31870
4395.6 541.382 18.64330
4397.0 527.629 18.47600
4398.4 547.967 19.31260
4399.8 554.874 19.21370
4401.2 542.663 18.93470
4402.6 534.849 18.93730
4404.0 546.763 19.04990
4405.4 538.044 18.96680
4406.8 542.025 19.01980
4408.2 548.646 19.29540
4409.6 551.717 19.25700
4411.0 538.568 18.80460
4412.4 525.732 18.79360
4413.8 509.463 18.02940
4415.2 519.746 18.27850
4416.6 549.749 19.13320
4418.0 551.795 19.31720
4419.4 540.549 19.04490
4420.8 550.688 19.40030
4422.2 538.073 18.77390
4423.6 535.145 19.01260
4425.0 543.660 18.72020
4426.4 550.071 19.16370
4427.8 549.127 19.42590
4429.2 546.490 19.27240
4430.6 533.460 18.94190
4432.0 525.720 18.37490
4433.4 540.790 18.86530
4434.8 542.977 18.80160
4436.2 547.294 19.12610
4437.6 542.433 19.14440
4439.0 522.798 18.60110
4440.4 509.757 18.13740
4441.8 515.407 18.27380
4443.2 548.180 19.04440
4444.6 536.313 18.78970
4446.0 547.355 19.32170
4447.4 528.023 18.61820
4448.8 525.958 18.49700
4450.2 537.576 18.79160
4451.6 522.883 18.36910
4453.0 512.870 18.44590
4454.4 529.101 18.31080
4455.8 532.245 18.82950
4457.2 534.851 18.46400
4458.6 534.143 18.70640
4460.0 522.789 18.30360
4461.4 529.324 18.83450
4462.8 540.573 18.86500
4464.2 521.506 18.49120
4465.6 503.875 17.87610
4467.0 519.067 17.79400
4468.4 530.739 18.51240
4469.8 532.262 18.73630
4471.2 543.670 18.79280
4472.6 536.601 18.51690
4474.0 526.247 18.43270
4475.4 551.398 18.96570
4476.8 506.474 17.72220
4478.2 485.188 17.23300
4479.6 505.901 17.58400
4481.0 535.443 18.39150
4482.4 519.651 17.96360
4483.8 539.949 18.37560
4485.2 518.244 18.16810
4486.6 511.769 17.82550
4488.0 508.511 17.84010
4489.4 528.474 18.45100
4490.8 520.864 18.41600
4492.2 523.967 18.13280
4493.6 525.805 18.60340
4495.0 532.902 18.71080
4496.4 527.132 18.21700
4497.8 499.221 17.44270
4499.2 506.755 17.70950
4500.6 526.932 18.50320
4502.0 529.067 18.25010
4503.4 525.208 18.18690
4504.8 508.144 17.60560
4506.2 502.820 17.54470
4507.6 520.263 17.73200
4509.0 527.104 18.37690
4510.4 526.219 19.25580
4511.8 521.099 19.58040
4513.2 509.834 17.74880
4514.6 520.608 18.09060
4516.0 510.285 17.79690
4517.4 505.622 17.69530
4518.8 511.012 17.72360
4520.2 503.705 17.61930
4521.6 524.174 18.26570
4523.0 507.511 17.74980
4524.4 517.186 17.91530
4525.8 493.943 17.34640
4527.2 516.235 17.91930
4528.6 511.785 18.06840
4530.0 498.620 17.35350
4531.4 474.479 16.93000
4532.8 508.507 17.58920
4534.2 521.902 18.28580
4535.6 515.960 17.95000
4537.0 514.546 17.84890
4538.4 505.149 17.76250
4539.8 513.187 17.93800
4541.2 524.077 18.02860
4542.6 523.754 18.20630
4544.0 528.334 18.18870
4545.4 487.666 17.05200
4546.8 469.859 16.54000
4548.2 491.298 17.19700
4549.6 522.187 18.20680
4551.0 495.230 17.73970
4552.4 491.842 17.34170
4553.8 501.720 17.38470
4555.2 507.593 17.58560
4556.6 504.503 17.42130
4558.0 508.991 17.87910
4559.4 509.355 17.73270
4560.8 490.676 17.19020
4562.2 501.870 17.76620
4563.6 520.867 18.00760
4565.0 518.220 17.86480
4566.4 520.711 18.13890
4567.8 504.455 17.34530
4569.2 482.520 16.47810
4570.6 503.383 17.53150
4572.0 519.069 17.64030
4573.4 495.137 17.20920
4574.8 500.569 17.37500
4576.2 513.026 17.55240
4577.6 502.718 17.62230
4579.0 496.162 17.18840
4580.4 472.808 16.70550
4581.8 491.601 17.14360
4583.2 500.124 17.49400
4584.6 499.582 17.31660
4586.0 501.938 17.09670
4587.4 494.537 17.56360
4588.8 505.870 17.63410
4590.2 496.358 17.43280
4591.6 514.527 17.75170
4593.0 504.700 17.73290
4594.4 513.774 17.49020
4595.8 501.443 17.24130
4597.2 508.673 17.54250
4598.6 507.215 17.39700
4600.0 508.684 17.92530
4601.4 510.657 17.94590
4602.8 509.742 17.71150
4604.2 495.057 17.39000
4605.6 504.124 17.58690
4607.0 505.936 17.58010
4608.4 504.708 17.53120
4609.8 508.733 17.69800
4611.2 511.168 17.90200
4612.6 515.503 17.94030
4614.0 506.162 17.62850
4615.4 495.526 17.12360
4616.8 509.617 17.80690
4618.2 498.201 17.45340
4619.6 507.751 17.59960
4621.0 499.414 17.18540
4622.4 503.227 17.51010
4623.8 505.349 17.48710
4625.2 499.495 17.53060
4626.6 495.526 17.18550
4628.0 503.402 17.39710
4629.4 496.900 17.50960
4630.8 505.988 17.43900
4632.2 500.257 17.48400
4633.6 496.648 17.06150
4635.0 495.387 17.36220
4636.4 495.237 17.37430
4637.8 502.248 17.61280
4639.2 495.457 17.41430
4640.6 504.902 17.18940
4642.0 505.407 17.49040
4643.4 494.481 17.38510
4644.8 502.087 17.43560
4646.2 502.435 17.45880
4647.6 506.693 17.21010
4649.0 499.736 17.13380
4650.4 494.236 17.08770
4651.8 494.968 17.22770
4653.2 488.397 17.04680
4654.6 488.654 16.94470
4656.0 496.930 16.87410
4657.4 495.692 17.06460
4658.8 501.287 17.06320
4660.2 502.720 17.54150
4661.6 495.838 17.08440
4663.0 495.361 16.91640
4664.4 493.967 16.93150
4665.8 482.153 16.61630
4667.2 492.216 17.04800
4668.6 493.120 17.01920
4670.0 487.349 17.12540
4671.4 489.478 16.90150
4672.8 486.485 16.91240
4674.2 497.605 17.04840
4675.6 497.046 17.16740
4677.0 500.550 17.47040
4678.4 495.637 17.09610
4679.8 483.858 16.85520
4681.2 500.748 16.96420
4682.6 496.139 17.29700
4684.0 502.365 17.21100
4685.4 491.496 16.90250
4686.8 494.205 16.82900
4688.2 492.964 17.03560
4689.6 485.731 16.79170
4691.0 488.475 16.78820
4692.4 486.775 16.88750
4693.8 497.329 17.07930
4695.2 495.178 17.19150
4696.6 485.738 16.64220
4698.0 495.821 16.95610
4699.4 496.273 17.36870
4700.8 479.422 16.64750
4702.2 486.723 17.02590
4703.6 484.177 16.76780
4705.0 478.079 16.43750
4706.4 484.572 16.45730
4707.8 489.795 16.76690
4709.2 486.278 16.84310
4710.6 490.644 17.02280
4712.0 489.288 17.04280
4713.4 486.025 17.02810
4714.8 491.402 17.10600
4716.2 487.413 16.97130
4717.6 483.642 16.60920
4719.0 482.755 16.49750
4720.4 482.284 16.55640
4721.8 487.393 16.72260
4723.2 490.451 16.84100
4724.6 492.332 17.01160
4726.0 484.779 16.75040
4727.4 474.270 16.46050
4728.8 475.468 16.35180
4730.2 478.847 16.31680
4731.6 478.731 16.62730
4733.0 479.122 16.52930
4734.4 480.038 16.36900
4735.8 480.991 17.02010
4737.2 480.003 16.47940
4738.6 485.289 16.95430
4740.0 490.527 17.01140
4741.4 484.276 16.95930
4742.8 483.517 16.58330
4744.2 487.297 16.75730
4745.6 486.350 16.62050
4747.0 486.251 16.67780
4748.4 487.229 16.78650
4749.8 482.096 16.46460
4751.2 490.731 16.81450
4752.6 481.922 16.87880
4754.0 480.580 16.69660
4755.4 479.280 16.67200
4756.8 477.953 16.48400
4758.2 483.118 16.56220
4759.6 469.208 16.34460
4761.0 468.446 16.18660
4762.4 459.776 15.89750
4763.8 466.150 16.19270
4765.2 470.521 16.43330
4766.6 472.136 16.23070
4768.0 469.181 15.91460
4769.4 476.190 16.38820
4770.8 457.929 16.02630
4772.2 469.400 16.16480
4773.6 470.719 16.40040
4775.0 474.293 16.80820
4776.4 471.928 16.49320
4777.8 470.480 16.24690
4779.2 472.644 16.33510
4780.6 466.712 16.31370
4782.0 469.532 16.23510
4783.4 468.562 16.31940
4784.8 466.128 16.24790
4786.2 469.070 16.69290
4787.6 467.369 16.10720
4789.0 466.130 16.26870
4790.4 474.421 16.34560
4791.8 473.338 16.57350
4793.2 466.444 16.13010
4794.6 458.685 15.90870
4796.0 462.199 16.05180
4797.4 471.928 16.30350
4798.8 459.177 16.03980
4800.2 469.298 16.12770
4801.6 453.630 15.80640
4803.0 456.372 15.80080
4804.4 466.712 16.07760
4805.8 464.179 16.15070
4807.2 460.233 15.90510
4808.6 457.919 15.91750
4810.0 453.990 15.66230
4811.4 464.858 16.03480
4812.8 464.856 16.11640
4814.2 462.949 16.03120
4815.6 461.795 15.99360
4817.0 460.863 16.12770
4818.4 466.606 16.18910
4819.8 454.057 15.70090
4821.2 450.621 15.54720
4822.6 453.741 15.78610
4824.0 446.861 15.72080
4825.4 451.327 15.61690
4826.8 446.248 15.69540
4828.2 448.512 15.36160
4829.6 442.476 15.32660
4831.0 451.978 15.59780
4832.4 439.659 15.27680
4833.8 440.382 15.35130
4835.2 443.178 15.33020
4836.6 442.717 15.18160
4838.0 437.103 15.16170
4839.4 430.098 14.94040
4840.8 421.633 14.75300
4842.2 417.467 14.32480
4843.6 404.239 14.23090
4845.0 391.267 13.83680
4846.4 397.450 13.87750
4847.8 387.901 13.48550
4849.2 377.324 13.48080
4850.6 363.338 12.88180
4852.0 341.320 12.02710
4853.4 317.424 11.31100
4854.8 293.242 10.37900
4856.2 251.410 9.26924
4857.6 187.298 7.50016
4859.0 179.291 7.56792
4860.4 250.895 9.46555
4861.8 292.854 10.79130
4863.2 323.211 11.70010
4864.6 342.389 12.17510
4866.0 365.540 12.94530
4867.4 368.702 13.01410
4868.8 369.801 13.24510
4870.2 384.477 13.55920
4871.6 400.586 13.86270
4873.0 403.131 14.13670
4874.4 401.408 13.74630
4875.8 419.647 14.52220
4877.2 417.369 14.52890
4878.6 424.467 14.75670
4880.0 431.195 14.75670
4881.4 429.913 15.23420
4882.8 425.977 14.76690
4884.2 439.473 15.43210
4885.6 443.122 15.44390
4887.0 425.687 14.74540
4888.4 421.041 14.54270
4889.8 431.158 14.95350
4891.2 452.128 15.51480
4892.6 439.392 15.50590
4894.0 440.400 15.29120
4895.4 433.553 14.96390
4896.8 438.053 15.08300
4898.2 436.627 15.13230
4899.6 432.860 15.17020
4901.0 445.149 15.31610
4902.4 441.192 15.24080
4903.8 442.096 15.06640
4905.2 437.604 15.32410
4906.6 447.667 15.44790
4908.0 439.021 15.31440
4909.4 438.941 15.10300
4910.8 446.847 15.60840
4912.2 446.968 15.56380
4913.6 438.663 14.96330
4915.0 424.852 14.89320
4916.4 428.181 14.93410
4917.8 426.502 15.10080
4919.2 428.571 15.00180
4920.6 412.906 14.56690
4922.0 421.262 14.64100
4923.4 447.233 15.36620
4924.8 441.779 15.55500
4926.2 452.043 15.57230
4927.6 454.086 15.70920
4929.0 441.679 15.42480
4930.4 432.124 15.17990
4931.8 440.125 15.35550
4933.2 436.972 15.14000
4934.6 441.761 15.39540
4936.0 445.817 15.30420
4937.4 439.634 15.56930
4938.8 445.723 15.59530
4940.2 446.234 15.42290
4941.6 443.681 15.38240
4943.0 441.656 15.46680
4944.4 439.175 15.18640
4945.8 443.773 15.34240
4947.2 441.280 15.40360
4948.6 444.901 15.40730
4950.0 437.811 15.24340
4951.4 438.317 15.35140
4952.8 431.407 15.02860
4954.2 424.536 14.95830
4955.6 434.651 15.27780
4957.0 441.194 15.27050
4958.4 434.870 15.10420
4959.8 437.854 14.98770
4961.2 441.010 15.32260
4962.6 428.545 15.00540
4964.0 436.714 15.13490
4965.4 440.174 15.57460
4966.8 438.910 15.22710
4968.2 438.635 15.25000
4969.6 437.195 15.20830
4971.0 440.489 15.18490
4972.4 442.806 15.12180
4973.8 429.510 14.63250
4975.2 433.264 15.19290
4976.6 437.472 15.07230
4978.0 429.731 15.06600
4979.4 425.403 14.72250
4980.8 425.328 14.65690
4982.2 423.992 14.76150
4983.6 427.637 14.83200
4985.0 428.465 14.63130
4986.4 427.701 14.64320
4987.8 426.922 14.59650
4989.2 425.357 14.87820
4990.6 430.100 15.06370
4992.0 434.825 14.95050
4993.4 426.151 14.85270
4994.8 429.401 14.93670
4996.2 433.847 15.16970
4997.6 430.586 14.81940
4999.0 424.698 14.73880
