3900.0 706.883 24.87000
3901.4 742.591 25.65410
3902.8 770.144 26.68450
3904.2 815.909 27.73670
3905.6 802.344 27.47240
3907.0 843.411 28.86810
3908.4 868.667 29.58560
3909.8 883.531 30.01910
3911.2 887.301 30.00080
3912.6 846.210 28.99250
3914.0 876.399 29.66380
3915.4 891.490 30.08430
3916.8 895.009 30.45710
3918.2 864.078 29.56820
3919.6 903.328 30.27350
3921.0 896.048 30.36240
3922.4 903.678 30.53470
3923.8 904.928 30.36700
3925.2 909.528 30.59020
3926.6 889.535 30.03560
3928.0 873.388 29.49150
3929.4 892.580 29.89420
3930.8 852.177 28.84810
3932.2 757.335 26.01080
3933.6 709.438 24.83310
3935.0 820.225 27.82030
3936.4 893.759 29.92770
3937.8 890.017 29.67980
3939.2 888.694 29.81370
3940.6 892.149 30.07140
3942.0 890.829 29.92860
3943.4 883.899 29.69060
3944.8 852.319 29.10200
3946.2 858.580 28.82120
3947.6 874.646 29.38190
3949.0 857.941 28.93590
3950.4 839.445 28.29350
3951.8 817.072 27.72650
3953.2 806.615 27.39890
3954.6 783.355 26.58420
3956.0 760.726 25.94790
3957.4 741.100 25.11830
3958.8 681.825 23.63260
3960.2 656.568 22.66260
3961.6 606.337 21.14130
3963.0 590.242 20.51730
3964.4 526.245 18.57860
3965.8 451.641 16.14430
3967.2 344.459 12.86410
3968.6 230.588 9.66601
3970.0 234.583 9.79101
3971.4 335.048 12.68300
3972.8 424.863 15.51200
3974.2 499.816 17.63850
3975.6 572.480 20.00520
3977.0 596.523 20.84680
3978.4 647.990 22.07330
3979.8 688.554 23.79170
3981.2 727.704 24.55300
3982.6 701.042 23.98620
3984.0 758.303 25.43410
3985.4 786.885 26.36210
3986.8 782.545 26.46100
3988.2 796.121 26.72940
3989.6 815.297 27.35010
3991.0 811.591 27.04990
3992.4 831.259 27.68890
3993.8 823.789 27.59470
3995.2 820.287 27.43860
3996.6 848.119 28.29130
3998.0 848.975 27.99360
3999.4 850.955 28.51790
4000.8 867.243 28.74480
4002.2 855.923 28.48160
4003.6 875.863 29.06250
4005.0 876.409 29.02680
4006.4 870.159 28.86690
4007.8 871.330 29.06250
4009.2 902.455 29.85030
4010.6 874.063 29.18310
4012.0 892.491 29.46520
4013.4 875.527 29.24830
4014.8 873.655 28.94870
4016.2 876.303 29.09050
4017.6 878.039 28.94410
4019.0 866.463 28.84570
4020.4 860.165 28.62740
4021.8 869.557 28.76490
4023.2 853.429 28.35930
4024.6 869.262 29.04450
4026.0 882.329 29.04520
4027.4 870.878 28.86620
4028.8 858.260 28.50850
4030.2 865.142 28.65990
4031.6 878.145 28.82730
4033.0 860.224 28.66220
4034.4 886.497 29.07880
4035.8 866.316 28.75380
4037.2 891.176 29.41390
4038.6 874.496 28.97420
4040.0 858.690 28.51280
4041.4 881.962 29.09820
4042.8 866.650 28.61890
4044.2 850.044 28.38610
4045.6 853.347 28.24070
4047.0 870.096 28.72410
4048.4 867.652 28.74100
4049.8 863.710 28.61650
4051.2 874.955 28.80800
4052.6 853.886 28.48390
4054.0 857.420 28.23070
4055.4 873.772 28.77550
4056.8 846.241 27.97240
4058.2 864.702 28.40970
4059.6 847.178 28.12870
4061.0 841.977 27.84790
4062.4 823.386 27.36180
4063.8 832.523 27.47840
4065.2 851.823 28.28430
4066.6 824.697 27.41400
4068.0 832.482 27.41130
4069.4 812.934 27.04060
4070.8 841.027 27.53030
4072.2 816.687 27.11250
4073.6 819.860 27.18870
4075.0 796.998 26.47300
4076.4 789.532 26.25760
4077.8 779.804 26.08180
4079.2 800.103 26.38660
4080.6 782.706 25.95230
4082.0 776.604 25.78600
4083.4 762.550 25.28200
4084.8 734.662 24.32730
4086.2 723.611 24.30260
4087.6 715.941 23.89000
4089.0 703.311 23.51670
4090.4 650.060 22.10940
4091.8 646.741 21.58270
4093.2 598.935 20.35300
4094.6 554.409 18.91840
4096.0 498.324 17.24300
4097.4 439.956 15.41160
4098.8 366.785 13.04820
4100.2 270.679 10.30810
4101.6 236.949 9.25763
4103.0 317.740 11.57430
4104.4 419.064 14.59710
4105.8 477.160 16.60400
4107.2 532.396 18.09650
4108.6 575.232 19.55160
4110.0 625.249 21.13540
4111.4 644.786 21.59430
4112.8 652.729 21.88350
4114.2 686.180 23.04090
4115.6 707.980 23.57580
4117.0 727.178 24.03640
4118.4 730.951 24.43220
4119.8 764.043 25.09300
4121.2 770.700 25.48610
4122.6 777.996 25.68890
4124.0 792.889 26.17550
4125.4 800.127 26.52170
4126.8 787.956 25.92180
4128.2 784.195 25.92880
4129.6 787.412 25.84310
4131.0 795.169 26.40350
4132.4 775.079 25.73430
4133.8 805.680 26.39270
4135.2 804.912 26.58740
4136.6 799.000 26.35250
4138.0 804.547 26.43150
4139.4 814.507 26.90700
4140.8 811.279 26.63740
4142.2 816.021 26.70980
4143.6 793.033 26.23930
4145.0 816.052 26.57680
4146.4 818.242 26.88030
4147.8 835.423 27.40760
4149.2 813.910 26.66650
4150.6 803.955 26.67030
4152.0 816.054 26.55150
4153.4 817.365 26.83890
4154.8 819.500 26.82850
4156.2 809.035 26.53390
4157.6 813.187 26.61150
4159.0 803.104 26.37140
4160.4 802.807 26.35570
4161.8 819.352 26.79230
4163.2 814.695 26.71910
4164.6 803.592 26.31710
4166.0 797.871 26.23350
4167.4 814.451 26.67730
4168.8 828.082 27.10340
4170.2 812.252 26.58890
4171.6 799.592 26.25190
4173.0 804.689 26.43090
4174.4 805.778 26.37320
4175.8 817.166 26.75000
4177.2 809.972 26.44120
4178.6 784.039 25.75360
4180.0 817.579 26.50440
4181.4 787.417 25.91790
4182.8 803.020 26.21400
4184.2 814.446 26.62510
4185.6 815.194 26.81030
4187.0 816.964 26.67810
4188.4 795.370 26.16030
4189.8 807.648 26.42650
4191.2 801.149 25.99830
4192.6 802.235 26.43520
4194.0 792.783 25.91600
4195.4 775.711 25.40420
4196.8 808.378 26.20880
4198.2 784.898 25.95710
4199.6 806.972 26.26480
4201.0 781.391 25.65140
4202.4 786.497 25.81000
4203.8 808.948 26.36380
4205.2 793.585 26.26120
4206.6 816.282 26.43200
4208.0 800.661 26.25680
4209.4 830.319 27.08110
4210.8 792.442 26.21470
4212.2 811.247 26.28980
4213.6 797.553 26.16650
4215.0 805.359 26.27450
4216.4 800.513 26.02250
4217.8 793.006 26.01610
4219.2 782.011 25.65790
4220.6 779.952 25.52840
4222.0 787.597 25.69090
4223.4 806.358 26.22640
4224.8 776.609 25.49870
4226.2 765.564 25.03940
4227.6 775.261 25.37040
4229.0 794.844 25.90330
4230.4 792.243 25.76170
4231.8 785.478 25.74640
4233.2 784.465 25.59420
4234.6 775.494 25.37220
4236.0 765.149 24.99340
4237.4 787.195 25.64540
4238.8 792.770 25.82200
4240.2 777.273 25.44370
4241.6 793.262 25.78910
4243.0 785.480 25.57040
4244.4 780.377 25.73250
4245.8 776.312 25.29130
4247.2 778.109 25.54870
4248.6 794.305 25.77560
4250.0 771.948 25.32660
4251.4 777.994 25.30150
4252.8 770.430 25.26980
4254.2 786.093 25.70690
4255.6 796.439 25.90860
4257.0 789.563 25.81770
4258.4 796.256 25.98420
4259.8 786.352 25.66360
4261.2 776.029 25.34780
4262.6 777.113 25.53050
4264.0 768.491 24.93340
4265.4 776.213 25.33420
4266.8 777.201 25.38210
4268.2 783.729 25.48370
4269.6 764.216 25.10630
4271.0 758.358 24.72860
4272.4 748.472 24.51690
4273.8 783.940 25.46660
4275.2 787.827 25.66140
4276.6 779.450 25.39680
4278.0 765.112 24.94940
4279.4 779.592 25.40670
4280.8 775.812 25.15900
4282.2 758.836 25.17170
4283.6 752.618 24.48570
4285.0 776.536 25.30740
4286.4 766.937 25.16620
4287.8 766.276 24.86160
4289.2 754.331 24.79420
4290.6 772.551 25.16090
4292.0 764.195 24.87130
4293.4 753.693 24.68100
4294.8 767.547 25.03180
4296.2 771.771 25.14540
4297.6 752.446 24.54960
4299.0 742.110 24.23240
4300.4 741.664 24.33420
4301.8 747.309 24.23780
4303.2 751.974 24.64430
4304.6 765.647 24.83350
4306.0 730.521 23.82130
4307.4 746.377 24.31350
4308.8 732.961 23.98640
4310.2 724.025 23.64380
4311.6 747.459 24.36960
4313.0 733.039 23.96550
4314.4 713.587 23.22780
4315.8 700.383 23.10030
4317.2 712.299 23.27570
4318.6 706.257 23.14700
4320.0 701.111 22.96350
4321.4 677.972 22.30860
4322.8 667.325 21.96310
4324.2 673.525 22.05300
4325.6 642.911 21.21190
4327.0 629.694 20.81040
4328.4 626.044 20.49120
4329.8 579.095 19.26010
4331.2 560.489 18.64240
4332.6 530.312 17.67340
4334.0 491.374 16.63420
4335.4 456.858 15.47140
4336.8 404.327 13.76090
4338.2 311.357 10.97500
4339.6 234.712 8.82338
4341.0 271.900 9.93268
4342.4 346.932 11.97000
4343.8 420.174 14.23820
4345.2 470.112 15.97060
4346.6 513.285 17.15230
4348.0 548.367 18.20980
4349.4 568.674 18.92680
4350.8 586.781 19.43890
4352.2 602.400 19.99490
4353.6 635.753 20.88790
4355.0 648.395 21.27170
4356.4 646.984 21.33540
4357.8 666.758 21.81470
4359.2 713.463 23.92530
4360.6 709.674 22.82620
4362.0 675.794 22.45410
4363.4 686.520 22.49930
4364.8 707.773 23.21900
4366.2 701.283 22.92760
4367.6 706.060 23.00510
4369.0 703.230 23.01810
4370.4 714.097 23.21410
4371.8 717.977 23.39040
4373.2 710.458 23.34610
4374.6 723.036 23.43970
4376.0 714.918 23.36190
4377.4 717.760 23.34860
4378.8 721.467 23.60560
4380.2 728.220 23.58450
4381.6 717.140 23.40660
4383.0 708.647 23.13020
4384.4 715.278 23.36750
4385.8 723.206 23.44010
4387.2 732.705 23.82000
4388.6 715.927 23.37230
4390.0 729.797 23.84450
4391.4 723.121 23.51160
4392.8 714.717 23.27470
4394.2 705.523 23.06620
4395.6 717.221 23.27990
4397.0 720.077 23.45760
4398.4 724.157 23.64390
4399.8 732.053 23.71710
4401.2 719.366 23.46110
4402.6 716.234 23.22530
4404.0 703.496 23.01880
4405.4 715.720 23.19850
4406.8 723.116 23.51990
4408.2 726.777 23.67030
4409.6 732.429 23.65520
4411.0 723.175 23.60480
4412.4 715.309 23.28170
4413.8 717.401 23.30510
4415.2 708.570 23.07300
4416.6 698.624 22.73090
4418.0 700.294 22.84570
4419.4 707.775 23.04020
4420.8 703.176 22.86270
4422.2 717.787 23.35090
4423.6 722.882 23.46260
4425.0 716.831 23.30550
4426.4 718.016 23.37320
4427.8 723.411 23.49630
4429.2 721.868 23.43980
4430.6 706.894 23.04040
4432.0 700.182 22.79620
4433.4 722.452 23.34380
4434.8 715.832 23.36380
4436.2 713.841 23.15060
4437.6 695.737 22.68340
4439.0 705.616 22.94960
4440.4 710.203 22.97720
4441.8 704.817 23.15330
4443.2 702.012 22.68430
4444.6 705.435 22.96150
4446.0 707.027 22.97000
4447.4 701.859 22.97200
4448.8 711.160 23.03460
4450.2 701.501 22.88380
4451.6 702.892 22.82500
4453.0 693.504 22.56330
4454.4 695.786 22.57980
4455.8 692.920 22.57880
4457.2 702.378 22.78680
4458.6 694.048 22.57170
4460.0 687.352 22.37080
4461.4 689.703 22.45210
4462.8 698.404 22.70430
4464.2 696.930 22.64390
4465.6 694.886 22.45890
4467.0 675.008 22.13450
4468.4 683.513 22.18060
4469.8 672.320 21.94970
4471.2 687.621 22.34760
4472.6 695.277 22.57110
4474.0 696.057 22.68760
4475.4 693.878 22.54660
4476.8 686.163 22.28160
4478.2 680.670 22.24200
4479.6 674.178 21.79270
4481.0 677.969 22.13580
4482.4 693.172 22.44900
4483.8 687.454 22.23460
4485.2 688.844 22.61330
4486.6 700.607 22.57870
4488.0 686.468 22.42460
4489.4 695.985 22.51260
4490.8 695.550 22.68420
4492.2 685.753 22.24400
4493.6 684.289 22.29400
4495.0 694.305 22.48620
4496.4 681.377 22.22960
4497.8 689.439 22.27600
4499.2 679.012 22.05220
4500.6 669.523 21.82110
4502.0 684.414 22.21930
4503.4 696.811 22.54940
4504.8 693.697 22.49730
4506.2 688.525 22.36030
4507.6 678.706 22.66550
4509.0 687.483 24.25650
4510.4 687.534 22.19320
4511.8 681.781 22.23540
4513.2 698.863 22.55240
4514.6 682.665 22.23390
4516.0 682.969 22.08440
4517.4 690.680 22.57960
4518.8 679.664 21.98590
4520.2 665.200 21.65530
4521.6 674.940 22.06380
4523.0 680.451 21.83290
4524.4 675.565 22.06910
4525.8 690.361 22.30190
4527.2 684.789 22.12280
4528.6 676.020 22.01220
4530.0 679.349 22.02060
4531.4 665.685 21.72020
4532.8 664.844 21.68890
4534.2 659.355 21.30460
4535.6 675.699 21.90250
4537.0 675.533 21.94070
4538.4 674.206 21.87150
4539.8 683.031 22.26990
4541.2 661.854 21.51360
4542.6 681.483 21.95920
4544.0 678.085 21.99520
4545.4 683.704 22.22370
4546.8 679.867 21.99270
4548.2 663.363 21.59870
4549.6 658.569 21.43370
4551.0 673.809 21.79180
4552.4 660.576 21.52990
4553.8 668.450 21.57290
4555.2 662.508 21.51070
4556.6 659.883 21.44380
4558.0 672.468 21.72760
4559.4 656.122 21.44860
4560.8 672.666 21.59790
4562.2 638.662 20.83250
4563.6 657.664 21.28840
4565.0 668.362 21.63980
4566.4 668.381 21.60870
4567.8 656.962 21.32710
4569.2 657.466 21.26010
4570.6 639.562 20.87860
4572.0 650.161 21.10490
4573.4 661.836 21.41010
4574.8 659.238 21.37670
4576.2 642.087 20.96920
4577.6 663.253 21.33240
4579.0 653.966 21.27150
4580.4 650.098 21.09890
4581.8 650.464 21.10950
4583.2 648.104 21.04900
4584.6 656.415 21.30860
4586.0 653.044 21.09840
4587.4 647.799 21.01460
4588.8 646.991 20.93170
4590.2 652.786 21.30960
4591.6 661.729 21.26570
4593.0 651.122 21.17690
4594.4 660.691 21.32140
4595.8 657.487 21.31160
4597.2 665.539 21.55740
4598.6 656.160 21.24980
4600.0 657.160 21.24450
4601.4 659.354 21.46950
4602.8 664.933 21.35600
4604.2 650.001 21.15840
4605.6 648.832 21.05690
4607.0 657.086 21.24920
4608.4 663.485 21.52870
4609.8 652.114 21.07830
4611.2 645.448 21.00650
4612.6 662.010 21.31330
4614.0 656.339 21.32760
4615.4 660.518 21.39040
4616.8 643.244 20.93230
4618.2 653.638 21.09570
4619.6 643.844 20.90820
4621.0 654.104 21.19170
4622.4 651.750 21.10190
4623.8 644.987 20.96480
4625.2 646.920 20.87480
4626.6 633.754 20.54490
4628.0 648.499 21.01980
4629.4 648.960 21.02810
4630.8 645.274 20.82980
4632.2 637.236 20.72250
4633.6 641.608 20.75360
4635.0 640.908 20.79090
4636.4 645.166 20.78650
4637.8 634.127 20.61750
4639.2 637.062 20.62360
4640.6 634.281 20.59240
4642.0 648.936 20.91780
4643.4 645.865 20.94960
4644.8 652.042 21.08610
4646.2 646.710 20.93650
4647.6 644.974 20.88380
4649.0 644.494 20.81900
4650.4 645.569 20.96240
4651.8 648.866 20.95760
4653.2 647.159 20.94090
4654.6 634.750 20.64690
4656.0 637.599 20.61080
4657.4 637.313 20.64160
4658.8 644.098 20.81070
4660.2 635.511 20.66880
4661.6 643.726 20.92450
4663.0 637.407 20.58730
4664.4 657.757 21.25010
4665.8 622.777 20.35750
4667.2 637.309 20.57070
4668.6 630.230 20.36440
4670.0 634.786 20.58680
4671.4 615.908 20.09500
4672.8 635.428 20.43050
4674.2 620.702 20.15150
4675.6 623.575 20.22260
4677.0 634.351 20.51810
4678.4 632.661 20.47530
4679.8 627.417 20.29440
4681.2 625.396 20.28100
4682.6 627.080 20.28890
4684.0 621.300 20.20120
4685.4 639.628 20.63480
4686.8 644.343 20.80470
4688.2 628.870 20.30430
4689.6 633.498 20.51470
4691.0 633.620 20.45000
4692.4 623.404 20.28160
4693.8 635.977 20.57520
4695.2 619.286 20.06790
4696.6 621.795 20.11420
4698.0 620.693 20.14620
4699.4 626.814 20.22820
4700.8 612.758 19.85730
4702.2 621.012 20.06200
4703.6 620.966 20.09080
4705.0 618.221 20.09770
4706.4 629.697 20.41190
4707.8 617.419 20.05260
4709.2 614.145 19.89570
4710.6 624.508 20.14830
4712.0 621.198 20.08380
4713.4 615.223 19.94920
4714.8 629.053 20.23610
4716.2 624.340 20.19180
4717.6 611.022 19.82110
4719.0 617.187 19.96190
4720.4 614.480 19.91380
4721.8 618.478 19.93720
4723.2 614.972 19.93570
4724.6 621.612 20.07460
4726.0 616.313 20.05880
4727.4 618.356 19.87580
4728.8 617.463 19.97460
4730.2 614.523 19.96480
4731.6 613.675 19.70500
4733.0 613.973 19.98280
4734.4 620.026 20.00850
4735.8 609.378 19.79530
4737.2 608.658 19.62390
4738.6 604.995 19.61870
4740.0 616.211 19.90270
4741.4 619.980 20.03490
4742.8 621.711 20.09210
4744.2 613.138 19.76930
4745.6 606.653 19.67660
4747.0 601.289 19.48280
4748.4 604.990 19.52360
4749.8 598.445 19.46420
4751.2 610.354 19.71040
4752.6 602.967 19.53720
4754.0 598.369 19.40770
4755.4 605.455 19.55200
4756.8 607.841 19.72120
4758.2 611.824 19.69330
4759.6 608.564 19.72930
4761.0 597.567 19.40140
4762.4 608.674 19.56590
4763.8 595.006 19.31010
4765.2 602.192 19.45270
4766.6 600.503 19.43260
4768.0 598.274 19.39270
4769.4 604.485 19.52690
4770.8 594.928 19.20340
4772.2 595.076 19.30890
4773.6 594.627 19.24960
4775.0 602.669 19.43940
4776.4 595.416 19.28670
4777.8 591.304 19.07460
4779.2 595.985 19.33040
4780.6 599.383 19.37850
4782.0 605.038 19.53320
4783.4 608.001 19.69890
4784.8 609.063 19.59770
4786.2 606.253 19.61020
4787.6 594.535 19.20390
4789.0 592.652 19.33270
4790.4 596.631 19.10480
4791.8 588.002 19.13830
4793.2 589.111 19.05770
4794.6 594.271 19.16430
4796.0 583.152 18.92160
4797.4 594.150 19.25760
4798.8 584.533 18.95070
4800.2 593.469 19.14450
4801.6 589.799 19.08550
4803.0 586.628 18.97990
4804.4 586.028 18.96920
4805.8 589.373 19.03260
4807.2 586.494 19.04090
4808.6 597.810 19.23630
4810.0 586.851 18.98340
4811.4 596.468 19.36280
4812.8 585.729 18.94710
4814.2 583.185 18.92160
4815.6 588.705 19.01630
4817.0 585.973 19.00870
4818.4 585.294 18.94960
4819.8 587.912 19.04550
4821.2 584.308 18.91580
4822.6 580.075 18.80450
4824.0 581.095 18.83440
4825.4 576.690 18.68990
4826.8 569.629 18.51630
4828.2 572.693 18.52790
4829.6 570.379 18.54080
4831.0 566.211 18.32300
4832.4 573.454 18.61530
4833.8 563.430 18.36830
4835.2 569.782 18.41670
4836.6 554.578 18.08410
4838.0 541.876 17.72020
4839.4 550.405 17.85750
4840.8 549.845 17.93410
4842.2 543.339 17.69420
4843.6 534.063 17.44670
4845.0 526.250 17.17360
4846.4 513.161 16.84960
4847.8 506.121 16.55750
4849.2 498.687 16.35050
4850.6 476.485 15.59030
4852.0 451.179 15.07100
4853.4 439.291 14.44370
4854.8 416.725 13.82880
4856.2 375.104 12.59780
4857.6 342.133 inf
4859.0 309.163 inf
4860.4 276.192 inf
4861.8 243.221 9.01016
4863.2 317.629 10.64700
4864.6 369.183 12.40760
4866.0 395.615 13.12900
4867.4 422.123 14.15420
4868.8 455.618 14.86830
4870.2 456.685 15.08840
4871.6 465.109 15.40470
4873.0 495.137 16.24250
4874.4 504.007 16.49940
4875.8 506.476 16.62000
4877.2 514.133 16.77890
4878.6 521.521 17.12770
4880.0 523.023 17.05080
4881.4 517.127 17.01760
4882.8 533.978 17.35890
4884.2 533.317 17.40280
4885.6 535.114 17.47080
4887.0 537.189 17.49420
4888.4 538.222 17.53700
4889.8 541.066 17.57310
4891.2 534.497 17.45570
4892.6 542.240 17.64580
4894.0 537.677 17.44800
4895.4 548.548 17.80400
4896.8 552.644 17.93200
4898.2 549.567 17.89380
4899.6 552.425 17.90180
4901.0 558.039 18.15110
4902.4 559.225 18.11160
4903.8 549.894 17.96480
4905.2 564.319 18.15770
4906.6 561.529 18.31880
4908.0 563.629 18.17820
4909.4 568.941 18.41350
4910.8 559.359 18.18090
4912.2 563.142 18.21820
4913.6 562.169 18.18540
4915.0 559.966 18.23220
4916.4 563.955 18.11730
4917.8 560.262 18.23680
4919.2 555.522 17.97610
4920.6 550.587 17.79850
4922.0 545.240 17.81420
4923.4 541.667 17.50880
4924.8 557.572 18.08810
4926.2 574.022 18.39410
4927.6 562.210 18.34280
4929.0 566.826 18.22260
4930.4 558.337 18.12880
4931.8 549.990 17.86970
4933.2 560.742 18.11710
4934.6 562.778 18.23080
4936.0 561.485 18.17440
4937.4 560.535 18.25520
4938.8 555.921 17.90450
4940.2 554.552 18.04470
4941.6 558.403 18.07560
4943.0 557.718 18.15650
4944.4 567.124 18.26500
4945.8 562.543 18.30050
4947.2 560.432 18.10530
4948.6 564.613 18.22860
4950.0 547.357 17.72010
4951.4 562.706 18.38090
4952.8 542.564 17.56310
4954.2 553.382 17.85110
4955.6 546.422 17.67830
4957.0 537.230 17.46740
4958.4 549.470 17.77130
4959.8 550.492 17.80930
4961.2 552.164 17.82930
4962.6 544.097 17.65040
4964.0 541.754 17.50890
4965.4 539.203 17.54510
4966.8 542.957 17.45100
4968.2 546.669 17.74560
4969.6 542.964 17.54700
4971.0 542.978 17.66870
4972.4 536.948 17.27500
4973.8 545.375 17.79660
4975.2 549.398 17.72050
4976.6 547.590 17.69550
4978.0 536.503 17.40860
4979.4 534.214 17.31710
4980.8 543.000 17.62380
4982.2 548.764 17.66500
4983.6 541.111 17.62140
4985.0 545.597 17.63360
4986.4 546.842 17.64920
4987.8 544.646 17.70870
4989.2 544.530 17.55560
4990.6 537.349 17.43730
4992.0 542.188 17.50410
4993.4 545.027 17.67470
4994.8 549.332 17.67700
4996.2 537.382 17.42170
4997.6 543.489 17.52080
4999.0 535.612 17.36670
