3900.0 49.343 8.28026
3901.4 47.399 8.16827
3902.8 49.736 7.91891
3904.2 66.695 8.69856
3905.6 46.999 8.39529
3907.0 59.415 8.75672
3908.4 40.905 8.27431
3909.8 58.018 8.43974
3911.2 65.782 8.48883
3912.6 63.295 8.23989
3914.0 67.720 8.43948
3915.4 55.904 8.29614
3916.8 71.880 8.27827
3918.2 70.957 8.35316
3919.6 54.825 7.55838
3921.0 56.002 7.71800
3922.4 78.448 8.16894
3923.8 61.521 7.74045
3925.2 56.854 7.79474
3926.6 69.249 8.26714
3928.0 67.408 8.14057
3929.4 51.595 7.59594
3930.8 69.181 8.01258
3932.2 64.624 7.75721
3933.6 61.938 7.64369
3935.0 58.026 7.05271
3936.4 38.336 6.31215
3937.8 36.669 6.30308
3939.2 54.547 7.02006
3940.6 63.306 7.56224
3942.0 66.214 7.69494
3943.4 68.010 7.76230
3944.8 71.565 8.03748
3946.2 63.410 7.81004
3947.6 73.775 8.00646
3949.0 67.426 7.96629
3950.4 70.504 7.78739
3951.8 68.225 7.59308
3953.2 61.225 7.36709
3954.6 60.382 7.38546
3956.0 64.637 7.60695
3957.4 63.342 7.56059
3958.8 50.959 7.22993
3960.2 64.415 7.96737
3961.6 57.029 7.96036
3963.0 56.123 7.68420
3964.4 65.506 8.03943
3965.8 51.272 7.96916
3967.2 32.996 7.36939
3968.6 58.606 8.07220
3970.0 43.990 7.74598
3971.4 32.506 7.14547
3972.8 18.828 6.51397
3974.2 17.094 6.14819
3975.6 28.595 6.19543
3977.0 21.675 5.76174
3978.4 43.560 6.38840
3979.8 50.351 6.48675
3981.2 45.519 6.56277
3982.6 49.635 6.73257
3984.0 51.928 6.73527
3985.4 59.762 6.81776
3986.8 61.877 6.72708
3988.2 59.200 6.54873
3989.6 49.328 6.36903
3991.0 55.260 6.58142
3992.4 57.922 6.45908
3993.8 59.445 6.73720
3995.2 41.870 6.22200
3996.6 77.918 7.22655
3998.0 64.947 6.63882
3999.4 56.235 6.57654
4000.8 75.341 7.26509
4002.2 57.836 6.72619
4003.6 67.262 6.92194
4005.0 57.750 6.53980
4006.4 58.694 6.32983
4007.8 58.357 6.40743
4009.2 57.080 6.38215
4010.6 60.607 6.52501
4012.0 70.240 6.83641
4013.4 71.242 6.84981
4014.8 59.320 6.57755
4016.2 65.332 6.70304
4017.6 68.489 6.47050
4019.0 70.574 6.71540
4020.4 74.061 6.92164
4021.8 72.057 7.01056
4023.2 56.892 6.48152
4024.6 72.407 6.75111
4026.0 75.793 7.03176
4027.4 71.129 6.60272
4028.8 75.433 6.89099
4030.2 74.265 6.98395
4031.6 63.824 6.66962
4033.0 74.289 6.75411
4034.4 64.206 6.62462
4035.8 66.266 6.56340
4037.2 66.865 6.82094
4038.6 78.879 6.83254
4040.0 56.216 6.47486
4041.4 78.594 7.28655
4042.8 78.446 7.42380
4044.2 70.703 7.25736
4045.6 60.377 6.50015
4047.0 77.425 7.27542
4048.4 52.683 6.75774
4049.8 57.954 6.74219
4051.2 63.059 6.83465
4052.6 62.735 6.65599
4054.0 53.419 6.51044
4055.4 75.904 7.34189
4056.8 59.610 6.74757
4058.2 64.619 6.83569
4059.6 75.474 7.04901
4061.0 58.614 6.59273
4062.4 62.127 6.72462
4063.8 67.175 7.01346
4065.2 67.493 6.79407
4066.6 62.488 6.76338
4068.0 70.534 6.89043
4069.4 67.237 7.03367
4070.8 74.215 7.13398
4072.2 54.817 6.32225
4073.6 52.506 6.22956
4075.0 59.892 6.36256
4076.4 68.850 6.96084
4077.8 69.620 6.56149
4079.2 65.500 6.39241
4080.6 61.537 6.26627
4082.0 54.060 6.02629
4083.4 58.994 6.25106
4084.8 57.665 6.19642
4086.2 52.731 6.04277
4087.6 50.905 5.77780
4089.0 53.039 5.96054
4090.4 47.353 5.77992
4091.8 58.914 6.00141
4093.2 54.396 5.83749
4094.6 45.689 5.59401
4096.0 57.175 5.52530
4097.4 43.417 5.57730
4098.8 42.784 5.44148
4100.2 43.816 5.55114
4101.6 39.850 5.16227
4103.0 30.291 4.64606
4104.4 21.024 4.45906
4105.8 23.697 4.63369
4107.2 31.126 4.94744
4108.6 38.158 5.40065
4110.0 32.736 5.22431
4111.4 56.548 5.75833
4112.8 41.526 5.27796
4114.2 47.056 5.43451
4115.6 53.217 5.61229
4117.0 50.937 5.62715
4118.4 54.184 5.80481
4119.8 57.955 5.80477
4121.2 57.915 6.07646
4122.6 63.888 6.16301
4124.0 68.853 6.32977
4125.4 51.965 5.86059
4126.8 50.159 5.78343
4128.2 62.388 6.05699
4129.6 62.355 6.05315
4131.0 60.801 5.85452
4132.4 57.758 5.73915
4133.8 67.927 6.03121
4135.2 61.623 5.85728
4136.6 56.829 5.68207
4138.0 63.482 5.93303
4139.4 64.374 5.91291
4140.8 57.152 5.47923
4142.2 60.155 5.55187
4143.6 60.924 5.72596
4145.0 65.802 5.78608
4146.4 66.895 5.86377
4147.8 60.594 5.78512
4149.2 66.593 5.86266
4150.6 64.751 5.69406
4152.0 62.665 5.57869
4153.4 67.905 5.89007
4154.8 61.062 5.76573
4156.2 57.282 5.57125
4157.6 62.042 5.57130
4159.0 64.448 5.73379
4160.4 67.533 5.90164
4161.8 64.593 5.67337
4163.2 64.650 5.73147
4164.6 52.334 5.20472
4166.0 64.082 5.60381
4167.4 71.714 5.74932
4168.8 51.816 5.35206
4170.2 58.474 5.73285
4171.6 56.691 5.71038
4173.0 68.508 5.72215
4174.4 55.812 5.34953
4175.8 61.054 5.59504
4177.2 52.307 5.40583
4178.6 58.608 5.27468
4180.0 61.001 5.58070
4181.4 58.554 5.44922
4182.8 63.699 5.57794
4184.2 57.425 5.38501
4185.6 58.249 5.34760
4187.0 59.553 5.30581
4188.4 74.872 5.79183
4189.8 54.836 5.29162
4191.2 81.522 6.29710
4192.6 61.980 7.50863
4194.0 62.730 5.72647
4195.4 61.829 5.39701
4196.8 61.054 5.34829
4198.2 67.163 5.54934
4199.6 66.610 5.49932
4201.0 59.700 5.30367
4202.4 69.834 5.65263
4203.8 63.599 5.53496
4205.2 51.953 5.04145
4206.6 52.522 5.09654
4208.0 63.856 5.51169
4209.4 66.144 5.53982
4210.8 57.036 5.30337
4212.2 63.521 5.50525
4213.6 69.297 5.64654
4215.0 62.447 5.47592
4216.4 64.200 5.30725
4217.8 62.227 5.54175
4219.2 61.986 5.33839
4220.6 56.919 5.40221
4222.0 58.461 5.33246
4223.4 63.125 5.38691
4224.8 55.605 5.08251
4226.2 60.055 5.21938
4227.6 73.466 5.84999
4229.0 58.373 5.63971
4230.4 54.452 5.24973
4231.8 58.525 5.32473
4233.2 62.555 5.33898
4234.6 68.500 5.58584
4236.0 58.397 5.16565
4237.4 53.869 5.02240
4238.8 63.290 5.30182
4240.2 62.590 5.27766
4241.6 63.585 5.16686
4243.0 56.483 5.05295
4244.4 63.487 5.17929
4245.8 56.640 5.08213
4247.2 60.695 5.31144
4248.6 68.015 5.51703
4250.0 60.119 5.35627
4251.4 55.782 5.08951
4252.8 63.334 5.32927
4254.2 62.053 5.23150
4255.6 62.386 5.16721
4257.0 55.952 5.07163
4258.4 62.056 5.19640
4259.8 63.929 5.26689
4261.2 64.002 5.28594
4262.6 56.064 4.96504
4264.0 65.419 5.27852
4265.4 65.810 inf
4266.8 66.201 inf
4268.2 66.591 inf
4269.6 66.982 inf
4271.0 67.373 inf
4272.4 67.763 inf
4273.8 68.154 5.39024
4275.2 54.900 5.03037
4276.6 54.812 5.03402
4278.0 59.832 5.23713
4279.4 63.786 5.32609
4280.8 58.633 5.13477
4282.2 58.839 5.06709
4283.6 58.529 5.05574
4285.0 59.426 5.00291
4286.4 63.009 5.13061
4287.8 57.491 4.99005
4289.2 57.429 4.88968
4290.6 60.777 5.05808
4292.0 62.993 5.06654
4293.4 53.162 4.75681
4294.8 55.345 4.88917
4296.2 57.308 5.04107
4297.6 57.851 5.01277
4299.0 55.350 4.98230
4300.4 65.139 5.25586
4301.8 57.863 5.12893
4303.2 57.214 4.81691
4304.6 55.531 4.93775
4306.0 56.898 4.85341
4307.4 64.085 5.05943
4308.8 53.144 4.82611
4310.2 60.510 4.93470
4311.6 50.535 4.66859
4313.0 54.578 4.77958
4314.4 54.913 4.82444
4315.8 54.663 4.82601
4317.2 48.748 4.66222
4318.6 53.470 4.84573
4320.0 55.566 4.74816
4321.4 55.025 4.83759
4322.8 54.091 4.68240
4324.2 49.180 4.58891
4325.6 51.458 4.69646
4327.0 52.062 4.68953
4328.4 52.689 4.67695
4329.8 43.361 4.34832
4331.2 49.341 4.48163
4332.6 46.685 4.40768
4334.0 48.280 4.40977
4335.4 50.625 4.68138
4336.8 42.344 4.17338
4338.2 41.514 4.17284
4339.6 37.355 3.96261
4341.0 31.499 4.00019
4342.4 26.714 3.63565
4343.8 22.377 3.54448
4345.2 21.454 3.47654
4346.6 29.625 3.82670
4348.0 32.562 3.90718
4349.4 34.142 4.00650
4350.8 38.557 4.13403
4352.2 44.322 4.23455
4353.6 41.806 4.38653
4355.0 48.231 4.31710
4356.4 47.430 4.44910
4357.8 44.718 4.59418
4359.2 56.446 5.23973
4360.6 57.879 5.46191
4362.0 55.688 4.96025
4363.4 50.237 4.63675
4364.8 56.263 4.80571
4366.2 60.033 4.90413
4367.6 60.773 5.03239
4369.0 60.185 5.03885
4370.4 56.186 4.79835
4371.8 55.591 4.75122
4373.2 57.437 4.86714
4374.6 54.160 4.77347
4376.0 57.149 4.88649
4377.4 54.853 4.78745
4378.8 54.920 4.84643
4380.2 63.222 5.07703
4381.6 53.912 4.82235
4383.0 58.254 4.79045
4384.4 55.177 4.78521
4385.8 60.950 4.82594
4387.2 53.230 4.69387
4388.6 69.921 5.17651
4390.0 55.730 4.83134
4391.4 59.090 4.74071
4392.8 51.549 4.72457
4394.2 61.299 5.03344
4395.6 48.677 4.48883
4397.0 53.262 4.49988
4398.4 55.440 4.70430
4399.8 53.926 4.71621
4401.2 58.527 4.91056
4402.6 60.487 4.89352
4404.0 58.826 4.75974
4405.4 53.723 4.66547
4406.8 55.959 4.91431
4408.2 48.781 4.69375
4409.6 54.594 4.98912
4411.0 66.060 5.10824
4412.4 59.126 4.82078
4413.8 61.247 4.85800
4415.2 49.976 4.48814
4416.6 55.262 4.55193
4418.0 57.570 4.69540
4419.4 54.036 4.58455
4420.8 50.874 4.44944
4422.2 51.944 4.49116
4423.6 64.013 4.79605
4425.0 52.036 4.52691
4426.4 55.607 4.77336
4427.8 56.556 4.86251
4429.2 54.572 4.81867
4430.6 58.005 4.80175
4432.0 56.615 5.12095
4433.4 51.937 4.66459
4434.8 60.714 4.76846
4436.2 57.503 4.55264
4437.6 55.895 4.48371
4439.0 59.009 4.59566
4440.4 63.525 4.67412
4441.8 57.884 4.54925
4443.2 55.011 4.41792
4444.6 54.819 4.56615
4446.0 54.737 4.54854
4447.4 55.411 4.60535
4448.8 51.197 4.47679
4450.2 61.583 4.59091
4451.6 49.028 4.44095
4453.0 63.507 4.74212
4454.4 52.002 4.40321
4455.8 52.905 4.33604
4457.2 52.204 4.36376
4458.6 58.259 4.63190
4460.0 53.410 4.38081
4461.4 53.063 4.35614
4462.8 53.880 4.37952
4464.2 54.915 4.50608
4465.6 56.946 4.65726
4467.0 57.154 4.58130
4468.4 56.520 4.41243
4469.8 52.961 4.38878
4471.2 51.445 4.19823
4472.6 55.678 4.37150
4474.0 55.544 4.36014
4475.4 55.685 4.42614
4476.8 60.129 4.44920
4478.2 53.406 4.35543
4479.6 60.910 4.59246
4481.0 54.416 4.38871
4482.4 58.877 4.36324
4483.8 51.393 4.19806
4485.2 58.697 4.46523
4486.6 48.386 4.19952
4488.0 62.957 4.41539
4489.4 44.375 4.01536
4490.8 54.029 4.28050
4492.2 56.776 4.32755
4493.6 53.634 4.28481
4495.0 56.889 4.49050
4496.4 53.273 4.46998
4497.8 58.268 4.61977
4499.2 58.328 4.47833
4500.6 57.756 4.39695
4502.0 43.602 3.89985
4503.4 59.009 4.34354
4504.8 48.020 4.01426
4506.2 45.844 4.01450
4507.6 58.651 4.31361
4509.0 54.238 4.22332
4510.4 48.789 4.12607
4511.8 54.683 4.29720
4513.2 55.027 4.24848
4514.6 57.280 4.28870
4516.0 51.482 4.11988
4517.4 54.428 4.24212
4518.8 51.598 4.23545
4520.2 51.503 4.22568
4521.6 54.036 4.25770
4523.0 54.364 4.19956
4524.4 49.438 4.12799
4525.8 54.130 4.24105
4527.2 58.364 4.32715
4528.6 47.448 4.11890
4530.0 59.901 4.32707
4531.4 54.559 4.39637
4532.8 50.727 4.33897
4534.2 52.578 4.25726
4535.6 49.419 4.19797
4537.0 53.390 4.30308
4538.4 49.473 4.22444
4539.8 53.027 4.32948
4541.2 61.527 4.58957
4542.6 54.041 4.50234
4544.0 58.434 4.57979
4545.4 54.343 4.52666
4546.8 57.892 4.49837
4548.2 62.267 4.50384
4549.6 59.449 4.50156
4551.0 54.005 4.35465
4552.4 57.107 4.35751
4553.8 46.693 4.03476
4555.2 53.373 4.18418
4556.6 51.869 4.09609
4558.0 54.872 4.19183
4559.4 53.146 4.10048
4560.8 52.681 4.29322
4562.2 50.911 4.13027
4563.6 53.074 4.12240
4565.0 56.482 4.20755
4566.4 52.441 4.05126
4567.8 49.260 3.95429
4569.2 54.524 4.10342
4570.6 55.212 4.11827
4572.0 48.807 3.92813
4573.4 49.999 3.94523
4574.8 51.684 4.00254
4576.2 47.625 3.94364
4577.6 55.541 4.13650
4579.0 54.730 4.10907
4580.4 55.726 4.13039
4581.8 54.105 4.13050
4583.2 57.393 4.18247
4584.6 52.966 4.03681
4586.0 47.950 3.84817
4587.4 54.565 4.08479
4588.8 55.092 4.10097
4590.2 53.480 4.14048
4591.6 57.539 4.26712
4593.0 54.693 4.17428
4594.4 49.961 4.02023
4595.8 54.725 4.06592
4597.2 57.507 4.13543
4598.6 54.922 4.01648
4600.0 50.159 4.07923
4601.4 53.822 3.94389
4602.8 55.014 4.05664
4604.2 54.197 3.90387
4605.6 45.270 3.91085
4607.0 52.063 3.84381
4608.4 54.033 4.11345
4609.8 53.635 4.07410
4611.2 47.526 4.08242
4612.6 54.596 4.04607
4614.0 56.316 4.09373
4615.4 49.489 3.84323
4616.8 55.013 4.02766
4618.2 51.883 3.98662
4619.6 58.940 4.13898
4621.0 52.628 3.99285
4622.4 53.573 4.06010
4623.8 58.188 4.10668
4625.2 51.951 3.98370
4626.6 51.951 3.97516
4628.0 51.998 3.99687
4629.4 51.714 4.03735
4630.8 53.331 4.00025
4632.2 55.668 4.05986
4633.6 51.240 3.85172
4635.0 49.305 3.88188
4636.4 56.314 3.97583
4637.8 48.788 3.77931
4639.2 46.959 3.71636
4640.6 53.264 3.93549
4642.0 56.397 4.02519
4643.4 57.301 4.05317
4644.8 47.286 3.77696
4646.2 52.884 3.89375
4647.6 52.844 3.99794
4649.0 54.619 3.97582
4650.4 55.504 4.02812
4651.8 54.485 3.96758
4653.2 58.069 4.12580
4654.6 52.617 3.93516
4656.0 45.554 3.75964
4657.4 50.419 3.72582
4658.8 50.653 3.95432
4660.2 44.605 3.82413
4661.6 52.742 4.06721
4663.0 49.773 3.71968
4664.4 51.015 3.92376
4665.8 57.813 4.00719
4667.2 54.130 3.98052
4668.6 51.971 3.81121
4670.0 45.028 3.73443
4671.4 53.144 3.84621
4672.8 54.552 3.93420
4674.2 46.286 3.73611
4675.6 46.982 3.70050
4677.0 50.536 3.82641
4678.4 50.897 3.86503
4679.8 54.026 3.90126
4681.2 58.563 4.25803
4682.6 52.914 3.93148
4684.0 44.080 3.64131
4685.4 46.935 3.72512
4686.8 53.423 3.98502
4688.2 50.404 3.84097
4689.6 50.826 3.87387
4691.0 55.378 3.92558
4692.4 58.549 4.21705
4693.8 54.364 3.95527
4695.2 49.607 3.89077
4696.6 53.251 3.96683
4698.0 50.697 3.88316
4699.4 48.121 3.84582
4700.8 51.002 3.95841
4702.2 51.366 3.97241
4703.6 51.580 3.93598
4705.0 51.776 3.96381
4706.4 50.646 4.00024
4707.8 52.434 3.90793
4709.2 46.705 3.81235
4710.6 51.024 3.95219
4712.0 49.587 3.91532
4713.4 52.248 3.92908
4714.8 48.093 3.89797
4716.2 53.228 3.94318
4717.6 52.831 3.95826
4719.0 50.731 3.86616
4720.4 51.938 3.93458
4721.8 55.500 3.97435
4723.2 55.168 4.03493
4724.6 51.115 3.92541
4726.0 57.157 3.98480
4727.4 49.460 3.81492
4728.8 58.026 4.04651
4730.2 53.412 3.97182
4731.6 58.368 4.03160
4733.0 54.028 3.85292
4734.4 48.970 3.69840
4735.8 55.012 3.99197
4737.2 53.124 4.01169
4738.6 53.022 3.91799
4740.0 51.072 3.75834
4741.4 52.548 3.76948
4742.8 47.416 3.67482
4744.2 57.416 3.86541
4745.6 52.391 3.76445
4747.0 46.787 3.52708
4748.4 53.547 3.77411
4749.8 45.106 3.57916
4751.2 49.783 3.64457
4752.6 50.971 3.67378
4754.0 46.300 3.66901
4755.4 50.542 3.83341
4756.8 55.079 3.92081
4758.2 52.506 3.77863
4759.6 50.804 3.61105
4761.0 46.664 3.58587
4762.4 49.039 3.57442
4763.8 46.699 3.56521
4765.2 49.541 3.50429
4766.6 50.611 3.77384
4768.0 49.300 3.59138
4769.4 54.162 3.74995
4770.8 49.650 3.63040
4772.2 52.132 3.69412
4773.6 52.676 3.77178
4775.0 46.902 3.61553
4776.4 47.891 3.61048
4777.8 56.206 3.84254
4779.2 49.675 3.60043
4780.6 47.758 3.54791
4782.0 43.639 3.47984
4783.4 51.153 3.65724
4784.8 53.288 3.76621
4786.2 47.809 3.56733
4787.6 47.909 3.54657
4789.0 49.325 3.62512
4790.4 57.626 3.81703
4791.8 46.482 3.47794
4793.2 53.917 3.68690
4794.6 45.108 3.51603
4796.0 52.871 3.62115
4797.4 48.439 3.61135
4798.8 53.642 3.68166
4800.2 48.777 3.67392
4801.6 50.762 3.59572
4803.0 51.870 3.63175
4804.4 44.778 3.45588
4805.8 49.206 3.53237
4807.2 51.249 3.65232
4808.6 46.531 3.55918
4810.0 48.143 3.46920
4811.4 50.441 3.69680
4812.8 48.999 3.54764
4814.2 48.552 3.52549
4815.6 49.445 3.68853
4817.0 47.732 3.43691
4818.4 45.819 3.52942
4819.8 53.838 3.69998
4821.2 51.048 3.62945
4822.6 46.822 3.59362
4824.0 50.927 3.69002
4825.4 50.634 3.69644
4826.8 45.406 3.58043
4828.2 48.205 3.56000
4829.6 44.853 3.42488
4831.0 51.995 3.63584
4832.4 43.322 3.49365
4833.8 52.046 3.67397
4835.2 46.880 3.54730
4836.6 47.957 3.63186
4838.0 48.238 3.50809
4839.4 45.937 3.57010
4840.8 47.590 3.70118
4842.2 45.951 3.57747
4843.6 47.412 3.63408
4845.0 45.123 3.48196
4846.4 46.642 3.55638
4847.8 48.575 3.64653
4849.2 41.353 3.37038
4850.6 40.161 3.38314
4852.0 43.185 3.39868
4853.4 44.371 3.48852
4854.8 42.273 3.34175
4856.2 35.150 3.26126
4857.6 38.117 3.28337
4859.0 36.122 3.17135
4860.4 32.692 3.09381
4861.8 32.845 3.21300
4863.2 28.122 3.10136
4864.6 24.854 3.26950
4866.0 29.259 4.83627
4867.4 28.123 3.25025
4868.8 30.468 3.00562
4870.2 28.898 3.01174
4871.6 32.803 3.08367
4873.0 32.258 3.05392
4874.4 40.138 3.27715
4875.8 42.701 3.25546
4877.2 43.697 3.39035
4878.6 48.351 3.48628
4880.0 45.415 3.42763
4881.4 42.275 3.30594
4882.8 41.924 3.34109
4884.2 43.682 3.42162
4885.6 39.330 3.37494
4887.0 49.667 3.45328
4888.4 43.620 3.38186
4889.8 38.793 3.12104
4891.2 49.695 3.47664
4892.6 42.063 3.36095
4894.0 49.301 3.44395
4895.4 40.872 3.24689
4896.8 47.279 3.45220
4898.2 47.138 3.39328
4899.6 43.500 3.30705
4901.0 47.364 3.36946
4902.4 45.130 3.33147
4903.8 48.673 3.39279
4905.2 53.617 3.60105
4906.6 46.948 3.39730
4908.0 47.299 3.47842
4909.4 51.342 3.50756
4910.8 42.610 3.26761
4912.2 43.528 3.27773
4913.6 49.663 3.44289
4915.0 47.731 3.39841
4916.4 43.195 3.28416
4917.8 52.928 3.62334
4919.2 49.198 3.53003
4920.6 49.833 3.45668
4922.0 47.452 3.38311
4923.4 48.023 3.33905
4924.8 47.590 3.39961
4926.2 46.747 3.35300
4927.6 44.989 3.36493
4929.0 45.433 3.36440
4930.4 48.030 3.47343
4931.8 49.296 3.45178
4933.2 49.771 3.46633
4934.6 48.639 3.42619
4936.0 46.935 3.37469
4937.4 45.575 3.26952
4938.8 47.433 3.37333
4940.2 52.144 3.45017
4941.6 45.170 3.32521
4943.0 45.759 3.33798
4944.4 46.044 3.24667
4945.8 46.806 3.34711
4947.2 48.582 3.32452
4948.6 48.940 3.36835
4950.0 46.065 3.34301
4951.4 46.551 3.42931
4952.8 49.311 3.47839
4954.2 48.485 3.40603
4955.6 47.361 3.40147
4957.0 49.484 3.53165
4958.4 51.214 3.56871
4959.8 48.194 3.41336
4961.2 44.119 3.27417
4962.6 46.499 3.30724
4964.0 46.610 3.34962
4965.4 45.710 3.41416
4966.8 49.606 3.38943
4968.2 43.959 3.29376
4969.6 43.552 3.25145
4971.0 47.713 3.30465
4972.4 46.492 3.46322
4973.8 48.425 3.31826
4975.2 52.147 3.53029
4976.6 51.409 3.49687
4978.0 50.443 3.49637
4979.4 45.769 3.34040
4980.8 53.455 3.54090
4982.2 46.805 3.39564
4983.6 49.983 3.41307
4985.0 45.441 3.34610
4986.4 46.963 3.33059
4987.8 46.892 3.40016
4989.2 50.008 3.41469
4990.6 48.213 3.44112
4992.0 45.842 3.32803
4993.4 47.785 3.42519
4994.8 47.434 3.29198
4996.2 43.244 3.19472
4997.6 45.357 3.27275
4999.0 51.100 3.41774
