3900.0 138.549 9.35486
3901.4 142.066 9.41758
3902.8 140.104 9.45842
3904.2 151.448 9.64358
3905.6 150.394 9.53871
3907.0 158.479 9.73361
3908.4 180.452 10.54780
3909.8 164.743 10.58640
3911.2 191.242 11.14340
3912.6 177.041 10.87040
3914.0 175.178 10.54230
3915.4 154.600 10.21320
3916.8 170.361 10.25500
3918.2 178.449 10.26130
3919.6 196.933 10.69330
3921.0 170.399 9.81824
3922.4 172.711 9.74511
3923.8 172.796 10.01000
3925.2 184.655 10.29890
3926.6 177.003 9.98499
3928.0 171.821 9.75013
3929.4 169.774 9.71661
3930.8 159.595 9.11348
3932.2 162.520 9.07183
3933.6 127.899 7.74095
3935.0 73.758 6.31757
3936.4 104.419 7.23432
3937.8 161.319 9.01843
3939.2 167.830 9.38519
3940.6 182.935 9.90295
3942.0 166.923 9.61100
3943.4 165.614 9.17667
3944.8 176.384 9.59763
3946.2 165.845 9.56378
3947.6 180.777 10.04230
3949.0 165.024 9.77082
3950.4 170.192 9.79808
3951.8 171.922 9.62255
3953.2 154.529 9.14484
3954.6 166.605 9.47164
3956.0 151.156 9.24593
3957.4 159.986 9.35961
3958.8 147.745 8.88162
3960.2 136.443 8.53127
3961.6 137.360 8.60210
3963.0 134.014 7.98817
3964.4 119.662 7.67866
3965.8 122.123 7.67763
3967.2 106.709 6.96187
3968.6 76.650 5.94489
3970.0 54.269 5.04213
3971.4 44.096 5.09114
3972.8 73.926 6.03025
3974.2 87.131 6.60749
3975.6 114.342 7.36896
3977.0 117.075 7.77371
3978.4 128.122 8.04342
3979.8 140.627 8.47300
3981.2 146.898 8.75477
3982.6 155.785 9.00228
3984.0 146.717 8.81548
3985.4 149.457 9.04086
3986.8 165.960 9.28088
3988.2 158.702 9.02659
3989.6 163.835 9.09010
3991.0 174.027 9.39236
3992.4 168.699 9.42091
3993.8 183.384 9.59015
3995.2 161.571 9.09970
3996.6 186.003 9.88974
3998.0 161.369 9.75218
3999.4 168.614 9.43740
4000.8 164.243 9.06352
4002.2 160.980 9.03463
4003.6 164.991 9.07297
4005.0 175.882 9.32789
4006.4 165.493 9.01552
4007.8 188.034 9.55556
4009.2 168.257 9.34159
4010.6 187.841 9.59080
4012.0 177.414 9.42934
4013.4 154.715 8.83563
4014.8 176.226 9.38693
4016.2 169.939 9.25853
4017.6 179.534 9.30131
4019.0 183.227 9.58312
4020.4 191.594 10.10380
4021.8 189.953 9.92489
4023.2 176.994 9.53360
4024.6 165.210 9.69870
4026.0 172.784 9.49558
4027.4 191.807 9.69986
4028.8 176.070 9.28064
4030.2 171.190 9.34572
4031.6 164.039 8.89459
4033.0 179.868 9.11406
4034.4 167.309 8.92183
4035.8 184.672 9.27558
4037.2 169.528 9.08370
4038.6 180.434 9.46792
4040.0 180.150 9.40571
4041.4 174.748 9.17641
4042.8 176.418 9.22501
4044.2 178.087 9.26556
4045.6 172.258 9.01093
4047.0 170.468 9.02462
4048.4 176.894 9.35030
4049.8 178.210 9.32279
4051.2 173.163 9.17280
4052.6 172.949 9.08364
4054.0 168.267 8.97594
4055.4 172.253 9.47714
4056.8 171.879 10.00420
4058.2 161.384 9.48346
4059.6 177.094 9.00275
4061.0 165.962 8.87492
4062.4 184.759 9.71848
4063.8 172.524 9.14584
4065.2 167.080 8.69580
4066.6 161.761 8.61600
4068.0 177.369 9.25808
4069.4 172.424 8.79740
4070.8 174.737 9.15202
4072.2 163.289 8.73090
4073.6 158.423 8.79806
4075.0 161.572 8.82237
4076.4 166.519 8.74857
4077.8 162.194 8.49375
4079.2 149.596 8.42746
4080.6 161.103 8.50716
4082.0 169.521 8.87017
4083.4 176.226 8.89290
4084.8 158.560 8.37784
4086.2 152.166 8.22286
4087.6 158.634 8.40778
4089.0 152.201 8.43795
4090.4 163.179 8.31156
4091.8 126.197 8.03611
4093.2 146.870 8.09534
4094.6 125.149 7.50153
4096.0 136.415 7.65972
4097.4 124.880 7.27067
4098.8 111.871 7.14177
4100.2 107.844 7.05683
4101.6 85.440 6.08552
4103.0 56.425 5.09836
4104.4 70.483 5.58314
4105.8 91.763 6.55301
4107.2 110.479 7.13195
4108.6 123.259 7.35748
4110.0 121.862 7.40137
4111.4 133.661 7.53666
4112.8 131.992 7.64327
4114.2 136.646 7.69463
4115.6 157.433 8.20044
4117.0 145.214 8.06228
4118.4 153.535 8.23626
4119.8 158.485 8.17748
4121.2 149.694 8.00253
4122.6 159.908 8.33284
4124.0 166.480 8.35237
4125.4 159.029 8.34092
4126.8 166.503 8.41642
4128.2 146.584 7.94128
4129.6 163.190 8.13912
4131.0 150.399 8.00854
4132.4 148.432 8.64482
4133.8 152.781 8.43049
4135.2 164.174 8.28600
4136.6 159.471 8.22605
4138.0 178.907 8.71317
4139.4 163.951 8.41327
4140.8 161.289 8.26899
4142.2 164.796 8.51845
4143.6 171.763 8.83843
4145.0 151.697 8.04870
4146.4 165.795 8.14666
4147.8 166.631 8.31646
4149.2 166.937 8.33932
4150.6 172.235 8.30403
4152.0 151.522 7.89615
4153.4 169.759 8.34447
4154.8 156.205 7.95696
4156.2 163.714 8.26997
4157.6 157.660 7.96874
4159.0 162.763 8.36365
4160.4 170.409 8.55540
4161.8 162.190 8.18958
4163.2 166.900 8.30007
4164.6 161.421 8.02915
4166.0 156.167 8.06764
4167.4 174.388 8.36423
4168.8 160.812 8.23121
4170.2 163.556 8.40181
4171.6 164.940 8.29938
4173.0 161.439 8.03838
4174.4 162.386 8.05730
4175.8 158.435 7.98290
4177.2 155.418 7.86267
4178.6 165.973 8.17086
4180.0 153.454 7.77706
4181.4 160.632 7.94954
4182.8 156.186 7.83402
4184.2 152.724 7.70516
4185.6 161.778 7.98426
4187.0 162.314 8.22559
4188.4 164.343 8.31978
4189.8 154.038 8.01501
4191.2 171.226 8.08337
4192.6 163.217 8.07465
4194.0 165.454 8.27060
4195.4 169.903 8.80825
4196.8 160.949 8.68767
4198.2 168.942 8.33168
4199.6 164.745 7.96328
4201.0 165.946 7.97857
4202.4 157.833 7.80616
4203.8 158.478 7.68780
4205.2 159.030 7.84770
4206.6 171.494 8.15391
4208.0 155.777 7.75857
4209.4 166.327 8.28237
4210.8 160.538 8.00260
4212.2 163.466 8.01571
4213.6 174.814 8.30615
4215.0 163.109 7.96547
4216.4 147.096 7.75201
4217.8 164.094 7.73903
4219.2 155.146 7.73832
4220.6 161.255 7.83719
4222.0 167.061 8.03156
4223.4 162.218 8.09541
4224.8 170.644 8.17317
4226.2 154.650 7.76556
4227.6 159.269 7.59547
4229.0 145.139 7.34836
4230.4 159.463 7.73032
4231.8 160.407 8.20027
4233.2 162.301 7.89916
4234.6 147.438 7.43907
4236.0 152.242 7.47389
4237.4 151.467 8.36692
4238.8 164.885 8.29050
4240.2 155.389 7.61088
4241.6 161.365 7.81504
4243.0 155.415 8.13503
4244.4 167.534 8.17920
4245.8 153.893 7.73811
4247.2 171.517 8.09441
4248.6 159.673 7.91822
4250.0 155.176 7.43055
4251.4 157.236 7.72203
4252.8 156.190 7.66430
4254.2 159.097 7.79234
4255.6 172.491 8.03046
4257.0 166.279 7.94422
4258.4 165.980 7.90544
4259.8 169.404 7.97957
4261.2 168.972 7.91257
4262.6 156.456 7.80995
4264.0 162.029 8.33173
4265.4 166.275 8.31080
4266.8 158.988 7.82037
4268.2 159.818 7.73914
4269.6 162.911 7.71437
4271.0 161.102 7.67344
4272.4 152.127 7.33133
4273.8 143.246 7.10870
4275.2 155.777 7.45852
4276.6 159.416 7.75541
4278.0 151.648 7.88689
4279.4 149.252 7.63050
4280.8 157.430 7.64728
4282.2 166.138 7.60163
4283.6 158.698 7.79128
4285.0 155.642 7.49819
4286.4 152.697 7.36006
4287.8 155.140 7.46250
4289.2 148.301 7.24898
4290.6 146.238 7.10760
4292.0 141.859 7.06133
4293.4 149.546 7.30815
4294.8 163.473 7.49500
4296.2 141.649 7.09015
4297.6 155.614 7.39470
4299.0 146.222 7.07165
4300.4 144.876 7.00651
4301.8 135.291 6.57424
4303.2 129.260 6.92928
4304.6 138.289 7.12793
4306.0 145.623 7.00733
4307.4 147.342 7.06083
4308.8 141.928 6.90107
4310.2 141.238 7.03722
4311.6 153.421 7.46511
4313.0 153.310 7.34018
4314.4 141.896 7.00718
4315.8 134.703 6.80622
4317.2 137.805 7.18652
4318.6 146.969 7.72451
4320.0 144.841 7.42982
4321.4 148.355 7.22618
4322.8 144.882 7.22922
4324.2 152.785 7.25041
4325.6 139.811 6.84091
4327.0 133.036 6.56838
4328.4 118.937 6.41014
4329.8 135.164 6.86052
4331.2 133.544 6.78669
4332.6 121.767 6.54526
4334.0 121.210 6.30250
4335.4 116.522 6.37106
4336.8 117.307 6.22418
4338.2 99.840 5.74210
4339.6 85.991 5.16637
4341.0 74.975 4.80066
4342.4 56.530 4.46894
4343.8 80.719 5.05741
4345.2 95.813 5.62940
4346.6 104.620 5.90148
4348.0 115.450 6.36309
4349.4 120.934 6.66977
4350.8 123.904 6.46728
4352.2 120.865 6.32780
4353.6 126.652 6.46363
4355.0 127.535 6.50098
4356.4 135.765 7.02967
4357.8 139.392 7.19511
4359.2 137.359 7.24717
4360.6 131.159 7.05869
4362.0 139.374 7.02350
4363.4 136.130 7.02459
4364.8 142.926 7.14490
4366.2 140.170 7.08062
4367.6 150.746 7.17323
4369.0 135.290 6.91293
4370.4 149.959 7.14747
4371.8 145.177 7.02772
4373.2 147.736 7.10487
4374.6 146.713 6.95676
4376.0 141.416 6.89663
4377.4 146.449 7.03281
4378.8 147.826 7.16229
4380.2 152.910 7.73003
4381.6 154.632 7.39140
4383.0 153.716 7.20819
4384.4 144.777 6.73826
4385.8 129.273 6.48251
4387.2 140.233 6.65246
4388.6 138.277 6.75074
4390.0 143.848 6.88415
4391.4 147.224 6.99800
4392.8 161.684 7.28460
4394.2 144.632 6.93665
4395.6 138.523 6.73410
4397.0 145.460 6.94037
4398.4 151.677 7.14171
4399.8 148.147 7.01666
4401.2 145.958 6.89102
4402.6 127.631 6.48826
4404.0 144.580 7.05831
4405.4 143.412 7.15466
4406.8 137.687 6.88406
4408.2 146.628 7.08765
4409.6 140.048 6.94194
4411.0 146.864 7.14831
4412.4 148.800 7.19222
4413.8 136.854 6.93026
4415.2 153.015 7.30310
4416.6 139.148 6.74005
4418.0 132.681 6.55841
4419.4 140.096 6.75081
4420.8 145.562 7.06382
4422.2 150.980 7.22575
4423.6 144.457 6.95725
4425.0 152.951 7.04552
4426.4 145.683 6.90170
4427.8 129.985 6.71018
4429.2 143.664 7.10090
4430.6 146.462 7.02189
4432.0 145.244 6.86466
4433.4 149.806 7.01920
4434.8 157.495 7.30273
4436.2 140.358 6.64341
4437.6 142.977 6.73138
4439.0 151.569 7.03636
4440.4 139.335 6.76187
4441.8 145.238 6.88186
4443.2 140.904 6.70681
4444.6 136.152 6.71046
4446.0 126.749 6.67856
4447.4 135.414 6.79599
4448.8 145.450 6.90720
4450.2 141.994 6.76730
4451.6 140.158 6.67549
4453.0 141.408 6.70130
4454.4 138.568 6.66570
4455.8 149.936 6.81463
4457.2 135.382 6.41766
4458.6 143.887 6.69664
4460.0 146.712 6.75550
4461.4 136.376 6.47385
4462.8 141.680 6.68239
4464.2 144.081 6.71532
4465.6 141.387 6.72702
4467.0 142.584 6.85308
4468.4 141.949 6.82219
4469.8 136.497 6.60840
4471.2 135.788 6.49129
4472.6 132.076 6.34906
4474.0 132.616 6.48526
4475.4 137.145 6.54443
4476.8 143.891 6.73874
4478.2 140.027 6.72305
4479.6 144.481 7.18028
4481.0 136.118 6.84456
4482.4 131.285 6.39188
4483.8 139.843 6.54396
4485.2 135.479 6.51696
4486.6 148.027 6.80843
4488.0 144.281 6.85243
4489.4 139.282 6.71311
4490.8 142.065 6.64719
4492.2 134.732 6.44732
4493.6 134.883 6.47883
4495.0 140.358 6.58142
4496.4 135.712 6.45330
4497.8 137.440 6.65335
4499.2 138.462 6.91822
4500.6 141.929 6.93241
4502.0 128.717 6.45358
4503.4 128.178 6.52295
4504.8 137.740 6.75746
4506.2 141.766 6.86129
4507.6 142.094 6.67820
4509.0 138.641 6.60561
4510.4 145.024 6.64815
4511.8 143.316 6.82129
4513.2 139.668 6.58981
4514.6 138.517 6.51027
4516.0 142.260 6.68429
4517.4 136.356 6.40771
4518.8 144.570 6.62698
4520.2 140.659 6.58106
4521.6 140.736 6.57603
4523.0 144.469 6.71616
4524.4 157.844 7.40872
4525.8 150.802 7.15191
4527.2 138.439 6.51785
4528.6 136.151 6.40284
4530.0 134.925 6.36188
4531.4 136.084 6.32617
4532.8 126.866 6.10595
4534.2 135.107 6.30589
4535.6 124.490 6.10577
4537.0 138.204 6.39874
4538.4 140.834 6.63511
4539.8 138.783 6.62472
4541.2 141.541 6.66405
4542.6 138.384 6.48751
4544.0 138.220 6.45890
4545.4 144.046 6.59269
4546.8 140.486 6.54624
4548.2 135.947 6.46936
4549.6 131.745 6.09831
4551.0 122.200 5.98735
4552.4 138.753 6.31266
4553.8 130.969 6.37612
4555.2 132.632 6.17479
4556.6 122.825 6.00514
4558.0 127.202 6.06139
4559.4 131.702 6.32324
4560.8 145.098 6.53246
4562.2 129.952 6.28012
4563.6 130.017 6.28193
4565.0 128.802 6.30933
4566.4 142.292 6.63875
4567.8 138.597 6.45814
4569.2 131.442 6.20991
4570.6 140.608 6.40157
4572.0 131.317 6.20612
4573.4 136.527 6.27598
4574.8 135.775 6.39751
4576.2 136.208 6.43944
4577.6 141.869 6.52024
4579.0 132.383 6.19292
4580.4 138.196 6.34525
4581.8 140.076 6.52922
4583.2 141.053 6.61135
4584.6 130.734 6.36715
4586.0 125.710 6.08362
4587.4 131.616 6.26790
4588.8 133.439 6.43570
4590.2 137.010 6.56732
4591.6 136.580 6.29943
4593.0 134.973 6.29566
4594.4 141.929 6.72359
4595.8 139.485 6.71936
4597.2 133.330 6.38996
4598.6 144.558 6.43075
4600.0 140.009 6.46429
4601.4 131.563 6.22857
4602.8 125.197 5.91412
4604.2 134.927 6.24535
4605.6 135.783 6.41421
4607.0 135.314 6.30795
4608.4 139.805 6.33194
4609.8 134.113 6.30318
4611.2 147.633 6.48712
4612.6 133.231 6.23704
4614.0 131.385 6.00224
4615.4 131.761 6.19427
4616.8 131.457 6.08313
4618.2 130.650 6.12377
4619.6 141.218 6.43368
4621.0 126.299 6.01231
4622.4 129.125 6.02579
4623.8 133.300 6.17988
4625.2 135.801 6.21106
4626.6 132.270 6.17665
4628.0 142.908 6.35639
4629.4 136.895 6.27017
4630.8 130.251 6.07508
4632.2 138.236 6.28542
4633.6 131.930 6.16926
4635.0 140.127 6.27023
4636.4 133.290 6.17265
4637.8 133.600 6.08921
4639.2 129.724 6.10052
4640.6 135.194 6.11429
4642.0 131.490 6.09574
4643.4 128.605 5.95006
4644.8 131.375 6.11857
4646.2 133.480 6.12505
4647.6 138.589 6.23664
4649.0 137.960 6.20274
4650.4 127.837 5.98319
4651.8 126.819 5.91995
4653.2 134.774 6.12088
4654.6 133.010 6.13725
4656.0 137.960 6.19399
4657.4 131.052 6.07321
4658.8 128.071 5.95147
4660.2 131.519 6.06925
4661.6 129.722 6.04551
4663.0 126.559 6.03936
4664.4 130.066 5.99096
4665.8 133.541 6.07438
4667.2 132.473 6.12102
4668.6 128.826 5.86610
4670.0 134.409 6.07968
4671.4 128.309 5.96472
4672.8 133.987 6.07034
4674.2 129.325 6.00825
4675.6 129.248 5.92858
4677.0 132.583 6.13523
4678.4 130.014 6.20182
4679.8 137.245 6.37312
4681.2 137.376 6.15220
4682.6 128.579 5.97283
4684.0 128.771 5.94172
4685.4 137.737 6.24010
4686.8 135.440 6.10960
4688.2 133.548 6.11607
4689.6 137.725 6.16097
4691.0 136.364 6.11960
4692.4 131.403 6.00218
4693.8 128.815 5.89103
4695.2 126.757 5.86584
4696.6 126.040 5.82404
4698.0 133.100 6.08885
4699.4 129.828 5.99786
4700.8 129.000 5.97383
4702.2 130.786 5.94049
4703.6 132.354 5.99392
4705.0 125.829 5.79773
4706.4 128.589 5.89460
4707.8 139.237 6.14900
4709.2 132.381 5.99148
4710.6 123.257 6.05156
4712.0 124.608 6.00270
4713.4 132.411 6.05203
4714.8 132.635 5.96833
4716.2 129.875 5.97015
4717.6 128.585 5.83193
4719.0 129.081 5.92854
4720.4 129.349 5.93168
4721.8 133.071 6.01115
4723.2 128.433 5.85995
4724.6 131.601 5.98000
4726.0 132.578 6.02325
4727.4 127.350 5.97453
4728.8 117.571 5.60244
4730.2 135.488 6.10636
4731.6 132.157 5.95916
4733.0 128.597 5.85353
4734.4 126.253 5.81523
4735.8 128.720 5.86760
4737.2 126.410 5.87626
4738.6 129.047 6.14072
4740.0 122.363 5.94382
4741.4 127.824 5.82842
4742.8 124.468 5.75686
4744.2 125.848 5.80982
4745.6 123.512 5.74370
4747.0 123.945 5.73047
4748.4 126.942 5.87176
4749.8 124.447 5.84611
4751.2 127.217 5.76847
4752.6 124.562 5.78274
4754.0 128.372 5.88249
4755.4 125.765 5.72119
4756.8 128.856 5.99458
4758.2 128.274 5.81165
4759.6 133.729 5.97911
4761.0 127.611 5.78286
4762.4 128.113 5.86674
4763.8 129.040 5.81542
4765.2 126.426 5.81835
4766.6 127.636 5.86232
4768.0 125.210 5.74005
4769.4 127.060 5.84910
4770.8 129.131 5.81756
4772.2 129.402 5.87160
4773.6 128.281 5.72723
4775.0 126.360 5.87198
4776.4 126.494 5.76279
4777.8 125.274 5.85734
4779.2 128.369 5.95054
4780.6 130.436 5.95003
4782.0 127.627 5.77817
4783.4 127.865 5.77672
4784.8 125.842 5.76663
4786.2 126.203 5.74731
4787.6 123.644 5.92261
4789.0 133.392 6.10906
4790.4 127.747 5.89309
4791.8 129.317 5.84480
4793.2 134.601 5.93048
4794.6 119.791 5.55925
4796.0 124.138 5.84798
4797.4 124.253 5.85039
4798.8 131.041 5.84763
4800.2 125.193 5.75466
4801.6 121.536 5.61918
4803.0 124.043 5.86735
4804.4 124.986 5.78653
4805.8 124.387 5.82736
4807.2 125.332 5.85578
4808.6 126.359 5.77472
4810.0 125.332 5.75749
4811.4 124.590 5.79579
4812.8 121.370 5.82673
4814.2 124.071 5.78298
4815.6 124.017 5.68088
4817.0 117.243 5.49412
4818.4 121.912 5.71386
4819.8 130.847 5.83957
4821.2 127.489 5.87294
4822.6 121.562 5.57254
4824.0 119.033 5.61293
4825.4 120.485 5.53190
4826.8 120.896 5.67295
4828.2 119.806 5.47448
4829.6 116.587 5.51803
4831.0 123.790 5.61294
4832.4 117.219 5.56478
4833.8 125.217 5.89597
4835.2 117.197 5.76245
4836.6 115.977 5.74812
4838.0 126.813 5.73562
4839.4 120.202 5.57638
4840.8 116.516 5.46170
4842.2 114.412 5.41188
4843.6 117.976 5.48050
4845.0 113.888 5.44108
4846.4 113.654 5.41903
4847.8 116.234 5.58350
4849.2 107.929 5.29613
4850.6 103.611 5.20644
4852.0 100.963 5.11242
4853.4 101.760 5.10024
4854.8 101.765 5.10588
4856.2 89.858 4.69625
4857.6 94.615 4.82613
4859.0 89.134 4.69074
4860.4 77.714 4.28472
4861.8 59.311 3.73608
4863.2 51.363 3.50624
4864.6 57.829 3.76357
4866.0 77.357 4.35742
4867.4 79.007 4.67091
4868.8 86.068 4.81634
4870.2 97.307 5.07543
4871.6 101.896 5.05740
4873.0 99.042 5.04163
4874.4 106.713 5.17949
4875.8 107.517 5.17444
4877.2 107.526 5.27724
4878.6 116.513 5.41809
4880.0 114.598 5.45902
4881.4 114.718 5.38344
4882.8 117.347 5.56387
4884.2 112.803 5.30572
4885.6 116.713 5.45110
4887.0 113.756 5.27837
4888.4 107.556 5.25353
4889.8 116.098 5.45601
4891.2 117.201 5.56541
4892.6 115.941 5.41044
4894.0 107.679 5.26699
4895.4 121.685 5.52330
4896.8 113.737 5.33428
4898.2 117.796 5.38898
4899.6 116.269 5.40971
4901.0 116.753 5.44907
4902.4 112.733 5.52776
4903.8 115.851 5.53263
4905.2 120.183 5.54111
4906.6 121.060 5.48558
4908.0 120.787 5.46563
4909.4 118.221 5.44170
4910.8 116.764 5.26973
4912.2 118.373 5.42127
4913.6 117.076 5.33710
4915.0 116.698 5.37265
4916.4 119.125 5.41009
4917.8 121.126 5.49987
4919.2 123.868 5.51759
4920.6 120.653 5.48918
4922.0 115.403 5.22787
4923.4 109.813 5.13336
4924.8 114.427 5.22044
4926.2 108.201 5.08708
4927.6 110.742 5.13690
4929.0 120.653 5.39418
4930.4 114.073 5.24917
4931.8 116.260 5.35439
4933.2 119.421 5.39694
4934.6 114.858 5.30563
4936.0 118.164 5.39524
4937.4 118.462 5.40038
4938.8 121.283 5.52350
4940.2 117.666 5.34543
4941.6 121.883 5.57589
4943.0 124.327 5.54588
4944.4 114.266 5.26060
4945.8 111.268 5.16408
4947.2 115.916 5.40254
4948.6 118.275 5.54879
4950.0 124.287 5.98216
4951.4 125.756 5.80677
4952.8 113.794 5.25197
4954.2 116.589 5.32117
4955.6 117.743 5.31848
4957.0 111.644 5.14996
4958.4 111.289 5.11696
4959.8 106.639 5.23330
4961.2 114.500 5.50780
4962.6 114.732 5.47081
4964.0 112.195 5.21170
4965.4 119.434 5.31748
4966.8 109.167 5.28363
4968.2 124.132 5.47903
4969.6 122.466 5.48077
4971.0 114.119 5.19792
4972.4 120.461 5.38780
4973.8 118.323 5.37152
4975.2 115.304 5.27156
4976.6 117.132 5.25735
4978.0 119.413 5.35132
4979.4 119.787 5.32576
4980.8 115.255 5.24708
4982.2 114.427 5.16763
4983.6 117.455 5.31434
4985.0 109.561 5.00852
4986.4 109.325 5.05115
4987.8 112.298 5.11055
4989.2 112.394 5.13437
4990.6 112.771 5.14645
4992.0 115.633 5.15762
4993.4 109.436 5.07162
4994.8 107.100 5.05094
4996.2 111.907 5.14370
4997.6 114.565 5.18346
4999.0 116.872 5.22837
