3900.0 35.646 5.42153
3901.4 42.884 5.46775
3902.8 33.743 5.15211
3904.2 45.981 5.67533
3905.6 42.456 5.30656
3907.0 44.061 5.39837
3908.4 43.901 5.49602
3909.8 41.293 5.20711
3911.2 39.735 5.21347
3912.6 52.617 5.55940
3914.0 48.273 5.35313
3915.4 37.494 5.37625
3916.8 36.106 5.17916
3918.2 41.544 4.82010
3919.6 41.483 4.93403
3921.0 41.255 4.78651
3922.4 45.292 4.83670
3923.8 43.135 4.93177
3925.2 42.793 5.24276
3926.6 44.510 5.40396
3928.0 39.317 5.02677
3929.4 39.023 4.52850
3930.8 36.744 4.47508
3932.2 34.138 4.37998
3933.6 21.031 3.91978
3935.0 18.366 3.74154
3936.4 12.485 3.56154
3937.8 28.928 4.11644
3939.2 38.491 4.62811
3940.6 41.596 4.70981
3942.0 47.674 5.04788
3943.4 40.335 4.79247
3944.8 41.121 4.67411
3946.2 42.383 4.67643
3947.6 39.597 4.82096
3949.0 38.188 4.65373
3950.4 39.420 4.65802
3951.8 39.061 4.58127
3953.2 38.840 4.58445
3954.6 40.550 4.83425
3956.0 41.410 4.99100
3957.4 36.470 5.31810
3958.8 38.229 5.50215
3960.2 39.406 5.41206
3961.6 34.002 5.19466
3963.0 41.020 5.44331
3964.4 41.801 4.97173
3965.8 35.127 4.64495
3967.2 38.536 4.78066
3968.6 31.353 4.18649
3970.0 12.990 3.28211
3971.4 9.494 2.92399
3972.8 19.628 3.71680
3974.2 29.980 4.13935
3975.6 30.875 4.26631
3977.0 35.385 4.37754
3978.4 40.120 4.53635
3979.8 38.683 4.23490
3981.2 43.125 4.31710
3982.6 43.402 4.40333
3984.0 39.901 4.11502
3985.4 44.673 4.25198
3986.8 36.316 4.14073
3988.2 38.277 4.10109
3989.6 39.713 4.27278
3991.0 41.459 4.40519
3992.4 41.755 4.42522
3993.8 43.769 4.83182
3995.2 40.334 4.52384
3996.6 43.241 4.46090
3998.0 41.602 4.21266
3999.4 41.243 3.98798
4000.8 39.944 3.94850
4002.2 42.891 4.07930
4003.6 39.745 4.23606
4005.0 40.362 4.15875
4006.4 42.798 4.13307
4007.8 40.255 3.83068
4009.2 41.156 4.02571
4010.6 46.205 4.44797
4012.0 42.325 4.28167
4013.4 40.559 4.00840
4014.8 34.042 3.72009
4016.2 41.067 3.91464
4017.6 45.167 4.48321
4019.0 40.626 4.30108
4020.4 47.688 4.40266
4021.8 39.955 4.21205
4023.2 45.912 4.20403
4024.6 37.618 4.12199
4026.0 44.007 4.28551
4027.4 38.164 4.30065
4028.8 43.166 4.16218
4030.2 38.559 3.93106
4031.6 39.469 3.97436
4033.0 42.916 4.01157
4034.4 41.906 4.07102
4035.8 41.852 4.15330
4037.2 39.226 4.10888
4038.6 45.245 4.22685
4040.0 42.779 4.23605
4041.4 39.538 3.97346
4042.8 39.970 4.02315
4044.2 36.346 3.96422
4045.6 37.506 3.97682
4047.0 45.208 4.56616
4048.4 39.159 4.40663
4049.8 39.003 4.41931
4051.2 45.342 4.46100
4052.6 40.604 4.22686
4054.0 43.083 4.35684
4055.4 39.143 4.39402
4056.8 44.520 4.40351
4058.2 38.526 4.31650
4059.6 39.843 4.20720
4061.0 41.265 4.14576
4062.4 40.546 3.93521
4063.8 43.398 4.06145
4065.2 38.732 4.23800
4066.6 43.818 4.50203
4068.0 43.267 4.45675
4069.4 40.643 4.25808
4070.8 43.611 3.99285
4072.2 39.374 3.86878
4073.6 41.743 3.93465
4075.0 40.828 4.34365
4076.4 42.184 4.81933
4077.8 34.295 4.52351
4079.2 34.208 3.91992
4080.6 30.996 3.41973
4082.0 38.704 3.91753
4083.4 37.630 3.86412
4084.8 39.208 4.04092
4086.2 33.104 3.89570
4087.6 38.765 3.95382
4089.0 38.815 3.61689
4090.4 38.949 3.64662
4091.8 39.871 3.64417
4093.2 38.474 3.61296
4094.6 35.513 3.68257
4096.0 32.526 3.60433
4097.4 35.759 3.52733
4098.8 34.483 3.55294
4100.2 30.852 3.34979
4101.6 27.033 3.14113
4103.0 20.803 2.86841
4104.4 21.421 3.02562
4105.8 28.952 3.38616
4107.2 30.866 3.46775
4108.6 33.866 3.33265
4110.0 32.112 3.47996
4111.4 35.215 3.42906
4112.8 35.361 3.81816
4114.2 34.005 4.03882
4115.6 38.650 4.00854
4117.0 36.886 3.59065
4118.4 35.760 3.48758
4119.8 36.759 3.36569
4121.2 37.429 3.32843
4122.6 35.481 3.32867
4124.0 34.719 3.56713
4125.4 39.358 3.55326
4126.8 41.947 3.61200
4128.2 34.343 3.32073
4129.6 38.528 3.41697
4131.0 37.768 3.61203
4132.4 38.174 3.54156
4133.8 37.012 3.40702
4135.2 37.950 3.51134
4136.6 35.061 3.32324
4138.0 36.889 3.49789
4139.4 35.235 3.55216
4140.8 39.956 3.88752
4142.2 37.086 3.49750
4143.6 32.658 3.31007
4145.0 38.205 3.29226
4146.4 37.190 3.19631
4147.8 38.161 3.38189
4149.2 38.649 3.35505
4150.6 38.806 3.80498
4152.0 39.475 3.63009
4153.4 36.792 3.33315
4154.8 37.159 3.34233
4156.2 42.009 3.42240
4157.6 33.819 3.18669
4159.0 40.231 3.21188
4160.4 35.576 3.08791
4161.8 38.793 3.28402
4163.2 40.322 3.39660
4164.6 38.313 3.45478
4166.0 35.400 3.25937
4167.4 36.503 3.15773
4168.8 35.059 3.28779
4170.2 37.262 3.33901
4171.6 37.372 3.48059
4173.0 37.779 3.46974
4174.4 35.215 3.45877
4175.8 36.545 3.33616
4177.2 37.247 3.28805
4178.6 36.162 3.16302
4180.0 37.206 3.25857
4181.4 33.147 3.11898
4182.8 39.952 3.36420
4184.2 37.797 3.48228
4185.6 45.733 3.77576
4187.0 34.361 3.41595
4188.4 37.714 3.29384
4189.8 37.284 3.13213
4191.2 37.006 3.15132
4192.6 35.848 3.11791
4194.0 36.602 3.03254
4195.4 41.041 3.25754
4196.8 34.136 3.01318
4198.2 38.167 3.03031
4199.6 34.107 3.03828
4201.0 35.363 3.07800
4202.4 37.091 3.09174
4203.8 34.966 3.14362
4205.2 37.522 3.16968
4206.6 37.638 3.19484
4208.0 37.428 3.09049
4209.4 35.977 3.06702
4210.8 38.488 3.31115
4212.2 36.438 3.35579
4213.6 39.431 3.59331
4215.0 35.684 3.44543
4216.4 38.708 3.53086
4217.8 34.136 3.12647
4219.2 34.480 3.11462
4220.6 38.087 3.17920
4222.0 36.545 3.01047
4223.4 39.969 3.10576
4224.8 34.758 3.05007
4226.2 39.373 3.28011
4227.6 36.412 3.12930
4229.0 30.572 2.85432
4230.4 34.221 2.90404
4231.8 34.017 2.90724
4233.2 35.547 3.16562
4234.6 33.481 2.99936
4236.0 30.598 2.86635
4237.4 36.072 3.02289
4238.8 33.451 3.07137
4240.2 37.123 3.29237
4241.6 37.436 3.16261
4243.0 34.971 3.10611
4244.4 34.410 3.02334
4245.8 38.265 3.14076
4247.2 36.541 3.13760
4248.6 35.951 3.06051
4250.0 36.351 2.98385
4251.4 36.346 2.99434
4252.8 34.623 3.12718
4254.2 37.229 3.04502
4255.6 33.598 2.86435
4257.0 37.703 3.01287
4258.4 34.371 2.95425
4259.8 38.968 3.02337
4261.2 36.074 2.92849
4262.6 34.332 2.86442
4264.0 34.913 2.85558
4265.4 37.477 3.02421
4266.8 36.856 2.97945
4268.2 36.192 2.87215
4269.6 34.975 2.84577
4271.0 31.363 2.77835
4272.4 33.811 2.95621
4273.8 34.044 3.01181
4275.2 34.124 2.87543
4276.6 35.623 2.85306
4278.0 33.818 2.89173
4279.4 37.144 3.05861
4280.8 36.361 2.94076
4282.2 35.283 3.03939
4283.6 36.937 3.04785
4285.0 35.431 3.04024
4286.4 37.824 3.11855
4287.8 38.489 3.15316
4289.2 35.060 2.96094
4290.6 34.041 2.93693
4292.0 32.497 2.83345
4293.4 33.710 2.85959
4294.8 34.786 2.80910
4296.2 35.578 2.86124
4297.6 34.604 2.84869
4299.0 34.078 2.79257
4300.4 35.590 2.89338
4301.8 30.578 2.72435
4303.2 29.681 2.53404
4304.6 31.888 2.57255
4306.0 35.182 2.74219
4307.4 33.413 2.69172
4308.8 35.498 2.83719
4310.2 32.444 2.75956
4311.6 36.803 2.91650
4313.0 35.884 2.97280
4314.4 31.370 2.75786
4315.8 29.143 2.53132
4317.2 30.633 2.65971
4318.6 33.913 2.89414
4320.0 33.873 2.93254
4321.4 34.516 2.91751
4322.8 33.416 2.81769
4324.2 33.981 2.72287
4325.6 34.515 2.72007
4327.0 33.314 2.61984
4328.4 30.822 2.66416
4329.8 32.670 2.76797
4331.2 32.536 2.67145
4332.6 35.667 2.87841
4334.0 32.132 2.72302
4335.4 30.450 2.56635
4336.8 31.232 2.70715
4338.2 26.685 2.44108
4339.6 25.672 2.41641
4341.0 21.235 2.17699
4342.4 18.562 2.05915
4343.8 19.735 2.20905
4345.2 24.439 2.50796
4346.6 30.054 2.75001
4348.0 29.891 2.59073
4349.4 32.498 2.61430
4350.8 31.213 2.70565
4352.2 28.898 2.95575
4353.6 35.407 3.08266
4355.0 31.439 2.92076
4356.4 33.043 2.83500
4357.8 31.523 2.86697
4359.2 37.147 3.18660
4360.6 38.675 3.16317
4362.0 37.047 3.23995
4363.4 34.754 3.17132
4364.8 30.983 2.71987
4366.2 36.478 2.75816
4367.6 34.683 2.75663
4369.0 34.182 2.77675
4370.4 33.998 2.84972
4371.8 35.311 2.93588
4373.2 37.010 2.92917
4374.6 35.031 2.84658
4376.0 32.042 2.82453
4377.4 35.206 2.92776
4378.8 31.969 2.56992
4380.2 32.711 2.63650
4381.6 33.086 2.65519
4383.0 36.424 2.74967
4384.4 32.236 2.52521
4385.8 29.049 2.58665
4387.2 31.873 2.64953
4388.6 33.132 2.70684
4390.0 36.623 2.85086
4391.4 35.197 2.72203
4392.8 31.444 2.66147
4394.2 35.366 2.74146
4395.6 33.422 2.74326
4397.0 30.827 2.46036
4398.4 33.159 2.58676
4399.8 33.788 2.51939
4401.2 33.196 2.66916
4402.6 34.936 2.65485
4404.0 34.383 2.71995
4405.4 33.129 2.66407
4406.8 31.609 2.54239
4408.2 32.477 2.55969
4409.6 33.265 2.58039
4411.0 33.308 2.63241
4412.4 32.989 2.56357
4413.8 35.371 2.67190
4415.2 34.401 2.61338
4416.6 30.919 2.41112
4418.0 28.275 2.40897
4419.4 34.621 2.71917
4420.8 30.463 2.80926
4422.2 38.403 2.82265
4423.6 28.462 2.56436
4425.0 33.829 2.76300
4426.4 28.977 2.60149
4427.8 32.279 2.57554
4429.2 33.675 2.58936
4430.6 32.888 2.63930
4432.0 32.389 2.59682
4433.4 33.412 2.52576
4434.8 32.359 2.49236
4436.2 30.348 2.49466
4437.6 31.513 2.53818
4439.0 33.669 2.73233
4440.4 33.298 2.62143
4441.8 34.091 2.51360
4443.2 33.049 2.50497
4444.6 28.947 2.48529
4446.0 30.418 2.58250
4447.4 30.715 2.75663
4448.8 32.527 2.70526
4450.2 32.267 2.63735
4451.6 31.566 2.76417
4453.0 32.465 2.81662
4454.4 35.352 2.61844
4455.8 31.883 2.42803
4457.2 31.859 2.45724
4458.6 32.994 2.45686
4460.0 35.257 2.55086
4461.4 31.191 2.45642
4462.8 32.434 2.48286
4464.2 28.525 2.30253
4465.6 28.924 2.37026
4467.0 32.159 2.52149
4468.4 33.477 2.70277
4469.8 30.862 2.55413
4471.2 30.801 2.54101
4472.6 30.426 2.40136
4474.0 30.841 2.41137
4475.4 35.018 2.51169
4476.8 33.348 2.49780
4478.2 30.490 2.24798
4479.6 28.077 2.43426
4481.0 33.349 2.44480
4482.4 29.268 2.37036
4483.8 31.965 2.44867
4485.2 31.610 2.48056
4486.6 33.560 2.48568
4488.0 29.330 2.36301
4489.4 30.595 2.35533
4490.8 32.552 2.49602
4492.2 29.922 2.38672
4493.6 32.864 2.40372
4495.0 28.594 2.37353
4496.4 28.774 2.43359
4497.8 33.864 2.53227
4499.2 31.502 2.48558
4500.6 31.884 2.36318
4502.0 31.103 2.39653
4503.4 29.317 2.29483
4504.8 33.300 2.42741
4506.2 31.681 2.36797
4507.6 33.480 2.39087
4509.0 33.517 2.42475
4510.4 29.045 2.35408
4511.8 33.805 2.39525
4513.2 31.699 2.35847
4514.6 31.076 2.38642
4516.0 29.509 2.25753
4517.4 30.842 2.32611
4518.8 30.106 2.41300
4520.2 31.047 2.63325
4521.6 30.512 2.53200
4523.0 29.356 2.40766
4524.4 30.666 2.44285
4525.8 28.840 2.47356
4527.2 28.351 2.97541
4528.6 31.474 3.19478
4530.0 29.982 2.54892
4531.4 29.372 2.34854
4532.8 29.099 2.49112
4534.2 30.110 2.52831
4535.6 31.540 2.45539
4537.0 26.450 2.37907
4538.4 29.499 2.39835
4539.8 34.356 2.48756
4541.2 31.498 2.35155
4542.6 31.849 2.41027
4544.0 33.802 2.61690
4545.4 32.988 2.54530
4546.8 31.135 2.33667
4548.2 32.664 2.40186
4549.6 29.460 2.32321
4551.0 29.333 2.27363
4552.4 27.770 2.23987
4553.8 32.069 2.32779
4555.2 33.186 2.68569
4556.6 30.460 2.47132
4558.0 30.998 2.30587
4559.4 31.169 2.28560
4560.8 31.705 2.32643
4562.2 31.153 2.21061
4563.6 32.976 2.30385
4565.0 32.073 2.27712
4566.4 31.335 2.35148
4567.8 29.676 2.36565
4569.2 33.135 2.40441
4570.6 32.156 2.42526
4572.0 29.627 2.08168
4573.4 30.863 2.15961
4574.8 29.690 2.18356
4576.2 33.331 2.32318
4577.6 32.106 2.33531
4579.0 28.864 2.26073
4580.4 30.507 2.30360
4581.8 29.390 2.32733
4583.2 29.814 2.36588
4584.6 33.693 2.45075
4586.0 28.127 2.30447
4587.4 32.028 2.29973
4588.8 29.037 2.16121
4590.2 30.134 2.16195
4591.6 28.401 2.15173
4593.0 32.923 2.23144
4594.4 29.961 2.24041
4595.8 30.762 2.34838
4597.2 31.706 2.47121
4598.6 29.674 2.40278
4600.0 33.459 2.34999
4601.4 33.020 2.34598
4602.8 29.957 2.31898
4604.2 31.080 2.34931
4605.6 31.663 2.21050
4607.0 28.706 2.13764
4608.4 30.720 2.25716
4609.8 30.550 2.31502
4611.2 29.478 2.28166
4612.6 32.423 2.39370
4614.0 31.740 2.26785
4615.4 31.976 2.22064
4616.8 30.607 2.17087
4618.2 31.090 2.24101
4619.6 29.334 2.21335
4621.0 31.003 2.23391
4622.4 29.020 2.26032
4623.8 31.468 2.21407
4625.2 30.172 2.14810
4626.6 30.317 2.16606
4628.0 30.602 2.26761
4629.4 29.361 2.13149
4630.8 28.451 2.14670
4632.2 29.583 2.13384
4633.6 28.484 2.08156
4635.0 30.013 2.15094
4636.4 30.635 2.34933
4637.8 29.069 2.28833
4639.2 29.795 2.16700
4640.6 28.279 2.06768
4642.0 28.096 2.03634
4643.4 31.176 2.28290
4644.8 30.864 2.22908
4646.2 31.617 2.19770
4647.6 28.181 2.22370
4649.0 30.878 2.34842
4650.4 32.422 2.39227
4651.8 28.690 2.16601
4653.2 30.840 2.22187
4654.6 30.500 2.16630
4656.0 31.745 2.15524
4657.4 30.065 2.17185
4658.8 31.839 2.19262
4660.2 31.266 2.25133
4661.6 30.437 2.21066
4663.0 28.265 2.35751
4664.4 28.912 2.31982
4665.8 30.390 2.43141
4667.2 30.966 2.27075
4668.6 29.340 2.15740
4670.0 29.930 2.23616
4671.4 28.654 2.15003
4672.8 28.884 2.24063
4674.2 30.501 2.25220
4675.6 30.252 2.09784
4677.0 29.724 2.17248
4678.4 30.467 2.16471
4679.8 27.489 2.08960
4681.2 27.479 2.11285
4682.6 30.154 2.16068
4684.0 29.650 2.10198
4685.4 29.892 2.15212
4686.8 30.084 2.18300
4688.2 30.032 2.21265
4689.6 28.427 2.15574
4691.0 29.541 2.22681
4692.4 30.473 2.21484
4693.8 30.210 2.19740
4695.2 32.551 2.22381
4696.6 28.927 2.16745
4698.0 27.693 2.17874
4699.4 30.026 2.22307
4700.8 28.971 2.12568
4702.2 31.432 2.20859
4703.6 30.962 2.18804
4705.0 28.225 2.15387
4706.4 31.515 2.17997
4707.8 28.744 2.10811
4709.2 27.472 2.02026
4710.6 25.455 1.99321
4712.0 29.494 2.06926
4713.4 27.555 2.06083
4714.8 26.984 2.06946
4716.2 31.595 2.23085
4717.6 30.055 2.17164
4719.0 30.723 2.09818
4720.4 30.462 2.14488
4721.8 29.265 2.25371
4723.2 30.579 2.31891
4724.6 28.403 2.07735
4726.0 30.602 2.06217
4727.4 29.891 2.14354
4728.8 30.037 2.20429
4730.2 29.875 2.24534
4731.6 29.425 2.10807
4733.0 29.580 2.06269
4734.4 27.637 2.10808
4735.8 28.755 2.06630
4737.2 28.551 2.06937
4738.6 28.601 2.02147
4740.0 29.149 2.08836
4741.4 28.728 2.03046
4742.8 29.167 2.06017
4744.2 28.807 2.18335
4745.6 28.026 1.96717
4747.0 27.625 2.04478
4748.4 28.111 2.02685
4749.8 28.484 2.07073
4751.2 26.833 1.90158
4752.6 27.768 2.00610
4754.0 28.465 2.01650
4755.4 30.004 2.17123
4756.8 29.398 2.10039
4758.2 27.251 1.91179
4759.6 29.109 1.94129
4761.0 28.154 2.01032
4762.4 29.303 1.96511
4763.8 29.166 1.89631
4765.2 29.939 2.02999
4766.6 27.979 2.02261
4768.0 28.629 2.05359
4769.4 27.212 1.93307
4770.8 28.564 1.91989
4772.2 29.288 2.07434
4773.6 30.943 2.17378
4775.0 28.566 2.03265
4776.4 29.765 2.09343
4777.8 27.945 2.01565
4779.2 29.276 2.04294
4780.6 27.328 1.98132
4782.0 29.537 2.03230
4783.4 29.324 1.96287
4784.8 29.713 2.01150
4786.2 29.474 2.05148
4787.6 29.082 2.18522
4789.0 29.091 2.13492
4790.4 27.103 1.88993
4791.8 26.794 1.88578
4793.2 26.255 2.00001
4794.6 28.271 2.15680
4796.0 28.396 2.05796
4797.4 27.645 1.92362
4798.8 27.949 1.91057
4800.2 28.223 1.98478
4801.6 28.752 1.98267
4803.0 28.463 2.02033
4804.4 29.506 1.99973
4805.8 29.271 1.99751
4807.2 28.008 1.93632
4808.6 27.767 2.02837
4810.0 28.739 2.14447
4811.4 27.285 2.01787
4812.8 27.972 2.02067
4814.2 27.740 1.92112
4815.6 26.052 1.88495
4817.0 28.439 1.98294
4818.4 28.370 2.01944
4819.8 28.791 2.12039
4821.2 27.971 2.13246
4822.6 26.840 1.97431
4824.0 27.260 1.96392
4825.4 26.272 1.94937
4826.8 27.383 1.95798
4828.2 27.990 2.02867
4829.6 29.172 2.09081
4831.0 28.280 2.06054
4832.4 28.487 2.08388
4833.8 28.051 1.99092
4835.2 25.065 1.85298
4836.6 28.345 1.99177
4838.0 27.850 2.03837
4839.4 26.312 2.02931
4840.8 26.599 2.08225
4842.2 28.522 2.21783
4843.6 28.450 2.09746
4845.0 27.271 1.95812
4846.4 26.510 1.98003
4847.8 26.585 1.97631
4849.2 26.832 1.99184
4850.6 26.340 1.92062
4852.0 26.199 1.96492
4853.4 24.730 1.89914
4854.8 23.682 1.92993
4856.2 26.595 1.97064
4857.6 25.647 1.95149
4859.0 23.416 1.82879
4860.4 24.685 1.89170
4861.8 17.918 1.74767
4863.2 16.217 1.77699
4864.6 16.836 1.69586
4866.0 20.942 1.65829
4867.4 23.302 1.77053
4868.8 22.735 1.84570
4870.2 25.196 1.90938
4871.6 26.110 1.90436
4873.0 25.468 1.93682
4874.4 25.421 1.93286
4875.8 24.557 1.96754
4877.2 25.394 1.83995
4878.6 25.090 1.86912
4880.0 24.193 1.84230
4881.4 26.098 2.01183
4882.8 26.447 2.23672
4884.2 26.675 2.14108
4885.6 26.113 2.04702
4887.0 26.548 1.91210
4888.4 25.041 1.91295
4889.8 27.079 1.91363
4891.2 25.465 1.87382
4892.6 25.953 1.82453
4894.0 24.856 1.76207
4895.4 27.257 1.81832
4896.8 27.174 1.87999
4898.2 25.689 1.89879
4899.6 26.779 1.89511
4901.0 27.653 1.87221
4902.4 26.570 1.83953
4903.8 26.560 1.79963
4905.2 27.023 1.88656
4906.6 26.602 1.96948
4908.0 28.029 1.97811
4909.4 26.906 1.88937
4910.8 25.573 1.81804
4912.2 25.892 1.83893
4913.6 25.163 1.75753
4915.0 25.599 1.82562
4916.4 26.013 1.81192
4917.8 25.687 1.81300
4919.2 26.799 1.87828
4920.6 27.094 1.92628
4922.0 24.573 1.90894
4923.4 25.201 1.90050
4924.8 26.538 1.86825
4926.2 24.687 1.72388
4927.6 24.673 1.73990
4929.0 27.022 1.85801
4930.4 26.633 1.80993
4931.8 26.890 1.80007
4933.2 25.811 1.90824
4934.6 27.527 1.92182
4936.0 25.108 1.88212
4937.4 25.246 1.81973
4938.8 23.174 1.66955
4940.2 28.068 1.89880
4941.6 26.339 1.87086
4943.0 26.366 1.86104
4944.4 26.098 1.85083
4945.8 26.845 1.75513
4947.2 27.959 1.85520
4948.6 26.368 1.91964
4950.0 26.154 2.01389
4951.4 26.305 1.95035
4952.8 26.208 1.82133
4954.2 24.774 1.80134
4955.6 27.124 2.02176
4957.0 26.573 1.91317
4958.4 26.092 1.77067
4959.8 25.206 1.91345
4961.2 24.514 1.89756
4962.6 27.035 1.95607
4964.0 27.522 1.84742
4965.4 27.392 1.83090
4966.8 26.554 1.84101
4968.2 24.941 1.77550
4969.6 25.341 1.93733
4971.0 25.629 1.85836
4972.4 26.353 1.77902
4973.8 24.143 1.78469
4975.2 25.249 1.82158
4976.6 25.660 1.80232
4978.0 24.615 1.78422
4979.4 26.258 1.82688
4980.8 24.403 1.77415
4982.2 25.972 1.89707
4983.6 26.032 1.86891
4985.0 25.265 1.86459
4986.4 26.219 1.84983
4987.8 26.108 1.76397
4989.2 25.751 1.83729
4990.6 25.301 1.71700
4992.0 23.477 1.71252
4993.4 24.261 1.78737
4994.8 24.818 1.89208
4996.2 27.628 1.93768
4997.6 24.613 1.72574
4999.0 26.797 1.71461
