3900.0 110.261 5.37398
3901.4 111.712 5.27361
3902.8 124.864 5.73821
3904.2 122.752 5.65766
3905.6 117.759 5.74604
3907.0 116.300 5.54561
3908.4 128.327 5.87826
3909.8 135.331 6.33198
3911.2 132.883 6.14051
3912.6 137.310 6.05895
3914.0 128.808 6.07139
3915.4 127.802 5.94730
3916.8 134.853 6.08544
3918.2 123.348 5.76757
3919.6 131.155 5.98951
3921.0 128.893 5.80641
3922.4 132.165 5.96330
3923.8 130.032 5.83916
3925.2 136.386 6.05260
3926.6 131.483 6.11792
3928.0 124.933 5.79720
3929.4 117.787 5.59768
3930.8 104.661 5.19506
3932.2 79.889 4.26538
3933.6 39.616 2.74719
3935.0 23.981 2.36560
3936.4 60.919 3.38455
3937.8 100.223 4.71113
3939.2 116.008 5.32511
3940.6 130.060 5.78447
3942.0 132.187 5.88260
3943.4 133.204 5.86627
3944.8 125.121 5.55311
3946.2 131.631 5.89157
3947.6 135.124 5.99324
3949.0 130.008 5.85533
3950.4 124.705 5.63975
3951.8 126.978 5.78757
3953.2 128.571 5.80326
3954.6 136.977 5.90623
3956.0 130.523 5.60151
3957.4 119.002 5.39049
3958.8 126.353 5.62929
3960.2 124.474 5.56668
3961.6 121.508 5.51274
3963.0 112.508 5.25244
3964.4 111.748 5.03375
3965.8 100.357 4.78340
3967.2 74.180 3.80170
3968.6 38.419 2.64921
3970.0 25.570 2.34695
3971.4 51.087 3.05452
3972.8 75.855 3.96501
3974.2 92.852 4.71196
3975.6 104.948 4.91515
3977.0 109.894 4.98991
3978.4 114.227 5.16133
3979.8 123.931 5.36217
3981.2 131.308 5.57611
3982.6 120.922 5.38810
3984.0 120.329 5.39899
3985.4 128.629 5.64555
3986.8 132.635 5.58891
3988.2 131.355 5.76414
3989.6 136.118 5.82809
3991.0 132.487 5.64780
3992.4 140.891 5.85445
3993.8 143.220 5.97338
3995.2 132.656 5.88442
3996.6 125.592 5.49698
3998.0 131.118 5.57844
3999.4 124.800 5.42171
4000.8 136.639 5.86336
4002.2 135.845 5.81420
4003.6 136.723 5.79280
4005.0 127.597 5.56157
4006.4 121.685 5.42510
4007.8 134.938 5.76405
4009.2 139.212 5.69057
4010.6 140.992 5.79058
4012.0 140.823 5.86869
4013.4 133.501 5.76104
4014.8 134.894 5.78606
4016.2 134.228 5.69620
4017.6 142.013 5.87958
4019.0 138.008 5.80669
4020.4 145.730 6.07037
4021.8 141.440 6.15207
4023.2 139.848 5.98469
4024.6 136.659 5.94140
4026.0 133.068 5.78264
4027.4 134.141 5.68009
4028.8 139.463 5.86166
4030.2 136.292 5.74970
4031.6 126.936 5.48676
4033.0 135.603 5.57823
4034.4 134.793 5.54885
4035.8 136.069 5.64743
4037.2 138.447 5.69616
4038.6 142.346 5.88013
4040.0 140.144 5.64935
4041.4 146.836 5.97167
4042.8 141.549 5.73479
4044.2 141.134 5.77209
4045.6 130.651 5.49539
4047.0 125.657 5.41521
4048.4 141.115 5.75507
4049.8 139.337 5.79244
4051.2 139.062 5.84728
4052.6 143.175 5.74191
4054.0 132.370 5.61547
4055.4 134.357 5.70574
4056.8 140.779 5.85653
4058.2 134.906 5.72077
4059.6 136.746 5.57562
4061.0 140.405 5.77298
4062.4 139.294 5.76854
4063.8 123.932 5.41104
4065.2 125.226 5.30429
4066.6 136.240 5.53681
4068.0 136.241 5.56633
4069.4 135.930 5.59698
4070.8 137.484 5.72050
4072.2 124.862 5.34331
4073.6 127.617 5.45201
4075.0 133.010 5.51015
4076.4 132.235 5.59237
4077.8 121.832 5.13575
4079.2 125.229 5.06803
4080.6 138.500 5.48522
4082.0 137.192 5.56381
4083.4 134.874 5.50133
4084.8 131.675 5.34067
4086.2 123.957 5.36444
4087.6 131.292 5.51380
4089.0 132.561 5.66519
4090.4 133.460 5.60892
4091.8 127.266 5.45486
4093.2 126.236 5.32113
4094.6 122.155 5.24401
4096.0 120.060 5.14852
4097.4 113.962 4.93967
4098.8 104.753 4.67409
4100.2 98.425 4.41502
4101.6 73.292 3.69551
4103.0 59.486 3.29950
4104.4 83.082 3.96787
4105.8 107.084 4.69320
4107.2 112.629 4.84777
4108.6 114.231 4.90932
4110.0 117.043 4.88001
4111.4 121.918 5.21968
4112.8 126.068 5.33265
4114.2 131.948 5.56444
4115.6 127.037 5.24110
4117.0 131.327 5.48293
4118.4 132.045 5.49677
4119.8 128.382 5.27857
4121.2 134.116 5.33770
4122.6 127.752 5.21036
4124.0 133.150 5.34193
4125.4 135.775 5.44191
4126.8 136.399 5.46649
4128.2 132.322 5.41033
4129.6 129.031 5.25163
4131.0 133.063 5.43960
4132.4 129.237 5.15042
4133.8 125.042 5.11238
4135.2 130.294 5.40841
4136.6 136.427 5.53659
4138.0 134.012 5.48760
4139.4 139.670 5.49663
4140.8 135.927 5.67693
4142.2 132.870 5.59879
4143.6 133.177 5.45813
4145.0 122.861 5.16819
4146.4 136.714 5.43841
4147.8 135.387 5.54169
4149.2 130.952 5.28912
4150.6 130.509 5.24912
4152.0 134.967 5.48774
4153.4 143.563 6.21348
4154.8 130.830 5.91245
4156.2 133.134 5.34131
4157.6 131.664 5.39039
4159.0 131.241 5.28529
4160.4 135.418 5.49052
4161.8 132.039 5.36634
4163.2 130.994 5.29961
4164.6 132.127 5.45366
4166.0 137.862 5.55026
4167.4 134.132 5.37883
4168.8 138.747 5.54199
4170.2 135.877 5.44781
4171.6 132.943 5.43898
4173.0 123.944 5.06388
4174.4 116.134 4.99396
4175.8 124.108 5.00748
4177.2 132.369 5.38438
4178.6 123.329 5.03507
4180.0 128.614 5.18717
4181.4 128.214 5.21692
4182.8 133.228 5.38739
4184.2 135.445 5.39721
4185.6 130.238 5.27347
4187.0 132.745 5.22970
4188.4 124.060 5.10708
4189.8 126.301 5.24243
4191.2 136.142 5.50507
4192.6 127.640 5.28655
4194.0 140.462 5.48219
4195.4 135.443 5.56218
4196.8 133.262 5.38762
4198.2 132.246 5.27068
4199.6 123.375 4.98218
4201.0 128.361 5.29702
4202.4 127.447 5.23017
4203.8 130.202 5.23077
4205.2 128.239 5.02726
4206.6 129.812 5.12215
4208.0 132.528 5.26605
4209.4 133.764 5.32891
4210.8 131.544 5.18852
4212.2 129.075 5.23689
4213.6 138.199 5.42953
4215.0 136.056 5.37853
4216.4 121.549 5.00864
4217.8 126.787 4.99788
4219.2 136.761 5.28739
4220.6 129.293 5.34814
4222.0 135.300 5.52181
4223.4 129.520 5.19342
4224.8 131.921 5.15731
4226.2 123.539 5.03928
4227.6 114.389 4.82940
4229.0 122.406 4.96749
4230.4 131.818 5.35325
4231.8 138.958 5.39714
4233.2 129.757 5.24245
4234.6 122.108 4.96748
4236.0 129.369 5.15460
4237.4 134.637 5.23830
4238.8 132.016 5.17675
4240.2 131.105 5.38722
4241.6 133.711 5.34263
4243.0 132.854 5.27256
4244.4 135.470 5.48191
4245.8 134.319 5.24559
4247.2 126.491 5.03316
4248.6 128.876 5.11503
4250.0 133.019 5.31862
4251.4 122.594 5.02047
4252.8 130.313 5.23058
4254.2 134.888 5.25941
4255.6 129.161 5.23984
4257.0 133.403 5.34891
4258.4 136.138 5.37661
4259.8 131.016 5.15871
4261.2 125.939 4.98158
4262.6 126.682 5.13026
4264.0 134.314 5.38566
4265.4 135.307 5.47904
4266.8 139.087 5.51628
4268.2 133.212 5.28854
4269.6 137.194 5.34824
4271.0 133.719 5.31723
4272.4 121.619 4.75652
4273.8 122.911 4.91522
4275.2 125.200 4.99069
4276.6 130.916 5.10691
4278.0 138.918 5.38479
4279.4 134.455 5.36322
4280.8 137.677 5.28743
4282.2 130.853 5.17263
4283.6 127.275 5.07172
4285.0 132.329 5.21528
4286.4 135.434 5.23847
4287.8 133.157 5.28196
4289.2 126.371 5.04911
4290.6 116.664 4.61704
4292.0 125.417 4.92255
4293.4 135.867 5.34850
4294.8 127.344 5.14442
4296.2 125.943 4.99437
4297.6 132.289 5.17057
4299.0 130.363 5.13246
4300.4 116.130 4.79035
4301.8 117.138 4.71445
4303.2 114.661 4.76289
4304.6 121.801 4.93783
4306.0 128.257 5.03306
4307.4 124.199 4.94620
4308.8 126.027 5.04188
4310.2 122.790 4.97916
4311.6 129.078 5.09526
4313.0 131.021 5.15075
4314.4 116.539 4.68915
4315.8 115.882 4.78248
4317.2 127.424 4.99861
4318.6 129.634 5.05407
4320.0 128.143 5.06039
4321.4 123.778 4.97361
4322.8 123.932 4.86984
4324.2 127.236 5.12266
4325.6 120.351 4.76740
4327.0 118.696 4.75417
4328.4 123.690 4.89190
4329.8 122.382 5.02210
4331.2 119.650 4.82193
4332.6 119.111 4.80620
4334.0 125.399 4.89341
4335.4 117.489 4.77275
4336.8 112.301 4.53971
4338.2 101.085 4.21914
4339.6 85.120 3.70248
4341.0 62.111 3.03338
4342.4 66.526 3.12876
4343.8 91.737 3.83764
4345.2 104.140 4.28420
4346.6 110.003 4.48944
4348.0 120.703 4.74076
4349.4 118.801 4.83862
4350.8 124.416 4.86678
4352.2 116.274 4.65975
4353.6 115.691 4.60924
4355.0 130.157 5.05783
4356.4 126.379 5.10049
4357.8 131.591 5.10725
4359.2 128.385 5.47240
4360.6 133.387 5.44690
4362.0 130.619 5.19416
4363.4 134.854 5.16779
4364.8 135.244 5.26155
4366.2 135.272 5.12548
4367.6 135.729 5.38647
4369.0 130.034 4.94181
4370.4 128.216 5.01708
4371.8 126.822 5.08735
4373.2 137.018 5.22693
4374.6 127.859 5.03028
4376.0 119.726 4.73327
4377.4 128.376 4.99797
4378.8 135.491 5.17692
4380.2 135.895 5.21819
4381.6 134.209 5.21700
4383.0 131.267 5.08618
4384.4 119.735 4.72469
4385.8 121.001 4.84190
4387.2 123.892 4.88935
4388.6 132.390 4.96623
4390.0 133.956 5.19298
4391.4 131.991 5.23545
4392.8 133.007 5.21954
4394.2 130.923 5.04378
4395.6 117.125 4.66198
4397.0 120.573 4.69786
4398.4 133.720 5.17731
4399.8 125.939 4.94506
4401.2 117.484 4.68155
4402.6 125.524 4.95946
4404.0 134.594 5.17071
4405.4 124.800 4.82665
4406.8 128.985 5.05260
4408.2 130.405 5.15619
4409.6 124.904 5.08511
4411.0 128.333 5.06419
4412.4 128.551 5.00893
4413.8 130.961 5.05182
4415.2 123.329 4.84124
4416.6 113.808 4.59644
4418.0 117.840 4.69573
4419.4 120.065 4.85757
4420.8 131.629 5.02240
4422.2 130.439 5.14546
4423.6 126.916 5.08588
4425.0 129.393 5.07152
4426.4 127.096 4.96528
4427.8 126.607 4.94455
4429.2 123.864 4.90088
4430.6 128.341 4.95439
4432.0 129.022 5.01445
4433.4 131.406 5.22472
4434.8 128.073 5.01227
4436.2 123.250 4.75059
4437.6 126.029 4.96653
4439.0 134.972 5.04640
4440.4 132.089 5.02788
4441.8 130.239 5.04880
4443.2 124.565 4.80345
4444.6 115.066 4.52200
4446.0 119.513 4.74599
4447.4 125.807 4.94309
4448.8 134.231 5.24683
4450.2 128.082 4.97648
4451.6 124.618 4.86761
4453.0 128.168 4.93227
4454.4 128.467 4.93324
4455.8 121.186 4.71026
4457.2 123.966 4.66776
4458.6 126.916 4.88767
4460.0 122.911 4.85568
4461.4 125.826 4.85826
4462.8 121.910 4.73287
4464.2 124.193 4.94604
4465.6 125.460 4.81280
4467.0 128.132 4.86713
4468.4 125.035 4.73816
4469.8 116.529 4.38401
4471.2 121.499 4.66904
4472.6 128.728 4.94926
4474.0 126.047 5.00927
4475.4 130.025 4.86324
4476.8 125.852 4.99707
4478.2 127.090 4.86680
4479.6 133.973 4.98398
4481.0 125.891 4.84055
4482.4 119.451 4.66322
4483.8 121.251 4.77096
4485.2 132.340 4.95994
4486.6 131.037 5.04547
4488.0 133.033 5.05649
4489.4 125.577 4.86248
4490.8 122.261 4.67917
4492.2 126.709 4.83431
4493.6 129.026 4.93439
4495.0 125.203 4.85186
4496.4 127.655 4.94962
4497.8 126.967 4.79491
4499.2 127.103 4.82448
4500.6 127.940 4.87012
4502.0 121.612 4.67438
4503.4 122.274 4.64367
4504.8 131.780 4.94768
4506.2 130.844 4.94733
4507.6 127.716 4.82478
4509.0 125.685 4.86165
4510.4 127.183 4.84972
4511.8 129.845 4.91775
4513.2 131.735 5.00478
4514.6 129.511 4.93199
4516.0 125.931 4.81509
4517.4 126.594 4.87893
4518.8 129.819 4.87451
4520.2 124.237 4.88434
4521.6 123.235 4.81944
4523.0 122.755 4.74941
4524.4 121.665 4.75442
4525.8 125.254 4.77045
4527.2 126.424 4.77986
4528.6 123.968 4.67294
4530.0 119.408 4.52689
4531.4 123.218 4.70742
4532.8 124.630 4.74004
4534.2 121.942 4.61176
4535.6 113.062 4.37556
4537.0 123.078 4.77595
4538.4 126.358 4.88466
4539.8 130.528 4.91004
4541.2 128.067 4.88956
4542.6 125.321 4.84520
4544.0 126.126 4.77797
4545.4 126.413 4.79088
4546.8 128.748 4.75714
4548.2 123.980 4.70460
4549.6 117.790 4.52816
4551.0 111.147 4.26901
4552.4 123.920 4.65021
4553.8 124.561 4.73101
4555.2 118.220 4.61570
4556.6 116.565 4.50024
4558.0 120.694 4.62981
4559.4 121.538 4.62215
4560.8 127.269 4.87778
4562.2 131.384 4.82161
4563.6 125.860 4.81869
4565.0 118.528 4.53890
4566.4 124.053 4.75052
4567.8 132.234 4.90398
4569.2 128.722 4.86775
4570.6 126.039 4.77475
4572.0 121.207 4.71190
4573.4 119.256 4.55241
4574.8 126.094 4.79000
4576.2 128.210 4.64402
4577.6 122.773 4.73411
4579.0 126.405 4.88118
4580.4 126.859 4.83452
4581.8 124.329 4.75647
4583.2 120.099 4.63159
4584.6 118.748 4.60233
4586.0 121.219 4.68661
4587.4 124.670 4.84114
4588.8 125.636 4.78539
4590.2 123.802 4.65528
4591.6 126.541 4.80830
4593.0 127.636 4.87545
4594.4 130.344 4.78262
4595.8 129.186 4.82283
4597.2 129.013 4.91862
4598.6 126.701 4.79233
4600.0 133.038 4.94552
4601.4 129.379 4.93153
4602.8 122.693 4.74882
4604.2 123.978 4.79307
4605.6 127.390 4.78915
4607.0 129.290 4.90169
4608.4 128.449 4.85354
4609.8 133.001 4.86367
4611.2 127.847 4.93946
4612.6 125.185 4.78622
4614.0 127.142 4.73820
4615.4 127.751 4.90706
4616.8 126.585 4.72333
4618.2 124.799 4.80650
4619.6 126.767 4.72570
4621.0 123.988 4.75599
4622.4 125.882 4.79127
4623.8 131.680 4.85980
4625.2 130.607 4.80719
4626.6 128.805 4.86731
4628.0 128.119 4.82828
4629.4 126.153 4.82470
4630.8 120.515 4.75428
4632.2 129.077 4.84242
4633.6 128.912 4.80787
4635.0 126.533 4.78300
4636.4 125.402 4.67893
4637.8 128.983 4.89337
4639.2 126.025 4.72107
4640.6 130.442 4.89847
4642.0 128.943 4.79934
4643.4 128.987 4.80652
4644.8 127.038 4.83444
4646.2 125.348 4.76600
4647.6 127.590 4.78132
4649.0 125.371 4.63951
4650.4 125.902 4.73861
4651.8 127.267 4.76402
4653.2 128.028 4.70094
4654.6 129.110 4.80441
4656.0 127.756 4.74104
4657.4 126.113 4.68490
4658.8 122.304 4.64972
4660.2 128.792 4.76419
4661.6 125.851 4.74641
4663.0 131.463 4.78989
4664.4 126.881 4.73302
4665.8 131.393 4.81337
4667.2 128.899 4.74442
4668.6 127.436 4.78832
4670.0 125.432 4.69196
4671.4 124.948 4.66642
4672.8 125.494 4.80001
4674.2 129.773 4.91776
4675.6 127.469 4.72835
4677.0 127.074 4.60100
4678.4 128.106 4.76807
4679.8 125.453 4.75098
4681.2 129.357 4.77565
4682.6 126.696 4.86747
4684.0 125.373 4.79020
4685.4 127.626 4.72234
4686.8 128.426 4.74119
4688.2 129.153 4.71995
4689.6 126.878 4.57451
4691.0 125.343 4.65059
4692.4 126.516 4.73186
4693.8 128.246 4.83749
4695.2 126.359 4.77029
4696.6 128.974 4.87767
4698.0 128.567 4.87999
4699.4 125.987 4.86153
4700.8 126.835 4.81753
4702.2 126.301 4.69606
4703.6 120.501 4.51906
4705.0 122.603 4.41074
4706.4 126.682 4.68857
4707.8 125.142 4.66815
4709.2 123.842 4.67796
4710.6 126.145 4.77299
4712.0 124.421 4.62561
4713.4 126.832 4.65628
4714.8 121.954 4.57886
4716.2 122.392 4.59562
4717.6 125.081 4.79079
4719.0 128.498 4.76242
4720.4 127.667 4.88202
4721.8 127.125 4.72120
4723.2 126.712 4.68829
4724.6 127.193 4.71394
4726.0 128.988 4.76318
4727.4 126.254 4.69589
4728.8 125.196 4.70463
4730.2 124.601 4.79238
4731.6 123.709 4.61851
4733.0 124.297 4.67128
4734.4 123.916 4.72195
4735.8 125.160 4.71458
4737.2 123.945 4.63419
4738.6 124.674 4.58760
4740.0 125.588 4.65055
4741.4 125.922 4.68832
4742.8 127.759 4.79686
4744.2 126.946 4.66146
4745.6 124.089 4.70659
4747.0 127.010 4.74732
4748.4 123.232 4.65835
4749.8 126.062 4.77882
4751.2 126.243 4.70272
4752.6 126.002 4.73189
4754.0 122.667 4.73015
4755.4 127.832 4.71918
4756.8 128.206 4.78355
4758.2 123.878 4.65607
4759.6 126.817 4.74715
4761.0 126.588 4.71202
4762.4 130.064 4.81377
4763.8 120.896 4.56436
4765.2 123.265 4.57524
4766.6 122.065 4.59298
4768.0 125.778 4.75560
4769.4 122.523 4.62178
4770.8 127.422 4.60402
4772.2 124.457 4.62155
4773.6 124.100 4.64013
4775.0 124.337 4.74317
4776.4 126.993 4.69592
4777.8 123.526 4.56983
4779.2 127.209 4.63845
4780.6 121.945 4.51469
4782.0 124.862 4.61971
4783.4 123.988 4.67610
4784.8 121.279 4.59135
4786.2 123.625 4.43725
4787.6 123.682 4.55493
4789.0 122.383 4.44026
4790.4 124.472 4.68057
4791.8 124.959 4.76707
4793.2 124.978 4.71584
4794.6 128.372 5.11884
4796.0 124.720 4.59469
4797.4 123.458 4.61684
4798.8 123.855 4.61230
4800.2 119.708 4.56151
4801.6 126.239 4.54824
4803.0 123.496 4.62000
4804.4 123.492 4.51339
4805.8 120.547 4.49601
4807.2 122.880 4.61403
4808.6 124.305 4.60776
4810.0 123.272 4.54887
4811.4 124.180 4.53850
4812.8 124.616 4.72905
4814.2 120.778 4.57017
4815.6 124.326 4.57242
4817.0 124.072 4.59484
4818.4 125.772 4.52123
4819.8 125.009 4.74206
4821.2 126.601 4.76742
4822.6 123.253 4.64186
4824.0 119.607 4.43670
4825.4 121.029 4.48197
4826.8 125.261 4.70081
4828.2 122.564 4.65926
4829.6 120.219 4.46743
4831.0 123.042 4.51485
4832.4 123.857 4.65478
4833.8 123.557 4.56341
4835.2 123.051 4.57941
4836.6 123.094 4.45738
4838.0 125.129 4.67201
4839.4 120.196 4.38286
4840.8 119.694 4.51362
4842.2 124.205 4.69835
4843.6 119.535 4.56625
4845.0 118.336 4.44455
4846.4 119.948 4.51613
4847.8 121.031 4.51309
4849.2 114.683 4.37726
4850.6 113.995 4.36863
4852.0 114.137 4.22063
4853.4 111.628 4.09368
4854.8 111.943 4.18886
4856.2 107.193 4.10227
4857.6 105.860 4.00220
4859.0 103.742 3.92530
4860.4 89.463 3.47340
4861.8 65.519 2.86546
4863.2 65.269 2.79917
4864.6 85.070 3.37620
4866.0 99.793 3.81805
4867.4 105.518 3.98494
4868.8 109.493 4.17572
4870.2 113.948 4.25582
4871.6 109.496 4.12974
4873.0 106.849 4.09675
4874.4 110.145 4.23457
4875.8 114.567 4.30291
4877.2 112.552 4.28016
4878.6 116.523 4.27189
4880.0 117.016 4.37788
4881.4 118.127 4.41988
4882.8 118.503 4.38167
4884.2 118.876 4.45975
4885.6 116.782 4.35488
4887.0 117.801 4.42094
4888.4 119.724 4.54055
4889.8 123.062 4.50720
4891.2 116.759 4.38291
4892.6 112.613 4.23761
4894.0 116.843 4.39950
4895.4 121.197 4.47630
4896.8 122.399 4.60413
4898.2 122.084 4.48051
4899.6 119.982 4.41491
4901.0 116.050 4.43302
4902.4 118.532 4.45721
4903.8 121.922 4.56510
4905.2 120.705 4.59918
4906.6 118.773 4.70144
4908.0 123.011 4.64594
4909.4 122.014 4.66678
4910.8 122.583 4.59610
4912.2 119.306 4.52817
4913.6 118.925 4.51810
4915.0 122.012 4.63149
4916.4 122.400 4.57930
4917.8 118.860 4.44813
4919.2 115.826 4.51102
4920.6 114.647 4.42860
4922.0 113.896 4.34908
4923.4 113.809 4.30933
4924.8 113.056 4.19555
4926.2 113.953 4.30987
4927.6 122.447 4.56182
4929.0 123.995 4.59600
4930.4 116.381 4.35310
4931.8 122.307 4.59582
4933.2 124.960 4.58546
4934.6 115.236 4.42126
4936.0 115.689 4.31852
4937.4 120.068 4.39898
4938.8 120.196 4.58398
4940.2 116.624 4.45892
4941.6 121.094 4.42413
4943.0 123.972 4.57027
4944.4 122.901 4.51914
4945.8 123.146 4.77262
4947.2 123.391 4.63925
4948.6 122.231 4.48953
4950.0 122.292 4.52906
4951.4 125.014 4.58336
4952.8 126.243 4.52074
4954.2 120.295 4.43502
4955.6 120.953 4.54188
4957.0 122.435 4.48036
4958.4 110.771 4.21784
4959.8 114.190 4.15310
4961.2 120.676 4.47972
4962.6 123.797 4.50777
4964.0 119.802 4.40017
4965.4 123.433 4.64889
4966.8 123.513 4.52851
4968.2 117.253 4.35245
4969.6 117.797 4.40828
4971.0 121.021 4.44944
4972.4 119.328 4.46748
4973.8 119.486 4.34445
4975.2 118.440 4.40987
4976.6 121.603 4.36802
4978.0 121.958 4.52765
4979.4 120.373 4.47548
4980.8 117.200 4.48177
4982.2 118.031 4.43271
4983.6 114.623 4.42151
4985.0 115.909 4.35103
4986.4 114.863 4.34103
4987.8 119.272 4.40330
4989.2 120.565 4.49655
4990.6 118.454 4.42136
4992.0 119.651 4.42578
4993.4 115.952 4.31112
4994.8 115.343 4.29753
4996.2 118.863 4.34536
4997.6 120.716 4.46144
4999.0 118.281 4.42494
