3900.0 76.924 9.55970
3901.4 79.053 10.26260
3902.8 74.252 8.85418
3904.2 80.841 8.10752
3905.6 82.813 8.25782
3907.0 81.947 8.04865
3908.4 83.474 8.38401
3909.8 82.766 8.59566
3911.2 87.257 8.57353
3912.6 104.823 9.02953
3914.0 81.455 9.19730
3915.4 91.122 9.30258
3916.8 84.953 8.47747
3918.2 87.422 8.74172
3919.6 92.647 9.04000
3921.0 79.587 8.22145
3922.4 88.456 7.91744
3923.8 80.447 8.07748
3925.2 101.763 8.61200
3926.6 91.964 8.04985
3928.0 94.230 7.65944
3929.4 96.100 7.33437
3930.8 85.603 6.99001
3932.2 77.921 6.69798
3933.6 60.496 5.89151
3935.0 42.097 5.46596
3936.4 25.297 4.98531
3937.8 17.515 5.20262
3939.2 47.341 6.29429
3940.6 70.488 7.39237
3942.0 80.073 7.98433
3943.4 79.748 8.01442
3944.8 90.547 7.88330
3946.2 85.075 7.63077
3947.6 82.358 8.25398
3949.0 81.971 8.54394
3950.4 89.680 8.57400
3951.8 90.387 8.17059
3953.2 86.226 7.72927
3954.6 85.639 8.35977
3956.0 90.644 8.98067
3957.4 97.374 8.48297
3958.8 86.119 7.94510
3960.2 77.013 7.40427
3961.6 78.173 7.23623
3963.0 84.934 7.11077
3964.4 76.971 6.90636
3965.8 70.402 6.39389
3967.2 71.900 6.27313
3968.6 60.949 5.60767
3970.0 45.022 5.43351
3971.4 30.336 5.02619
3972.8 19.082 4.68248
3974.2 33.182 5.62061
3975.6 53.206 6.41959
3977.0 62.249 6.67476
3978.4 71.045 7.25627
3979.8 85.868 7.39657
3981.2 72.940 7.48796
3982.6 86.313 7.91506
3984.0 86.527 7.98106
3985.4 75.382 7.88498
3986.8 85.353 7.84145
3988.2 88.481 7.78364
3989.6 85.294 7.96195
3991.0 93.143 7.78004
3992.4 90.694 7.92823
3993.8 88.248 8.27723
3995.2 100.904 8.80792
3996.6 103.185 8.45628
3998.0 93.884 8.07445
3999.4 90.248 7.73996
4000.8 85.079 7.67438
4002.2 88.335 7.92245
4003.6 84.997 8.49447
4005.0 99.207 8.35976
4006.4 94.797 7.63161
4007.8 92.312 7.80517
4009.2 94.991 7.92521
4010.6 96.747 8.04084
4012.0 94.603 8.45389
4013.4 98.449 9.26475
4014.8 97.828 9.30355
4016.2 104.335 9.05483
4017.6 85.327 7.84095
4019.0 89.632 7.64104
4020.4 99.567 8.16692
4021.8 90.287 7.75849
4023.2 108.759 8.20601
4024.6 96.056 7.70597
4026.0 87.548 7.57125
4027.4 92.631 7.65249
4028.8 92.542 8.00300
4030.2 87.364 7.68989
4031.6 101.476 7.82678
4033.0 91.205 7.76464
4034.4 88.424 7.70575
4035.8 86.128 7.34161
4037.2 87.904 7.30760
4038.6 89.677 7.66649
4040.0 97.255 7.67741
4041.4 95.458 7.83582
4042.8 101.507 9.32451
4044.2 96.449 8.77568
4045.6 93.204 7.21144
4047.0 91.336 7.38585
4048.4 90.896 7.60381
4049.8 83.649 7.38273
4051.2 94.804 7.66106
4052.6 93.517 8.37738
4054.0 86.687 8.64298
4055.4 95.431 8.94163
4056.8 99.290 7.89049
4058.2 103.657 7.50766
4059.6 94.418 7.61635
4061.0 94.051 7.83116
4062.4 96.907 7.53009
4063.8 98.571 7.44430
4065.2 86.777 7.66133
4066.6 86.874 7.60048
4068.0 79.501 6.92386
4069.4 94.474 7.36536
4070.8 84.487 7.30507
4072.2 91.467 7.13021
4073.6 91.553 7.36657
4075.0 86.660 7.41714
4076.4 93.288 7.27949
4077.8 95.505 7.52311
4079.2 84.720 6.68410
4080.6 79.430 7.00308
4082.0 75.433 6.97829
4083.4 87.784 7.28821
4084.8 94.953 7.25931
4086.2 89.519 7.40089
4087.6 89.753 7.70007
4089.0 90.615 7.54694
4090.4 93.520 7.43203
4091.8 97.361 7.28276
4093.2 90.010 7.66432
4094.6 90.868 8.07475
4096.0 88.847 7.03354
4097.4 87.001 6.97093
4098.8 79.440 6.74254
4100.2 72.787 6.45742
4101.6 78.428 6.45452
4103.0 63.651 5.94438
4104.4 58.072 6.48965
4105.8 49.002 7.06768
4107.2 55.114 6.63410
4108.6 67.463 6.59982
4110.0 81.962 6.82370
4111.4 86.223 7.01479
4112.8 82.855 7.09295
4114.2 78.596 6.92014
4115.6 86.493 6.74242
4117.0 91.167 7.47272
4118.4 96.113 7.16897
4119.8 91.241 7.08700
4121.2 101.494 7.45951
4122.6 90.265 7.14195
4124.0 90.420 7.02088
4125.4 94.794 7.30139
4126.8 92.356 7.05760
4128.2 88.249 6.97714
4129.6 94.884 7.04967
4131.0 90.674 6.97762
4132.4 90.261 7.39715
4133.8 91.481 7.00099
4135.2 92.192 6.96421
4136.6 95.269 7.13385
4138.0 94.140 7.05820
4139.4 91.194 6.98889
4140.8 98.441 7.46393
4142.2 91.668 7.24434
4143.6 107.178 7.17171
4145.0 95.457 6.81856
4146.4 94.604 7.00959
4147.8 83.057 6.91983
4149.2 92.922 6.90454
4150.6 96.320 6.95571
4152.0 91.358 6.99769
4153.4 86.469 6.73560
4154.8 99.954 7.11056
4156.2 93.769 6.85063
4157.6 93.177 6.70791
4159.0 90.669 6.92644
4160.4 92.052 6.97201
4161.8 93.914 7.02672
4163.2 89.449 6.92603
4164.6 99.247 7.17434
4166.0 92.746 7.01803
4167.4 93.308 6.86395
4168.8 87.273 7.09478
4170.2 95.883 7.81246
4171.6 99.441 8.01590
4173.0 98.214 7.76922
4174.4 97.942 6.75703
4175.8 87.157 6.55267
4177.2 81.376 7.01588
4178.6 96.047 7.63683
4180.0 96.075 7.55689
4181.4 88.872 7.50931
4182.8 93.387 6.90741
4184.2 96.809 6.84276
4185.6 88.446 7.04654
4187.0 97.708 7.50358
4188.4 89.676 7.66693
4189.8 88.355 7.72920
4191.2 89.823 7.77335
4192.6 85.348 7.63328
4194.0 101.096 7.66100
4195.4 95.225 7.10895
4196.8 94.624 6.84543
4198.2 95.329 6.77502
4199.6 93.274 7.71053
4201.0 89.139 7.71137
4202.4 90.291 6.75534
4203.8 90.345 6.75962
4205.2 99.691 7.43869
4206.6 93.497 7.21864
4208.0 89.924 7.40452
4209.4 84.018 6.86925
4210.8 89.781 6.73163
4212.2 93.613 6.88790
4213.6 93.254 6.83857
4215.0 90.511 6.77422
4216.4 100.378 7.14380
4217.8 98.498 7.92589
4219.2 94.209 7.14060
4220.6 94.426 6.82723
4222.0 98.726 7.00248
4223.4 96.133 6.86750
4224.8 95.187 7.17311
4226.2 99.293 6.82521
4227.6 93.718 6.63294
4229.0 88.162 6.83109
4230.4 83.615 6.71610
4231.8 86.991 6.82557
4233.2 101.330 6.90633
4234.6 101.547 6.94501
4236.0 98.334 6.93482
4237.4 88.834 6.76444
4238.8 101.818 6.94565
4240.2 91.738 6.81476
4241.6 97.574 6.79953
4243.0 90.880 6.67081
4244.4 92.265 6.59225
4245.8 97.561 7.28505
4247.2 94.731 7.70369
4248.6 93.621 7.59260
4250.0 91.083 6.78316
4251.4 86.287 6.48696
4252.8 93.630 6.95799
4254.2 94.169 7.00930
4255.6 91.172 6.54146
4257.0 99.871 6.88284
4258.4 98.615 6.72025
4259.8 95.188 6.74659
4261.2 103.071 6.77400
4262.6 95.811 6.47008
4264.0 89.837 6.61937
4265.4 95.410 6.61786
4266.8 95.779 6.75688
4268.2 99.831 6.59541
4269.6 97.458 6.68960
4271.0 99.806 6.80202
4272.4 95.919 7.26482
4273.8 90.385 7.54779
4275.2 87.072 7.30691
4276.6 86.338 6.76359
4278.0 86.264 6.32797
4279.4 98.528 6.75121
4280.8 98.481 6.60076
4282.2 97.560 6.85359
4283.6 94.506 6.80191
4285.0 92.379 6.57168
4286.4 92.428 6.55957
4287.8 91.785 6.87416
4289.2 98.689 7.11858
4290.6 96.733 6.62429
4292.0 94.068 6.32360
4293.4 77.126 5.99098
4294.8 84.025 6.37014
4296.2 92.148 6.92052
4297.6 89.276 6.36072
4299.0 91.097 6.09425
4300.4 100.015 6.40558
4301.8 92.208 6.33868
4303.2 88.748 6.00723
4304.6 80.365 5.70627
4306.0 83.619 5.70486
4307.4 87.331 5.95813
4308.8 92.456 6.00350
4310.2 91.668 5.94862
4311.6 86.970 5.76992
4313.0 90.714 5.99199
4314.4 94.901 6.53826
4315.8 95.245 6.89080
4317.2 90.584 6.42175
4318.6 79.767 6.38404
4320.0 87.815 6.57126
4321.4 98.190 6.71376
4322.8 91.606 7.17093
4324.2 91.777 7.13615
4325.6 90.227 6.14339
4327.0 91.948 6.09729
4328.4 83.873 6.16168
4329.8 88.000 6.39113
4331.2 93.306 6.29374
4332.6 90.245 6.45022
4334.0 91.438 6.55152
4335.4 94.827 6.66534
4336.8 91.652 7.04262
4338.2 85.856 6.54485
4339.6 82.772 5.72976
4341.0 75.246 5.51896
4342.4 68.296 5.75974
4343.8 50.900 6.22209
4345.2 51.160 6.63599
4346.6 65.118 6.99387
4348.0 79.798 6.53087
4349.4 81.573 6.51319
4350.8 89.046 6.54319
4352.2 90.468 6.40826
4353.6 86.079 5.90393
4355.0 89.430 6.18488
4356.4 83.592 6.35273
4357.8 91.740 7.17387
4359.2 93.436 7.91220
4360.6 103.941 7.45875
4362.0 92.733 6.54199
4363.4 88.846 6.13636
4364.8 94.841 6.45572
4366.2 94.418 6.52642
4367.6 93.637 6.43397
4369.0 102.112 6.64922
4370.4 96.049 6.29571
4371.8 88.376 6.13745
4373.2 92.442 6.37425
4374.6 94.847 6.39687
4376.0 100.141 6.47266
4377.4 94.023 6.60843
4378.8 92.168 6.61862
4380.2 86.638 6.62661
4381.6 100.413 6.99733
4383.0 104.019 6.42734
4384.4 93.741 5.96707
4385.8 95.466 6.35678
4387.2 90.016 6.63801
4388.6 86.226 6.44490
4390.0 91.355 6.18580
4391.4 92.955 6.32273
4392.8 98.215 6.60760
4394.2 92.299 6.34253
4395.6 98.594 6.48348
4397.0 96.788 6.42636
4398.4 85.446 6.14576
4399.8 89.927 6.44451
4401.2 92.298 7.33558
4402.6 95.545 7.47964
4404.0 89.070 6.85939
4405.4 88.936 6.14329
4406.8 91.552 6.14133
4408.2 93.856 6.41359
4409.6 84.722 6.54844
4411.0 91.059 6.39402
4412.4 89.052 6.19463
4413.8 96.665 6.48118
4415.2 99.270 6.80167
4416.6 95.861 6.34078
4418.0 94.590 6.26919
4419.4 84.595 6.03676
4420.8 74.570 5.96979
4422.2 87.853 5.97940
4423.6 95.181 6.34484
4425.0 95.400 6.35483
4426.4 90.945 6.13218
4427.8 93.952 6.06223
4429.2 90.830 6.29288
4430.6 96.946 6.46546
4432.0 95.840 6.45915
4433.4 95.210 6.38947
4434.8 94.788 6.25711
4436.2 101.249 6.29862
4437.6 94.880 6.10912
4439.0 90.410 6.48263
4440.4 88.569 6.29720
4441.8 97.692 6.45411
4443.2 102.314 6.46402
4444.6 95.322 6.11684
4446.0 85.722 5.88731
4447.4 83.449 5.86882
4448.8 85.602 6.00148
4450.2 94.687 6.28408
4451.6 97.811 6.33200
4453.0 90.561 6.36814
4454.4 91.554 6.19561
4455.8 97.764 6.11905
4457.2 101.223 6.38832
4458.6 92.875 6.54031
4460.0 90.513 6.57016
4461.4 93.707 6.52260
4462.8 91.478 6.37416
4464.2 91.649 6.71092
4465.6 91.429 6.68021
4467.0 90.151 6.24285
4468.4 95.894 6.21187
4469.8 91.720 6.05457
4471.2 89.563 6.03564
4472.6 79.361 5.75517
4474.0 82.369 5.88428
4475.4 99.616 6.40087
4476.8 97.865 6.56026
4478.2 94.373 6.68838
4479.6 100.172 6.51676
4481.0 93.025 6.02976
4482.4 90.349 5.99582
4483.8 96.082 6.05614
4485.2 83.089 6.10549
4486.6 86.661 6.00576
4488.0 90.447 6.05448
4489.4 97.954 6.19076
4490.8 92.477 6.07857
4492.2 99.693 6.08352
4493.6 94.787 6.15663
4495.0 91.368 6.09119
4496.4 93.427 5.96416
4497.8 90.611 6.27693
4499.2 93.175 6.76395
4500.6 91.760 6.28891
4502.0 99.751 6.31055
4503.4 100.658 6.42123
4504.8 92.049 6.59560
4506.2 93.212 6.63837
4507.6 96.985 6.48572
4509.0 94.505 6.27478
4510.4 92.213 6.13961
4511.8 91.740 6.93459
4513.2 94.668 6.92985
4514.6 101.341 6.36275
4516.0 94.099 6.14132
4517.4 97.352 6.71766
4518.8 90.220 6.90146
4520.2 89.031 6.80883
4521.6 102.516 7.09458
4523.0 95.453 6.60705
4524.4 87.825 6.11333
4525.8 86.517 5.88230
4527.2 88.927 5.83788
4528.6 95.619 6.24005
4530.0 95.508 6.24094
4531.4 90.423 6.07193
4532.8 91.211 6.22755
4534.2 85.150 6.18129
4535.6 94.449 6.00256
4537.0 86.175 5.58756
4538.4 81.390 5.76042
4539.8 83.648 inf
4541.2 85.907 inf
4542.6 88.165 inf
4544.0 90.423 inf
4545.4 92.681 inf
4546.8 94.939 6.30894
4548.2 99.596 6.17401
4549.6 100.750 6.44383
4551.0 97.825 6.53509
4552.4 89.122 6.88681
4553.8 87.699 6.46256
4555.2 91.064 5.87227
4556.6 93.120 6.00866
4558.0 88.898 6.13922
4559.4 87.712 6.77559
4560.8 89.746 6.98803
4562.2 86.870 6.42220
4563.6 93.465 5.99599
4565.0 98.641 6.11619
4566.4 94.220 6.14603
4567.8 91.777 6.04504
4569.2 93.393 5.99868
4570.6 98.703 6.10713
4572.0 97.814 5.91498
4573.4 95.183 5.91346
4574.8 94.002 5.93346
4576.2 92.534 5.97868
4577.6 95.337 6.03076
4579.0 95.903 6.11684
4580.4 94.626 6.10402
4581.8 93.650 5.70293
4583.2 97.001 6.21610
4584.6 93.190 6.16077
4586.0 94.275 5.91439
4587.4 88.544 5.76360
4588.8 87.751 5.74687
4590.2 90.180 5.96856
4591.6 93.058 5.99233
4593.0 96.281 6.43530
4594.4 94.133 6.39853
4595.8 87.884 5.98594
4597.2 93.431 6.00429
4598.6 88.296 6.33058
4600.0 91.572 6.54818
4601.4 92.664 6.28271
4602.8 96.156 6.23191
4604.2 102.086 6.36793
4605.6 100.235 6.46001
4607.0 95.373 6.53180
4608.4 96.704 6.29409
4609.8 92.535 5.83825
4611.2 98.481 6.15022
4612.6 97.890 6.29206
4614.0 92.367 6.27839
4615.4 97.633 5.93532
4616.8 95.924 5.98527
4618.2 95.019 5.91744
4619.6 91.700 6.04859
4621.0 94.472 6.34575
4622.4 90.671 6.16019
4623.8 94.100 5.90727
4625.2 96.347 6.09545
4626.6 101.869 6.20892
4628.0 91.751 6.65163
4629.4 93.910 6.73599
4630.8 100.895 6.34673
4632.2 98.965 5.99816
4633.6 95.441 5.98571
4635.0 95.363 5.81545
4636.4 94.076 6.11534
4637.8 103.906 6.16552
4639.2 96.151 5.95561
4640.6 93.977 5.82223
4642.0 97.930 5.86880
4643.4 99.634 6.00624
4644.8 100.968 6.15975
4646.2 94.013 6.35677
4647.6 93.263 6.10524
4649.0 93.212 5.78771
4650.4 97.980 6.17468
4651.8 95.929 6.60313
4653.2 92.234 6.53814
4654.6 93.899 6.66449
4656.0 102.714 6.69327
4657.4 97.984 6.44474
4658.8 96.194 6.21585
4660.2 101.592 6.12256
4661.6 90.825 6.29500
4663.0 97.413 6.62786
4664.4 95.121 6.30831
4665.8 93.973 5.91018
4667.2 94.305 5.67693
4668.6 100.683 5.77738
4670.0 95.630 5.90791
4671.4 96.814 6.34947
4672.8 92.571 6.15977
4674.2 96.218 6.11467
4675.6 88.146 6.00087
4677.0 94.931 5.97239
4678.4 91.409 5.89771
4679.8 97.272 5.69206
4681.2 94.299 5.96508
4682.6 96.996 6.31026
4684.0 95.923 6.49434
4685.4 95.873 6.39786
4686.8 94.225 6.16755
4688.2 95.331 6.26879
4689.6 95.414 6.78084
4691.0 96.652 6.33837
4692.4 94.952 5.82634
4693.8 96.849 5.86007
4695.2 103.819 6.63168
4696.6 95.197 6.53994
4698.0 97.175 5.77768
4699.4 95.012 5.66639
4700.8 93.347 5.73885
4702.2 97.276 6.10967
4703.6 93.606 6.02360
4705.0 92.723 5.70170
4706.4 96.833 5.57088
4707.8 87.992 5.56283
4709.2 99.135 6.04151
4710.6 93.920 5.71452
4712.0 96.409 5.75356
4713.4 96.850 5.80986
4714.8 92.413 6.24915
4716.2 101.055 6.23858
4717.6 91.059 5.68603
4719.0 95.741 5.72386
4720.4 94.095 5.75481
4721.8 100.820 5.79232
4723.2 93.678 5.78924
4724.6 96.303 5.67095
4726.0 92.404 5.58306
4727.4 91.623 5.95851
4728.8 96.747 6.20723
4730.2 94.113 5.73042
4731.6 93.984 5.53947
4733.0 94.804 6.05736
4734.4 94.477 6.33144
4735.8 96.005 5.64433
4737.2 95.870 5.60145
4738.6 96.630 6.05692
4740.0 97.755 6.40294
4741.4 96.380 5.60288
4742.8 93.550 5.80516
4744.2 97.204 6.43662
4745.6 96.156 6.83723
4747.0 91.963 5.52654
4748.4 94.791 5.74047
4749.8 100.622 6.45824
4751.2 95.666 6.34337
4752.6 95.033 5.62716
4754.0 97.302 5.60875
4755.4 93.013 5.52021
4756.8 94.995 5.57974
4758.2 97.317 5.89321
4759.6 97.291 5.60995
4761.0 91.357 5.92162
4762.4 90.157 5.82983
4763.8 97.001 5.65585
4765.2 94.284 5.64911
4766.6 91.432 5.41561
4768.0 88.086 5.83058
4769.4 89.216 5.99660
4770.8 90.202 6.04245
4772.2 97.843 5.80902
4773.6 94.104 5.75921
4775.0 94.018 5.57333
4776.4 91.402 5.52989
4777.8 94.888 5.60470
4779.2 95.365 5.85536
4780.6 93.633 5.73138
4782.0 94.300 5.89477
4783.4 96.874 6.04486
4784.8 94.508 6.00306
4786.2 92.251 5.71073
4787.6 97.801 5.51845
4789.0 95.275 5.54501
4790.4 93.787 5.63717
4791.8 97.378 6.08653
4793.2 91.392 5.77107
4794.6 94.340 5.81505
4796.0 95.665 5.94804
4797.4 95.137 6.12421
4798.8 92.790 5.61531
4800.2 94.347 5.51521
4801.6 98.374 5.81216
4803.0 95.874 5.90183
4804.4 91.504 5.47788
4805.8 92.225 5.42623
4807.2 97.297 5.76065
4808.6 93.275 5.73162
4810.0 90.467 5.48328
4811.4 95.457 5.45086
4812.8 93.816 5.51484
4814.2 92.770 5.64340
4815.6 91.812 6.37317
4817.0 94.885 6.67253
4818.4 92.987 5.72031
4819.8 94.885 5.59437
4821.2 95.604 5.58546
4822.6 90.206 5.43769
4824.0 92.939 5.73713
4825.4 90.884 5.53133
4826.8 91.076 5.58523
4828.2 94.467 5.42738
4829.6 91.027 5.48702
4831.0 87.921 5.58528
4832.4 87.943 5.74206
4833.8 93.126 5.62289
4835.2 97.381 5.50332
4836.6 89.026 5.39331
4838.0 95.909 5.53656
4839.4 94.618 5.58610
4840.8 94.096 5.56945
4842.2 89.857 5.41419
4843.6 90.943 5.38934
4845.0 92.664 5.46755
4846.4 90.235 5.49489
4847.8 88.222 5.84340
4849.2 90.373 6.63047
4850.6 87.247 6.28108
4852.0 82.863 5.16293
4853.4 87.712 5.29218
4854.8 87.995 5.32093
4856.2 91.773 5.49134
4857.6 82.412 5.32715
4859.0 79.713 5.15741
4860.4 77.907 4.92731
4861.8 77.785 4.78323
4863.2 73.900 4.73094
4864.6 58.670 4.86479
4866.0 58.167 4.94568
4867.4 59.429 5.09689
4868.8 71.991 5.22435
4870.2 75.717 5.39926
4871.6 80.654 5.24933
4873.0 84.665 5.32252
4874.4 85.747 5.80810
4875.8 84.159 6.05021
4877.2 82.827 5.61118
4878.6 83.272 5.20787
4880.0 86.856 5.22080
4881.4 85.656 5.21562
4882.8 86.790 5.34356
4884.2 89.742 5.43917
4885.6 87.651 5.38705
4887.0 91.557 5.39551
4888.4 88.056 5.38826
4889.8 91.605 5.79168
4891.2 91.164 5.90005
4892.6 90.112 6.00073
4894.0 88.153 6.05142
4895.4 86.446 5.64639
4896.8 87.693 5.43173
4898.2 96.183 5.66020
4899.6 90.350 5.35983
4901.0 88.214 5.40219
4902.4 93.063 5.37358
4903.8 84.453 5.48554
4905.2 85.575 5.48581
4906.6 90.256 5.61634
4908.0 95.126 5.66283
4909.4 97.090 6.15741
4910.8 92.552 6.32257
4912.2 91.924 5.59505
4913.6 95.373 5.50724
4915.0 93.201 5.52553
4916.4 93.645 5.54179
4917.8 93.607 5.41969
4919.2 84.904 5.03576
4920.6 93.232 5.14075
4922.0 89.547 5.30633
4923.4 87.636 5.41152
4924.8 84.391 5.44757
4926.2 88.326 5.39390
4927.6 87.639 5.43353
4929.0 87.470 5.29462
4930.4 92.740 5.33930
4931.8 92.635 5.40830
4933.2 95.353 5.62876
4934.6 96.191 5.49110
4936.0 92.582 5.26793
4937.4 90.554 5.29587
4938.8 86.932 5.32684
4940.2 86.120 5.24979
4941.6 92.633 5.29203
4943.0 88.059 5.13372
4944.4 87.052 5.10873
4945.8 92.277 5.34622
4947.2 91.244 5.26432
4948.6 93.714 5.27256
4950.0 92.373 5.24354
4951.4 95.309 5.29420
4952.8 93.218 5.26433
4954.2 91.199 5.27545
4955.6 93.148 5.34389
4957.0 90.400 5.15781
4958.4 88.163 4.96211
4959.8 88.632 5.16028
4961.2 86.043 5.25634
4962.6 88.204 5.48339
4964.0 94.088 5.68310
4965.4 92.179 5.89009
4966.8 96.033 6.03970
4968.2 91.737 5.86131
4969.6 93.583 5.21947
4971.0 92.629 inf
4972.4 91.675 inf
4973.8 90.721 5.74772
4975.2 92.194 5.59092
4976.6 91.266 5.50509
4978.0 89.152 5.29414
4979.4 90.383 5.30863
4980.8 94.317 5.34290
4982.2 93.884 5.39866
4983.6 90.031 5.28201
4985.0 86.827 5.16294
4986.4 82.926 5.28204
4987.8 85.362 5.24115
4989.2 94.185 5.35770
4990.6 86.768 5.26686
4992.0 94.739 5.51321
4993.4 87.671 5.51872
4994.8 92.111 5.39221
4996.2 91.597 5.48265
4997.6 87.169 5.52754
4999.0 91.591 5.41373
