3900.0 43.062 5.61882
3901.4 45.061 6.04803
3902.8 47.387 6.02187
3904.2 48.450 6.11445
3905.6 53.297 6.44372
3907.0 49.862 6.29897
3908.4 50.854 6.00357
3909.8 50.818 5.87073
3911.2 47.045 5.41774
3912.6 49.034 5.69367
3914.0 50.230 5.68894
3915.4 51.294 5.66049
3916.8 52.107 5.37756
3918.2 52.334 5.49029
3919.6 48.584 5.31703
3921.0 54.566 5.59815
3922.4 54.093 5.27805
3923.8 52.833 5.29867
3925.2 53.798 5.09589
3926.6 54.336 5.45710
3928.0 45.257 5.34501
3929.4 45.719 4.92125
3930.8 36.810 4.86639
3932.2 34.401 4.67254
3933.6 31.145 5.03233
3935.0 57.132 5.46009
3936.4 49.155 5.14024
3937.8 54.257 5.39833
3939.2 53.210 5.25301
3940.6 52.807 5.39029
3942.0 52.652 5.25449
3943.4 50.458 5.27751
3944.8 47.864 5.13236
3946.2 56.301 5.47803
3947.6 48.165 5.03045
3949.0 51.066 5.42246
3950.4 51.248 5.72381
3951.8 46.474 5.35368
3953.2 54.769 5.22561
3954.6 39.605 4.61036
3956.0 48.703 5.04449
3957.4 48.686 5.15996
3958.8 38.040 4.88425
3960.2 40.187 5.15454
3961.6 41.027 5.79645
3963.0 32.744 5.76500
3964.4 23.597 5.58078
3965.8 20.437 5.29693
3967.2 8.777 4.76192
3968.6 14.616 4.48124
3970.0 13.540 4.68470
3971.4 32.850 4.94115
3972.8 30.384 4.73790
3974.2 32.598 4.72420
3975.6 38.924 4.93810
3977.0 44.926 4.97286
3978.4 46.816 4.81515
3979.8 37.163 4.36714
3981.2 43.041 4.78443
3982.6 45.261 4.67198
3984.0 49.117 4.98124
3985.4 47.363 4.80828
3986.8 41.849 4.49615
3988.2 48.082 4.76871
3989.6 53.038 4.93055
3991.0 53.199 4.99043
3992.4 53.063 5.27139
3993.8 45.947 4.95190
3995.2 51.169 4.95822
3996.6 48.357 4.80017
3998.0 50.776 4.73812
3999.4 50.325 4.85569
4000.8 50.127 5.03505
4002.2 44.047 5.22434
4003.6 49.861 5.16066
4005.0 48.068 4.95145
4006.4 52.588 4.86582
4007.8 52.871 4.78047
4009.2 52.521 4.95234
4010.6 57.038 4.74587
4012.0 47.874 4.66546
4013.4 49.839 4.72269
4014.8 54.161 4.71783
4016.2 53.183 4.70124
4017.6 52.834 4.64394
4019.0 49.050 4.74904
4020.4 53.806 4.70932
4021.8 47.723 4.69850
4023.2 52.688 4.86494
4024.6 53.711 4.83979
4026.0 49.695 4.49396
4027.4 54.417 5.00285
4028.8 53.522 5.03787
4030.2 47.084 4.68023
4031.6 50.258 4.54798
4033.0 49.162 4.68911
4034.4 47.030 4.65220
4035.8 47.032 5.01437
4037.2 46.850 5.14440
4038.6 49.444 5.54568
4040.0 55.477 5.27434
4041.4 47.241 4.41949
4042.8 48.598 4.85037
4044.2 50.897 5.47585
4045.6 53.283 6.01097
4047.0 53.604 6.03229
4048.4 54.643 5.74688
4049.8 49.169 5.45729
4051.2 51.167 5.42824
4052.6 52.452 5.17196
4054.0 48.369 4.74250
4055.4 52.474 4.94938
4056.8 50.206 4.96201
4058.2 51.044 4.97757
4059.6 46.789 4.63858
4061.0 44.999 4.95629
4062.4 49.507 4.95553
4063.8 46.144 4.71182
4065.2 48.100 4.86234
4066.6 55.760 4.78472
4068.0 54.376 4.82908
4069.4 47.518 4.99554
4070.8 46.936 5.25862
4072.2 57.207 5.25430
4073.6 43.099 4.72131
4075.0 47.756 4.59446
4076.4 46.998 4.43281
4077.8 45.025 4.43877
4079.2 44.733 4.78090
4080.6 42.399 4.63198
4082.0 45.693 4.67218
4083.4 40.774 4.59170
4084.8 44.553 4.30679
4086.2 48.609 4.29990
4087.6 40.852 4.28154
4089.0 40.283 4.07144
4090.4 41.040 4.22267
4091.8 37.625 4.22876
4093.2 32.431 4.08375
4094.6 27.996 3.72097
4096.0 31.224 3.72649
4097.4 22.405 3.31803
4098.8 20.932 3.26813
4100.2 16.307 3.10389
4101.6 20.943 3.23249
4103.0 25.395 3.38679
4104.4 29.621 3.59372
4105.8 30.478 3.62749
4107.2 33.151 3.87597
4108.6 38.575 4.12251
4110.0 36.020 3.95893
4111.4 42.428 3.95236
4112.8 43.849 4.03349
4114.2 44.670 4.18403
4115.6 36.720 4.33266
4117.0 49.431 4.76472
4118.4 41.001 4.63146
4119.8 45.039 4.67735
4121.2 40.398 4.51778
4122.6 46.847 4.37123
4124.0 45.230 4.17874
4125.4 43.811 4.29885
4126.8 47.655 4.29758
4128.2 44.551 4.16596
4129.6 47.622 4.47795
4131.0 52.458 4.46740
4132.4 54.255 4.74878
4133.8 49.402 4.56598
4135.2 48.122 4.28927
4136.6 42.349 4.12898
4138.0 51.389 4.22634
4139.4 52.990 4.65850
4140.8 47.527 4.58507
4142.2 46.607 4.04772
4143.6 50.864 4.12241
4145.0 50.125 4.11654
4146.4 50.042 4.27946
4147.8 48.852 4.08367
4149.2 49.751 4.14440
4150.6 52.196 4.27259
4152.0 48.535 4.29552
4153.4 45.777 4.32804
4154.8 52.633 4.39678
4156.2 45.873 4.10087
4157.6 48.912 4.35678
4159.0 49.450 4.40280
4160.4 45.970 4.33953
4161.8 48.251 4.23857
4163.2 42.060 3.90498
4164.6 47.401 4.08487
4166.0 45.335 4.21546
4167.4 49.303 4.14433
4168.8 43.396 3.96228
4170.2 45.042 4.30898
4171.6 43.957 4.79348
4173.0 46.760 4.50169
4174.4 49.193 4.11761
4175.8 49.168 4.35343
4177.2 51.855 4.24601
4178.6 51.261 4.13342
4180.0 48.722 4.05774
4181.4 48.303 4.14647
4182.8 46.880 4.28853
4184.2 42.244 3.86890
4185.6 44.946 3.96619
4187.0 49.514 4.10475
4188.4 50.417 4.00189
4189.8 48.865 4.24406
4191.2 49.332 4.25592
4192.6 46.888 4.22550
4194.0 48.929 4.20155
4195.4 44.735 3.88639
4196.8 45.630 3.88758
4198.2 47.006 3.90759
4199.6 43.924 3.92045
4201.0 43.864 3.92430
4202.4 49.594 4.03476
4203.8 47.713 4.03078
4205.2 46.727 3.94889
4206.6 46.027 3.88281
4208.0 47.695 4.00157
4209.4 44.906 3.84047
4210.8 48.251 3.84582
4212.2 44.265 3.86667
4213.6 41.185 3.91306
4215.0 48.420 4.34658
4216.4 46.625 4.29588
4217.8 48.045 4.24509
4219.2 47.560 4.06837
4220.6 44.179 3.69237
4222.0 45.023 3.71993
4223.4 40.318 3.47900
4224.8 43.636 3.88297
4226.2 46.103 3.82785
4227.6 46.804 4.30851
4229.0 50.447 4.01779
4230.4 43.845 3.76035
4231.8 48.291 3.76866
4233.2 46.607 3.68983
4234.6 44.765 3.65791
4236.0 44.884 3.59886
4237.4 44.700 3.70434
4238.8 47.613 3.76033
4240.2 49.282 3.85288
4241.6 49.195 3.98217
4243.0 44.492 3.75581
4244.4 44.953 3.71115
4245.8 47.849 3.86793
4247.2 43.342 3.91758
4248.6 48.193 4.26623
4250.0 47.543 4.17178
4251.4 49.317 4.03130
4252.8 43.975 3.77309
4254.2 44.269 3.84010
4255.6 47.231 3.73316
4257.0 45.205 3.81219
4258.4 43.216 3.96262
4259.8 46.790 3.97431
4261.2 48.444 4.03435
4262.6 49.557 4.06172
4264.0 52.950 4.13235
4265.4 45.628 4.09334
4266.8 46.624 4.01011
4268.2 45.681 3.99714
4269.6 44.275 3.78789
4271.0 40.993 3.65071
4272.4 49.079 3.78749
4273.8 40.997 3.75965
4275.2 45.678 3.85437
4276.6 45.280 3.76448
4278.0 48.338 3.59399
4279.4 48.896 3.91361
4280.8 46.117 3.92432
4282.2 45.530 3.85886
4283.6 41.459 3.65399
4285.0 43.602 3.58918
4286.4 43.547 3.62630
4287.8 45.758 3.55244
4289.2 38.834 3.42485
4290.6 47.739 3.56282
4292.0 41.399 3.68087
4293.4 42.230 3.61738
4294.8 44.110 3.64394
4296.2 43.805 3.67558
4297.6 38.881 3.43418
4299.0 44.000 3.62057
4300.4 40.731 3.47517
4301.8 39.806 3.44449
4303.2 44.158 3.51604
4304.6 42.863 3.51677
4306.0 42.768 3.42354
4307.4 38.463 3.43886
4308.8 42.761 3.50506
4310.2 42.436 inf
4311.6 42.112 inf
4313.0 41.788 3.63234
4314.4 44.118 3.74350
4315.8 45.644 3.69964
4317.2 42.208 3.61913
4318.6 41.215 3.58624
4320.0 37.550 3.48292
4321.4 39.042 3.63784
4322.8 43.088 3.65119
4324.2 37.493 3.30999
4325.6 36.244 3.40636
4327.0 35.505 3.49318
4328.4 37.948 3.44506
4329.8 37.217 3.33766
4331.2 36.869 3.25738
4332.6 31.476 3.28842
4334.0 27.413 3.42451
4335.4 25.252 3.23353
4336.8 21.073 2.76708
4338.2 12.842 2.44053
4339.6 15.751 2.49559
4341.0 18.914 2.85755
4342.4 26.099 3.08328
4343.8 27.187 3.05746
4345.2 30.797 3.15546
4346.6 32.456 3.35121
4348.0 37.407 3.43643
4349.4 32.168 3.26661
4350.8 36.234 3.30703
4352.2 39.651 3.38455
4353.6 37.058 3.38415
4355.0 37.243 3.40684
4356.4 38.231 3.57139
4357.8 36.725 3.79830
4359.2 45.717 4.42925
4360.6 44.106 4.38571
4362.0 40.667 4.17159
4363.4 43.576 4.13607
4364.8 41.293 3.96413
4366.2 40.981 3.68092
4367.6 44.792 3.61505
4369.0 40.568 3.72975
4370.4 45.105 3.76201
4371.8 43.487 3.47130
4373.2 38.983 3.46378
4374.6 42.789 3.43175
4376.0 40.837 3.49039
4377.4 42.216 3.61545
4378.8 46.266 3.59279
4380.2 44.082 3.58875
4381.6 44.953 3.70587
4383.0 43.142 3.33852
4384.4 41.750 3.46448
4385.8 45.728 3.49132
4387.2 42.788 3.51002
4388.6 46.421 3.85774
4390.0 43.242 3.99064
4391.4 46.911 3.75596
4392.8 43.569 3.59866
4394.2 39.195 3.30175
4395.6 42.572 3.39438
4397.0 41.403 3.27184
4398.4 41.124 3.37143
4399.8 41.328 3.41124
4401.2 40.152 3.41931
4402.6 41.743 3.48924
4404.0 41.968 3.65546
4405.4 42.508 3.67510
4406.8 43.811 3.56298
4408.2 43.931 3.43831
4409.6 41.748 3.40010
4411.0 38.806 3.37479
4412.4 43.776 3.45120
4413.8 40.726 3.32253
4415.2 37.318 3.37217
4416.6 41.589 3.42773
4418.0 39.884 3.45959
4419.4 45.036 3.40962
4420.8 44.480 3.50457
4422.2 46.453 3.47270
4423.6 47.209 3.50352
4425.0 41.812 3.35502
4426.4 40.796 3.30770
4427.8 41.160 3.50450
4429.2 39.059 3.33843
4430.6 42.482 3.40825
4432.0 43.453 3.42743
4433.4 45.249 3.63872
4434.8 41.913 3.59118
4436.2 41.968 3.43933
4437.6 43.805 3.22791
4439.0 40.807 3.35653
4440.4 39.326 3.32501
4441.8 38.824 3.27037
4443.2 41.185 3.26688
4444.6 40.929 3.34600
4446.0 39.009 3.54457
4447.4 43.612 3.65807
4448.8 43.130 3.37518
4450.2 41.017 3.40742
4451.6 41.374 3.51021
4453.0 38.565 3.63440
4454.4 38.374 3.64256
4455.8 40.452 3.78971
4457.2 42.820 3.84582
4458.6 43.944 3.64660
4460.0 42.425 3.57197
4461.4 42.473 3.32100
4462.8 39.831 3.17195
4464.2 43.041 3.30852
4465.6 41.949 3.26632
4467.0 39.436 3.23246
4468.4 43.147 3.30512
4469.8 41.251 3.12853
4471.2 41.699 3.18031
4472.6 41.188 3.14829
4474.0 42.165 3.20197
4475.4 43.304 3.27955
4476.8 43.449 3.25245
4478.2 39.865 3.40542
4479.6 36.480 3.29488
4481.0 41.930 3.48943
4482.4 40.399 3.25694
4483.8 40.197 3.11985
4485.2 39.828 3.19213
4486.6 41.946 3.13606
4488.0 39.782 3.24346
4489.4 41.273 3.28443
4490.8 42.181 3.55692
4492.2 41.483 3.43371
4493.6 41.221 3.42256
4495.0 43.910 3.32434
4496.4 40.604 3.27384
4497.8 39.205 3.24086
4499.2 42.718 3.33490
4500.6 45.254 3.28965
4502.0 41.751 3.13185
4503.4 41.425 3.07062
4504.8 41.013 3.18427
4506.2 41.150 3.40125
4507.6 43.287 3.65572
4509.0 43.461 3.42037
4510.4 42.251 3.20944
4511.8 43.384 3.26207
4513.2 41.956 3.46013
4514.6 39.717 3.31291
4516.0 38.589 3.22238
4517.4 42.020 3.22647
4518.8 38.147 3.31312
4520.2 42.922 3.49880
4521.6 39.069 3.26822
4523.0 38.964 3.14668
4524.4 42.942 3.20905
4525.8 39.417 3.16122
4527.2 40.373 3.08887
4528.6 40.141 3.47337
4530.0 40.639 3.46884
4531.4 39.341 3.29768
4532.8 36.179 3.23504
4534.2 39.888 3.61316
4535.6 41.418 3.54957
4537.0 42.076 3.36560
4538.4 42.421 3.22348
4539.8 40.823 3.32831
4541.2 43.385 3.48123
4542.6 44.182 3.58877
4544.0 40.078 3.46662
4545.4 41.478 3.31829
4546.8 41.532 3.28800
4548.2 37.999 3.22288
4549.6 36.731 3.31646
4551.0 43.918 3.42950
4552.4 41.449 3.41088
4553.8 38.617 3.15927
4555.2 41.443 3.15098
4556.6 44.513 3.20419
4558.0 38.204 3.06848
4559.4 41.359 3.15159
4560.8 40.601 3.05090
4562.2 42.038 3.10890
4563.6 41.684 3.12784
4565.0 41.805 3.02939
4566.4 42.511 3.02929
4567.8 43.967 3.07896
4569.2 37.977 3.10493
4570.6 41.144 3.31350
4572.0 40.046 3.14711
4573.4 42.268 3.00964
4574.8 43.515 3.02517
4576.2 37.940 2.87520
4577.6 39.192 3.02550
4579.0 42.835 3.21854
4580.4 38.202 3.11219
4581.8 39.545 3.06009
4583.2 44.362 3.16614
4584.6 40.242 3.03898
4586.0 40.120 3.05991
4587.4 38.337 3.02785
4588.8 39.655 3.01209
4590.2 41.563 3.10994
4591.6 44.300 3.20125
4593.0 41.938 3.28082
4594.4 44.552 3.38986
4595.8 38.005 3.26608
4597.2 41.863 3.22054
4598.6 39.328 3.08710
4600.0 40.303 3.03993
4601.4 40.904 3.05958
4602.8 42.230 2.99994
4604.2 41.163 2.99799
4605.6 42.590 3.24630
4607.0 42.179 3.00155
4608.4 38.849 2.92189
4609.8 41.317 3.19892
4611.2 42.182 3.29440
4612.6 38.723 2.85196
4614.0 40.606 2.85745
4615.4 41.411 2.96860
4616.8 37.145 2.91307
4618.2 42.655 3.09448
4619.6 40.329 2.96979
4621.0 39.328 2.89034
4622.4 42.992 2.93013
4623.8 39.103 2.96448
4625.2 40.541 3.01802
4626.6 41.195 3.05695
4628.0 41.351 3.05307
4629.4 41.699 3.03075
4630.8 41.841 3.01682
4632.2 44.311 3.09107
4633.6 37.297 2.98113
4635.0 41.068 3.05246
4636.4 41.184 3.11938
4637.8 42.593 2.98148
4639.2 38.960 2.87191
4640.6 42.845 3.04956
4642.0 42.018 3.08317
4643.4 48.148 3.05884
4644.8 40.751 3.00228
4646.2 43.766 2.92621
4647.6 39.098 2.94639
4649.0 44.855 3.00748
4650.4 38.814 2.97149
4651.8 38.595 3.09571
4653.2 44.390 3.33418
4654.6 40.761 3.22718
4656.0 41.364 3.12702
4657.4 35.910 2.96528
4658.8 41.964 3.12365
4660.2 38.659 3.06096
4661.6 41.180 2.95902
4663.0 36.133 2.86742
4664.4 40.692 3.05892
4665.8 41.831 3.22906
4667.2 39.895 3.18958
4668.6 39.269 2.90068
4670.0 38.592 2.87122
4671.4 39.201 2.99933
4672.8 38.995 3.02502
4674.2 42.231 2.96532
4675.6 37.156 2.87794
4677.0 40.268 2.96301
4678.4 37.314 2.95699
4679.8 39.669 3.04772
4681.2 38.984 3.15366
4682.6 40.037 3.02830
4684.0 38.776 2.99468
4685.4 37.178 2.87787
4686.8 40.953 2.91624
4688.2 38.442 2.93328
4689.6 35.599 2.87501
4691.0 39.709 3.02910
4692.4 39.416 2.95087
4693.8 40.213 2.96126
4695.2 41.483 3.03135
4696.6 42.098 2.99922
4698.0 41.461 3.00414
4699.4 38.925 2.96557
4700.8 36.319 2.89129
4702.2 38.420 2.94912
4703.6 41.430 3.11707
4705.0 39.274 3.14353
4706.4 37.944 3.15715
4707.8 39.602 3.02653
4709.2 40.066 3.07323
4710.6 37.893 3.07069
4712.0 38.580 3.02675
4713.4 39.889 2.90401
4714.8 38.404 2.79827
4716.2 40.464 2.96891
4717.6 37.327 3.01965
4719.0 40.086 2.98271
4720.4 41.806 2.97783
4721.8 39.163 3.07049
4723.2 40.679 3.18255
4724.6 37.228 3.01570
4726.0 38.133 2.91757
4727.4 40.571 2.91747
4728.8 41.050 2.90567
4730.2 34.978 2.93351
4731.6 38.059 3.05531
4733.0 39.412 3.08424
4734.4 41.334 2.97746
4735.8 39.597 2.84595
4737.2 37.737 2.78859
4738.6 39.033 2.89181
4740.0 39.588 2.88925
4741.4 41.405 2.92967
4742.8 36.611 2.83479
4744.2 38.490 2.78141
4745.6 41.092 2.92809
4747.0 38.297 2.89309
4748.4 39.981 2.90806
4749.8 37.427 2.72225
4751.2 40.206 2.79310
4752.6 41.506 2.92378
4754.0 39.798 2.89686
4755.4 36.145 2.80240
4756.8 39.678 2.79386
4758.2 41.333 2.89412
4759.6 40.832 2.89825
4761.0 36.258 2.77320
4762.4 38.392 2.86505
4763.8 39.267 2.81077
4765.2 37.712 2.72543
4766.6 38.813 2.73687
4768.0 37.920 2.73201
4769.4 38.182 2.75825
4770.8 36.578 2.74069
4772.2 40.513 2.99222
4773.6 35.067 2.93537
4775.0 38.530 2.93891
4776.4 35.981 2.75216
4777.8 36.114 2.70590
4779.2 36.472 2.74869
4780.6 44.299 2.90127
4782.0 35.489 2.70311
4783.4 40.191 2.84133
4784.8 32.114 2.69209
4786.2 41.430 2.83012
4787.6 36.056 2.58591
4789.0 40.099 2.81648
4790.4 37.546 2.73128
4791.8 37.320 2.68512
4793.2 39.867 2.80844
4794.6 38.458 2.88832
4796.0 38.207 2.84706
4797.4 38.892 2.89090
4798.8 39.008 2.81752
4800.2 39.293 2.74527
4801.6 40.380 2.76356
4803.0 38.107 2.75944
4804.4 35.835 2.63867
4805.8 38.385 2.77839
4807.2 40.171 2.86143
4808.6 37.317 2.67296
4810.0 36.433 2.72213
4811.4 38.350 2.71245
4812.8 37.625 2.81670
4814.2 40.669 2.87198
4815.6 36.798 2.67041
4817.0 39.047 2.92120
4818.4 39.124 2.90819
4819.8 38.384 2.73458
4821.2 34.357 2.67785
4822.6 36.643 2.93951
4824.0 39.021 3.08546
4825.4 38.835 2.86506
4826.8 35.540 2.63063
4828.2 37.427 2.72847
4829.6 41.011 2.94089
4831.0 35.144 2.84342
4832.4 35.536 2.70381
4833.8 35.232 2.98308
4835.2 35.549 3.07598
4836.6 35.131 2.81814
4838.0 38.864 2.79093
4839.4 34.833 2.77203
4840.8 30.724 3.16998
4842.2 37.515 2.79007
4843.6 32.697 2.89742
4845.0 38.224 2.85949
4846.4 34.706 2.71418
4847.8 33.965 2.69615
4849.2 32.961 2.89008
4850.6 29.505 2.75368
4852.0 30.978 2.64776
4853.4 27.097 2.67120
4854.8 26.050 2.50609
4856.2 23.871 2.46724
4857.6 19.288 2.33806
4859.0 17.378 2.24737
4860.4 15.371 2.15426
4861.8 20.514 2.28092
4863.2 25.572 2.40724
4864.6 27.150 2.49223
4866.0 30.926 2.50950
4867.4 31.565 2.71464
4868.8 29.041 2.60885
4870.2 29.992 2.47553
4871.6 33.129 2.65909
4873.0 35.142 2.66495
4874.4 32.059 2.55379
4875.8 35.425 2.70244
4877.2 34.813 2.67550
4878.6 35.656 2.74616
4880.0 34.010 2.70398
4881.4 37.566 2.65469
4882.8 33.910 2.65822
4884.2 36.421 2.64844
4885.6 33.001 2.72603
4887.0 33.522 2.66763
4888.4 34.275 2.69338
4889.8 34.850 2.57958
4891.2 36.622 2.61251
4892.6 37.745 2.62131
4894.0 35.454 2.63254
4895.4 35.859 2.55920
4896.8 39.081 2.95886
4898.2 36.268 3.06050
4899.6 36.300 2.92828
4901.0 37.354 2.74598
4902.4 35.143 2.64100
4903.8 35.582 2.50800
4905.2 31.934 2.55116
4906.6 35.938 2.68733
4908.0 34.764 2.70940
4909.4 36.990 2.80695
4910.8 35.448 2.81302
4912.2 37.549 2.84789
4913.6 35.919 2.85026
4915.0 36.896 2.91157
4916.4 35.920 2.83337
4917.8 35.212 2.62630
4919.2 36.481 2.63817
4920.6 34.427 2.51791
4922.0 34.638 2.52251
4923.4 36.084 2.59377
4924.8 36.681 2.68890
4926.2 35.540 2.82085
4927.6 34.866 2.80885
4929.0 37.265 2.79646
4930.4 40.424 2.75746
4931.8 36.087 2.56983
4933.2 33.177 2.48351
4934.6 36.512 2.61489
4936.0 38.847 2.60223
4937.4 33.846 2.63602
4938.8 35.680 2.61469
4940.2 39.635 2.68088
4941.6 35.751 2.54661
4943.0 35.526 2.58658
4944.4 39.436 2.64842
4945.8 37.190 2.57139
4947.2 38.592 2.67095
4948.6 33.894 2.64387
4950.0 39.443 2.76484
4951.4 35.361 2.62880
4952.8 38.845 2.66643
4954.2 34.211 2.60838
4955.6 36.434 2.59929
4957.0 38.950 2.65066
4958.4 36.711 2.56995
4959.8 37.346 2.82871
4961.2 35.027 2.66543
4962.6 32.528 2.47983
4964.0 36.669 2.52500
4965.4 36.144 2.58362
4966.8 36.981 2.63616
4968.2 36.368 2.63486
4969.6 37.576 2.61326
4971.0 38.797 2.62969
4972.4 39.724 inf
4973.8 40.651 2.95769
4975.2 37.390 2.79738
4976.6 38.595 2.74152
4978.0 37.374 2.67540
4979.4 34.872 2.63810
4980.8 36.010 2.74483
4982.2 36.289 2.71855
4983.6 35.753 2.67670
4985.0 38.572 2.74192
4986.4 36.502 2.95971
4987.8 35.721 2.74621
4989.2 34.237 2.55580
4990.6 36.473 2.64163
4992.0 32.812 2.71971
4993.4 36.081 2.70957
4994.8 35.799 2.54331
4996.2 35.513 2.58311
4997.6 35.433 2.58042
4999.0 35.810 2.50568
