3900.0 96.073 9.11217
3901.4 118.889 10.90960
3902.8 118.543 10.45010
3904.2 121.296 10.11120
3905.6 117.419 9.84368
3907.0 121.200 10.07470
3908.4 118.798 9.69310
3909.8 133.403 10.49610
3911.2 126.006 10.59290
3912.6 129.342 10.31330
3914.0 124.844 10.04570
3915.4 123.334 10.15290
3916.8 129.689 9.97922
3918.2 127.758 10.14730
3919.6 120.219 10.07560
3921.0 119.488 9.81171
3922.4 117.314 9.69521
3923.8 118.837 9.62938
3925.2 120.238 9.28189
3926.6 126.843 9.67180
3928.0 118.247 9.59612
3929.4 116.260 9.37468
3930.8 111.251 9.21694
3932.2 89.480 8.47663
3933.6 53.559 6.87241
3935.0 62.960 7.09483
3936.4 94.095 8.26367
3937.8 121.272 9.32048
3939.2 112.207 9.21333
3940.6 126.944 9.60350
3942.0 127.572 9.70571
3943.4 127.098 9.98365
3944.8 132.055 9.84762
3946.2 119.268 9.48928
3947.6 126.225 9.73749
3949.0 125.223 9.20513
3950.4 120.459 9.48159
3951.8 119.188 9.44898
3953.2 115.132 9.30487
3954.6 122.716 8.75856
3956.0 123.335 9.21460
3957.4 116.314 8.91937
3958.8 112.038 8.79708
3960.2 122.895 9.29900
3961.6 108.884 8.66342
3963.0 106.647 8.39936
3964.4 101.475 8.54775
3965.8 98.533 8.31119
3967.2 78.801 7.24712
3968.6 46.334 6.49653
3970.0 36.049 5.93899
3971.4 65.470 6.91759
3972.8 98.075 8.05577
3974.2 104.243 8.22570
3975.6 101.042 8.05660
3977.0 106.709 8.58422
3978.4 111.206 8.61552
3979.8 116.460 8.71864
3981.2 111.492 8.84844
3982.6 120.719 8.93120
3984.0 119.329 9.23288
3985.4 112.925 8.72585
3986.8 112.929 8.92492
3988.2 125.952 9.36451
3989.6 123.284 9.00478
3991.0 111.717 8.40659
3992.4 118.367 8.84420
3993.8 127.037 9.11478
3995.2 124.120 8.91936
3996.6 124.247 9.07188
3998.0 117.614 8.68828
3999.4 122.262 9.00427
4000.8 128.515 9.05454
4002.2 121.837 9.24996
4003.6 124.469 9.03607
4005.0 127.542 8.70682
4006.4 114.715 8.22260
4007.8 120.137 8.32364
4009.2 130.485 8.86026
4010.6 120.212 8.65748
4012.0 120.120 8.40606
4013.4 117.735 8.57820
4014.8 120.478 8.75746
4016.2 124.732 8.82802
4017.6 118.487 8.37895
4019.0 123.001 8.50558
4020.4 121.151 8.41070
4021.8 129.685 8.71616
4023.2 127.184 8.77069
4024.6 122.174 8.56214
4026.0 120.412 8.95839
4027.4 121.162 8.52669
4028.8 125.393 8.92129
4030.2 123.148 8.85843
4031.6 117.335 8.69158
4033.0 114.601 8.63267
4034.4 123.576 8.23228
4035.8 118.078 8.57465
4037.2 122.088 8.61241
4038.6 125.443 8.84989
4040.0 121.390 8.67981
4041.4 127.545 8.35379
4042.8 123.567 8.58408
4044.2 119.340 8.04445
4045.6 119.581 8.33133
4047.0 123.597 8.57645
4048.4 118.439 8.22153
4049.8 128.461 9.03967
4051.2 123.316 8.75501
4052.6 128.657 8.56354
4054.0 127.007 8.58176
4055.4 123.893 8.38494
4056.8 121.045 8.13731
4058.2 119.363 8.26804
4059.6 127.056 8.48230
4061.0 124.825 8.00271
4062.4 113.603 8.05922
4063.8 121.468 8.22982
4065.2 108.917 8.18616
4066.6 124.281 8.40553
4068.0 121.334 8.27640
4069.4 120.837 8.56943
4070.8 120.676 8.27009
4072.2 117.083 8.40554
4073.6 123.175 8.36695
4075.0 128.329 8.60036
4076.4 120.142 8.42428
4077.8 119.568 8.03156
4079.2 110.588 7.87770
4080.6 122.759 8.39254
4082.0 118.333 7.99752
4083.4 113.160 7.97752
4084.8 122.852 8.18350
4086.2 120.580 8.20242
4087.6 116.494 7.78527
4089.0 117.756 8.40212
4090.4 117.573 8.23568
4091.8 116.853 7.99461
4093.2 108.225 7.63336
4094.6 111.799 7.58772
4096.0 113.164 7.54531
4097.4 99.110 7.08309
4098.8 100.732 7.27692
4100.2 81.113 6.64674
4101.6 63.534 5.81488
4103.0 63.700 6.21950
4104.4 84.834 6.75164
4105.8 100.162 7.14992
4107.2 100.934 7.66018
4108.6 111.838 7.76386
4110.0 110.327 7.86403
4111.4 116.858 7.85470
4112.8 109.801 7.35359
4114.2 114.958 7.85516
4115.6 112.039 7.96715
4117.0 117.022 7.80616
4118.4 111.938 7.66234
4119.8 115.297 7.85755
4121.2 117.695 7.92099
4122.6 116.819 8.01392
4124.0 123.387 8.09503
4125.4 117.106 7.85438
4126.8 119.852 7.85562
4128.2 124.812 8.22785
4129.6 118.729 7.77626
4131.0 111.008 7.63532
4132.4 114.123 7.90089
4133.8 124.861 8.04840
4135.2 110.495 7.58389
4136.6 123.081 8.22637
4138.0 121.905 8.24630
4139.4 127.350 8.15897
4140.8 125.707 8.26843
4142.2 121.315 7.74044
4143.6 112.794 7.68415
4145.0 118.304 7.73328
4146.4 120.475 8.05270
4147.8 123.492 7.86282
4149.2 124.162 7.74159
4150.6 110.842 7.35042
4152.0 115.622 7.66691
4153.4 121.399 7.63160
4154.8 114.482 7.34090
4156.2 122.747 8.06450
4157.6 118.020 7.91553
4159.0 115.737 7.21431
4160.4 118.309 7.80300
4161.8 121.671 7.95388
4163.2 120.221 7.61041
4164.6 119.820 7.93388
4166.0 125.318 8.01293
4167.4 118.454 7.55112
4168.8 111.407 7.34550
4170.2 119.661 7.69683
4171.6 115.130 7.24301
4173.0 110.358 7.06007
4174.4 117.446 7.70630
4175.8 113.438 6.97375
4177.2 117.006 7.43295
4178.6 119.962 7.38057
4180.0 116.415 7.56588
4181.4 120.552 7.60189
4182.8 109.293 7.35007
4184.2 118.984 7.78466
4185.6 117.376 7.56008
4187.0 111.472 7.60334
4188.4 116.359 7.61274
4189.8 116.587 7.54641
4191.2 121.606 7.67769
4192.6 118.915 7.64893
4194.0 121.340 7.48483
4195.4 117.294 7.62301
4196.8 116.993 7.19428
4198.2 113.031 7.14658
4199.6 119.802 7.82782
4201.0 108.642 7.34439
4202.4 114.793 7.28020
4203.8 119.584 7.69969
4205.2 110.570 7.24506
4206.6 110.254 7.23072
4208.0 111.490 7.25424
4209.4 116.083 7.50025
4210.8 117.340 7.28109
4212.2 123.053 7.66202
4213.6 119.194 7.58127
4215.0 110.207 7.21001
4216.4 110.136 7.08776
4217.8 116.557 7.14824
4219.2 114.602 7.27482
4220.6 112.982 7.10537
4222.0 112.137 7.28031
4223.4 116.734 7.45261
4224.8 114.997 7.29615
4226.2 107.768 7.11964
4227.6 102.379 7.06021
4229.0 114.850 7.24195
4230.4 122.404 7.54885
4231.8 115.203 7.13447
4233.2 111.091 6.62949
4234.6 104.383 6.97804
4236.0 114.596 7.19460
4237.4 112.957 7.23251
4238.8 115.469 7.40586
4240.2 109.860 7.50350
4241.6 117.470 7.42316
4243.0 117.976 7.08422
4244.4 114.791 7.14889
4245.8 111.223 7.19757
4247.2 112.989 6.77681
4248.6 106.859 7.12373
4250.0 118.953 7.17010
4251.4 111.758 7.38137
4252.8 116.403 7.25717
4254.2 117.296 7.17904
4255.6 111.069 6.89672
4257.0 115.250 7.14661
4258.4 114.814 7.14871
4259.8 107.070 7.16484
4261.2 114.144 7.17353
4262.6 119.420 7.45301
4264.0 118.537 7.16886
4265.4 123.661 7.57748
4266.8 109.767 7.20457
4268.2 116.834 7.44296
4269.6 117.476 7.22975
4271.0 114.420 7.24356
4272.4 107.380 6.95208
4273.8 111.395 7.20131
4275.2 113.449 7.20803
4276.6 119.382 7.14582
4278.0 121.421 7.28632
4279.4 119.529 7.15497
4280.8 116.824 6.96669
4282.2 116.015 7.00930
4283.6 114.239 7.19559
4285.0 116.281 7.29755
4286.4 119.641 7.23872
4287.8 112.423 6.88952
4289.2 109.325 7.17659
4290.6 106.261 6.88802
4292.0 114.657 6.85811
4293.4 119.509 7.23250
4294.8 107.125 6.97522
4296.2 112.118 7.03251
4297.6 117.740 7.18827
4299.0 109.280 7.07965
4300.4 106.859 6.56857
4301.8 102.917 6.58523
4303.2 108.766 6.66587
4304.6 109.771 6.69451
4306.0 109.759 6.74411
4307.4 104.937 6.77540
4308.8 106.958 6.80714
4310.2 108.906 7.02089
4311.6 123.227 6.96761
4313.0 109.960 7.28871
4314.4 101.124 6.78660
4315.8 108.419 6.91998
4317.2 110.784 6.77393
4318.6 114.150 6.88555
4320.0 111.158 6.68263
4321.4 109.758 6.78293
4322.8 118.490 7.02501
4324.2 114.261 6.81519
4325.6 102.818 6.50584
4327.0 105.100 6.81164
4328.4 106.915 6.74021
4329.8 105.312 6.65119
4331.2 105.301 6.47818
4332.6 100.947 6.52222
4334.0 109.343 6.44850
4335.4 97.570 6.41190
4336.8 95.689 6.02957
4338.2 82.054 5.83412
4339.6 68.348 5.32947
4341.0 59.776 5.19825
4342.4 77.123 5.65456
4343.8 91.638 6.22842
4345.2 92.685 6.20464
4346.6 99.258 6.51268
4348.0 104.803 6.57376
4349.4 108.326 6.78378
4350.8 112.026 6.67849
4352.2 97.397 6.30530
4353.6 107.989 6.44002
4355.0 109.345 6.66436
4356.4 110.388 6.90149
4357.8 110.585 6.92773
4359.2 110.914 7.31531
4360.6 111.001 6.92859
4362.0 112.858 6.69603
4363.4 110.700 6.72422
4364.8 113.964 6.60512
4366.2 110.032 6.85472
4367.6 109.894 6.67936
4369.0 111.631 6.78392
4370.4 110.392 6.77583
4371.8 112.801 6.78217
4373.2 118.474 6.90752
4374.6 109.613 6.79394
4376.0 109.550 6.63174
4377.4 113.000 6.90233
4378.8 111.670 6.55491
4380.2 113.764 6.82519
4381.6 113.866 6.68916
4383.0 109.942 6.66772
4384.4 101.727 6.16200
4385.8 109.103 6.43377
4387.2 113.382 6.76045
4388.6 113.684 6.74407
4390.0 108.499 6.42132
4391.4 118.782 6.66026
4392.8 106.615 6.50745
4394.2 106.421 6.60446
4395.6 97.016 6.18653
4397.0 112.295 6.34305
4398.4 106.460 6.33570
4399.8 106.637 6.31395
4401.2 105.178 6.55139
4402.6 110.729 6.62374
4404.0 105.264 6.32275
4405.4 106.085 6.31424
4406.8 105.600 6.33587
4408.2 110.332 6.56842
4409.6 112.985 6.61440
4411.0 114.520 6.93641
4412.4 112.138 6.66849
4413.8 112.815 6.73278
4415.2 105.197 6.59002
4416.6 105.064 6.36967
4418.0 109.414 6.37655
4419.4 108.947 6.62368
4420.8 116.035 7.14102
4422.2 114.864 inf
4423.6 113.693 inf
4425.0 112.521 6.34712
4426.4 111.965 6.56646
4427.8 108.856 6.46893
4429.2 108.126 6.24040
4430.6 112.368 6.63489
4432.0 109.630 6.53331
4433.4 109.539 6.36574
4434.8 110.963 6.55194
4436.2 111.936 6.60153
4437.6 104.664 6.43394
4439.0 116.896 6.50947
4440.4 107.730 6.61585
4441.8 110.747 6.51896
4443.2 109.740 6.34081
4444.6 111.932 6.09438
4446.0 109.139 6.20416
4447.4 108.124 6.38707
4448.8 109.069 6.46497
4450.2 106.577 6.32409
4451.6 107.488 6.25809
4453.0 111.543 6.43123
4454.4 103.171 6.42328
4455.8 110.073 6.31798
4457.2 112.364 6.55027
4458.6 111.303 6.49156
4460.0 106.432 6.37926
4461.4 115.019 6.57843
4462.8 109.859 6.48771
4464.2 107.795 6.41111
4465.6 109.637 6.33798
4467.0 107.533 6.51873
4468.4 108.128 6.40816
4469.8 110.765 6.32690
4471.2 105.969 6.31720
4472.6 105.381 6.33067
4474.0 109.948 6.44313
4475.4 109.335 6.47722
4476.8 110.041 6.42254
4478.2 111.985 6.29784
4479.6 104.523 6.25646
4481.0 103.902 6.17548
4482.4 107.638 6.37728
4483.8 113.113 6.23018
4485.2 108.990 6.18209
4486.6 109.192 6.36279
4488.0 110.908 6.39484
4489.4 112.582 6.36484
4490.8 108.349 6.27805
4492.2 108.341 6.17137
4493.6 110.071 6.62356
4495.0 111.976 6.47056
4496.4 109.156 6.29532
4497.8 111.535 6.43692
4499.2 110.839 6.42592
4500.6 109.283 6.31453
4502.0 105.400 6.24472
4503.4 107.759 6.24071
4504.8 108.219 6.38629
4506.2 109.865 6.33661
4507.6 112.068 6.31332
4509.0 106.440 6.39004
4510.4 112.896 6.47896
4511.8 102.851 6.04152
4513.2 109.539 6.09681
4514.6 107.053 6.32015
4516.0 109.542 6.49443
4517.4 107.792 6.27409
4518.8 113.997 6.41098
4520.2 105.532 6.17579
4521.6 112.934 6.54620
4523.0 109.108 6.22318
4524.4 108.243 6.74384
4525.8 108.636 inf
4527.2 109.029 6.33132
4528.6 108.056 6.27552
4530.0 106.923 6.05327
4531.4 107.118 6.14098
4532.8 106.614 6.49319
4534.2 106.113 6.17926
4535.6 103.307 6.07570
4537.0 110.069 6.30657
4538.4 107.496 6.35904
4539.8 110.214 6.41995
4541.2 109.406 6.15159
4542.6 107.309 6.44827
4544.0 110.782 6.34887
4545.4 108.654 6.36970
4546.8 111.263 6.28405
4548.2 109.001 6.38021
4549.6 106.011 6.01855
4551.0 104.364 6.19585
4552.4 107.568 6.23750
4553.8 99.022 5.77349
4555.2 110.517 6.15572
4556.6 108.393 6.14503
4558.0 108.689 6.22812
4559.4 110.936 6.52514
4560.8 106.581 6.35688
4562.2 112.147 6.46879
4563.6 102.337 5.91385
4565.0 104.243 6.15039
4566.4 110.066 6.12556
4567.8 106.997 6.15195
4569.2 106.542 5.92937
4570.6 105.614 6.05246
4572.0 100.909 5.98099
4573.4 105.599 5.95910
4574.8 106.318 6.28603
4576.2 103.196 5.87751
4577.6 112.457 6.30589
4579.0 113.123 6.37659
4580.4 114.731 6.27075
4581.8 108.096 6.29047
4583.2 107.493 6.35284
4584.6 101.932 5.93519
4586.0 102.666 5.92517
4587.4 110.611 6.06662
4588.8 105.000 6.28342
4590.2 107.606 6.20939
4591.6 110.224 6.01498
4593.0 106.801 6.23736
4594.4 108.045 6.00688
4595.8 109.943 6.13642
4597.2 109.367 6.31417
4598.6 109.326 5.99549
4600.0 107.887 6.22315
4601.4 108.642 6.09050
4602.8 104.234 6.05768
4604.2 104.066 6.03195
4605.6 106.271 5.87861
4607.0 110.446 6.08474
4608.4 111.544 6.36240
4609.8 112.148 5.95148
4611.2 116.982 6.58986
4612.6 110.684 6.07655
4614.0 107.635 6.19456
4615.4 106.414 6.08332
4616.8 107.373 6.25225
4618.2 109.409 6.10327
4619.6 106.686 6.03112
4621.0 104.117 6.09054
4622.4 105.752 5.82386
4623.8 103.833 5.97902
4625.2 106.265 6.13962
4626.6 107.936 6.12738
4628.0 109.021 5.99793
4629.4 108.119 6.18179
4630.8 105.836 5.99320
4632.2 108.393 6.13460
4633.6 105.415 5.83568
4635.0 102.820 5.83712
4636.4 107.292 5.85163
4637.8 107.456 6.10940
4639.2 109.781 6.05201
4640.6 109.220 6.09014
4642.0 104.120 5.75588
4643.4 104.735 5.85607
4644.8 107.375 5.94665
4646.2 107.438 5.96446
4647.6 111.136 6.00692
4649.0 104.984 5.99722
4650.4 109.986 6.08424
4651.8 104.490 5.74265
4653.2 109.606 6.03955
4654.6 104.799 6.03770
4656.0 100.343 5.82555
4657.4 102.266 5.89464
4658.8 105.824 5.99775
4660.2 106.555 5.87461
4661.6 105.113 5.79453
4663.0 105.002 5.96915
4664.4 109.981 6.06396
4665.8 104.890 5.77367
4667.2 104.769 5.80602
4668.6 109.321 6.03405
4670.0 107.362 6.16511
4671.4 101.627 5.75752
4672.8 106.651 5.94067
4674.2 110.440 6.21421
4675.6 109.281 5.88268
4677.0 106.544 5.93036
4678.4 103.295 5.95304
4679.8 107.426 6.04147
4681.2 104.163 5.92396
4682.6 107.085 5.87390
4684.0 106.407 5.74181
4685.4 102.174 5.67635
4686.8 105.473 5.94521
4688.2 107.290 5.82459
4689.6 104.864 5.93768
4691.0 101.356 5.84044
4692.4 104.179 5.78423
4693.8 108.310 6.14090
4695.2 110.796 5.88496
4696.6 108.293 5.94144
4698.0 107.131 6.10410
4699.4 105.175 6.18484
4700.8 104.624 6.04322
4702.2 105.414 5.80821
4703.6 104.339 5.97759
4705.0 104.568 5.76177
4706.4 104.483 5.80497
4707.8 105.074 5.81781
4709.2 106.934 5.96598
4710.6 104.882 5.83736
4712.0 104.953 5.99793
4713.4 108.194 6.11944
4714.8 105.272 5.75806
4716.2 104.053 5.89160
4717.6 106.312 5.68075
4719.0 104.959 6.07832
4720.4 102.660 5.83454
4721.8 102.280 5.77110
4723.2 103.069 5.79850
4724.6 103.350 5.75692
4726.0 102.902 5.95067
4727.4 101.836 5.93774
4728.8 104.103 6.00085
4730.2 104.989 5.97297
4731.6 108.674 5.93418
4733.0 110.048 5.95933
4734.4 104.680 5.85431
4735.8 104.730 5.92694
4737.2 106.837 5.95742
4738.6 100.471 5.86715
4740.0 106.501 5.99350
4741.4 103.335 5.56287
4742.8 104.395 5.90504
4744.2 100.169 5.60588
4745.6 104.390 5.71734
4747.0 107.421 5.82264
4748.4 105.243 5.82943
4749.8 107.601 5.73132
4751.2 104.994 5.68512
4752.6 106.647 6.01768
4754.0 100.065 5.88362
4755.4 107.567 6.02140
4756.8 107.839 5.74735
4758.2 103.799 5.81328
4759.6 102.839 5.80382
4761.0 103.820 5.75834
4762.4 103.579 5.78067
4763.8 102.451 5.72810
4765.2 106.229 5.78702
4766.6 103.555 5.81915
4768.0 105.914 5.94546
4769.4 101.143 5.72357
4770.8 103.724 5.93073
4772.2 103.787 5.74595
4773.6 106.355 5.75131
4775.0 107.019 5.86368
4776.4 104.616 5.83234
4777.8 105.300 5.64243
4779.2 105.304 5.74454
4780.6 103.928 5.75060
4782.0 99.604 5.57501
4783.4 104.347 5.69307
4784.8 98.692 5.54423
4786.2 96.767 5.50094
4787.6 100.839 5.79266
4789.0 106.086 5.51573
4790.4 105.952 5.76569
4791.8 101.164 5.76956
4793.2 106.572 5.64984
4794.6 103.898 5.56615
4796.0 103.381 5.77242
4797.4 103.832 5.80523
4798.8 100.967 5.82156
4800.2 102.338 5.68286
4801.6 104.168 5.58713
4803.0 100.745 5.59340
4804.4 104.983 5.68925
4805.8 103.444 5.71003
4807.2 103.754 5.52793
4808.6 101.295 5.69070
4810.0 107.611 5.85647
4811.4 103.604 5.89671
4812.8 100.653 5.49130
4814.2 107.184 5.81501
4815.6 104.336 5.71710
4817.0 101.861 5.66130
4818.4 98.739 5.61846
4819.8 103.652 5.94015
4821.2 101.571 5.37794
4822.6 100.856 5.66352
4824.0 100.586 5.76914
4825.4 106.719 5.87388
4826.8 105.331 5.61975
4828.2 102.814 5.94592
4829.6 98.145 5.37778
4831.0 98.311 5.55764
4832.4 100.128 5.55714
4833.8 96.681 5.44828
4835.2 99.950 5.65447
4836.6 104.742 5.72119
4838.0 99.139 5.57702
4839.4 99.436 5.65562
4840.8 104.944 5.78332
4842.2 99.643 5.41919
4843.6 99.064 5.55156
4845.0 97.053 5.45581
4846.4 99.581 5.72117
4847.8 100.877 5.60727
4849.2 91.416 5.17976
4850.6 98.063 5.49035
4852.0 101.326 5.48394
4853.4 92.927 5.25890
4854.8 94.717 5.40957
4856.2 94.975 5.26371
4857.6 89.915 5.18127
4859.0 81.010 4.78052
4860.4 67.081 4.40574
4861.8 58.771 4.09424
4863.2 64.534 4.19337
4864.6 85.262 4.97879
4866.0 92.207 5.30245
4867.4 90.183 5.47149
4868.8 92.019 5.41628
4870.2 93.826 5.26424
4871.6 95.421 5.42590
4873.0 97.037 5.50691
4874.4 99.875 5.55881
4875.8 102.365 5.68592
4877.2 101.143 5.55637
4878.6 98.046 5.64760
4880.0 100.968 5.84394
4881.4 100.349 5.64032
4882.8 98.076 5.81021
4884.2 109.452 5.94635
4885.6 96.802 5.78584
4887.0 98.396 5.67384
4888.4 100.064 5.81474
4889.8 102.454 5.74756
4891.2 96.711 5.77872
4892.6 98.704 5.68231
4894.0 96.005 5.59487
4895.4 99.813 5.87217
4896.8 101.776 5.57998
4898.2 100.869 5.68522
4899.6 101.848 5.57836
4901.0 98.031 5.78294
4902.4 94.198 5.62376
4903.8 98.579 5.55584
4905.2 101.842 5.85562
4906.6 99.978 5.61897
4908.0 99.908 5.50692
4909.4 97.639 5.37438
4910.8 99.274 5.65925
4912.2 100.540 5.63839
4913.6 100.462 5.57614
4915.0 105.120 5.72739
4916.4 103.855 5.63147
4917.8 98.595 5.62405
4919.2 94.018 5.22946
4920.6 96.018 5.44884
4922.0 95.141 5.37876
4923.4 94.448 5.69641
4924.8 92.753 5.12608
4926.2 94.257 5.31584
4927.6 98.130 5.30223
4929.0 101.603 5.65422
4930.4 105.452 5.58797
4931.8 103.078 5.57240
4933.2 101.560 5.52323
4934.6 102.710 5.68819
4936.0 97.540 5.52848
4937.4 103.366 5.60744
4938.8 105.251 5.88020
4940.2 92.157 5.19721
4941.6 103.669 5.53344
4943.0 101.862 5.70347
4944.4 100.214 5.66200
4945.8 100.139 5.57240
4947.2 102.450 5.53361
4948.6 100.330 5.38041
4950.0 96.840 5.31484
4951.4 98.805 5.43760
4952.8 100.551 5.45184
4954.2 98.184 5.41891
4955.6 98.038 5.27588
4957.0 97.186 5.36133
4958.4 93.540 5.42426
4959.8 101.240 5.42118
4961.2 101.903 5.60389
4962.6 101.495 5.43887
4964.0 100.888 5.43214
4965.4 96.471 5.25324
4966.8 102.904 5.74872
4968.2 101.511 5.65710
4969.6 98.634 5.50049
4971.0 102.221 5.58966
4972.4 104.738 5.79024
4973.8 100.671 5.50547
4975.2 102.127 5.40945
4976.6 105.389 5.76858
4978.0 98.217 5.44314
4979.4 97.207 5.45206
4980.8 101.311 5.42127
4982.2 96.692 5.36752
4983.6 99.472 5.35818
4985.0 97.725 5.44592
4986.4 98.195 5.59887
4987.8 100.114 5.62569
4989.2 94.345 5.44911
4990.6 93.880 5.23852
4992.0 98.276 5.29087
4993.4 96.966 5.31616
4994.8 95.392 5.12724
4996.2 97.700 5.54397
4997.6 102.479 5.24407
4999.0 102.512 5.47288
