3900.0 106.183 8.75637
3901.4 108.350 8.86461
3902.8 113.238 9.27088
3904.2 117.009 9.38771
3905.6 135.104 10.16970
3907.0 136.213 9.86245
3908.4 118.550 9.37138
3909.8 139.047 9.88807
3911.2 144.051 10.06000
3912.6 153.868 10.54880
3914.0 152.229 10.62700
3915.4 145.979 10.38520
3916.8 140.806 10.18910
3918.2 156.005 10.39360
3919.6 151.791 10.22890
3921.0 161.064 10.45630
3922.4 139.796 9.78189
3923.8 154.382 10.11820
3925.2 148.416 10.29590
3926.6 153.014 10.21520
3928.0 158.423 10.23480
3929.4 152.867 10.08420
3930.8 130.634 9.18141
3932.2 130.856 9.02719
3933.6 132.751 9.09073
3935.0 109.749 8.49228
3936.4 78.226 7.26170
3937.8 103.929 8.53943
3939.2 150.209 10.05610
3940.6 146.260 9.96490
3942.0 145.216 9.75359
3943.4 161.479 10.17710
3944.8 157.668 9.90597
3946.2 147.297 9.51378
3947.6 134.950 9.18967
3949.0 148.506 9.67442
3950.4 147.235 9.50568
3951.8 141.946 9.38019
3953.2 155.044 9.71233
3954.6 138.903 9.15455
3956.0 138.614 9.13854
3957.4 138.571 9.19599
3958.8 141.459 9.11986
3960.2 131.809 8.79167
3961.6 120.913 8.34060
3963.0 121.985 8.39069
3964.4 106.475 8.02463
3965.8 105.656 7.71682
3967.2 95.213 7.30804
3968.6 82.030 6.94204
3970.0 64.019 6.03613
3971.4 55.030 5.77575
3972.8 35.968 5.20416
3974.2 59.055 6.04954
3975.6 82.389 6.97151
3977.0 91.777 7.42516
3978.4 78.906 7.15477
3979.8 102.064 7.62143
3981.2 101.357 7.70012
3982.6 114.765 8.01527
3984.0 118.953 8.05292
3985.4 123.978 8.39392
3986.8 128.823 8.46624
3988.2 126.681 8.46463
3989.6 134.818 8.56141
3991.0 118.935 8.21025
3992.4 135.810 8.70012
3993.8 126.898 8.49213
3995.2 130.861 8.59820
3996.6 151.358 9.16859
3998.0 136.080 8.74871
3999.4 145.733 8.91068
4000.8 136.111 8.67560
4002.2 142.672 8.80106
4003.6 136.901 8.81280
4005.0 148.145 8.99332
4006.4 152.556 9.30188
4007.8 144.586 9.10723
4009.2 147.386 9.13077
4010.6 148.055 8.96330
4012.0 146.529 8.99165
4013.4 139.153 8.87566
4014.8 145.584 9.29434
4016.2 147.755 9.32129
4017.6 134.967 8.96698
4019.0 148.908 9.21159
4020.4 146.902 9.03993
4021.8 152.525 9.35012
4023.2 148.775 9.18466
4024.6 155.576 9.47192
4026.0 152.425 9.45204
4027.4 152.608 9.27265
4028.8 148.674 8.92085
4030.2 140.330 8.94848
4031.6 143.845 8.47966
4033.0 136.830 8.44289
4034.4 146.741 8.71474
4035.8 143.394 8.70607
4037.2 148.571 8.86050
4038.6 151.019 9.02257
4040.0 157.838 9.24600
4041.4 141.263 8.79168
4042.8 160.213 9.15812
4044.2 149.421 8.87104
4045.6 149.446 8.73478
4047.0 145.297 8.71384
4048.4 131.421 8.56209
4049.8 140.944 8.39956
4051.2 143.004 8.56004
4052.6 144.786 8.55178
4054.0 155.658 8.86175
4055.4 146.678 8.81936
4056.8 136.232 8.75465
4058.2 142.552 8.84923
4059.6 143.561 8.62527
4061.0 136.280 8.18902
4062.4 133.860 8.13484
4063.8 145.215 8.37558
4065.2 133.870 8.18933
4066.6 133.448 8.03219
4068.0 140.164 8.24336
4069.4 142.313 8.20704
4070.8 143.419 8.25349
4072.2 141.483 8.30647
4073.6 146.595 8.47900
4075.0 138.104 8.33445
4076.4 143.972 8.29358
4077.8 138.569 8.23704
4079.2 138.139 8.15338
4080.6 127.522 8.10248
4082.0 122.054 8.06705
4083.4 129.416 8.19264
4084.8 133.464 8.01698
4086.2 128.685 7.78199
4087.6 124.187 7.78894
4089.0 124.181 7.72201
4090.4 126.813 7.80789
4091.8 121.270 7.56658
4093.2 112.019 7.19807
4094.6 110.255 7.18734
4096.0 102.624 6.96216
4097.4 109.080 7.00735
4098.8 88.989 6.43764
4100.2 81.587 6.14828
4101.6 76.096 5.91242
4103.0 72.888 5.79029
4104.4 58.334 5.51323
4105.8 59.383 5.47389
4107.2 76.043 5.90002
4108.6 79.242 6.07051
4110.0 93.692 6.45226
4111.4 92.513 6.41972
4112.8 103.646 6.78371
4114.2 103.335 6.89118
4115.6 110.876 7.18066
4117.0 110.944 7.45308
4118.4 117.097 7.66989
4119.8 119.426 7.60739
4121.2 122.120 7.70402
4122.6 129.352 7.78253
4124.0 137.587 7.96508
4125.4 120.436 7.56207
4126.8 125.768 7.49741
4128.2 136.848 7.77301
4129.6 136.672 7.81218
4131.0 136.860 7.82713
4132.4 130.470 7.58421
4133.8 127.262 7.47973
4135.2 127.673 7.63375
4136.6 135.890 7.93919
4138.0 129.778 8.03889
4139.4 146.056 8.29405
4140.8 128.355 7.79230
4142.2 138.305 7.92014
4143.6 134.462 7.74253
4145.0 131.689 7.70024
4146.4 136.852 7.66525
4147.8 131.125 7.48378
4149.2 133.567 7.61928
4150.6 140.637 7.75508
4152.0 125.880 7.42190
4153.4 133.350 7.61564
4154.8 145.375 7.92625
4156.2 139.096 7.82825
4157.6 128.883 7.31806
4159.0 139.513 7.80567
4160.4 145.206 7.94667
4161.8 132.910 7.57328
4163.2 133.294 7.68204
4164.6 135.597 7.92376
4166.0 140.234 7.95747
4167.4 136.277 7.63428
4168.8 135.000 7.55374
4170.2 137.657 7.80515
4171.6 139.632 8.00264
4173.0 140.221 7.83421
4174.4 128.430 7.34396
4175.8 146.196 7.70563
4177.2 127.526 7.37816
4178.6 132.456 7.45317
4180.0 133.563 7.57342
4181.4 131.718 7.68807
4182.8 139.754 7.66652
4184.2 132.984 7.40049
4185.6 132.050 7.36534
4187.0 134.050 7.55133
4188.4 129.997 7.47430
4189.8 131.937 7.45815
4191.2 124.157 7.27721
4192.6 136.066 7.50484
4194.0 136.520 7.53930
4195.4 141.621 7.65972
4196.8 143.346 7.78790
4198.2 135.055 7.55012
4199.6 134.758 7.45199
4201.0 130.331 7.35327
4202.4 133.145 7.27336
4203.8 129.210 7.21863
4205.2 127.624 7.21203
4206.6 138.765 7.49800
4208.0 138.615 7.57147
4209.4 139.574 7.70020
4210.8 134.241 7.32582
4212.2 132.764 7.30701
4213.6 130.819 7.21363
4215.0 129.999 7.25623
4216.4 132.781 7.28843
4217.8 135.893 7.36531
4219.2 126.029 7.10705
4220.6 136.743 7.34119
4222.0 133.006 7.44196
4223.4 130.519 7.11096
4224.8 134.637 7.54929
4226.2 139.058 7.84330
4227.6 146.087 7.56523
4229.0 120.445 7.04347
4230.4 122.397 6.82528
4231.8 126.939 7.21586
4233.2 142.386 7.70374
4234.6 128.483 7.54871
4236.0 143.972 7.74771
4237.4 129.592 7.27180
4238.8 128.556 7.14510
4240.2 129.324 7.03910
4241.6 129.200 7.32005
4243.0 130.303 7.28680
4244.4 124.605 7.26862
4245.8 147.082 7.77255
4247.2 133.587 7.39451
4248.6 133.360 7.21013
4250.0 122.576 6.93212
4251.4 127.684 7.01160
4252.8 125.221 6.99331
4254.2 136.629 7.43511
4255.6 132.568 7.11896
4257.0 125.329 6.98689
4258.4 128.386 7.17266
4259.8 132.475 6.98462
4261.2 122.648 7.00255
4262.6 123.119 6.84381
4264.0 128.296 7.02597
4265.4 125.164 6.96103
4266.8 128.234 7.10734
4268.2 140.133 7.40692
4269.6 138.489 7.30276
4271.0 135.943 7.21752
4272.4 136.118 7.33238
4273.8 137.154 7.19119
4275.2 126.896 7.04249
4276.6 127.385 6.97218
4278.0 129.092 7.09750
4279.4 127.342 7.11355
4280.8 139.322 7.45587
4282.2 132.233 7.33892
4283.6 128.559 7.15431
4285.0 133.026 7.14537
4286.4 132.665 7.12990
4287.8 132.880 7.05679
4289.2 138.825 7.28934
4290.6 145.122 7.43011
4292.0 133.767 7.24782
4293.4 113.755 6.55180
4294.8 136.473 7.06153
4296.2 127.576 7.04755
4297.6 118.893 6.83160
4299.0 125.045 7.01343
4300.4 136.214 7.22029
4301.8 129.985 6.95994
4303.2 120.670 6.69351
4304.6 121.826 6.72418
4306.0 116.844 6.52523
4307.4 120.756 6.76321
4308.8 129.240 6.93343
4310.2 122.947 6.70085
4311.6 123.668 6.76426
4313.0 116.035 6.49153
4314.4 118.342 6.64804
4315.8 127.458 6.93481
4317.2 113.605 6.50814
4318.6 123.452 6.74571
4320.0 118.709 6.81350
4321.4 119.163 6.74225
4322.8 112.772 6.51612
4324.2 115.077 6.30012
4325.6 119.578 6.82456
4327.0 119.504 6.47224
4328.4 112.285 6.47049
4329.8 111.219 6.43374
4331.2 103.791 6.26240
4332.6 118.075 6.42297
4334.0 102.694 6.10344
4335.4 103.669 6.14892
4336.8 91.694 5.74657
4338.2 81.478 5.46302
4339.6 80.599 5.35653
4341.0 74.682 4.98920
4342.4 61.910 4.58216
4343.8 49.666 4.30519
4345.2 57.001 4.39858
4346.6 72.424 5.06666
4348.0 81.945 5.39563
4349.4 85.144 5.54564
4350.8 94.527 5.80949
4352.2 98.891 5.97112
4353.6 101.415 5.94367
4355.0 95.367 5.71276
4356.4 108.281 6.10227
4357.8 110.967 6.49157
4359.2 131.861 7.27685
4360.6 111.078 6.80612
4362.0 117.892 6.70443
4363.4 115.552 6.60488
4364.8 121.881 6.59916
4366.2 122.537 6.60879
4367.6 120.195 6.50456
4369.0 120.919 6.58816
4370.4 128.365 6.81845
4371.8 125.164 6.66892
4373.2 124.127 6.69210
4374.6 121.318 6.48416
4376.0 129.140 6.85209
4377.4 121.257 6.56814
4378.8 118.291 6.49446
4380.2 124.353 6.57386
4381.6 127.074 6.79073
4383.0 135.500 7.00306
4384.4 129.890 6.81826
4385.8 123.243 6.64029
4387.2 119.506 6.52256
4388.6 124.945 6.57948
4390.0 124.557 6.68088
4391.4 131.989 6.87112
4392.8 127.364 6.78204
4394.2 121.829 6.48754
4395.6 124.152 6.60806
4397.0 128.812 6.68052
4398.4 118.241 6.48226
4399.8 118.363 6.40171
4401.2 126.034 6.71411
4402.6 122.026 6.50063
4404.0 117.547 6.42152
4405.4 126.446 6.65947
4406.8 128.424 6.67653
4408.2 115.996 6.44119
4409.6 126.690 6.63202
4411.0 128.895 6.72167
4412.4 132.923 6.82286
4413.8 116.683 6.67160
4415.2 126.187 6.77828
4416.6 120.463 6.52976
4418.0 123.191 6.50694
4419.4 119.183 6.40262
4420.8 118.132 6.35147
4422.2 125.645 6.54963
4423.6 126.264 6.60038
4425.0 124.007 6.59840
4426.4 129.126 6.87314
4427.8 125.969 6.55662
4429.2 120.562 6.45246
4430.6 127.026 6.61664
4432.0 128.739 6.83880
4433.4 125.726 6.57708
4434.8 116.150 6.31888
4436.2 125.329 6.51168
4437.6 126.101 6.56738
4439.0 121.597 6.42464
4440.4 121.120 6.58363
4441.8 132.815 6.97023
4443.2 118.886 6.54405
4444.6 123.625 6.50174
4446.0 118.797 6.27377
4447.4 117.511 6.30972
4448.8 115.974 6.21634
4450.2 122.307 6.51752
4451.6 129.846 6.56408
4453.0 119.771 6.46671
4454.4 125.741 6.51915
4455.8 129.037 6.66511
4457.2 117.772 6.16145
4458.6 122.532 6.65493
4460.0 128.508 6.72876
4461.4 115.725 6.40908
4462.8 121.290 6.62948
4464.2 125.325 6.35219
4465.6 115.751 6.21712
4467.0 117.436 6.19684
4468.4 125.457 6.39533
4469.8 128.010 6.47957
4471.2 111.353 6.04030
4472.6 112.731 6.02174
4474.0 117.927 6.15758
4475.4 119.979 6.31948
4476.8 118.926 6.29476
4478.2 123.860 6.34051
4479.6 124.826 6.44363
4481.0 115.285 6.21785
4482.4 125.124 6.32358
4483.8 111.860 6.03152
4485.2 114.829 6.00874
4486.6 120.646 6.26759
4488.0 121.129 6.37376
4489.4 121.442 6.47799
4490.8 123.982 6.33129
4492.2 109.882 5.96638
4493.6 121.857 6.19559
4495.0 122.518 6.42169
4496.4 121.320 6.25377
4497.8 113.914 6.03740
4499.2 110.293 5.92984
4500.6 123.984 6.34618
4502.0 127.729 6.44386
4503.4 113.416 6.05492
4504.8 114.413 6.08324
4506.2 119.919 6.08085
4507.6 116.438 6.22733
4509.0 119.982 6.23303
4510.4 117.684 6.30976
4511.8 120.432 6.32135
4513.2 118.821 6.09449
4514.6 117.842 6.14570
4516.0 113.077 6.03248
4517.4 110.392 5.82185
4518.8 118.128 6.10787
4520.2 113.510 6.00262
4521.6 119.617 6.11971
4523.0 116.354 6.04523
4524.4 117.244 6.07162
4525.8 110.211 5.89489
4527.2 116.738 5.96136
4528.6 116.499 6.04580
4530.0 120.639 6.12870
4531.4 116.344 6.03560
4532.8 116.522 6.00341
4534.2 117.215 6.10915
4535.6 122.143 6.24615
4537.0 114.264 6.04618
4538.4 113.566 5.95730
4539.8 117.712 6.05796
4541.2 114.656 5.95419
4542.6 114.016 5.95292
4544.0 114.278 5.95934
4545.4 110.107 5.78281
4546.8 122.251 6.18163
4548.2 123.618 6.13548
4549.6 116.786 6.10576
4551.0 122.572 6.31558
4552.4 109.031 6.06621
4553.8 109.040 5.92191
4555.2 113.936 5.92870
4556.6 117.203 5.96186
4558.0 115.282 5.94518
4559.4 114.168 5.88536
4560.8 110.886 5.84808
4562.2 112.033 5.77406
4563.6 117.871 6.06049
4565.0 115.055 5.94258
4566.4 114.778 5.98654
4567.8 118.619 5.85594
4569.2 107.152 5.86015
4570.6 112.052 5.82735
4572.0 127.128 6.21394
4573.4 110.654 5.89404
4574.8 111.740 5.64768
4576.2 116.213 6.01173
4577.6 118.777 5.95020
4579.0 119.750 6.12887
4580.4 118.225 5.86858
4581.8 114.219 5.93922
4583.2 113.847 5.85710
4584.6 118.215 6.06035
4586.0 113.606 6.00297
4587.4 104.500 5.63092
4588.8 110.615 5.73612
4590.2 120.125 6.07742
4591.6 112.672 5.90066
4593.0 115.148 6.06070
4594.4 113.979 inf
4595.8 112.809 inf
4597.2 111.640 5.73898
4598.6 110.675 5.69219
4600.0 113.123 6.03642
4601.4 122.989 6.35096
4602.8 121.141 6.31380
4604.2 115.593 6.01835
4605.6 110.867 5.76561
4607.0 114.938 5.80292
4608.4 107.472 5.60203
4609.8 115.819 5.91796
4611.2 108.083 5.74642
4612.6 111.587 5.75382
4614.0 116.124 5.96054
4615.4 107.509 5.92528
4616.8 117.903 5.99156
4618.2 115.884 5.91083
4619.6 117.530 5.90699
4621.0 115.451 5.80605
4622.4 109.441 5.71282
4623.8 114.311 5.76003
4625.2 111.986 5.74409
4626.6 114.319 5.74375
4628.0 117.813 5.96052
4629.4 110.038 5.80756
4630.8 115.508 5.92956
4632.2 108.830 5.56465
4633.6 106.016 5.62681
4635.0 112.338 5.64427
4636.4 115.882 5.87881
4637.8 116.169 5.93486
4639.2 114.131 5.83719
4640.6 113.463 5.81419
4642.0 107.971 5.66140
4643.4 111.201 5.64716
4644.8 110.252 5.71841
4646.2 117.066 5.75859
4647.6 113.748 5.76496
4649.0 110.659 5.65659
4650.4 118.995 5.96080
4651.8 112.733 5.79326
4653.2 111.114 5.65403
4654.6 108.470 5.58710
4656.0 116.264 5.79293
4657.4 117.520 5.84715
4658.8 117.951 5.88808
4660.2 111.507 5.69696
4661.6 109.982 5.65261
4663.0 110.145 5.70954
4664.4 106.525 5.73153
4665.8 110.799 5.66555
4667.2 114.832 5.78730
4668.6 113.123 5.60654
4670.0 115.863 5.84593
4671.4 103.797 5.53159
4672.8 114.800 5.78714
4674.2 115.672 5.81055
4675.6 108.671 5.56887
4677.0 113.728 5.69297
4678.4 111.561 5.67177
4679.8 107.812 5.51659
4681.2 115.153 5.88654
4682.6 106.742 5.48896
4684.0 113.259 5.66087
4685.4 110.531 5.64799
4686.8 110.071 5.63863
4688.2 114.052 5.81005
4689.6 107.233 5.46903
4691.0 108.448 5.49611
4692.4 110.263 5.67268
4693.8 109.598 5.64825
4695.2 109.023 5.85024
4696.6 111.046 5.78315
4698.0 113.448 5.74856
4699.4 107.627 5.45489
4700.8 111.564 5.60797
4702.2 114.690 5.68355
4703.6 111.327 5.73987
4705.0 115.767 5.86462
4706.4 105.851 5.51118
4707.8 110.724 5.60667
4709.2 114.735 5.74066
4710.6 105.543 5.75303
4712.0 110.005 5.76966
4713.4 111.576 5.78805
4714.8 113.724 5.77313
4716.2 116.812 5.83160
4717.6 110.389 5.70548
4719.0 109.772 5.61872
4720.4 112.554 5.67718
4721.8 108.318 5.57019
4723.2 113.856 5.65541
4724.6 113.206 5.68610
4726.0 101.928 5.36751
4727.4 110.748 5.50826
4728.8 104.243 5.44963
4730.2 116.160 5.74777
4731.6 106.126 5.50665
4733.0 113.968 5.69411
4734.4 108.770 5.58331
4735.8 108.689 5.49670
4737.2 106.190 5.43914
4738.6 108.388 5.46179
4740.0 112.525 5.66595
4741.4 112.247 5.71527
4742.8 112.285 5.76055
4744.2 107.527 5.55096
4745.6 112.754 5.57155
4747.0 109.576 5.55487
4748.4 113.428 5.70068
4749.8 113.211 5.77670
4751.2 111.694 6.08169
4752.6 119.157 5.76827
4754.0 105.212 5.45460
4755.4 103.567 5.44495
4756.8 111.186 5.47692
4758.2 107.884 5.49671
4759.6 108.738 5.46113
4761.0 113.354 5.65317
4762.4 114.391 5.65271
4763.8 107.959 5.42331
4765.2 101.809 5.26526
4766.6 107.533 5.46529
4768.0 109.386 5.51666
4769.4 106.885 5.52794
4770.8 110.724 5.53247
4772.2 109.662 5.48561
4773.6 107.061 5.45866
4775.0 111.027 5.39229
4776.4 104.214 5.38002
4777.8 108.820 5.40742
4779.2 108.418 5.41017
4780.6 103.889 5.29301
4782.0 100.547 5.19511
4783.4 96.340 5.02877
4784.8 105.132 5.32302
4786.2 98.792 5.21724
4787.6 101.318 5.29577
4789.0 112.550 5.60432
4790.4 102.991 5.34356
4791.8 113.569 5.60222
4793.2 101.553 5.31903
4794.6 107.310 5.36192
4796.0 107.368 5.32093
4797.4 104.340 5.33616
4798.8 106.501 5.32553
4800.2 103.902 5.32827
4801.6 111.221 5.48959
4803.0 114.003 5.56773
4804.4 109.243 5.42266
4805.8 106.048 5.32238
4807.2 103.487 5.27242
4808.6 106.579 5.38623
4810.0 108.083 5.39606
4811.4 105.080 5.30534
4812.8 106.535 5.34067
4814.2 104.729 5.40293
4815.6 102.739 5.32394
4817.0 108.653 5.40306
4818.4 105.441 5.29734
4819.8 107.791 5.39964
4821.2 105.765 5.42346
4822.6 105.602 5.33907
4824.0 105.265 5.30309
4825.4 103.006 5.18659
4826.8 99.518 5.15619
4828.2 107.467 5.29628
4829.6 96.193 5.01498
4831.0 108.893 5.42042
4832.4 100.990 5.22370
4833.8 97.398 5.09494
4835.2 98.898 5.09036
4836.6 104.473 5.31941
4838.0 97.531 5.07561
4839.4 100.334 5.15726
4840.8 103.684 5.27413
4842.2 96.320 5.04248
4843.6 98.144 5.12696
4845.0 95.224 4.91045
4846.4 93.496 4.89797
4847.8 91.868 4.88437
4849.2 94.665 4.88951
4850.6 90.881 4.82372
4852.0 89.394 4.80749
4853.4 83.732 4.69002
4854.8 89.617 4.75781
4856.2 91.254 4.77376
4857.6 79.738 4.55435
4859.0 78.106 4.47277
4860.4 66.005 4.11363
4861.8 64.778 3.90963
4863.2 62.899 3.88975
4864.6 54.236 3.69482
4866.0 47.849 3.56099
4867.4 60.485 3.71558
4868.8 64.263 3.94012
4870.2 70.872 4.17434
4871.6 79.856 4.52121
4873.0 79.147 4.43996
4874.4 85.126 4.62061
4875.8 80.297 4.44576
4877.2 83.743 4.68902
4878.6 95.213 4.85136
4880.0 94.602 4.93532
4881.4 96.977 4.94975
4882.8 91.896 4.86029
4884.2 93.073 4.85140
4885.6 96.835 4.99063
4887.0 88.110 4.76464
4888.4 99.652 4.98874
4889.8 97.862 5.03008
4891.2 92.146 4.84315
4892.6 97.583 5.16937
4894.0 96.299 4.94979
4895.4 94.365 4.94881
4896.8 94.159 4.93586
4898.2 97.656 5.06614
4899.6 102.162 5.19291
4901.0 97.741 5.05088
4902.4 100.911 5.18635
4903.8 109.807 5.32256
4905.2 102.502 5.28309
4906.6 97.370 5.12530
4908.0 99.678 5.24677
4909.4 104.921 5.34742
4910.8 106.015 5.34230
4912.2 102.141 5.25166
4913.6 105.483 5.36700
4915.0 99.320 5.09308
4916.4 97.322 5.14858
4917.8 102.114 5.21752
4919.2 109.723 5.47859
4920.6 104.935 5.30871
4922.0 103.425 5.39525
4923.4 102.140 5.23443
4924.8 96.645 5.14489
4926.2 105.752 5.23547
4927.6 100.703 5.25180
4929.0 101.836 5.21838
4930.4 100.736 5.23265
4931.8 107.492 5.33529
4933.2 100.937 5.21032
4934.6 106.102 5.34086
4936.0 106.629 5.26086
4937.4 96.933 5.10767
4938.8 101.478 5.12715
4940.2 99.846 5.16322
4941.6 94.938 4.90163
4943.0 103.325 5.26074
4944.4 102.858 5.16175
4945.8 101.654 5.22255
4947.2 106.253 5.23619
4948.6 98.567 5.07290
4950.0 105.737 5.24444
4951.4 102.393 5.27842
4952.8 104.985 5.41610
4954.2 100.032 5.40157
4955.6 104.069 5.40007
4957.0 104.588 5.17175
4958.4 95.306 4.88632
4959.8 96.832 4.90035
4961.2 91.688 4.99282
4962.6 96.044 5.17742
4964.0 103.226 5.21078
4965.4 100.023 5.20225
4966.8 97.768 4.93207
4968.2 101.862 5.09151
4969.6 103.483 5.14122
4971.0 101.540 5.04498
4972.4 95.142 4.88806
4973.8 102.575 5.14414
4975.2 102.567 5.17334
4976.6 105.733 5.18976
4978.0 98.385 5.00643
4979.4 96.747 4.88749
4980.8 98.414 5.02411
4982.2 96.472 4.92836
4983.6 99.983 5.05714
4985.0 97.537 4.91189
4986.4 92.714 5.11756
4987.8 97.693 4.87407
4989.2 101.554 5.08732
4990.6 97.785 4.94048
4992.0 98.557 5.00003
4993.4 102.255 5.05075
4994.8 99.012 4.94007
4996.2 104.287 5.08848
4997.6 90.946 4.75914
4999.0 96.905 4.85839
