3900.0 65.420 7.00999
3901.4 63.331 6.94476
3902.8 62.427 6.84209
3904.2 67.046 7.21436
3905.6 67.422 7.38059
3907.0 69.645 7.65220
3908.4 68.519 7.27372
3909.8 64.026 7.24632
3911.2 60.641 6.61462
3912.6 71.869 7.36261
3914.0 76.725 7.29800
3915.4 73.167 7.49522
3916.8 70.267 7.00452
3918.2 67.127 6.95291
3919.6 65.504 6.83223
3921.0 64.397 6.58873
3922.4 65.781 6.53134
3923.8 65.936 6.64648
3925.2 63.062 6.94235
3926.6 61.534 6.64485
3928.0 57.597 6.65292
3929.4 40.120 6.07822
3930.8 29.226 5.47671
3932.2 53.544 6.40830
3933.6 58.343 6.79722
3935.0 62.964 6.48926
3936.4 66.170 6.34329
3937.8 68.350 6.54500
3939.2 72.759 6.53876
3940.6 62.647 6.49506
3942.0 71.593 6.78419
3943.4 69.006 6.95844
3944.8 62.474 6.57219
3946.2 66.242 6.88739
3947.6 71.713 6.43927
3949.0 71.395 6.70087
3950.4 68.374 6.15306
3951.8 66.117 6.37624
3953.2 62.810 6.52921
3954.6 61.441 6.42964
3956.0 63.726 6.04535
3957.4 60.180 6.12840
3958.8 60.084 5.97285
3960.2 57.418 6.20308
3961.6 52.740 6.15402
3963.0 48.304 5.80363
3964.4 35.086 5.19847
3965.8 26.082 4.47521
3967.2 31.396 4.60349
3968.6 44.214 5.31330
3970.0 52.075 5.54108
3971.4 55.994 5.56626
3972.8 63.082 6.05994
3974.2 60.804 5.87382
3975.6 56.873 5.81544
3977.0 65.235 6.14581
3978.4 63.486 5.93486
3979.8 67.098 6.41097
3981.2 64.742 6.48698
3982.6 64.078 6.63197
3984.0 66.553 6.67217
3985.4 69.493 6.52923
3986.8 66.674 5.89984
3988.2 63.468 6.09573
3989.6 75.890 6.52021
3991.0 65.488 6.28511
3992.4 68.189 6.55332
3993.8 66.243 6.41570
3995.2 67.253 6.50475
3996.6 62.371 5.70675
3998.0 62.592 5.80176
3999.4 68.784 6.16202
4000.8 66.335 5.94569
4002.2 70.057 6.12360
4003.6 61.937 5.94133
4005.0 66.997 5.78369
4006.4 66.438 5.81827
4007.8 64.218 5.96279
4009.2 69.163 6.51199
4010.6 63.978 6.37032
4012.0 65.802 6.09091
4013.4 69.355 6.16713
4014.8 64.927 5.86248
4016.2 68.295 6.28178
4017.6 71.237 6.59433
4019.0 65.073 6.06601
4020.4 67.545 5.91210
4021.8 67.507 5.83438
4023.2 62.322 5.71463
4024.6 68.229 5.80079
4026.0 66.126 5.94604
4027.4 66.975 6.17534
4028.8 68.473 6.11501
4030.2 69.648 5.91499
4031.6 64.567 5.61000
4033.0 62.849 5.48801
4034.4 72.923 5.91481
4035.8 66.515 5.81073
4037.2 68.110 6.42636
4038.6 69.900 6.48854
4040.0 62.028 6.05228
4041.4 65.016 5.63286
4042.8 63.346 5.51088
4044.2 65.063 5.56321
4045.6 67.089 6.37181
4047.0 64.692 6.95494
4048.4 65.433 6.09536
4049.8 65.553 5.53973
4051.2 68.002 5.62292
4052.6 65.675 5.95328
4054.0 67.246 5.87888
4055.4 67.972 5.59092
4056.8 63.359 5.60256
4058.2 66.559 5.76062
4059.6 62.285 5.20418
4061.0 61.824 5.41318
4062.4 69.077 5.79540
4063.8 61.043 5.27772
4065.2 69.113 5.72066
4066.6 62.614 5.63129
4068.0 62.695 5.70332
4069.4 66.510 5.90665
4070.8 66.829 5.52959
4072.2 65.711 5.52861
4073.6 60.085 5.40737
4075.0 61.367 5.22105
4076.4 60.338 5.60450
4077.8 64.171 5.59525
4079.2 66.418 5.33442
4080.6 61.374 5.58627
4082.0 64.029 5.41886
4083.4 66.104 5.44528
4084.8 62.131 5.33313
4086.2 62.379 5.08309
4087.6 64.108 5.28509
4089.0 59.798 5.13556
4090.4 56.056 5.01444
4091.8 60.757 4.88007
4093.2 53.581 4.97530
4094.6 54.679 4.86302
4096.0 45.618 4.63586
4097.4 34.276 4.02186
4098.8 36.056 4.38500
4100.2 47.522 4.77720
4101.6 52.154 4.99125
4103.0 54.347 4.89107
4104.4 58.635 5.02827
4105.8 58.993 5.04771
4107.2 64.595 5.11528
4108.6 64.314 5.11066
4110.0 65.852 5.31345
4111.4 62.503 5.12047
4112.8 62.496 5.26204
4114.2 66.251 5.33168
4115.6 64.465 5.34657
4117.0 62.261 4.99280
4118.4 64.877 5.17165
4119.8 64.409 5.30251
4121.2 64.637 5.39614
4122.6 64.061 5.33522
4124.0 69.717 5.44851
4125.4 58.932 5.28184
4126.8 60.021 5.01896
4128.2 61.136 5.05401
4129.6 60.423 4.95936
4131.0 61.404 5.34516
4132.4 67.302 5.59119
4133.8 66.034 5.54676
4135.2 64.116 5.59405
4136.6 68.504 5.36960
4138.0 68.388 5.39607
4139.4 62.771 4.95395
4140.8 63.663 5.08095
4142.2 69.021 5.03241
4143.6 62.176 5.10664
4145.0 65.169 5.10315
4146.4 61.204 5.09336
4147.8 61.260 5.12754
4149.2 64.653 5.17171
4150.6 63.154 4.99392
4152.0 67.154 4.91637
4153.4 62.255 5.06931
4154.8 63.490 5.10735
4156.2 63.090 4.99970
4157.6 70.411 5.48280
4159.0 61.201 5.29675
4160.4 65.237 5.43484
4161.8 67.418 5.25160
4163.2 63.978 5.03234
4164.6 70.163 5.33206
4166.0 63.005 4.92104
4167.4 63.278 4.91910
4168.8 65.220 5.17530
4170.2 62.240 5.14776
4171.6 61.337 5.01342
4173.0 66.595 5.01914
4174.4 65.788 4.85140
4175.8 64.600 4.93098
4177.2 62.782 5.13217
4178.6 61.757 5.20092
4180.0 62.363 5.10035
4181.4 62.544 4.93773
4182.8 65.442 4.94030
4184.2 67.110 5.07124
4185.6 64.436 5.09173
4187.0 62.614 5.24361
4188.4 60.825 5.16714
4189.8 59.921 5.49766
4191.2 65.425 5.14910
4192.6 63.406 5.12411
4194.0 62.897 4.93766
4195.4 62.334 5.09362
4196.8 63.539 5.03084
4198.2 59.630 4.89653
4199.6 67.126 4.92125
4201.0 58.879 4.67323
4202.4 61.407 4.85049
4203.8 64.950 5.05819
4205.2 59.925 4.99666
4206.6 64.174 5.15130
4208.0 62.482 4.99395
4209.4 59.781 4.67004
4210.8 59.153 4.58289
4212.2 65.133 4.71232
4213.6 60.419 4.82563
4215.0 61.637 4.63653
4216.4 65.325 5.03599
4217.8 65.807 5.07085
4219.2 62.325 5.00292
4220.6 62.158 4.95424
4222.0 58.910 4.79533
4223.4 54.979 4.75408
4224.8 63.156 5.01761
4226.2 65.867 5.15600
4227.6 63.177 4.78617
4229.0 59.952 4.60545
4230.4 59.913 4.40788
4231.8 58.741 4.84338
4233.2 60.506 5.11697
4234.6 62.698 5.06381
4236.0 65.644 5.04222
4237.4 61.870 4.74121
4238.8 62.416 4.78538
4240.2 63.387 4.76778
4241.6 61.160 4.52544
4243.0 59.979 4.67514
4244.4 59.084 4.79670
4245.8 56.638 4.57765
4247.2 59.871 4.57245
4248.6 62.766 4.84343
4250.0 58.391 4.43563
4251.4 60.548 4.76270
4252.8 64.795 4.91702
4254.2 62.472 4.88054
4255.6 65.389 4.69635
4257.0 64.540 4.77658
4258.4 60.889 4.67105
4259.8 65.691 4.77625
4261.2 61.519 4.58770
4262.6 64.446 4.84822
4264.0 62.660 4.65014
4265.4 58.215 4.80911
4266.8 56.848 4.81849
4268.2 56.295 4.35033
4269.6 63.471 4.66234
4271.0 62.056 4.70647
4272.4 62.120 5.15385
4273.8 61.029 5.02554
4275.2 61.586 4.64303
4276.6 66.385 4.79758
4278.0 58.442 4.40698
4279.4 61.785 4.60170
4280.8 62.504 4.62324
4282.2 61.792 4.84529
4283.6 61.112 4.71056
4285.0 59.004 4.52382
4286.4 56.854 4.57060
4287.8 58.845 4.65329
4289.2 59.252 4.50576
4290.6 59.309 4.50151
4292.0 58.385 4.75377
4293.4 64.281 4.86174
4294.8 64.228 4.67175
4296.2 55.706 4.46506
4297.6 59.337 4.48516
4299.0 58.303 4.47101
4300.4 60.843 4.59736
4301.8 62.804 4.67478
4303.2 57.754 4.40288
4304.6 54.982 4.31006
4306.0 58.574 4.44913
4307.4 62.322 4.77347
4308.8 62.186 4.59971
4310.2 56.880 4.47389
4311.6 57.815 4.52232
4313.0 61.812 4.67644
4314.4 58.554 4.50940
4315.8 59.411 4.65544
4317.2 56.079 4.36082
4318.6 61.630 4.71362
4320.0 59.565 4.48747
4321.4 55.990 4.48860
4322.8 53.313 4.40142
4324.2 57.718 4.34950
4325.6 58.027 4.44786
4327.0 57.058 4.43445
4328.4 54.970 4.40210
4329.8 56.288 4.43510
4331.2 50.329 4.30658
4332.6 52.750 4.37763
4334.0 47.371 4.10569
4335.4 41.421 3.88061
4336.8 30.387 3.53113
4338.2 40.165 3.79858
4339.6 51.270 4.07968
4341.0 50.511 4.33204
4342.4 51.848 4.14002
4343.8 51.729 4.17993
4345.2 54.675 4.21805
4346.6 57.115 4.32970
4348.0 56.818 4.62047
4349.4 59.082 4.71665
4350.8 60.883 4.49535
4352.2 58.781 4.39979
4353.6 59.147 4.36548
4355.0 59.049 4.64507
4356.4 58.448 4.56906
4357.8 60.294 5.10051
4359.2 60.438 5.25640
4360.6 59.679 4.99816
4362.0 65.017 4.70123
4363.4 60.620 4.52430
4364.8 61.202 4.44761
4366.2 58.812 4.26532
4367.6 58.279 4.48825
4369.0 59.295 4.44751
4370.4 56.448 4.26597
4371.8 58.671 4.43376
4373.2 62.879 4.77009
4374.6 61.616 4.46453
4376.0 58.118 4.45917
4377.4 58.719 4.44049
4378.8 57.722 4.43559
4380.2 53.453 4.25147
4381.6 57.772 4.18108
4383.0 59.213 4.25810
4384.4 59.399 4.28238
4385.8 58.400 4.40917
4387.2 59.731 4.30782
4388.6 57.781 4.08650
4390.0 57.787 4.14199
4391.4 57.679 4.40057
4392.8 56.632 4.44698
4394.2 58.403 4.36853
4395.6 58.410 4.39125
4397.0 58.392 4.63685
4398.4 59.452 4.28372
4399.8 56.226 4.21462
4401.2 57.235 4.13320
4402.6 59.814 4.29477
4404.0 62.343 4.50379
4405.4 57.821 4.26257
4406.8 61.175 4.27159
4408.2 56.704 4.08060
4409.6 57.023 4.37713
4411.0 54.855 4.16446
4412.4 53.974 4.12838
4413.8 55.648 4.09896
4415.2 60.029 4.35602
4416.6 60.039 4.35282
4418.0 61.337 4.42234
4419.4 60.554 4.27585
4420.8 60.193 4.40842
4422.2 57.360 4.25301
4423.6 59.577 4.10021
4425.0 60.813 4.28914
4426.4 62.179 4.47535
4427.8 57.582 4.42321
4429.2 56.347 4.10215
4430.6 55.982 4.12643
4432.0 61.386 4.24899
4433.4 61.043 4.66260
4434.8 58.557 4.58534
4436.2 59.875 4.29599
4437.6 58.854 4.35369
4439.0 56.118 4.28470
4440.4 53.734 4.18375
4441.8 56.231 4.11484
4443.2 56.827 4.14073
4444.6 57.550 4.32271
4446.0 58.040 4.55332
4447.4 57.235 4.63864
4448.8 56.718 4.48844
4450.2 58.026 4.17453
4451.6 61.461 4.15775
4453.0 58.494 4.22713
4454.4 58.090 4.10674
4455.8 60.413 4.26367
4457.2 59.685 4.18809
4458.6 57.825 4.21629
4460.0 58.488 4.14708
4461.4 58.735 4.21979
4462.8 58.298 4.25503
4464.2 53.843 4.14243
4465.6 53.954 3.93718
4467.0 60.784 4.23429
4468.4 57.823 4.03485
4469.8 56.025 4.04739
4471.2 59.302 4.01275
4472.6 58.430 4.11622
4474.0 56.841 3.88645
4475.4 61.384 4.20104
4476.8 57.608 4.12090
4478.2 59.738 4.21374
4479.6 59.093 4.21261
4481.0 57.492 4.10400
4482.4 59.886 4.11958
4483.8 58.848 4.13951
4485.2 59.982 4.17606
4486.6 57.311 4.19640
4488.0 61.020 4.19457
4489.4 59.086 4.19729
4490.8 58.540 4.02007
4492.2 58.277 4.02058
4493.6 57.567 4.02303
4495.0 59.901 4.00056
4496.4 56.461 4.02194
4497.8 54.203 3.88112
4499.2 58.286 4.03247
4500.6 57.832 3.90365
4502.0 57.668 4.14560
4503.4 55.985 4.39533
4504.8 58.215 4.24296
4506.2 59.492 4.29409
4507.6 59.289 3.87828
4509.0 56.804 4.05096
4510.4 55.866 3.91083
4511.8 58.387 4.35016
4513.2 59.011 4.20178
4514.6 57.801 4.04360
4516.0 59.428 3.98282
4517.4 58.009 4.00700
4518.8 54.343 3.95790
4520.2 54.890 4.20638
4521.6 56.581 4.37318
4523.0 58.085 4.22913
4524.4 55.195 3.78203
4525.8 57.867 4.04562
4527.2 56.017 4.27893
4528.6 56.198 4.25330
4530.0 57.005 4.14333
4531.4 55.980 3.88627
4532.8 58.146 4.12186
4534.2 60.597 4.04537
4535.6 60.203 4.05621
4537.0 58.453 3.96185
4538.4 56.595 4.03341
4539.8 61.118 4.34764
4541.2 55.022 4.20190
4542.6 57.149 4.03555
4544.0 54.877 3.92206
4545.4 55.406 3.92684
4546.8 55.611 4.10604
4548.2 56.619 4.18088
4549.6 54.417 3.96156
4551.0 53.771 3.83363
4552.4 59.375 4.25957
4553.8 56.571 4.62136
4555.2 56.934 4.21193
4556.6 57.517 3.93954
4558.0 56.211 3.88852
4559.4 57.373 4.11810
4560.8 55.938 4.11284
4562.2 58.431 4.08962
4563.6 58.575 3.86698
4565.0 61.002 3.95776
4566.4 59.159 4.06445
4567.8 53.426 3.83655
4569.2 53.590 3.99190
4570.6 63.927 4.07108
4572.0 65.562 4.08396
4573.4 56.379 3.95158
4574.8 56.422 3.85284
4576.2 58.730 3.85329
4577.6 57.169 3.77593
4579.0 54.140 3.67468
4580.4 56.311 3.71691
4581.8 56.478 3.91260
4583.2 56.283 3.93891
4584.6 56.519 3.89208
4586.0 55.762 3.94106
4587.4 57.303 3.77267
4588.8 57.185 3.87425
4590.2 55.588 3.79680
4591.6 56.936 3.85880
4593.0 57.599 3.70860
4594.4 57.354 3.99169
4595.8 57.888 4.00733
4597.2 55.761 3.82687
4598.6 56.783 3.78582
4600.0 58.703 3.86563
4601.4 57.476 3.88253
4602.8 60.267 3.90273
4604.2 55.376 3.98612
4605.6 55.108 3.99939
4607.0 57.548 3.88688
4608.4 58.192 3.90881
4609.8 55.878 3.91596
4611.2 56.111 3.94994
4612.6 59.190 3.99368
4614.0 56.341 3.91919
4615.4 59.189 3.97659
4616.8 56.144 4.03612
4618.2 56.705 3.94135
4619.6 58.497 3.93471
4621.0 55.735 3.98744
4622.4 57.255 4.24882
4623.8 58.615 4.09759
4625.2 56.477 4.02359
4626.6 58.407 3.88637
4628.0 56.301 3.77340
4629.4 57.594 3.70508
4630.8 55.429 3.85078
4632.2 56.617 3.73633
4633.6 56.887 3.62563
4635.0 55.072 3.94912
4636.4 56.093 3.78964
4637.8 54.595 3.82361
4639.2 54.169 3.89381
4640.6 56.551 4.07859
4642.0 58.792 4.12704
4643.4 56.159 3.94392
4644.8 58.137 3.82701
4646.2 57.809 3.86347
4647.6 54.959 3.60274
4649.0 54.996 3.88855
4650.4 54.269 3.83587
4651.8 55.673 3.86830
4653.2 57.408 4.01747
4654.6 57.072 3.76004
4656.0 57.055 3.83027
4657.4 55.463 3.70560
4658.8 53.625 3.73690
4660.2 55.281 3.83736
4661.6 55.165 3.88585
4663.0 56.242 4.02439
4664.4 57.213 4.06696
4665.8 55.926 3.85311
4667.2 56.683 3.94595
4668.6 56.504 3.81403
4670.0 57.402 3.84657
4671.4 55.678 3.80766
4672.8 54.101 3.79285
4674.2 56.537 3.65093
4675.6 54.395 3.63165
4677.0 51.954 3.63636
4678.4 56.742 3.75105
4679.8 55.046 3.77776
4681.2 52.552 3.57806
4682.6 56.105 3.80481
4684.0 55.291 3.66905
4685.4 56.521 3.79288
4686.8 55.571 3.82067
4688.2 58.176 3.85266
4689.6 55.568 3.97147
4691.0 56.214 4.06722
4692.4 59.829 4.00829
4693.8 55.071 3.72275
4695.2 58.871 3.85252
4696.6 58.207 3.92696
4698.0 56.906 3.89732
4699.4 53.209 3.78305
4700.8 54.635 3.76737
4702.2 55.870 3.80627
4703.6 57.357 3.82246
4705.0 55.381 3.79281
4706.4 57.706 3.79617
4707.8 54.332 3.84935
4709.2 54.818 3.90300
4710.6 55.402 3.74274
4712.0 56.748 3.88060
4713.4 54.310 4.02393
4714.8 52.269 3.67177
4716.2 56.083 3.85463
4717.6 55.088 3.74582
4719.0 58.686 3.84619
4720.4 57.126 3.85993
4721.8 58.509 3.86352
4723.2 54.005 3.75144
4724.6 53.870 3.77377
4726.0 57.086 3.85647
4727.4 54.821 3.91366
4728.8 54.222 3.89102
4730.2 55.133 3.81585
4731.6 54.402 3.64885
4733.0 56.179 3.79645
4734.4 55.942 3.78347
4735.8 55.006 3.66704
4737.2 53.125 3.69021
4738.6 54.788 3.74282
4740.0 54.306 3.78340
4741.4 54.281 3.88091
4742.8 56.925 3.94112
4744.2 55.210 3.69652
4745.6 54.277 3.55350
4747.0 56.813 3.82516
4748.4 55.669 3.96246
4749.8 52.460 3.59718
4751.2 55.180 3.64124
4752.6 51.957 3.56293
4754.0 56.932 3.68770
4755.4 54.430 3.64044
4756.8 57.470 3.68358
4758.2 55.121 3.74885
4759.6 51.517 3.67333
4761.0 55.766 4.00400
4762.4 53.823 3.91343
4763.8 54.896 3.98116
4765.2 54.852 3.88694
4766.6 56.919 3.93304
4768.0 53.657 3.74815
4769.4 56.355 3.67130
4770.8 52.193 3.57418
4772.2 51.432 3.70680
4773.6 54.030 3.71448
4775.0 51.258 3.71932
4776.4 53.613 3.61589
4777.8 56.305 3.87507
4779.2 53.541 3.78214
4780.6 54.451 3.54179
4782.0 54.851 3.57118
4783.4 53.185 3.48258
4784.8 52.873 3.62066
4786.2 56.017 3.51957
4787.6 57.224 3.62241
4789.0 53.907 3.62584
4790.4 53.391 3.62514
4791.8 54.571 3.87130
4793.2 54.744 3.93845
4794.6 57.098 3.82579
4796.0 54.760 3.63282
4797.4 53.502 3.47375
4798.8 53.940 3.84978
4800.2 54.057 3.76654
4801.6 54.411 3.67189
4803.0 51.689 3.58300
4804.4 53.391 3.56885
4805.8 55.914 3.64493
4807.2 56.239 3.56157
4808.6 56.824 3.62331
4810.0 53.488 3.61854
4811.4 55.254 3.62277
4812.8 55.562 3.69079
4814.2 58.593 3.86363
4815.6 54.036 3.77354
4817.0 54.546 3.65895
4818.4 53.742 3.55307
4819.8 50.940 3.39079
4821.2 51.747 3.50577
4822.6 52.458 3.49623
4824.0 55.869 3.54493
4825.4 54.433 3.64778
4826.8 50.487 3.39414
4828.2 55.062 3.54639
4829.6 53.531 3.58485
4831.0 53.559 3.38545
4832.4 50.960 3.49948
4833.8 54.509 3.93643
4835.2 52.942 3.73856
4836.6 53.205 3.64013
4838.0 51.946 3.48525
4839.4 53.929 3.54576
4840.8 49.292 3.43608
4842.2 52.610 3.48269
4843.6 52.813 3.48709
4845.0 50.481 3.57388
4846.4 52.728 3.77887
4847.8 52.979 3.67636
4849.2 50.671 3.38262
4850.6 50.676 3.45817
4852.0 47.608 3.42811
4853.4 47.086 3.35732
4854.8 45.703 3.42187
4856.2 35.882 2.94566
4857.6 29.391 2.71958
4859.0 35.442 3.08123
4860.4 44.407 3.14911
4861.8 46.272 3.33682
4863.2 48.204 3.38397
4864.6 47.716 3.47981
4866.0 50.610 3.49293
4867.4 47.038 3.35022
4868.8 49.756 3.52035
4870.2 53.528 3.53164
4871.6 52.619 3.68824
4873.0 55.581 3.61621
4874.4 48.312 3.48904
4875.8 53.224 3.76440
4877.2 53.267 3.74834
4878.6 53.761 3.61046
4880.0 52.591 3.65551
4881.4 50.991 3.57960
4882.8 50.821 3.80183
4884.2 52.618 3.61023
4885.6 54.557 3.63632
4887.0 49.688 3.52997
4888.4 52.550 3.69204
4889.8 53.226 3.67612
4891.2 56.402 3.66554
4892.6 50.405 3.62046
4894.0 50.930 3.53754
4895.4 49.996 3.57446
4896.8 52.690 3.64656
4898.2 50.768 3.55907
4899.6 49.533 3.45270
4901.0 53.679 3.49238
4902.4 53.252 3.50335
4903.8 52.158 3.46400
4905.2 53.573 3.44431
4906.6 52.525 3.55822
4908.0 50.460 3.65425
4909.4 50.661 3.60233
4910.8 52.243 3.41658
4912.2 54.757 3.44870
4913.6 52.641 3.44512
4915.0 50.494 3.49841
4916.4 49.454 3.34364
4917.8 53.401 3.49579
4919.2 51.272 3.61182
4920.6 51.327 3.60877
4922.0 53.559 3.57295
4923.4 51.719 3.48341
4924.8 53.006 3.46073
4926.2 54.118 3.51833
4927.6 53.128 3.39501
4929.0 52.822 3.38654
4930.4 54.912 3.38380
4931.8 56.209 3.77619
4933.2 54.218 3.77095
4934.6 53.380 3.62547
4936.0 54.004 3.46591
4937.4 52.069 3.59875
4938.8 53.813 3.61833
4940.2 52.229 3.49664
4941.6 52.305 3.49973
4943.0 53.107 3.49479
4944.4 51.986 3.58460
4945.8 54.651 3.74857
4947.2 54.015 3.75463
4948.6 52.000 3.47119
4950.0 53.330 3.40805
4951.4 53.117 3.45378
4952.8 49.871 3.51219
4954.2 49.262 3.55227
4955.6 52.212 3.38841
4957.0 53.892 3.40261
4958.4 50.972 3.33253
4959.8 53.696 3.47320
4961.2 50.178 3.42309
4962.6 53.227 3.57407
4964.0 52.336 3.71847
4965.4 54.186 3.77325
4966.8 52.946 3.45200
4968.2 54.325 3.53985
4969.6 55.321 3.58062
4971.0 52.486 3.46807
4972.4 52.133 3.43560
4973.8 53.548 3.52122
4975.2 51.660 3.70390
4976.6 51.219 3.48623
4978.0 49.818 3.50339
4979.4 53.011 3.51389
4980.8 52.895 3.55936
4982.2 50.336 3.38960
4983.6 56.189 3.50385
4985.0 52.428 3.41225
4986.4 52.800 3.34939
4987.8 52.681 3.49846
4989.2 50.735 3.42227
4990.6 51.818 3.46310
4992.0 53.573 3.47832
4993.4 52.736 3.38321
4994.8 51.024 3.27994
4996.2 50.089 3.30616
4997.6 52.702 3.38156
4999.0 49.886 3.32378
