3900.0 153.087 8.40532
3901.4 162.104 8.58591
3902.8 171.723 8.67419
3904.2 185.771 8.97360
3905.6 187.625 9.01998
3907.0 183.404 8.95875
3908.4 196.519 9.61622
3909.8 198.087 9.91018
3911.2 206.285 9.96861
3912.6 203.910 9.97745
3914.0 201.702 10.12190
3915.4 196.323 9.51503
3916.8 199.611 9.39914
3918.2 206.355 9.77977
3919.6 209.196 9.61126
3921.0 203.925 9.47103
3922.4 208.383 9.42666
3923.8 200.469 9.49404
3925.2 208.889 9.62767
3926.6 209.249 9.32602
3928.0 202.037 9.19713
3929.4 202.112 9.31483
3930.8 206.121 9.26335
3932.2 194.473 9.13581
3933.6 122.472 6.92319
3935.0 99.417 6.03016
3936.4 164.116 7.69472
3937.8 199.945 9.10694
3939.2 212.457 9.55544
3940.6 206.705 9.53041
3942.0 205.090 9.60468
3943.4 208.359 9.30717
3944.8 196.778 8.96006
3946.2 207.521 9.18474
3947.6 203.520 9.25125
3949.0 198.834 9.00874
3950.4 192.122 8.90446
3951.8 199.856 9.02789
3953.2 187.520 9.08744
3954.6 194.943 9.06958
3956.0 197.695 9.00808
3957.4 187.566 8.58005
3958.8 172.060 8.22728
3960.2 180.736 8.51557
3961.6 159.240 7.84660
3963.0 159.099 7.62570
3964.4 144.364 7.09656
3965.8 136.198 6.72187
3967.2 115.684 6.17909
3968.6 81.747 5.05857
3970.0 48.680 4.34985
3971.4 51.778 4.17653
3972.8 76.064 4.69414
3974.2 108.973 5.87493
3975.6 124.728 6.58472
3977.0 145.872 7.22601
3978.4 145.270 7.23311
3979.8 152.518 7.48071
3981.2 164.917 7.94957
3982.6 168.915 7.97456
3984.0 176.800 8.33474
3985.4 181.396 8.51560
3986.8 183.568 8.69389
3988.2 184.013 8.49340
3989.6 191.682 8.42289
3991.0 182.263 8.35764
3992.4 196.951 8.61849
3993.8 203.459 9.10152
3995.2 206.806 9.05383
3996.6 205.228 8.91528
3998.0 197.727 8.70708
3999.4 194.255 9.14355
4000.8 201.194 9.91808
4002.2 206.361 8.88755
4003.6 200.625 8.78135
4005.0 205.685 8.85747
4006.4 194.436 8.54305
4007.8 204.134 8.76205
4009.2 203.540 8.85454
4010.6 207.295 9.09448
4012.0 203.431 8.93329
4013.4 206.716 9.27376
4014.8 195.650 8.84505
4016.2 207.114 9.18664
4017.6 210.140 8.70386
4019.0 204.590 8.90789
4020.4 204.443 9.25240
4021.8 204.790 8.83302
4023.2 212.634 9.18208
4024.6 210.874 8.91622
4026.0 204.776 9.16657
4027.4 207.287 9.16005
4028.8 210.834 9.13702
4030.2 204.534 8.66249
4031.6 198.018 8.58634
4033.0 206.412 9.02690
4034.4 201.945 8.83753
4035.8 205.328 8.87960
4037.2 204.272 8.81975
4038.6 214.547 9.14748
4040.0 203.403 8.80919
4041.4 213.270 8.98890
4042.8 212.991 9.14313
4044.2 211.566 8.88352
4045.6 200.167 8.66106
4047.0 193.517 8.94183
4048.4 205.062 8.82457
4049.8 205.016 8.86908
4051.2 204.322 8.81663
4052.6 210.232 9.06351
4054.0 200.926 8.70504
4055.4 199.345 8.90730
4056.8 206.605 8.85429
4058.2 202.721 8.62303
4059.6 202.466 8.83393
4061.0 207.746 8.81034
4062.4 204.534 8.88528
4063.8 195.135 8.59330
4065.2 195.001 8.60959
4066.6 205.042 8.65240
4068.0 204.314 8.67136
4069.4 200.184 8.77415
4070.8 197.388 8.62671
4072.2 190.854 8.24539
4073.6 189.931 8.41610
4075.0 198.314 8.55016
4076.4 189.610 8.29392
4077.8 184.256 8.14920
4079.2 178.898 7.82779
4080.6 186.597 7.97862
4082.0 172.868 7.78829
4083.4 187.525 8.08568
4084.8 180.315 7.86104
4086.2 172.695 7.62984
4087.6 179.701 8.03518
4089.0 171.738 7.72622
4090.4 171.799 7.49775
4091.8 159.313 7.21565
4093.2 155.916 6.99188
4094.6 145.187 6.74780
4096.0 143.344 6.76485
4097.4 134.566 6.64128
4098.8 124.165 6.32568
4100.2 105.487 5.52936
4101.6 70.873 4.46506
4103.0 63.474 4.03433
4104.4 77.271 4.61184
4105.8 110.085 5.52472
4107.2 117.574 5.82689
4108.6 126.140 6.30212
4110.0 133.751 6.40944
4111.4 143.960 6.57516
4112.8 154.802 7.04273
4114.2 172.086 7.41919
4115.6 159.519 7.32826
4117.0 173.951 7.80838
4118.4 173.462 7.70792
4119.8 176.368 7.94014
4121.2 179.238 7.88572
4122.6 180.826 7.73099
4124.0 181.867 7.65688
4125.4 191.138 8.15729
4126.8 183.909 8.05299
4128.2 190.927 7.96741
4129.6 186.766 7.78805
4131.0 183.832 7.77050
4132.4 182.214 7.81787
4133.8 185.560 8.00645
4135.2 199.972 8.32964
4136.6 188.684 7.92909
4138.0 193.396 7.87860
4139.4 186.195 8.17331
4140.8 195.275 8.45341
4142.2 184.598 7.80929
4143.6 184.601 7.65500
4145.0 185.121 7.82316
4146.4 194.286 8.13165
4147.8 200.072 8.40220
4149.2 197.690 7.96189
4150.6 188.508 7.76779
4152.0 192.203 7.99284
4153.4 188.932 7.89915
4154.8 188.306 7.81479
4156.2 192.223 8.10074
4157.6 198.755 8.25701
4159.0 190.131 8.29602
4160.4 193.200 8.13091
4161.8 191.035 8.13107
4163.2 194.339 8.08321
4164.6 184.354 8.13492
4166.0 194.947 8.14913
4167.4 192.056 7.91051
4168.8 200.609 7.98738
4170.2 187.736 7.97465
4171.6 192.848 8.15887
4173.0 187.307 7.66330
4174.4 178.345 7.46468
4175.8 184.660 7.54034
4177.2 187.120 7.78543
4178.6 187.174 7.68518
4180.0 184.708 7.66918
4181.4 190.950 7.64394
4182.8 189.069 7.82369
4184.2 194.326 8.05297
4185.6 183.778 8.10801
4187.0 190.782 7.92778
4188.4 185.816 7.78860
4189.8 190.817 7.81773
4191.2 189.015 7.74990
4192.6 189.956 7.96303
4194.0 199.153 8.22190
4195.4 191.947 7.99182
4196.8 185.039 7.68077
4198.2 183.079 7.55737
4199.6 186.113 7.62353
4201.0 177.640 7.40461
4202.4 183.352 7.42110
4203.8 186.873 7.75721
4205.2 188.599 7.79490
4206.6 190.007 7.90507
4208.0 194.303 7.77763
4209.4 189.023 7.84299
4210.8 192.026 7.88771
4212.2 200.700 8.18028
4213.6 187.011 7.73840
4215.0 190.767 7.94022
4216.4 184.140 7.93978
4217.8 182.787 7.71806
4219.2 193.276 7.74707
4220.6 184.402 7.66518
4222.0 184.837 7.57842
4223.4 183.991 7.62362
4224.8 180.442 7.44209
4226.2 178.237 7.29860
4227.6 180.447 7.56081
4229.0 179.935 7.70706
4230.4 194.388 7.94430
4231.8 185.225 7.69326
4233.2 192.589 7.91205
4234.6 184.409 7.65622
4236.0 183.026 7.69088
4237.4 186.966 7.66452
4238.8 186.479 7.53093
4240.2 189.370 7.70708
4241.6 183.838 7.57969
4243.0 187.243 7.49184
4244.4 186.253 7.55879
4245.8 182.879 7.63004
4247.2 176.426 7.44920
4248.6 180.096 7.55635
4250.0 180.387 7.42214
4251.4 177.871 7.55080
4252.8 179.410 7.48998
4254.2 185.038 7.48846
4255.6 181.347 7.39618
4257.0 184.626 7.54064
4258.4 188.382 7.72529
4259.8 182.464 7.57422
4261.2 183.748 7.24731
4262.6 178.589 7.49614
4264.0 187.066 7.62391
4265.4 184.151 7.69737
4266.8 187.116 7.71970
4268.2 184.507 7.67666
4269.6 186.461 7.54909
4271.0 183.565 7.61184
4272.4 174.067 7.34835
4273.8 185.015 7.48165
4275.2 179.987 7.50283
4276.6 178.705 7.35923
4278.0 186.534 7.70108
4279.4 184.367 7.61669
4280.8 188.724 7.57674
4282.2 179.461 7.42905
4283.6 178.643 7.35322
4285.0 180.162 7.59178
4286.4 186.214 7.55711
4287.8 180.902 7.55410
4289.2 175.352 7.36027
4290.6 172.776 7.05423
4292.0 171.565 7.30327
4293.4 183.757 7.45393
4294.8 177.057 7.23013
4296.2 178.091 7.31743
4297.6 177.726 7.24944
4299.0 183.126 7.37144
4300.4 170.926 7.08071
4301.8 164.629 6.84669
4303.2 168.088 7.00136
4304.6 168.363 6.99724
4306.0 173.185 7.26482
4307.4 177.872 7.22077
4308.8 164.712 6.84509
4310.2 170.431 7.07004
4311.6 174.506 7.23415
4313.0 174.858 7.00726
4314.4 163.583 6.75567
4315.8 160.588 6.74558
4317.2 170.979 7.07472
4318.6 169.945 6.92434
4320.0 168.215 6.96534
4321.4 162.065 6.86727
4322.8 163.742 6.76644
4324.2 168.566 6.85672
4325.6 156.409 6.45827
4327.0 146.324 6.40294
4328.4 157.517 6.53546
4329.8 147.497 6.52594
4331.2 146.205 6.43583
4332.6 135.389 6.01742
4334.0 128.859 5.74540
4335.4 127.105 5.58355
4336.8 115.096 5.36541
4338.2 106.197 4.79657
4339.6 88.227 4.42744
4341.0 64.814 3.75577
4342.4 65.921 3.80986
4343.8 90.374 4.44378
4345.2 109.895 5.17504
4346.6 117.043 5.29375
4348.0 123.142 5.52955
4349.4 132.500 5.98446
4350.8 140.627 6.02415
4352.2 135.508 5.94482
4353.6 141.185 6.02638
4355.0 145.916 6.19672
4356.4 152.796 6.49447
4357.8 157.695 6.86449
4359.2 161.892 7.19111
4360.6 156.746 6.87984
4362.0 167.190 6.87248
4363.4 159.632 6.86053
4364.8 164.764 6.68155
4366.2 162.840 6.82157
4367.6 166.983 6.80813
4369.0 162.268 6.84181
4370.4 174.792 6.98983
4371.8 167.579 6.86309
4373.2 179.595 7.25882
4374.6 170.053 7.00874
4376.0 167.128 6.81096
4377.4 180.191 7.43650
4378.8 170.403 7.08195
4380.2 169.393 7.07572
4381.6 173.153 7.11058
4383.0 171.038 6.88773
4384.4 164.287 6.63778
4385.8 161.602 6.66061
4387.2 164.547 6.77445
4388.6 173.044 6.95403
4390.0 170.662 7.00861
4391.4 171.668 7.05578
4392.8 167.540 6.79116
4394.2 169.559 6.79297
4395.6 161.195 6.53960
4397.0 167.234 6.70314
4398.4 168.674 6.94223
4399.8 170.965 6.85852
4401.2 171.298 6.85452
4402.6 175.373 7.03855
4404.0 170.543 6.90135
4405.4 162.956 6.80482
4406.8 164.804 6.73245
4408.2 167.818 7.03247
4409.6 171.373 6.88777
4411.0 168.552 6.84999
4412.4 169.543 6.85066
4413.8 170.338 7.03564
4415.2 167.438 6.76198
4416.6 161.177 6.61805
4418.0 159.768 6.66090
4419.4 160.061 6.60300
4420.8 165.020 6.81711
4422.2 170.225 6.80188
4423.6 168.116 6.83449
4425.0 171.457 6.75029
4426.4 165.899 6.72883
4427.8 171.318 6.91598
4429.2 168.984 6.81746
4430.6 171.482 6.87777
4432.0 168.104 6.62423
4433.4 167.241 6.77368
4434.8 171.318 6.74588
4436.2 172.109 6.78273
4437.6 164.520 6.60358
4439.0 165.887 6.74787
4440.4 168.103 6.82315
4441.8 166.845 6.83365
4443.2 160.605 6.48804
4444.6 162.757 6.62955
4446.0 166.592 6.69643
4447.4 159.676 6.66565
4448.8 170.888 7.04767
4450.2 166.507 6.79771
4451.6 168.310 6.75492
4453.0 167.792 6.88006
4454.4 166.452 6.87371
4455.8 163.929 6.82242
4457.2 163.820 6.58725
4458.6 164.488 6.54869
4460.0 163.224 6.53070
4461.4 163.208 6.69843
4462.8 161.821 6.63513
4464.2 163.542 6.79482
4465.6 163.804 6.73357
4467.0 165.410 6.89996
4468.4 159.784 6.55256
4469.8 158.340 6.39413
4471.2 163.014 6.61200
4472.6 161.256 6.41125
4474.0 166.514 6.61851
4475.4 163.379 6.58735
4476.8 162.196 6.66881
4478.2 163.932 6.60204
4479.6 168.391 6.70720
4481.0 159.179 6.40509
4482.4 150.122 6.13337
4483.8 162.067 6.39958
4485.2 161.438 6.53722
4486.6 165.150 6.60338
4488.0 166.237 6.68672
4489.4 163.599 6.62489
4490.8 165.195 6.58311
4492.2 159.867 6.30378
4493.6 160.537 6.39605
4495.0 166.020 6.49328
4496.4 160.482 6.58874
4497.8 169.513 6.63622
4499.2 167.825 6.73297
4500.6 164.374 6.62178
4502.0 160.888 6.59236
4503.4 158.400 6.63524
4504.8 165.756 6.57151
4506.2 161.731 6.58672
4507.6 166.434 6.76883
4509.0 161.044 6.31915
4510.4 160.326 6.47867
4511.8 160.889 6.45325
4513.2 161.407 6.56011
4514.6 160.934 6.50070
4516.0 161.720 6.39614
4517.4 163.230 6.40422
4518.8 160.427 6.40262
4520.2 160.069 6.31200
4521.6 160.569 6.72265
4523.0 162.303 6.89280
4524.4 166.362 6.66016
4525.8 159.612 6.47887
4527.2 166.427 6.62125
4528.6 161.985 6.46704
4530.0 160.264 6.46988
4531.4 156.583 6.56568
4532.8 165.480 6.54622
4534.2 158.667 6.48210
4535.6 156.760 6.25654
4537.0 157.230 6.32068
4538.4 163.341 6.48956
4539.8 165.152 6.50455
4541.2 161.352 6.59131
4542.6 160.108 6.46459
4544.0 159.598 6.33500
4545.4 160.954 6.41603
4546.8 159.827 6.30850
4548.2 156.951 6.37778
4549.6 155.160 6.21666
4551.0 150.738 6.08057
4552.4 157.555 6.30118
4553.8 165.677 6.56432
4555.2 157.468 6.44146
4556.6 155.830 6.19236
4558.0 159.847 6.48784
4559.4 163.727 6.42362
4560.8 157.752 6.46551
4562.2 160.723 6.39655
4563.6 155.904 6.38031
4565.0 152.056 6.00261
4566.4 159.279 6.38677
4567.8 158.981 6.26171
4569.2 159.370 6.33408
4570.6 159.760 6.35903
4572.0 156.092 6.52805
4573.4 153.799 6.48869
4574.8 159.211 6.45072
4576.2 161.441 6.47037
4577.6 160.739 6.37737
4579.0 162.166 6.47789
4580.4 160.575 6.36366
4581.8 163.405 6.40022
4583.2 159.816 6.30873
4584.6 152.063 6.24723
4586.0 155.432 6.30166
4587.4 164.434 6.42429
4588.8 157.088 6.42603
4590.2 153.405 6.30671
4591.6 160.417 6.34774
4593.0 157.219 6.20031
4594.4 159.816 6.21925
4595.8 155.562 6.19451
4597.2 159.825 6.39254
4598.6 159.318 6.24032
4600.0 160.876 6.25436
4601.4 156.825 6.21792
4602.8 153.116 6.20310
4604.2 157.530 6.08493
4605.6 156.453 6.15615
4607.0 153.593 6.14750
4608.4 160.093 6.21012
4609.8 157.620 6.33845
4611.2 155.335 6.37169
4612.6 156.652 6.45503
4614.0 159.325 6.36920
4615.4 151.053 6.02946
4616.8 156.165 6.14299
4618.2 155.195 6.26439
4619.6 157.722 6.25805
4621.0 156.716 6.16325
4622.4 159.113 6.12053
4623.8 161.993 6.35478
4625.2 155.668 6.26752
4626.6 155.592 6.18988
4628.0 155.358 6.08677
4629.4 155.215 6.16132
4630.8 156.880 6.26648
4632.2 155.370 inf
4633.6 153.859 inf
4635.0 152.349 6.10563
4636.4 160.654 6.42003
4637.8 156.259 6.16342
4639.2 153.972 6.10117
4640.6 157.209 6.00898
4642.0 153.655 6.09951
4643.4 160.827 6.19452
4644.8 152.115 6.02197
4646.2 150.163 5.88164
4647.6 159.502 6.26521
4649.0 160.189 6.17544
4650.4 150.349 5.97676
4651.8 153.647 6.08935
4653.2 160.021 6.25412
4654.6 158.709 6.29615
4656.0 151.967 6.08125
4657.4 152.907 6.09831
4658.8 151.933 6.12184
4660.2 157.335 6.29150
4661.6 152.620 6.16686
4663.0 157.921 6.24756
4664.4 151.353 5.93996
4665.8 154.897 6.15231
4667.2 156.492 6.10109
4668.6 151.125 6.10262
4670.0 151.116 6.04939
4671.4 152.501 6.14507
4672.8 152.001 6.28981
4674.2 153.017 6.22905
4675.6 152.150 6.23334
4677.0 150.788 5.93380
4678.4 148.726 5.85788
4679.8 152.571 5.95087
4681.2 154.248 6.09427
4682.6 149.466 6.04568
4684.0 150.509 5.99787
4685.4 151.616 6.07618
4686.8 150.848 6.19654
4688.2 152.624 6.14289
4689.6 152.049 6.04737
4691.0 150.933 5.93375
4692.4 155.242 6.01997
4693.8 159.574 6.15954
4695.2 151.184 6.13133
4696.6 152.039 5.93856
4698.0 152.797 6.13743
4699.4 153.681 6.19481
4700.8 153.945 6.09462
4702.2 153.444 5.95236
4703.6 151.500 6.09051
4705.0 146.861 5.93941
4706.4 148.063 5.89847
4707.8 151.088 5.98923
4709.2 151.775 5.86490
4710.6 153.892 6.06698
4712.0 155.754 6.15764
4713.4 153.679 6.04214
4714.8 151.772 5.85633
4716.2 148.606 5.88051
4717.6 146.409 5.88876
4719.0 153.736 6.13743
4720.4 151.156 6.06779
4721.8 145.013 5.95375
4723.2 152.917 5.97010
4724.6 153.003 5.97771
4726.0 151.506 5.97109
4727.4 149.309 5.87858
4728.8 149.585 6.03435
4730.2 148.808 5.88226
4731.6 145.833 5.86815
4733.0 149.104 5.89703
4734.4 151.070 5.92035
4735.8 151.330 5.98569
4737.2 147.733 5.92331
4738.6 148.054 5.86868
4740.0 156.034 6.13690
4741.4 151.847 6.01796
4742.8 148.277 5.92450
4744.2 150.271 6.00226
4745.6 151.299 6.02774
4747.0 150.288 5.86779
4748.4 149.721 5.80323
4749.8 147.437 5.93273
4751.2 149.084 5.87081
4752.6 148.053 5.76985
4754.0 145.243 5.84370
4755.4 155.808 6.02069
4756.8 146.720 5.91051
4758.2 148.853 5.79657
4759.6 145.809 5.84793
4761.0 148.106 5.78999
4762.4 146.544 5.83950
4763.8 149.230 6.08704
4765.2 146.451 5.93217
4766.6 146.224 5.63125
4768.0 147.237 5.79892
4769.4 148.618 5.72211
4770.8 151.744 5.91787
4772.2 146.729 5.85141
4773.6 149.095 5.68850
4775.0 150.666 5.84320
4776.4 149.659 5.75340
4777.8 148.700 5.81533
4779.2 143.761 5.60181
4780.6 148.055 5.85994
4782.0 149.640 5.87634
4783.4 149.777 5.81505
4784.8 146.732 5.77570
4786.2 148.218 5.84860
4787.6 146.822 5.69130
4789.0 144.717 5.66289
4790.4 147.550 5.71049
4791.8 145.788 5.67331
4793.2 151.420 5.87506
4794.6 150.533 5.79007
4796.0 144.974 5.75917
4797.4 143.650 5.77518
4798.8 145.292 5.94186
4800.2 142.463 5.78178
4801.6 150.673 5.76101
4803.0 148.109 5.78888
4804.4 148.593 5.85334
4805.8 143.190 5.66191
4807.2 144.036 5.65272
4808.6 145.015 5.72073
4810.0 145.313 5.82366
4811.4 146.839 5.56640
4812.8 141.963 5.64751
4814.2 144.152 5.64926
4815.6 145.678 5.73517
4817.0 144.529 5.63168
4818.4 143.154 5.52909
4819.8 140.920 5.49532
4821.2 142.089 5.56102
4822.6 143.108 5.58346
4824.0 142.327 5.59661
4825.4 140.890 5.61152
4826.8 140.923 5.46126
4828.2 140.260 5.56512
4829.6 139.466 5.53535
4831.0 139.938 5.51526
4832.4 143.213 5.57352
4833.8 140.678 5.43799
4835.2 137.810 5.46939
4836.6 139.922 5.48341
4838.0 138.265 5.42607
4839.4 140.097 5.55821
4840.8 132.461 5.50699
4842.2 131.296 5.34704
4843.6 132.012 5.29338
4845.0 129.001 5.14438
4846.4 131.174 5.23027
4847.8 129.452 5.32720
4849.2 122.766 5.04108
4850.6 121.746 4.90735
4852.0 121.394 4.84618
4853.4 117.593 4.86771
4854.8 113.021 4.72405
4856.2 108.237 4.56879
4857.6 102.259 4.30981
4859.0 90.890 4.08556
4860.4 78.006 3.70738
4861.8 62.891 3.25765
4863.2 55.150 3.16985
4864.6 75.091 3.51150
4866.0 88.568 3.98625
4867.4 98.448 4.22480
4868.8 105.367 4.42926
4870.2 109.679 4.67431
4871.6 114.326 4.80850
4873.0 115.616 4.71922
4874.4 120.053 5.02154
4875.8 124.033 5.10311
4877.2 127.257 5.26241
4878.6 130.052 5.46462
4880.0 129.415 5.12718
4881.4 129.398 5.20116
4882.8 131.588 5.34717
4884.2 131.882 5.47902
4885.6 132.121 5.40871
4887.0 133.335 5.50111
4888.4 133.259 5.27981
4889.8 134.872 5.53712
4891.2 130.007 5.42085
4892.6 130.210 5.40961
4894.0 138.288 5.56183
4895.4 136.606 5.45924
4896.8 139.016 5.45452
4898.2 138.730 5.56127
4899.6 137.792 5.46451
4901.0 137.153 5.45814
4902.4 139.875 5.39712
4903.8 132.285 5.40040
4905.2 136.744 5.42979
4906.6 140.646 5.61144
4908.0 138.272 5.55580
4909.4 137.305 5.48129
4910.8 138.983 5.45393
4912.2 140.953 5.36384
4913.6 139.373 5.48760
4915.0 137.485 5.44489
4916.4 139.961 5.47850
4917.8 139.972 5.49719
4919.2 134.941 5.39752
4920.6 137.406 5.31573
4922.0 133.956 5.15872
4923.4 138.521 5.41585
4924.8 130.578 5.21571
4926.2 131.970 5.31414
4927.6 138.982 5.55722
4929.0 138.332 5.40492
4930.4 139.357 5.46778
4931.8 138.031 5.35692
4933.2 142.455 5.41256
4934.6 139.052 5.43868
4936.0 128.919 5.39435
4937.4 136.040 5.54814
4938.8 140.410 5.55521
4940.2 138.102 5.48826
4941.6 142.096 5.53030
4943.0 132.633 5.30090
4944.4 137.316 5.56781
4945.8 138.952 5.49838
4947.2 134.364 5.32734
4948.6 136.850 5.33719
4950.0 137.197 5.27165
4951.4 135.829 5.31565
4952.8 139.053 5.37401
4954.2 139.841 5.48328
4955.6 136.912 5.38255
4957.0 135.332 5.37878
4958.4 133.692 5.35910
4959.8 134.799 5.43362
4961.2 141.224 5.56023
4962.6 139.681 5.48594
4964.0 137.102 5.44498
4965.4 135.404 5.40293
4966.8 138.919 5.38302
4968.2 137.525 5.49849
4969.6 131.689 5.27850
4971.0 136.142 5.36442
4972.4 137.590 5.29305
4973.8 135.362 5.27630
4975.2 135.306 5.35597
4976.6 135.896 5.36981
4978.0 135.756 5.42605
4979.4 134.046 5.28942
4980.8 131.419 5.33908
4982.2 132.627 5.36704
4983.6 134.758 5.41707
4985.0 131.794 5.31465
4986.4 134.419 5.35032
4987.8 132.993 5.32598
4989.2 136.943 5.35670
4990.6 134.068 5.34488
4992.0 131.204 5.26443
4993.4 134.587 5.42896
4994.8 136.113 5.47968
4996.2 135.424 5.32409
4997.6 134.027 5.27159
4999.0 133.177 5.19108
