3900.0 127.608 10.66750
3901.4 133.242 11.25140
3902.8 151.078 11.19610
3904.2 138.276 11.89080
3905.6 142.102 10.97980
3907.0 136.431 10.65200
3908.4 147.201 11.73390
3909.8 147.911 11.91670
3911.2 156.193 11.66120
3912.6 152.331 11.86880
3914.0 141.264 11.57600
3915.4 143.776 11.50950
3916.8 147.553 11.54850
3918.2 153.970 11.98330
3919.6 146.149 11.36490
3921.0 148.439 11.05610
3922.4 148.908 11.04950
3923.8 146.809 10.90370
3925.2 156.874 11.67370
3926.6 143.541 10.81590
3928.0 141.686 10.52510
3929.4 132.987 10.26390
3930.8 110.488 9.30729
3932.2 75.572 8.48753
3933.6 37.886 6.59679
3935.0 29.821 5.81625
3936.4 71.516 7.80776
3937.8 111.439 8.86201
3939.2 135.687 9.99355
3940.6 145.178 10.19200
3942.0 142.722 10.27470
3943.4 141.888 10.71540
3944.8 142.811 10.80710
3946.2 146.419 10.58330
3947.6 152.390 10.76420
3949.0 147.057 11.21230
3950.4 143.498 10.59800
3951.8 144.375 11.02800
3953.2 143.475 10.95760
3954.6 148.757 10.88550
3956.0 144.289 11.06200
3957.4 133.396 10.51020
3958.8 139.466 10.71420
3960.2 148.988 11.06340
3961.6 138.715 10.22040
3963.0 117.278 9.81908
3964.4 126.784 9.54521
3965.8 109.850 9.42495
3967.2 80.111 7.86655
3968.6 40.172 6.36606
3970.0 33.687 6.13745
3971.4 60.966 7.23567
3972.8 93.651 8.29227
3974.2 112.087 8.88871
3975.6 126.583 9.37886
3977.0 130.377 9.93293
3978.4 141.414 10.24000
3979.8 141.915 10.54420
3981.2 146.872 10.88130
3982.6 138.386 10.77320
3984.0 137.997 10.56610
3985.4 145.494 10.67950
3986.8 146.338 11.23740
3988.2 146.686 10.87030
3989.6 149.594 10.91680
3991.0 144.676 11.20710
3992.4 150.232 11.14120
3993.8 156.746 11.27870
3995.2 159.003 11.01920
3996.6 144.749 11.16080
3998.0 142.007 11.08620
3999.4 137.577 10.73320
4000.8 149.260 10.94950
4002.2 152.604 11.28210
4003.6 151.377 11.10840
4005.0 149.245 10.99260
4006.4 134.433 9.97148
4007.8 152.564 10.75840
4009.2 158.869 11.17290
4010.6 158.549 11.33940
4012.0 154.738 10.95900
4013.4 147.534 10.94200
4014.8 156.394 11.01960
4016.2 156.916 11.28310
4017.6 155.925 11.16750
4019.0 153.743 10.68400
4020.4 159.298 11.36770
4021.8 155.550 10.78980
4023.2 152.672 10.86650
4024.6 152.242 11.21460
4026.0 150.953 10.60320
4027.4 155.216 10.60460
4028.8 152.526 10.75160
4030.2 147.888 10.77890
4031.6 141.277 10.67160
4033.0 146.230 10.31080
4034.4 143.732 10.23440
4035.8 153.747 9.90423
4037.2 154.246 10.62440
4038.6 160.926 11.15910
4040.0 156.826 11.06960
4041.4 156.042 10.56250
4042.8 155.353 10.61250
4044.2 162.298 11.47960
4045.6 139.328 10.54770
4047.0 142.977 9.96009
4048.4 146.574 10.64080
4049.8 155.056 10.40770
4051.2 158.509 11.06640
4052.6 160.044 10.98330
4054.0 155.181 10.56400
4055.4 152.036 10.76790
4056.8 151.902 10.10350
4058.2 147.401 9.92090
4059.6 146.729 9.96802
4061.0 152.485 10.40570
4062.4 153.299 10.82370
4063.8 141.379 10.16650
4065.2 142.791 9.80656
4066.6 147.636 10.70550
4068.0 145.687 10.48320
4069.4 149.117 10.33230
4070.8 148.618 10.22120
4072.2 136.682 10.08500
4073.6 146.144 10.78610
4075.0 143.806 10.01370
4076.4 148.751 10.28240
4077.8 136.659 9.43817
4079.2 130.949 9.35072
4080.6 147.521 9.71380
4082.0 155.180 10.28830
4083.4 149.261 10.32370
4084.8 145.615 10.06630
4086.2 144.164 9.91547
4087.6 146.803 10.32960
4089.0 149.546 10.28470
4090.4 146.073 9.83104
4091.8 144.169 9.78069
4093.2 140.522 9.88512
4094.6 145.954 10.00020
4096.0 137.599 9.78819
4097.4 130.252 9.38184
4098.8 125.691 9.34517
4100.2 109.985 9.00586
4101.6 86.111 8.18987
4103.0 74.646 7.44343
4104.4 98.949 8.25274
4105.8 127.157 8.97487
4107.2 126.221 9.29844
4108.6 133.496 9.29784
4110.0 134.449 9.55899
4111.4 143.127 10.43080
4112.8 141.396 10.41090
4114.2 148.943 10.33120
4115.6 145.237 9.69901
4117.0 144.276 9.82654
4118.4 141.952 9.80681
4119.8 141.156 9.52002
4121.2 138.048 9.61209
4122.6 141.331 10.00320
4124.0 144.656 9.88599
4125.4 149.877 10.08780
4126.8 152.418 9.68961
4128.2 143.756 9.47818
4129.6 148.569 9.90220
4131.0 147.256 9.64741
4132.4 139.925 9.34891
4133.8 142.450 9.27350
4135.2 146.382 9.37406
4136.6 153.599 9.67290
4138.0 150.238 9.91881
4139.4 153.700 10.13170
4140.8 155.962 9.88165
4142.2 155.849 9.78881
4143.6 139.991 9.48342
4145.0 140.752 8.71043
4146.4 151.017 9.53166
4147.8 147.150 9.62925
4149.2 141.829 9.52191
4150.6 149.024 9.62674
4152.0 149.873 9.74938
4153.4 150.718 9.76919
4154.8 143.960 9.53800
4156.2 142.478 9.78426
4157.6 144.947 10.77150
4159.0 145.977 9.82587
4160.4 148.277 9.59041
4161.8 147.095 9.59654
4163.2 147.292 9.55139
4164.6 139.910 9.37513
4166.0 152.344 9.80247
4167.4 149.219 9.58283
4168.8 149.276 9.45789
4170.2 150.822 9.52482
4171.6 146.858 9.50242
4173.0 134.649 9.08343
4174.4 133.511 8.98444
4175.8 142.937 9.03322
4177.2 140.305 9.15322
4178.6 135.493 9.20263
4180.0 135.946 9.02067
4181.4 142.495 9.15217
4182.8 147.713 9.36762
4184.2 149.263 9.33016
4185.6 149.693 9.48497
4187.0 147.378 9.23867
4188.4 137.468 8.63879
4189.8 141.666 8.99418
4191.2 149.038 9.49422
4192.6 147.091 9.29448
4194.0 152.069 9.45613
4195.4 153.988 10.11780
4196.8 151.375 9.90262
4198.2 145.151 9.21663
4199.6 137.840 8.72539
4201.0 140.873 8.78770
4202.4 139.089 8.96735
4203.8 139.090 8.82863
4205.2 146.797 9.14995
4206.6 148.263 9.25682
4208.0 147.767 9.32704
4209.4 148.641 9.66883
4210.8 141.440 9.63964
4212.2 145.639 9.70770
4213.6 149.154 9.54638
4215.0 148.262 9.64135
4216.4 135.317 9.09550
4217.8 138.927 9.03551
4219.2 145.942 9.27484
4220.6 149.592 9.41085
4222.0 148.973 9.57732
4223.4 143.299 9.34938
4224.8 142.746 8.96200
4226.2 135.765 8.51209
4227.6 127.571 8.15639
4229.0 137.841 8.56971
4230.4 152.800 9.25820
4231.8 152.789 9.21595
4233.2 139.568 9.16074
4234.6 136.671 9.16067
4236.0 141.103 9.24982
4237.4 143.216 9.14938
4238.8 144.961 9.17582
4240.2 143.192 8.99652
4241.6 151.176 9.55344
4243.0 148.608 9.45944
4244.4 152.500 9.44202
4245.8 150.032 9.40250
4247.2 140.028 9.43563
4248.6 139.858 9.53784
4250.0 141.144 9.31270
4251.4 137.472 8.71564
4252.8 140.781 8.89173
4254.2 147.052 9.01516
4255.6 143.631 8.93169
4257.0 152.848 9.08863
4258.4 150.252 8.99881
4259.8 146.062 9.04733
4261.2 140.434 9.00431
4262.6 143.711 9.13308
4264.0 151.231 9.33559
4265.4 156.225 9.47829
4266.8 153.383 9.49990
4268.2 152.669 9.55495
4269.6 149.158 9.18230
4271.0 147.297 8.80382
4272.4 131.169 8.22674
4273.8 141.248 8.56595
4275.2 142.833 8.82350
4276.6 144.153 8.77681
4278.0 151.215 9.33984
4279.4 152.305 9.52768
4280.8 152.273 9.55749
4282.2 149.047 9.19830
4283.6 145.496 9.08385
4285.0 145.451 9.00609
4286.4 150.391 8.87513
4287.8 143.493 8.83075
4289.2 137.598 8.45225
4290.6 125.275 8.23610
4292.0 139.445 8.78103
4293.4 146.804 8.76517
4294.8 138.266 8.75476
4296.2 143.926 8.98408
4297.6 146.220 9.03667
4299.0 141.517 8.74137
4300.4 123.989 7.76296
4301.8 127.304 7.66489
4303.2 124.331 7.90411
4304.6 137.061 8.20870
4306.0 146.591 8.54390
4307.4 138.921 8.26879
4308.8 135.783 8.07009
4310.2 142.346 8.09793
4311.6 145.657 8.16494
4313.0 142.787 8.35134
4314.4 129.280 8.21721
4315.8 126.620 8.12985
4317.2 138.617 8.64619
4318.6 146.088 9.10746
4320.0 139.980 8.84903
4321.4 136.067 8.70174
4322.8 142.622 8.84681
4324.2 144.222 8.98584
4325.6 130.559 8.29111
4327.0 130.207 7.99657
4328.4 137.610 8.12585
4329.8 141.265 8.64747
4331.2 132.235 8.64156
4332.6 135.143 8.89136
4334.0 135.158 8.78576
4335.4 133.982 8.70050
4336.8 126.525 8.49656
4338.2 106.233 7.87202
4339.6 92.824 7.15098
4341.0 73.808 6.75934
4342.4 80.082 6.88172
4343.8 111.147 7.87937
4345.2 123.246 8.29330
4346.6 131.818 8.53000
4348.0 135.726 8.56754
4349.4 137.951 8.90997
4350.8 134.943 9.15169
4352.2 124.047 8.22222
4353.6 127.057 8.07557
4355.0 137.948 8.41221
4356.4 146.008 8.82982
4357.8 147.501 9.37685
4359.2 144.245 9.40042
4360.6 143.196 8.94486
4362.0 143.061 8.88677
4363.4 146.395 8.99044
4364.8 147.398 9.22409
4366.2 147.562 9.11517
4367.6 146.993 8.94192
4369.0 141.378 8.96002
4370.4 145.776 9.35033
4371.8 145.361 8.86584
4373.2 145.636 8.75790
4374.6 140.048 8.83369
4376.0 134.726 8.55829
4377.4 142.300 8.70276
4378.8 151.828 8.98601
4380.2 148.691 8.78808
4381.6 145.881 8.98445
4383.0 144.108 8.59343
4384.4 128.285 7.92993
4385.8 133.136 7.85285
4387.2 144.812 8.35938
4388.6 143.539 8.24001
4390.0 145.494 8.21707
4391.4 143.790 8.43506
4392.8 142.507 8.43142
4394.2 136.614 8.28736
4395.6 131.811 8.16768
4397.0 132.928 8.18097
4398.4 146.994 8.74597
4399.8 137.601 8.53629
4401.2 129.615 8.01560
4402.6 143.784 8.67021
4404.0 147.387 8.71115
4405.4 137.996 8.24930
4406.8 137.683 8.23273
4408.2 143.075 8.44303
4409.6 140.345 8.52460
4411.0 138.973 8.41694
4412.4 139.967 8.68143
4413.8 144.512 9.07628
4415.2 136.380 8.76563
4416.6 126.457 8.30982
4418.0 125.982 7.86121
4419.4 133.614 8.15706
4420.8 142.699 8.73862
4422.2 139.632 8.91438
4423.6 132.373 8.46555
4425.0 139.125 8.25818
4426.4 141.406 8.36080
4427.8 136.034 8.34601
4429.2 138.413 8.34991
4430.6 145.481 8.48068
4432.0 139.417 8.89297
4433.4 140.466 9.34880
4434.8 136.814 8.65263
4436.2 133.250 7.98215
4437.6 139.352 8.10291
4439.0 142.590 8.57967
4440.4 146.285 8.53613
4441.8 142.739 8.49129
4443.2 129.799 7.74916
4444.6 124.501 7.69514
4446.0 135.797 8.37084
4447.4 144.333 8.75389
4448.8 143.748 9.01350
4450.2 138.340 8.49532
4451.6 134.030 8.08951
4453.0 144.156 8.73586
4454.4 139.678 8.29482
4455.8 129.902 8.02886
4457.2 131.340 7.65081
4458.6 138.413 8.16637
4460.0 135.371 7.98005
4461.4 134.913 7.67951
4462.8 134.412 8.02006
4464.2 139.798 8.21611
4465.6 135.760 7.82822
4467.0 133.956 8.02453
4468.4 131.639 7.94306
4469.8 125.988 7.74802
4471.2 131.514 7.67281
4472.6 138.379 8.07732
4474.0 140.761 8.26624
4475.4 140.525 8.47382
4476.8 136.117 8.08937
4478.2 141.317 8.18141
4479.6 140.807 8.84055
4481.0 132.505 8.02466
4482.4 130.594 7.91701
4483.8 138.742 7.87913
4485.2 139.554 7.96694
4486.6 140.838 8.29499
4488.0 142.544 8.26370
4489.4 133.938 8.28112
4490.8 135.781 7.81997
4492.2 134.408 7.76690
4493.6 143.512 8.25327
4495.0 134.843 8.06910
4496.4 139.266 7.99193
4497.8 138.594 7.90472
4499.2 139.688 8.05478
4500.6 140.902 8.11204
4502.0 130.827 8.10200
4503.4 141.343 8.23492
4504.8 145.768 8.29711
4506.2 141.952 8.24138
4507.6 137.587 7.98706
4509.0 136.060 8.31637
4510.4 139.840 8.24456
4511.8 144.079 8.42769
4513.2 144.571 8.18623
4514.6 137.270 8.31600
4516.0 135.475 8.11659
4517.4 134.490 7.94957
4518.8 137.869 7.86457
4520.2 134.855 7.83294
4521.6 131.786 7.94153
4523.0 133.323 7.84590
4524.4 132.174 7.88883
4525.8 142.957 7.90216
4527.2 135.442 7.74168
4528.6 134.401 8.01650
4530.0 132.316 7.48502
4531.4 134.940 7.83476
4532.8 137.443 7.84512
4534.2 128.724 7.49741
4535.6 122.682 7.35127
4537.0 134.292 7.89955
4538.4 139.085 7.96871
4539.8 142.918 8.23911
4541.2 134.634 7.80023
4542.6 140.651 7.95150
4544.0 135.545 7.92784
4545.4 135.815 7.85495
4546.8 133.125 7.83420
4548.2 137.434 8.00703
4549.6 126.627 7.32869
4551.0 124.261 7.52980
4552.4 133.094 7.94570
4553.8 133.745 7.90346
4555.2 126.625 7.82130
4556.6 130.386 7.75547
4558.0 137.040 7.89861
4559.4 136.620 7.79693
4560.8 137.106 7.82088
4562.2 142.331 8.13539
4563.6 134.218 7.86014
4565.0 129.880 7.67607
4566.4 134.908 7.73174
4567.8 137.316 7.94706
4569.2 141.051 7.88742
4570.6 139.781 8.04259
4572.0 131.848 7.83283
4573.4 129.452 7.62668
4574.8 136.354 7.88410
4576.2 139.724 7.99965
4577.6 133.423 7.87463
4579.0 140.405 7.97983
4580.4 138.458 7.93892
4581.8 139.147 7.90657
4583.2 133.311 7.60600
4584.6 128.011 7.45336
4586.0 131.958 7.56306
4587.4 139.503 7.85060
4588.8 132.861 7.79824
4590.2 136.087 7.78287
4591.6 136.660 7.86171
4593.0 138.995 7.57443
4594.4 144.084 7.99991
4595.8 138.768 7.87012
4597.2 141.711 8.26470
4598.6 136.293 8.12121
4600.0 140.967 8.11230
4601.4 137.122 7.87847
4602.8 139.982 7.83213
4604.2 136.168 7.81689
4605.6 137.304 8.02661
4607.0 142.458 8.03012
4608.4 138.550 7.89047
4609.8 141.287 7.79187
4611.2 139.603 7.86926
4612.6 137.932 7.62491
4614.0 135.339 7.47300
4615.4 139.665 7.69280
4616.8 136.184 7.81472
4618.2 137.208 8.04681
4619.6 138.271 7.57275
4621.0 136.209 7.78758
4622.4 139.715 7.78566
4623.8 138.816 7.93837
4625.2 144.235 8.31539
4626.6 139.580 7.99329
4628.0 139.063 7.84745
4629.4 133.072 7.81456
4630.8 134.011 7.81568
4632.2 134.717 7.99897
4633.6 138.686 7.92453
4635.0 136.349 7.56248
4636.4 139.412 7.45697
4637.8 139.441 7.75509
4639.2 136.844 7.60780
4640.6 136.722 7.57921
4642.0 140.589 8.06419
4643.4 140.964 7.74315
4644.8 137.822 7.91863
4646.2 136.475 7.90203
4647.6 138.350 7.93170
4649.0 136.561 7.93933
4650.4 136.578 7.85233
4651.8 137.832 7.80697
4653.2 136.692 7.72132
4654.6 137.205 7.72387
4656.0 133.067 7.59965
4657.4 132.664 7.56463
4658.8 133.035 7.60048
4660.2 138.256 7.52424
4661.6 138.010 7.79618
4663.0 137.439 7.67422
4664.4 136.090 7.78554
4665.8 135.332 7.61632
4667.2 133.897 7.51115
4668.6 132.631 7.37016
4670.0 135.862 7.44358
4671.4 133.895 7.83139
4672.8 137.815 7.52781
4674.2 134.705 7.44693
4675.6 141.008 7.58084
4677.0 137.224 7.79268
4678.4 141.000 8.07729
4679.8 138.287 7.87152
4681.2 135.184 7.64551
4682.6 138.728 7.73784
4684.0 138.350 7.64890
4685.4 138.786 7.78199
4686.8 137.030 7.62347
4688.2 135.001 7.69829
4689.6 138.858 7.73175
4691.0 136.006 7.67349
4692.4 141.563 7.69346
4693.8 135.546 7.75047
4695.2 140.552 7.53366
4696.6 137.956 7.48968
4698.0 137.884 7.67865
4699.4 134.722 7.55478
4700.8 138.071 7.83433
4702.2 135.593 7.88226
4703.6 136.399 7.54450
4705.0 129.478 7.25143
4706.4 138.549 7.53757
4707.8 134.999 7.61158
4709.2 135.921 7.24812
4710.6 132.681 7.57250
4712.0 142.448 7.54040
4713.4 136.155 7.61626
4714.8 136.692 7.57998
4716.2 129.188 7.44070
4717.6 138.440 7.66334
4719.0 140.030 7.49354
4720.4 136.792 7.69625
4721.8 137.872 7.69135
4723.2 137.407 7.56660
4724.6 131.955 7.54582
4726.0 140.665 7.90095
4727.4 139.150 7.67558
4728.8 139.030 7.46731
4730.2 137.498 7.30868
4731.6 132.928 7.28833
4733.0 130.951 7.37040
4734.4 132.372 7.33577
4735.8 137.089 7.52276
4737.2 131.898 7.32033
4738.6 133.050 7.33785
4740.0 134.982 7.41757
4741.4 136.873 7.43944
4742.8 136.259 7.49323
4744.2 134.343 7.40322
4745.6 136.204 7.72972
4747.0 138.262 7.80479
4748.4 135.189 7.46155
4749.8 136.664 7.33954
4751.2 136.221 7.43363
4752.6 134.536 7.54197
4754.0 134.318 7.37873
4755.4 136.779 7.47330
4756.8 136.157 7.44875
4758.2 134.367 7.62265
4759.6 136.727 7.17692
4761.0 133.145 7.50093
4762.4 133.138 7.48505
4763.8 134.374 7.56526
4765.2 130.087 7.04478
4766.6 134.181 7.48957
4768.0 133.919 7.57032
4769.4 137.519 7.39176
4770.8 135.790 7.28538
4772.2 133.624 7.50506
4773.6 136.636 7.44071
4775.0 138.898 7.59869
4776.4 139.871 7.45502
4777.8 133.214 7.54068
4779.2 135.989 7.49554
4780.6 131.228 7.63213
4782.0 129.255 7.33132
4783.4 136.727 7.24913
4784.8 137.456 7.40049
4786.2 133.566 7.44515
4787.6 131.447 7.22558
4789.0 133.661 7.27494
4790.4 137.741 7.38446
4791.8 137.214 7.71205
4793.2 131.292 7.24325
4794.6 137.341 7.39452
4796.0 137.839 7.62415
4797.4 131.926 7.52348
4798.8 133.609 7.36759
4800.2 130.375 7.14612
4801.6 133.928 7.35985
4803.0 135.634 7.36914
4804.4 134.034 7.53601
4805.8 129.135 7.27029
4807.2 132.342 7.03669
4808.6 133.583 7.24178
4810.0 130.103 7.47776
4811.4 131.928 7.21163
4812.8 132.589 7.38801
4814.2 132.822 7.11106
4815.6 136.211 7.34096
4817.0 134.287 7.37287
4818.4 132.838 7.18532
4819.8 138.730 7.25735
4821.2 133.337 7.08716
4822.6 133.392 7.31788
4824.0 130.466 7.34394
4825.4 129.102 7.04760
4826.8 129.578 7.05398
4828.2 133.852 7.35953
4829.6 132.790 7.44805
4831.0 128.942 7.34639
4832.4 133.000 7.44771
4833.8 131.374 7.26350
4835.2 131.404 7.10626
4836.6 132.453 6.96863
4838.0 133.057 7.28366
4839.4 131.789 7.17617
4840.8 131.056 7.09142
4842.2 131.292 7.05178
4843.6 130.265 6.85906
4845.0 132.734 7.07024
4846.4 129.658 7.15638
4847.8 127.315 7.12779
4849.2 126.363 6.97456
4850.6 124.474 6.82039
4852.0 125.840 6.89618
4853.4 123.727 7.10402
4854.8 118.851 6.94639
4856.2 117.901 6.76756
4857.6 113.828 6.48748
4859.0 108.426 6.59303
4860.4 93.046 6.00249
4861.8 67.924 5.61478
4863.2 74.805 5.62375
4864.6 104.796 6.18259
4866.0 111.220 6.37532
4867.4 117.458 6.56073
4868.8 120.789 6.86065
4870.2 124.412 7.08240
4871.6 120.502 6.63048
4873.0 119.385 6.78377
4874.4 121.301 6.80525
4875.8 124.309 6.98406
4877.2 125.036 6.92444
4878.6 123.705 7.01818
4880.0 127.028 7.39023
4881.4 129.110 7.38798
4882.8 130.071 7.71460
4884.2 130.560 7.62135
4885.6 129.671 7.02957
4887.0 131.774 7.22422
4888.4 132.761 7.29206
4889.8 130.334 7.14327
4891.2 122.632 6.79247
4892.6 122.239 6.62644
4894.0 126.283 7.14904
4895.4 131.812 7.33034
4896.8 130.748 7.22701
4898.2 126.374 7.13545
4899.6 129.298 7.02861
4901.0 126.001 7.13600
4902.4 129.833 7.12082
4903.8 130.548 7.06490
4905.2 127.461 7.07773
4906.6 131.897 7.22904
4908.0 133.487 7.25868
4909.4 131.769 7.14375
4910.8 129.695 7.17917
4912.2 128.580 6.93438
4913.6 128.410 7.22231
4915.0 128.346 7.69369
4916.4 130.697 6.75298
4917.8 131.975 6.94873
4919.2 127.728 6.56614
4920.6 119.125 6.26029
4922.0 125.166 6.51942
4923.4 125.385 6.64311
4924.8 119.255 6.76034
4926.2 125.785 6.86013
4927.6 129.026 6.51406
4929.0 127.883 6.71380
4930.4 128.154 6.80344
4931.8 129.541 6.91533
4933.2 129.661 6.75217
4934.6 121.078 6.32086
4936.0 124.100 6.68770
4937.4 131.043 6.93851
4938.8 129.166 6.85008
4940.2 129.037 6.64099
4941.6 129.245 6.48462
4943.0 129.251 6.65925
4944.4 133.812 6.69147
4945.8 129.698 6.60763
4947.2 130.527 6.76952
4948.6 131.991 6.79504
4950.0 127.677 6.56481
4951.4 129.570 6.68967
4952.8 128.803 6.62265
4954.2 127.618 6.59859
4955.6 129.061 6.75113
4957.0 126.829 6.65690
4958.4 118.900 6.31880
4959.8 125.100 6.47258
4961.2 130.896 6.55706
4962.6 127.525 6.47829
4964.0 127.946 6.58882
4965.4 130.542 6.85823
4966.8 130.728 6.93950
4968.2 124.545 6.86079
4969.6 131.106 6.63605
4971.0 128.448 6.81105
4972.4 129.616 6.77435
4973.8 130.038 6.77407
4975.2 127.893 6.65449
4976.6 129.020 6.64630
4978.0 133.346 6.95555
4979.4 129.542 6.96478
4980.8 128.889 7.15839
4982.2 126.887 6.86321
4983.6 122.180 6.65967
4985.0 121.674 5.97959
4986.4 123.361 6.25975
4987.8 125.197 6.38481
4989.2 128.120 6.38252
4990.6 126.952 6.48709
4992.0 126.570 6.51182
4993.4 127.661 6.31702
4994.8 125.201 6.40664
4996.2 131.684 6.58645
4997.6 130.975 6.65486
4999.0 125.109 6.33419
