3900.0 74.013 7.90516
3901.4 68.332 7.73701
3902.8 93.192 8.23489
3904.2 80.947 7.99875
3905.6 77.233 8.01330
3907.0 89.198 8.32407
3908.4 86.744 8.19572
3909.8 93.896 8.16134
3911.2 86.153 8.02550
3912.6 86.840 8.01746
3914.0 90.607 8.15011
3915.4 102.145 8.37413
3916.8 90.321 7.93984
3918.2 96.178 8.04876
3919.6 97.864 7.99620
3921.0 89.580 7.82872
3922.4 92.247 7.86334
3923.8 91.695 7.91676
3925.2 109.441 8.59678
3926.6 89.831 8.13371
3928.0 86.676 7.45595
3929.4 93.672 7.79386
3930.8 103.027 7.91057
3932.2 76.596 7.27571
3933.6 92.796 7.63806
3935.0 86.700 7.69176
3936.4 70.431 6.78540
3937.8 42.851 6.16803
3939.2 68.108 7.13255
3940.6 94.608 8.03704
3942.0 95.343 8.11329
3943.4 92.244 8.18866
3944.8 93.069 8.14039
3946.2 104.399 8.32841
3947.6 79.531 7.68314
3949.0 97.968 8.09160
3950.4 99.236 8.17773
3951.8 88.427 7.82553
3953.2 88.079 7.96605
3954.6 79.398 7.92013
3956.0 85.755 8.25778
3957.4 80.542 8.23890
3958.8 89.091 8.23100
3960.2 93.169 8.33264
3961.6 74.845 8.16068
3963.0 81.984 8.13605
3964.4 70.375 7.64514
3965.8 80.948 7.83191
3967.2 81.386 7.90710
3968.6 80.054 7.28794
3970.0 65.581 6.50886
3971.4 51.231 5.91721
3972.8 34.277 5.47280
3974.2 41.216 5.41393
3975.6 44.618 5.82765
3977.0 71.555 6.54749
3978.4 65.972 6.46343
3979.8 67.401 6.46086
3981.2 80.383 6.78390
3982.6 74.555 6.54335
3984.0 72.074 6.47341
3985.4 86.880 6.66476
3986.8 97.181 7.18598
3988.2 84.019 6.77627
3989.6 93.049 6.96233
3991.0 100.257 7.27839
3992.4 96.748 7.20060
3993.8 94.810 7.21908
3995.2 88.833 7.27334
3996.6 99.521 7.52892
3998.0 99.195 7.21366
3999.4 88.148 7.10466
4000.8 95.402 6.96942
4002.2 87.412 6.73693
4003.6 95.391 6.98365
4005.0 109.960 7.33431
4006.4 86.295 6.71279
4007.8 88.946 6.82646
4009.2 71.441 6.42908
4010.6 94.148 7.03117
4012.0 97.556 7.14081
4013.4 95.878 7.02355
4014.8 107.048 7.35764
4016.2 94.608 6.93710
4017.6 86.218 6.65311
4019.0 84.579 6.96774
4020.4 109.145 7.12172
4021.8 84.881 6.65640
4023.2 100.622 7.07023
4024.6 107.360 7.32829
4026.0 104.064 7.39992
4027.4 105.940 7.15557
4028.8 95.593 6.80664
4030.2 90.770 6.65625
4031.6 100.579 7.00259
4033.0 86.910 6.73006
4034.4 95.487 6.95582
4035.8 95.821 6.99489
4037.2 94.101 6.99795
4038.6 95.820 7.27715
4040.0 95.208 7.50536
4041.4 99.597 7.37554
4042.8 94.200 7.02253
4044.2 101.331 7.22890
4045.6 100.811 7.40678
4047.0 110.483 8.02973
4048.4 97.766 7.68360
4049.8 71.731 6.68769
4051.2 87.245 6.76838
4052.6 94.404 6.88648
4054.0 97.013 7.09105
4055.4 97.378 6.99746
4056.8 94.225 7.03724
4058.2 91.275 6.85497
4059.6 98.742 6.95934
4061.0 91.550 6.86294
4062.4 94.820 6.97377
4063.8 98.425 6.94420
4065.2 96.903 7.28040
4066.6 95.009 6.94303
4068.0 85.433 6.53212
4069.4 104.487 6.91002
4070.8 91.749 6.62169
4072.2 97.150 6.84331
4073.6 94.320 6.73925
4075.0 89.879 6.63636
4076.4 99.265 6.81589
4077.8 94.631 7.18857
4079.2 92.683 7.20476
4080.6 86.193 6.64333
4082.0 90.384 6.36137
4083.4 83.840 6.28019
4084.8 99.875 6.81874
4086.2 87.800 6.55293
4087.6 88.232 6.50537
4089.0 85.335 6.35285
4090.4 91.799 6.32744
4091.8 80.010 6.00583
4093.2 83.768 6.12007
4094.6 80.148 6.01667
4096.0 85.203 6.28901
4097.4 81.863 6.05765
4098.8 76.004 5.89839
4100.2 68.293 5.57936
4101.6 79.681 5.78793
4103.0 62.553 5.43121
4104.4 56.195 5.09764
4105.8 44.348 4.81107
4107.2 46.308 5.11054
4108.6 63.595 5.39219
4110.0 73.174 5.65095
4111.4 71.174 5.65153
4112.8 87.892 6.17316
4114.2 90.316 6.15109
4115.6 79.047 6.00531
4117.0 85.245 6.03481
4118.4 78.193 5.95304
4119.8 80.531 6.05862
4121.2 76.628 5.95395
4122.6 89.396 6.20691
4124.0 81.427 5.98833
4125.4 86.833 6.16391
4126.8 94.687 6.31461
4128.2 88.104 6.28869
4129.6 91.496 6.24481
4131.0 79.864 5.94661
4132.4 90.130 6.19123
4133.8 93.759 6.56881
4135.2 87.375 6.57165
4136.6 87.501 6.42759
4138.0 112.404 7.49856
4139.4 96.097 6.38491
4140.8 88.940 6.18732
4142.2 89.276 6.13442
4143.6 87.417 6.12862
4145.0 80.032 5.94214
4146.4 93.580 6.13053
4147.8 83.213 5.66665
4149.2 85.307 5.96398
4150.6 86.827 5.94977
4152.0 88.315 6.22899
4153.4 97.985 6.51582
4154.8 82.657 6.21488
4156.2 96.936 6.42314
4157.6 101.547 6.37457
4159.0 83.814 5.81686
4160.4 85.850 5.99261
4161.8 88.658 5.90645
4163.2 88.935 6.03027
4164.6 90.651 6.16315
4166.0 85.848 6.25373
4167.4 100.264 6.36944
4168.8 87.055 5.89442
4170.2 88.058 6.03001
4171.6 89.605 5.94799
4173.0 86.823 6.24744
4174.4 90.636 5.86694
4175.8 83.129 5.72898
4177.2 95.561 6.09872
4178.6 80.701 5.82677
4180.0 87.824 5.89623
4181.4 82.580 5.79022
4182.8 80.035 5.83451
4184.2 81.604 5.95618
4185.6 85.354 5.80004
4187.0 88.192 5.88772
4188.4 91.804 5.92203
4189.8 94.405 6.02265
4191.2 81.752 5.67095
4192.6 85.677 5.70463
4194.0 94.365 5.93396
4195.4 90.782 5.76389
4196.8 81.776 5.54793
4198.2 79.682 5.57644
4199.6 84.008 5.56722
4201.0 88.681 5.72657
4202.4 87.554 5.67715
4203.8 93.021 5.88984
4205.2 80.730 5.68795
4206.6 93.046 5.88346
4208.0 89.877 5.78695
4209.4 90.480 5.83636
4210.8 90.211 5.70232
4212.2 84.421 5.56693
4213.6 91.306 5.74883
4215.0 90.898 5.71676
4216.4 85.690 5.65348
4217.8 95.170 5.70322
4219.2 87.789 5.54881
4220.6 86.102 5.60012
4222.0 96.601 5.87560
4223.4 93.141 5.83794
4224.8 90.432 5.78587
4226.2 83.000 5.56268
4227.6 97.384 5.89985
4229.0 91.129 5.57133
4230.4 78.642 5.36653
4231.8 81.168 5.43799
4233.2 87.471 5.56037
4234.6 83.813 5.46430
4236.0 93.042 5.67130
4237.4 85.868 5.38004
4238.8 82.953 5.38595
4240.2 91.768 5.53840
4241.6 91.231 5.65766
4243.0 89.174 5.56874
4244.4 89.637 5.59532
4245.8 91.287 5.70502
4247.2 95.219 5.93145
4248.6 89.516 5.71412
4250.0 87.825 5.50147
4251.4 84.388 5.43817
4252.8 77.426 5.22941
4254.2 82.942 5.24249
4255.6 84.806 5.52604
4257.0 86.096 5.53076
4258.4 92.781 5.84419
4259.8 87.081 5.54934
4261.2 91.805 5.53774
4262.6 91.412 5.58977
4264.0 99.205 5.75675
4265.4 83.055 5.32633
4266.8 86.254 5.50375
4268.2 100.167 5.87377
4269.6 94.169 5.72970
4271.0 85.637 5.49289
4272.4 98.435 5.80077
4273.8 91.221 5.73883
4275.2 84.658 5.35054
4276.6 90.062 5.44194
4278.0 79.618 5.25614
4279.4 85.383 5.35117
4280.8 89.422 5.67468
4282.2 96.465 6.04298
4283.6 87.778 5.54453
4285.0 86.556 5.40353
4286.4 90.710 5.43881
4287.8 88.842 5.38545
4289.2 84.521 5.33466
4290.6 94.653 5.55207
4292.0 86.490 5.46732
4293.4 85.078 5.23346
4294.8 77.768 5.02138
4296.2 86.531 5.24599
4297.6 89.757 5.39173
4299.0 84.568 5.27224
4300.4 84.280 5.12268
4301.8 90.225 5.26569
4303.2 76.719 4.96036
4304.6 76.794 4.92008
4306.0 78.492 4.92528
4307.4 83.721 5.13454
4308.8 84.720 5.29255
4310.2 86.729 5.23784
4311.6 79.651 5.22571
4313.0 80.153 5.21785
4314.4 82.400 5.21060
4315.8 90.031 5.33955
4317.2 80.630 5.13604
4318.6 79.691 5.03599
4320.0 80.359 5.25322
4321.4 85.002 5.48102
4322.8 82.364 5.38521
4324.2 84.910 5.24660
4325.6 86.048 5.29806
4327.0 81.219 5.02291
4328.4 81.865 5.14887
4329.8 80.864 4.97272
4331.2 65.046 4.62048
4332.6 75.772 4.89837
4334.0 85.332 5.22111
4335.4 77.789 5.33541
4336.8 77.926 5.29358
4338.2 75.129 5.14258
4339.6 65.887 4.73991
4341.0 66.462 4.51034
4342.4 58.228 4.22847
4343.8 41.941 3.70952
4345.2 35.934 3.47797
4346.6 45.214 3.81976
4348.0 64.130 4.46223
4349.4 69.425 4.73514
4350.8 74.643 4.88648
4352.2 74.883 4.86411
4353.6 71.886 4.76049
4355.0 64.281 4.65630
4356.4 75.437 4.90674
4357.8 72.369 5.25941
4359.2 85.314 6.03803
4360.6 75.379 5.36342
4362.0 81.217 5.29176
4363.4 84.166 5.17080
4364.8 84.671 5.10367
4366.2 87.132 5.30431
4367.6 80.802 5.09671
4369.0 80.327 5.17552
4370.4 78.898 5.18833
4371.8 87.305 5.35715
4373.2 83.419 5.28052
4374.6 91.010 5.46484
4376.0 87.591 5.42307
4377.4 87.092 5.38613
4378.8 85.674 5.33658
4380.2 84.641 5.18082
4381.6 86.848 5.20896
4383.0 84.664 5.19875
4384.4 89.926 5.19295
4385.8 77.917 4.87041
4387.2 72.542 4.69872
4388.6 78.457 4.90084
4390.0 78.825 4.89999
4391.4 87.763 5.12347
4392.8 89.798 5.27239
4394.2 85.750 5.25672
4395.6 88.163 5.21837
4397.0 79.943 5.04611
4398.4 83.755 5.18382
4399.8 84.111 5.02073
4401.2 74.518 4.82636
4402.6 87.031 5.02929
4404.0 77.036 4.75349
4405.4 85.998 5.02377
4406.8 90.200 5.24210
4408.2 82.964 5.12825
4409.6 76.639 4.81735
4411.0 82.186 4.89974
4412.4 81.400 4.95014
4413.8 83.716 4.89989
4415.2 87.500 5.15304
4416.6 82.064 4.93400
4418.0 82.610 4.96003
4419.4 85.497 4.96442
4420.8 83.516 4.91475
4422.2 76.174 4.76649
4423.6 81.996 4.90562
4425.0 87.041 5.10752
4426.4 77.002 4.87479
4427.8 82.843 4.77067
4429.2 78.073 4.82579
4430.6 89.859 5.03332
4432.0 79.237 4.89769
4433.4 86.564 5.16023
4434.8 93.030 5.40279
4436.2 86.883 5.07067
4437.6 89.051 5.16648
4439.0 78.226 4.70555
4440.4 86.442 5.04166
4441.8 83.856 4.92943
4443.2 87.862 5.15092
4444.6 80.416 4.70560
4446.0 78.319 4.81112
4447.4 84.671 4.86087
4448.8 72.864 4.60207
4450.2 85.781 4.86138
4451.6 78.584 4.72450
4453.0 78.123 4.74010
4454.4 85.668 4.91240
4455.8 89.150 5.06377
4457.2 90.914 5.11065
4458.6 84.972 5.12454
4460.0 79.522 4.96718
4461.4 82.478 5.06392
4462.8 87.562 4.90465
4464.2 87.235 5.02158
4465.6 82.941 4.78486
4467.0 78.424 4.85375
4468.4 84.600 4.87944
4469.8 75.955 4.65180
4471.2 84.344 4.77548
4472.6 84.348 4.82693
4474.0 74.947 4.55872
4475.4 77.828 4.67783
4476.8 82.102 4.80558
4478.2 88.335 4.97735
4479.6 87.724 4.96574
4481.0 94.892 5.08396
4482.4 76.251 4.81572
4483.8 93.108 5.16312
4485.2 72.332 4.68963
4486.6 83.341 4.92103
4488.0 86.709 5.03434
4489.4 85.780 4.96135
4490.8 84.659 5.00513
4492.2 83.620 4.97644
4493.6 79.792 4.63685
4495.0 79.811 4.75095
4496.4 77.647 4.61836
4497.8 77.386 4.59906
4499.2 82.221 4.93916
4500.6 85.347 4.82889
4502.0 88.827 4.95118
4503.4 79.959 4.70409
4504.8 76.873 4.57484
4506.2 69.925 4.33980
4507.6 86.584 4.80763
4509.0 81.658 4.71288
4510.4 76.073 4.54147
4511.8 77.957 4.61466
4513.2 82.587 4.72373
4514.6 87.663 4.91669
4516.0 81.544 4.89781
4517.4 82.574 4.75143
4518.8 75.887 4.60677
4520.2 76.534 4.58245
4521.6 84.033 4.88899
4523.0 88.292 4.85290
4524.4 75.710 4.60441
4525.8 81.085 4.71777
4527.2 79.377 4.67830
4528.6 78.394 4.75250
4530.0 85.320 4.87613
4531.4 82.316 4.76685
4532.8 77.562 4.61693
4534.2 78.852 4.69672
4535.6 79.281 4.77409
4537.0 80.846 4.67149
4538.4 78.453 4.63847
4539.8 74.745 4.54245
4541.2 80.073 4.72222
4542.6 90.534 5.02673
4544.0 78.348 4.70132
4545.4 83.684 4.78494
4546.8 81.831 4.66301
4548.2 83.644 4.84998
4549.6 82.860 4.70741
4551.0 84.537 4.63153
4552.4 75.442 4.52970
4553.8 78.734 4.47635
4555.2 76.946 4.52182
4556.6 79.890 4.58078
4558.0 83.939 4.73190
4559.4 82.894 4.71639
4560.8 78.662 4.66373
4562.2 78.092 4.71832
4563.6 81.344 4.79715
4565.0 82.367 4.66432
4566.4 79.082 4.54583
4567.8 76.813 4.41624
4569.2 81.104 4.69448
4570.6 83.960 4.67668
4572.0 80.842 4.64927
4573.4 76.725 4.43754
4574.8 76.028 4.45360
4576.2 82.954 4.53925
4577.6 80.795 4.59912
4579.0 79.105 4.52317
4580.4 78.763 4.45645
4581.8 79.871 4.55100
4583.2 83.042 4.62494
4584.6 79.570 4.56522
4586.0 80.519 4.65871
4587.4 72.530 4.32056
4588.8 75.669 4.34761
4590.2 78.960 4.57229
4591.6 83.628 4.69806
4593.0 84.004 4.86701
4594.4 82.319 4.69261
4595.8 83.189 4.59106
4597.2 77.915 4.43627
4598.6 81.287 4.47506
4600.0 79.248 4.56955
4601.4 83.711 4.68607
4602.8 82.936 4.61838
4604.2 80.849 4.48378
4605.6 75.120 4.44325
4607.0 80.411 4.62023
4608.4 80.637 4.63177
4609.8 86.363 4.73795
4611.2 75.153 4.48513
4612.6 77.385 4.41396
4614.0 76.599 4.39835
4615.4 81.331 4.50982
4616.8 74.765 4.35097
4618.2 77.964 4.44330
4619.6 91.480 4.84302
4621.0 79.731 4.61357
4622.4 81.924 4.62206
4623.8 82.507 4.60583
4625.2 85.329 4.66334
4626.6 80.041 4.46591
4628.0 75.042 4.35842
4629.4 79.051 4.45126
4630.8 79.527 4.51391
4632.2 82.026 4.56045
4633.6 81.757 4.53310
4635.0 70.653 4.34211
4636.4 78.513 4.49089
4637.8 85.034 4.76583
4639.2 87.343 4.81562
4640.6 83.111 4.59476
4642.0 73.630 4.28699
4643.4 81.444 4.47760
4644.8 74.064 4.41867
4646.2 80.619 4.56986
4647.6 83.920 4.58078
4649.0 83.265 4.58086
4650.4 86.633 4.58721
4651.8 76.821 4.41269
4653.2 82.823 4.53011
4654.6 74.850 4.31770
4656.0 78.484 4.39380
4657.4 80.978 4.44012
4658.8 80.369 4.51099
4660.2 73.744 4.25104
4661.6 85.559 4.54006
4663.0 76.494 4.49735
4664.4 87.183 4.76379
4665.8 80.454 4.66113
4667.2 79.567 4.62637
4668.6 86.294 4.67912
4670.0 77.233 4.41929
4671.4 84.176 4.53582
4672.8 78.499 4.42091
4674.2 83.204 4.49710
4675.6 81.719 4.55378
4677.0 80.859 4.49668
4678.4 80.426 4.43273
4679.8 75.258 4.32368
4681.2 84.197 4.53030
4682.6 83.782 4.64722
4684.0 84.023 4.67250
4685.4 79.845 4.49901
4686.8 78.732 4.43316
4688.2 79.517 4.51255
4689.6 78.432 4.33707
4691.0 78.715 4.43591
4692.4 84.014 4.55115
4693.8 79.970 4.43872
4695.2 72.333 4.32506
4696.6 81.022 4.51954
4698.0 84.040 4.59366
4699.4 76.424 4.35274
4700.8 76.623 4.39268
4702.2 78.891 4.39472
4703.6 76.631 4.38712
4705.0 75.318 4.45037
4706.4 76.492 4.40021
4707.8 76.442 4.43853
4709.2 82.845 4.47663
4710.6 74.859 4.43854
4712.0 81.517 4.62160
4713.4 72.370 4.29477
4714.8 78.899 4.38838
4716.2 88.027 4.77723
4717.6 81.224 4.72324
4719.0 75.167 4.36642
4720.4 82.962 4.50742
4721.8 89.257 4.68116
4723.2 84.491 4.64218
4724.6 88.926 4.71495
4726.0 77.090 4.49020
4727.4 77.055 4.38404
4728.8 78.940 4.37946
4730.2 81.561 4.52462
4731.6 81.988 4.49872
4733.0 79.092 4.37430
4734.4 77.029 4.22254
4735.8 74.693 4.20803
4737.2 72.439 4.32844
4738.6 76.019 4.43631
4740.0 83.610 4.43368
4741.4 80.420 4.38708
4742.8 77.172 4.21995
4744.2 81.031 4.38713
4745.6 77.400 4.38261
4747.0 71.221 4.29454
4748.4 81.707 4.58482
4749.8 80.358 4.39588
4751.2 74.101 4.28754
4752.6 76.908 4.41141
4754.0 80.498 4.42743
4755.4 71.569 4.19504
4756.8 79.479 4.21960
4758.2 71.477 4.10542
4759.6 80.254 4.27993
4761.0 73.481 4.24486
4762.4 72.562 4.15411
4763.8 75.732 4.18031
4765.2 81.833 4.32410
4766.6 79.385 4.23250
4768.0 78.670 4.24719
4769.4 71.726 4.17616
4770.8 81.391 4.26346
4772.2 72.712 4.05804
4773.6 77.890 4.21032
4775.0 77.400 4.23704
4776.4 72.918 4.20854
4777.8 78.350 4.25609
4779.2 81.259 4.29235
4780.6 81.926 4.34767
4782.0 80.139 4.27112
4783.4 76.198 4.18050
4784.8 78.367 4.27269
4786.2 74.522 4.18562
4787.6 81.695 4.56961
4789.0 77.135 4.22677
4790.4 71.547 4.09943
4791.8 79.548 4.20111
4793.2 79.909 4.35420
4794.6 75.527 4.16227
4796.0 75.214 4.13005
4797.4 74.566 4.08538
4798.8 74.681 4.19362
4800.2 74.893 4.14004
4801.6 75.022 4.10748
4803.0 75.080 4.19988
4804.4 76.298 4.27794
4805.8 67.737 4.07616
4807.2 71.689 4.10362
4808.6 73.251 4.10729
4810.0 73.178 4.12051
4811.4 75.050 4.14526
4812.8 78.321 4.26630
4814.2 74.312 4.13292
4815.6 73.585 4.08523
4817.0 70.904 3.93976
4818.4 74.171 4.16701
4819.8 77.624 4.17231
4821.2 75.340 4.12899
4822.6 70.629 4.00994
4824.0 73.212 4.08464
4825.4 73.482 4.10446
4826.8 70.998 4.06427
4828.2 79.407 4.24574
4829.6 73.015 4.24816
4831.0 73.125 4.21151
4832.4 74.232 4.26032
4833.8 68.603 4.04501
4835.2 69.164 4.04860
4836.6 68.811 3.93033
4838.0 67.765 3.95309
4839.4 71.453 4.03773
4840.8 75.209 4.23250
4842.2 77.284 4.23235
4843.6 66.828 3.96442
4845.0 71.863 4.05440
4846.4 71.282 4.03944
4847.8 67.125 4.04621
4849.2 76.908 4.25842
4850.6 70.013 4.05197
4852.0 70.369 4.00208
4853.4 66.642 3.90002
4854.8 64.566 3.95256
4856.2 69.666 3.96134
4857.6 73.610 4.15172
4859.0 69.952 3.95811
4860.4 73.725 4.00876
4861.8 61.942 3.73910
4863.2 57.444 3.46721
4864.6 51.938 3.36048
4866.0 40.965 2.99331
4867.4 35.252 2.77029
4868.8 49.906 3.31962
4870.2 61.996 3.62487
4871.6 59.090 3.62081
4873.0 67.089 3.83058
4874.4 64.830 3.92388
4875.8 59.434 3.84494
4877.2 65.305 3.92327
4878.6 66.849 3.88565
4880.0 74.866 3.98803
4881.4 70.234 3.91026
4882.8 70.139 3.95444
4884.2 75.177 4.07190
4885.6 66.212 3.88920
4887.0 78.396 4.11780
4888.4 77.223 4.01460
4889.8 70.434 3.95596
4891.2 74.144 3.92413
4892.6 70.799 3.90884
4894.0 71.110 3.96885
4895.4 73.812 3.95115
4896.8 75.247 4.10607
4898.2 71.221 3.92574
4899.6 68.287 3.87110
4901.0 70.902 3.92393
4902.4 71.634 3.89882
4903.8 75.552 3.97594
4905.2 66.284 3.84026
4906.6 69.905 3.77391
4908.0 67.935 3.88459
4909.4 71.577 3.90889
4910.8 74.973 3.99504
4912.2 71.021 3.96705
4913.6 79.596 4.11288
4915.0 76.535 4.06681
4916.4 71.721 3.90100
4917.8 70.635 3.87594
4919.2 70.709 3.82330
4920.6 73.568 3.95498
4922.0 77.576 4.08870
4923.4 74.857 4.06000
4924.8 68.986 3.79282
4926.2 68.356 3.82806
4927.6 71.571 3.85547
4929.0 73.324 3.95267
4930.4 73.018 3.91830
4931.8 76.558 3.97163
4933.2 70.021 3.89373
4934.6 76.540 3.95945
4936.0 67.378 3.77968
4937.4 71.846 3.84326
4938.8 73.637 4.08496
4940.2 69.312 4.09286
4941.6 73.816 4.14714
4943.0 70.950 3.84786
4944.4 72.545 3.89703
4945.8 74.903 3.91914
4947.2 72.832 3.90468
4948.6 71.680 3.89404
4950.0 72.699 3.87373
4951.4 72.613 3.88567
4952.8 71.175 3.86702
4954.2 72.968 3.89247
4955.6 75.588 4.00198
4957.0 68.333 3.77790
4958.4 69.212 3.77432
4959.8 67.469 3.79923
4961.2 69.210 3.83670
4962.6 66.011 3.69133
4964.0 69.248 3.91633
4965.4 70.140 3.83410
4966.8 68.207 3.79701
4968.2 67.209 3.74531
4969.6 67.248 3.71595
4971.0 73.210 3.91600
4972.4 78.015 4.18267
4973.8 71.561 4.04173
4975.2 68.186 3.81215
4976.6 72.387 3.88785
4978.0 69.874 3.80111
4979.4 69.433 3.80428
4980.8 71.559 3.85520
4982.2 63.656 3.75289
4983.6 73.094 4.04001
4985.0 72.369 3.90076
4986.4 70.882 3.88920
4987.8 71.093 3.82440
4989.2 69.665 3.79819
4990.6 69.228 3.74351
4992.0 74.824 3.92590
4993.4 74.283 3.90404
4994.8 65.209 3.80617
4996.2 68.676 3.91672
4997.6 71.248 4.07118
4999.0 68.723 3.98125
