3900.0 40.684 6.80077
3901.4 45.122 6.74711
3902.8 34.285 6.16901
3904.2 41.606 6.48041
3905.6 41.828 6.16979
3907.0 45.253 6.55478
3908.4 51.271 6.87450
3909.8 42.408 6.71100
3911.2 57.054 7.19347
3912.6 45.936 7.17895
3914.0 42.370 7.06557
3915.4 38.722 6.59491
3916.8 39.982 6.06685
3918.2 54.045 6.35723
3919.6 42.146 6.30475
3921.0 47.398 6.36565
3922.4 47.632 6.51880
3923.8 45.978 6.28541
3925.2 50.646 6.15559
3926.6 40.300 5.83281
3928.0 47.273 5.78880
3929.4 40.580 5.57779
3930.8 44.800 5.61943
3932.2 34.825 5.39226
3933.6 18.929 5.01275
3935.0 14.080 4.84852
3936.4 20.779 5.18079
3937.8 41.523 5.74383
3939.2 44.883 5.85701
3940.6 44.743 5.75195
3942.0 58.134 6.11887
3943.4 36.024 5.58196
3944.8 48.863 5.73540
3946.2 49.109 6.18168
3947.6 44.392 6.20643
3949.0 47.202 6.20158
3950.4 44.166 5.76970
3951.8 33.378 5.14623
3953.2 42.035 5.48640
3954.6 54.276 5.94800
3956.0 49.267 5.85603
3957.4 46.851 5.64849
3958.8 39.300 5.40581
3960.2 43.336 5.58029
3961.6 42.854 5.60917
3963.0 41.649 5.59142
3964.4 47.836 5.81359
3965.8 34.864 5.50137
3967.2 30.904 5.56254
3968.6 12.478 5.31864
3970.0 14.573 5.71294
3971.4 13.345 5.96431
3972.8 20.362 6.06022
3974.2 39.604 6.27511
3975.6 41.405 6.15223
3977.0 46.980 6.14926
3978.4 36.106 5.53961
3979.8 48.901 6.63795
3981.2 50.587 6.66934
3982.6 38.665 5.94655
3984.0 44.191 5.54078
3985.4 39.067 5.15889
3986.8 41.182 5.16140
3988.2 46.636 5.46508
3989.6 50.033 5.54073
3991.0 46.372 5.36430
3992.4 44.157 5.37740
3993.8 53.234 5.71885
3995.2 49.718 5.80506
3996.6 46.330 5.67721
3998.0 49.036 5.61939
3999.4 44.316 5.15654
4000.8 47.063 5.19576
4002.2 43.086 5.24244
4003.6 51.744 5.53593
4005.0 37.495 5.19395
4006.4 50.076 5.38006
4007.8 42.669 4.95868
4009.2 44.498 5.38708
4010.6 49.786 5.30566
4012.0 37.378 5.00290
4013.4 53.895 5.57744
4014.8 42.917 5.31605
4016.2 44.606 5.04879
4017.6 51.464 5.25559
4019.0 53.527 5.35285
4020.4 42.713 4.98910
4021.8 54.767 5.35288
4023.2 41.589 5.15029
4024.6 48.262 5.18337
4026.0 39.016 4.72748
4027.4 45.763 5.19116
4028.8 45.054 5.17302
4030.2 42.036 5.09361
4031.6 42.061 5.06265
4033.0 56.664 5.56838
4034.4 43.649 5.43330
4035.8 47.144 5.51223
4037.2 56.557 5.55166
4038.6 48.383 5.12464
4040.0 55.090 5.35129
4041.4 51.596 5.39673
4042.8 45.230 5.36447
4044.2 47.340 5.31220
4045.6 48.482 5.26120
4047.0 39.705 5.29068
4048.4 44.020 5.60794
4049.8 55.445 5.69212
4051.2 46.507 5.22299
4052.6 43.277 5.18457
4054.0 57.803 5.67586
4055.4 45.856 5.55314
4056.8 41.030 5.51085
4058.2 52.103 5.89962
4059.6 53.348 5.70626
4061.0 57.747 5.69885
4062.4 47.889 5.55267
4063.8 50.139 5.80054
4065.2 54.278 5.95733
4066.6 48.272 5.64386
4068.0 49.517 5.46094
4069.4 51.567 5.28574
4070.8 52.898 5.52034
4072.2 41.702 5.17362
4073.6 48.327 5.31600
4075.0 45.109 5.23045
4076.4 48.176 5.32806
4077.8 41.561 5.18366
4079.2 39.209 4.97095
4080.6 46.340 4.94760
4082.0 46.160 5.04262
4083.4 55.000 5.24318
4084.8 35.992 4.91729
4086.2 47.140 5.27236
4087.6 46.218 5.45968
4089.0 42.713 5.23585
4090.4 38.469 4.84003
4091.8 35.541 4.48222
4093.2 43.266 4.63772
4094.6 31.806 4.76302
4096.0 44.750 5.15799
4097.4 36.725 4.77859
4098.8 37.845 4.52798
4100.2 30.142 4.00958
4101.6 31.228 4.19924
4103.0 22.419 4.05065
4104.4 29.454 4.37084
4105.8 32.576 4.34519
4107.2 37.304 4.33513
4108.6 39.261 4.39513
4110.0 39.450 4.41503
4111.4 40.933 4.34384
4112.8 41.465 4.67049
4114.2 40.824 4.54433
4115.6 42.017 4.67179
4117.0 48.879 4.77411
4118.4 43.025 4.50951
4119.8 43.583 4.58223
4121.2 43.778 4.50924
4122.6 39.860 4.54737
4133.8 38.602 4.74359
4135.2 45.555 5.08792
4136.6 50.239 5.43725
4138.0 46.198 4.87716
4139.4 47.289 4.71131
4140.8 50.419 4.75576
4142.2 37.452 4.34332
4143.6 46.237 4.49455
4145.0 42.888 4.48463
4146.4 51.233 4.76528
4147.8 49.628 4.78016
4149.2 45.480 4.80489
4150.6 50.656 4.70665
4152.0 39.845 4.28806
4153.4 50.337 4.58791
4154.8 49.448 4.57503
4156.2 47.455 4.56593
4157.6 42.840 4.60117
4159.0 43.895 4.52475
4160.4 46.299 4.52695
4161.8 46.534 4.71211
4163.2 47.973 4.60355
4164.6 40.891 4.36952
4166.0 54.064 4.70768
4167.4 49.960 4.68109
4168.8 50.194 4.89710
4170.2 47.837 4.96599
4171.6 49.238 4.89015
4173.0 41.798 4.41908
4174.4 45.792 4.25720
4175.8 44.018 4.31362
4177.2 40.078 4.05491
4178.6 41.844 4.32881
4180.0 50.565 4.65671
4181.4 45.802 4.46033
4182.8 52.052 4.53602
4184.2 40.533 4.10069
4185.6 49.468 4.34314
4187.0 48.077 4.52698
4188.4 47.126 4.27289
4189.8 50.659 4.45224
4191.2 48.304 4.31320
4192.6 49.887 4.39439
4194.0 48.029 4.34553
4195.4 46.804 4.38981
4196.8 47.538 4.48665
4198.2 46.089 4.23629
4199.6 40.880 4.11845
4201.0 42.795 4.14427
4202.4 44.355 4.17378
4203.8 48.247 4.37511
4205.2 43.597 4.48375
4206.6 46.243 4.76185
4208.0 49.037 4.95219
4209.4 46.733 4.85480
4210.8 45.578 4.59178
4212.2 44.756 4.32129
4213.6 52.550 4.48930
4215.0 48.294 4.32713
4216.4 43.878 4.25852
4217.8 35.434 3.89075
4219.2 42.057 4.13050
4220.6 48.635 4.31243
4222.0 44.272 4.48371
4223.4 42.063 4.74188
4224.8 48.975 4.74487
4226.2 44.749 4.37321
4227.6 45.396 4.09822
4229.0 37.565 3.86999
4230.4 41.325 3.93055
4231.8 53.151 4.61972
4233.2 49.479 4.31708
4234.6 47.209 4.35548
4236.0 41.601 4.19113
4237.4 47.451 4.43646
4238.8 38.864 4.20242
4240.2 51.640 4.36866
4241.6 46.439 4.26406
4243.0 50.847 4.33619
4244.4 48.831 4.29216
4245.8 49.211 4.21872
4247.2 47.751 4.22287
4248.6 44.508 4.11486
4250.0 39.152 3.81574
4251.4 38.498 3.91773
4252.8 46.979 4.39077
4254.2 46.987 4.44659
4255.6 37.334 4.05548
4257.0 50.161 4.19198
4258.4 48.565 4.31731
4259.8 46.713 4.45452
4261.2 42.933 4.54264
4262.6 45.513 4.53903
4264.0 42.553 4.49456
4265.4 50.919 4.62708
4266.8 45.008 4.29947
4268.2 47.852 4.41040
4269.6 47.647 4.11428
4271.0 48.283 4.05861
4272.4 42.685 3.93608
4273.8 44.839 4.01213
4275.2 47.972 4.06803
4276.6 46.213 4.09031
4278.0 48.481 4.08644
4279.4 46.750 4.08180
4280.8 47.147 3.96165
4282.2 45.964 4.10661
4283.6 42.907 3.95433
4285.0 52.943 4.17786
4286.4 46.217 4.01330
4287.8 47.697 3.94051
4289.2 35.367 3.63999
4290.6 42.388 3.82941
4292.0 47.885 4.01191
4293.4 46.015 3.93926
4294.8 42.187 3.80733
4296.2 42.146 3.86370
4297.6 46.120 3.92135
4299.0 45.934 3.89790
4300.4 42.167 3.82250
4301.8 38.683 3.59948
4303.2 40.718 3.81930
4304.6 39.767 3.86115
4306.0 48.337 4.04003
4307.4 43.927 3.91476
4308.8 48.482 3.90205
4310.2 40.664 3.72095
4311.6 48.151 3.85199
4313.0 39.474 3.66335
4314.4 43.767 3.83976
4315.8 38.809 3.67887
4317.2 39.566 3.75857
4318.6 43.341 3.89397
4320.0 41.042 3.95946
4321.4 38.770 3.89998
4322.8 47.906 4.02101
4324.2 41.320 3.69978
4325.6 39.386 3.57402
4327.0 43.629 3.81465
4328.4 43.061 3.77894
4329.8 43.892 3.78432
4331.2 41.361 3.70064
4332.6 46.756 3.78729
4334.0 38.375 3.57362
4335.4 36.647 3.57476
4336.8 40.440 3.66347
4338.2 38.258 3.56041
4339.6 30.124 3.23006
4341.0 20.623 2.89729
4342.4 22.724 3.01642
4343.8 29.089 3.16871
4345.2 36.302 3.48626
4346.6 39.855 3.65211
4348.0 42.983 3.82629
4349.4 44.425 3.81524
4350.8 40.987 3.79401
4352.2 45.657 3.89860
4353.6 38.327 3.69578
4355.0 42.655 3.88956
4356.4 36.329 3.83266
4357.8 41.857 4.19884
4359.2 46.070 4.66554
4360.6 54.331 4.82722
4362.0 49.539 4.30313
4363.4 45.565 4.21695
4364.8 48.958 4.08702
4366.2 45.833 3.92748
4367.6 46.708 4.12385
4369.0 48.640 4.22309
4370.4 45.691 4.00258
4371.8 42.301 3.73742
4373.2 44.540 4.15060
4374.6 42.011 3.96793
4376.0 46.788 4.15871
4377.4 45.287 4.07755
4378.8 51.796 4.03756
4380.2 43.559 3.84774
4381.6 47.890 3.91014
4383.0 44.963 3.71601
4384.4 37.398 3.54406
4385.8 46.717 3.70509
4387.2 39.123 3.56626
4388.6 44.648 3.82249
4390.0 45.957 3.82604
4391.4 49.192 3.82812
4392.8 43.588 3.83927
4394.2 46.666 3.83260
4395.6 44.148 3.73494
4397.0 39.753 3.60831
4398.4 44.885 3.67649
4399.8 46.562 3.80644
4401.2 39.478 3.76223
4402.6 45.833 4.16765
4404.0 45.474 4.19999
4405.4 39.880 4.00365
4406.8 45.485 3.95553
4408.2 44.497 3.79063
4409.6 45.795 3.78737
4411.0 44.404 3.91943
4412.4 48.504 4.08180
4413.8 40.418 3.72308
4415.2 45.372 3.69311
4416.6 38.242 3.63433
4418.0 44.358 3.86592
4419.4 48.210 3.97133
4420.8 42.731 3.71430
4422.2 40.797 3.75149
4423.6 40.853 3.72731
4425.0 41.508 3.60459
4426.4 41.948 3.51169
4427.8 39.573 3.49205
4429.2 43.154 3.62973
4430.6 46.681 3.87383
4432.0 42.086 3.55637
4433.4 40.078 3.54680
4434.8 43.972 3.46150
4436.2 41.012 3.54146
4437.6 45.882 3.63974
4439.0 42.333 3.68844
4440.4 45.231 4.00086
4441.8 43.105 4.25054
4443.2 44.345 4.14510
4444.6 43.325 3.61008
4446.0 35.872 3.31274
4447.4 40.946 3.46726
4448.8 44.095 3.77012
4450.2 41.849 3.56688
4451.6 42.151 3.51952
4453.0 44.614 3.67186
4454.4 50.140 3.74936
4455.8 40.942 3.46796
4457.2 39.453 3.40575
4458.6 43.328 3.50589
4460.0 47.621 3.71491
4461.4 44.442 3.54725
4462.8 40.891 3.43149
4464.2 42.629 3.47698
4465.6 43.984 3.58562
4467.0 39.422 3.45067
4468.4 36.773 3.56444
4469.8 41.311 3.85754
4471.2 38.425 3.70755
4472.6 36.047 3.38408
4474.0 44.410 3.53806
4475.4 43.126 3.47234
4476.8 48.914 3.87358
4478.2 45.616 3.91359
4479.6 45.094 3.91738
4481.0 40.576 3.67034
4482.4 41.563 3.54333
4483.8 42.414 3.59141
4485.2 36.202 3.73217
4486.6 44.545 3.97855
4488.0 49.127 3.76172
4489.4 38.236 3.44116
4490.8 47.473 3.61709
4492.2 40.412 3.55931
4493.6 40.326 3.61323
4495.0 47.219 3.55878
4496.4 37.650 3.28451
4497.8 37.621 3.27098
4499.2 40.492 3.36658
4500.6 42.377 3.39637
4502.0 37.787 3.28115
4503.4 38.374 3.30486
4504.8 49.317 3.67361
4506.2 48.828 3.55919
4507.6 39.575 3.40993
4509.0 44.363 3.43916
4510.4 45.538 3.49808
4511.8 45.724 3.64278
4513.2 46.453 3.72482
4514.6 43.110 3.61032
4516.0 45.421 3.56139
4517.4 46.939 3.52092
4518.8 46.785 3.68283
4520.2 41.758 3.44565
4521.6 37.119 3.25376
4523.0 39.358 3.30848
4524.4 40.341 3.30665
4525.8 48.213 3.61219
4527.2 42.281 3.45090
4528.6 39.361 3.31342
4530.0 41.035 3.33745
4531.4 45.511 3.89897
4532.8 50.290 5.10003
4534.2 38.134 4.52320
4535.6 42.038 3.32842
4537.0 38.935 3.40851
4538.4 43.725 3.55178
4539.8 40.546 3.57885
4541.2 44.077 3.74059
4542.6 37.803 3.51253
4544.0 41.572 3.52233
4545.4 46.611 3.55568
4546.8 41.143 3.47795
4548.2 44.712 3.47938
4549.6 41.763 3.53096
4551.0 35.706 3.53067
4552.4 41.541 3.69648
4553.8 43.958 3.77301
4555.2 41.746 3.49601
4556.6 40.623 3.47562
4558.0 44.447 3.90598
4559.4 46.090 4.05721
4560.8 45.568 3.78130
4562.2 45.457 3.47751
4563.6 41.817 3.36900
4565.0 47.160 3.38340
4566.4 32.624 3.13233
4567.8 48.282 3.49647
4569.2 41.084 3.36805
4570.6 46.776 3.59174
4572.0 47.418 3.58496
4573.4 41.184 3.35698
4574.8 44.672 3.37098
4576.2 39.349 3.22909
4577.6 42.047 3.29035
4579.0 47.135 3.42773
4580.4 37.269 3.11904
4581.8 43.996 3.56917
4583.2 46.743 3.71351
4584.6 40.720 3.37411
4586.0 41.795 3.23523
4587.4 39.305 3.14319
4588.8 36.523 3.08497
4590.2 42.327 3.31624
4591.6 45.648 3.44481
4593.0 43.463 3.39782
4594.4 42.410 3.31971
4595.8 41.493 3.32594
4597.2 34.049 3.10485
4598.6 44.356 3.41505
4600.0 39.867 3.34455
4601.4 45.528 3.40354
4602.8 36.438 3.09267
4604.2 42.749 3.32599
4605.6 45.737 3.43605
4607.0 41.896 3.38566
4608.4 44.801 3.42328
4609.8 42.400 3.29630
4611.2 43.879 3.40115
4612.6 40.714 3.44014
4614.0 39.679 3.26038
4615.4 48.678 3.46744
4616.8 48.027 3.64908
4618.2 45.911 3.95126
4619.6 44.283 3.47217
4621.0 43.933 3.52231
4622.4 40.357 3.46382
4623.8 43.241 3.41602
4625.2 44.247 3.25970
4626.6 40.757 3.27051
4628.0 44.179 3.29924
4629.4 38.478 3.10613
4630.8 41.052 3.23301
4632.2 42.466 3.21724
4633.6 41.457 3.22205
4635.0 44.599 3.38928
4636.4 43.289 3.51776
4637.8 43.464 3.51537
4639.2 43.645 3.44258
4640.6 44.931 3.38450
4642.0 43.227 3.25227
4643.4 43.478 3.25597
4644.8 39.799 3.14487
4646.2 41.612 3.26103
4647.6 41.203 3.32247
4649.0 37.948 3.32868
4650.4 39.580 3.22491
4651.8 39.483 3.23492
4653.2 39.386 3.24492
4654.6 39.289 3.25493
4656.0 39.192 3.26494
4657.4 39.095 3.27494
4658.8 38.997 3.28495
4660.2 38.900 3.29496
4661.6 38.803 3.30496
4663.0 38.706 3.31497
4664.4 38.450 3.09949
4665.8 38.860 3.13165
4667.2 42.966 3.26205
4668.6 38.873 3.11200
4670.0 38.722 3.13901
4671.4 40.954 3.24101
4672.8 44.799 3.41860
4674.2 42.554 3.34330
4675.6 37.492 3.18976
4677.0 38.118 3.20258
4678.4 45.863 3.30757
4679.8 41.927 3.28993
4681.2 43.313 3.14698
4682.6 40.460 3.20155
4684.0 40.374 3.16122
4685.4 43.381 3.17621
4686.8 41.618 3.25093
4688.2 45.533 3.21375
4689.6 41.295 3.15726
4691.0 41.133 3.09117
4692.4 45.362 3.31131
4693.8 43.024 3.17128
4695.2 41.178 3.13125
4696.6 41.178 3.22040
4698.0 42.857 3.27816
4699.4 43.069 3.18796
4700.8 40.142 3.09621
4702.2 42.826 3.30562
4703.6 42.121 3.28773
4705.0 38.566 3.16384
4706.4 43.012 3.21221
4707.8 44.097 3.26690
4709.2 43.427 3.38398
4710.6 42.882 3.24428
4712.0 40.085 3.21154
4713.4 44.583 3.38793
4714.8 43.742 3.57026
4716.2 38.913 3.59904
4717.6 46.977 3.60719
4719.0 43.462 3.32641
4720.4 41.462 3.25136
4721.8 43.895 3.23175
4723.2 38.411 3.22772
4724.6 42.441 3.37302
4726.0 41.268 3.32490
4727.4 38.398 3.22110
4728.8 44.545 3.34268
4730.2 42.335 3.28821
4731.6 43.068 3.35438
4733.0 42.366 3.34737
4734.4 38.497 3.16861
4735.8 38.995 3.17176
4737.2 39.493 3.17490
4738.6 39.991 3.17805
4740.0 40.489 3.18119
4741.4 40.987 3.18434
4742.8 41.486 3.18748
4744.2 41.984 3.19063
4745.6 43.590 3.19825
4747.0 42.167 3.15420
4748.4 44.511 3.32151
4749.8 42.697 3.18510
4751.2 46.922 3.27298
4752.6 40.001 3.08664
4754.0 38.918 3.02214
4755.4 43.312 3.12569
4756.8 40.522 3.00865
4758.2 41.347 3.13894
4759.6 42.773 3.16483
4761.0 43.365 3.47096
4762.4 46.028 3.40283
4763.8 43.700 3.20510
4765.2 41.538 3.03466
4766.6 40.774 3.19116
4768.0 41.072 3.27490
4769.4 40.525 3.06430
4770.8 36.879 2.89418
4772.2 42.144 3.04557
4773.6 40.089 3.08210
4775.0 43.996 3.22878
4776.4 39.778 3.11116
4777.8 46.742 3.21767
4779.2 43.273 3.07885
4780.6 40.594 3.03539
4782.0 43.651 3.05783
4783.4 39.572 2.98556
4784.8 37.420 3.03236
4786.2 42.065 3.21425
4787.6 42.872 3.21870
4789.0 43.073 3.08159
4790.4 43.703 3.10154
4791.8 42.418 3.02788
4793.2 40.919 3.00315
4794.6 43.060 3.02768
4796.0 40.703 2.96611
4797.4 38.337 2.93071
4798.8 42.025 3.00551
4800.2 41.325 3.10646
4801.6 40.013 3.12111
4803.0 43.051 3.14858
4804.4 40.329 3.11259
4805.8 39.919 3.14895
4807.2 41.025 3.07347
4808.6 41.795 2.97980
4810.0 36.352 2.83272
4811.4 38.395 3.03651
4812.8 39.721 3.26066
4814.2 44.058 3.34544
4815.6 44.986 3.29191
4817.0 39.732 3.08103
4818.4 41.377 3.14765
4819.8 42.151 3.32886
4821.2 39.680 3.31734
4822.6 39.159 3.09137
4824.0 40.069 3.00234
4825.4 40.286 3.09219
4826.8 42.374 3.41410
4828.2 39.887 3.30200
4829.6 41.066 3.24522
4831.0 40.175 3.10001
4832.4 39.091 2.95183
4833.8 44.273 3.17822
4835.2 40.458 3.16130
4836.6 42.628 3.10701
4838.0 37.977 3.07232
4839.4 35.191 2.91319
4840.8 43.737 3.09611
4842.2 33.369 2.79722
4843.6 35.588 2.82707
4845.0 33.755 2.76372
4846.4 41.699 3.20609
4847.8 38.064 3.12380
4849.2 39.174 3.00185
4850.6 39.709 2.95821
4852.0 33.495 2.79383
4853.4 36.087 2.95160
4854.8 38.945 3.07683
4856.2 39.710 3.04197
4857.6 35.619 2.80306
4859.0 33.200 2.71734
4860.4 31.670 2.72414
4861.8 24.147 2.54284
4863.2 20.707 2.43668
4864.6 24.927 2.45431
4866.0 30.757 2.69959
4867.4 30.900 2.67577
4868.8 36.829 2.83782
4870.2 33.901 2.79949
4871.6 35.887 2.84438
4873.0 38.111 2.90980
4874.4 35.300 2.83310
4875.8 37.240 2.88117
4877.2 35.050 2.83893
4878.6 36.212 2.86558
4880.0 40.397 2.99214
4881.4 40.872 3.01342
4882.8 41.697 3.03796
4884.2 41.059 3.04154
4885.6 38.597 3.04926
4887.0 35.393 2.84877
4888.4 37.300 2.83725
4889.8 43.582 2.94376
4891.2 35.017 2.79206
4892.6 37.691 2.83864
4894.0 38.789 2.85344
4895.4 40.747 2.97368
4896.8 36.726 2.89591
4898.2 33.978 2.75356
4899.6 41.587 2.94912
4901.0 38.779 2.85975
4902.4 44.010 2.98121
4903.8 42.433 2.96229
4905.2 38.738 2.91110
4906.6 37.551 2.72740
4908.0 37.194 2.87385
4909.4 39.553 2.86067
4910.8 42.109 2.93350
4912.2 39.872 2.89952
4913.6 38.281 2.78080
4915.0 41.191 2.93849
4916.4 40.130 2.94809
4917.8 40.801 3.13671
4919.2 38.531 2.99099
4920.6 38.778 2.87749
4922.0 43.349 2.96200
4923.4 34.987 2.76510
4924.8 39.750 2.85231
4926.2 37.866 2.81660
4927.6 40.355 2.92087
4929.0 41.565 2.98203
4930.4 43.009 3.12542
4931.8 39.921 3.09971
4933.2 36.398 2.97784
4934.6 41.449 2.98361
4936.0 38.149 2.87327
4937.4 45.590 3.20085
4938.8 39.207 3.05261
4940.2 32.653 2.72090
4941.6 36.442 2.72382
4943.0 38.636 2.77086
4944.4 42.533 2.91058
4945.8 39.031 2.84134
4947.2 41.026 2.89698
4948.6 42.970 2.98493
4950.0 38.258 2.85682
4951.4 40.610 2.85746
4952.8 42.022 2.88204
4954.2 38.353 2.89216
4955.6 42.910 3.00057
4957.0 39.830 2.84437
4958.4 40.741 2.85429
4959.8 40.009 2.83771
4961.2 40.452 2.85461
4962.6 41.278 2.88462
4964.0 39.356 2.85619
4965.4 39.225 2.90178
4966.8 39.251 2.92564
4968.2 40.777 2.90064
4969.6 42.112 2.92071
4971.0 39.859 2.82854
4972.4 39.628 2.82240
4973.8 41.958 2.92318
4975.2 38.407 2.77544
4976.6 36.758 2.96482
4978.0 42.724 3.10759
4979.4 36.984 2.82458
4980.8 33.397 2.74649
4982.2 42.932 2.96280
4983.6 39.643 2.93855
4985.0 39.594 2.90929
4986.4 43.084 3.12415
4987.8 41.316 3.05869
4989.2 36.663 2.84734
4990.6 35.165 2.71907
4992.0 38.235 2.80472
4993.4 40.995 2.89401
4994.8 39.236 2.82266
4996.2 40.321 2.84769
4997.6 42.961 2.87837
4999.0 36.281 2.75363
