3900.0 26.041 3.85969
3901.4 26.226 3.96108
3902.8 33.823 4.21859
3904.2 27.867 4.11004
3905.6 28.201 4.25677
3907.0 29.664 4.39591
3908.4 27.946 4.58162
3909.8 30.783 4.83794
3911.2 33.436 4.53904
3912.6 31.107 4.31427
3914.0 26.937 4.43067
3915.4 32.849 4.74881
3916.8 25.411 4.41515
3918.2 30.038 4.09570
3919.6 22.508 3.68451
3921.0 29.380 3.80682
3922.4 29.445 3.83974
3923.8 24.450 3.81112
3925.2 30.754 3.99498
3926.6 29.335 3.85240
3928.0 31.299 3.77230
3929.4 29.816 3.70826
3930.8 24.526 3.59244
3932.2 24.120 3.34936
3933.6 17.212 3.35249
3935.0 16.950 3.45371
3936.4 23.899 3.67564
3937.8 32.393 3.92157
3939.2 34.311 3.83872
3940.6 22.709 3.63829
3942.0 34.192 3.92399
3943.4 29.989 3.83245
3944.8 30.259 3.76842
3946.2 26.694 4.15172
3947.6 28.037 4.13852
3949.0 30.256 4.06932
3950.4 21.618 3.60713
3951.8 28.614 3.62682
3953.2 27.233 3.46598
3954.6 30.125 3.79990
3956.0 30.458 3.64342
3957.4 26.673 3.51997
3958.8 39.712 3.80997
3960.2 24.218 3.59516
3961.6 29.078 4.01309
3963.0 29.492 4.19810
3964.4 27.173 4.09515
3965.8 25.876 3.74866
3967.2 17.329 3.28155
3968.6 13.057 2.87190
3970.0 11.541 2.73612
3971.4 20.502 3.11016
3972.8 19.847 3.23717
3974.2 23.046 3.40990
3975.6 33.535 3.72888
3977.0 25.954 3.42278
3978.4 27.364 3.45999
3979.8 27.812 3.34809
3981.2 28.643 3.43833
3982.6 24.567 3.29696
3984.0 26.627 3.41872
3985.4 30.420 3.43052
3986.8 30.709 3.50385
3988.2 30.282 3.52024
3989.6 30.253 3.60566
3991.0 28.821 3.65293
3992.4 24.672 3.57339
3993.8 32.797 3.71653
3995.2 27.825 3.46469
3996.6 27.696 3.52858
3998.0 28.791 3.64706
3999.4 28.667 3.62580
4000.8 31.211 3.58009
4002.2 34.426 3.60344
4003.6 29.438 3.36459
4005.0 28.215 3.29474
4006.4 26.940 3.27135
4007.8 29.154 3.33219
4009.2 30.320 3.44544
4010.6 23.551 3.18806
4012.0 25.027 3.23838
4013.4 28.206 3.30603
4014.8 27.983 3.37345
4016.2 30.079 3.46837
4017.6 28.695 3.34191
4019.0 34.172 3.49253
4020.4 33.865 3.56849
4021.8 27.416 3.41023
4023.2 30.480 3.41531
4024.6 29.595 3.44406
4026.0 30.869 3.42098
4027.4 35.135 3.67364
4028.8 27.821 3.75189
4030.2 35.353 3.88137
4031.6 24.933 3.39252
4033.0 28.939 3.42434
4034.4 23.467 3.18893
4035.8 29.424 3.26866
4037.2 28.535 3.23648
4038.6 32.219 3.41676
4040.0 24.052 3.53252
4041.4 33.665 4.00568
4042.8 32.046 3.83417
4044.2 32.145 3.46962
4045.6 31.503 3.64000
4047.0 30.556 4.28759
4048.4 32.305 3.94725
4049.8 32.697 3.47020
4051.2 28.957 3.41354
4052.6 29.791 3.52588
4054.0 29.290 3.58655
4055.4 31.786 3.45738
4056.8 33.483 3.34712
4058.2 32.146 3.30099
4059.6 30.204 3.28314
4061.0 29.774 3.24433
4062.4 28.748 3.21132
4063.8 27.490 3.12417
4065.2 29.796 3.19581
4066.6 30.917 3.29592
4068.0 32.295 3.27277
4069.4 24.954 3.04290
4070.8 31.338 3.22705
4072.2 26.912 3.26259
4073.6 26.115 3.55381
4075.0 32.576 3.69633
4076.4 28.533 3.48848
4077.8 29.545 3.43419
4079.2 29.156 3.38314
4080.6 28.359 3.19628
4082.0 25.595 3.15691
4083.4 31.907 3.22075
4084.8 29.270 3.10623
4086.2 33.880 3.28407
4087.6 27.069 3.19593
4089.0 31.880 3.10076
4090.4 28.351 3.04370
4091.8 27.779 3.03576
4093.2 28.893 3.07445
4094.6 28.976 3.06048
4096.0 25.847 2.98062
4097.4 24.780 3.20062
4098.8 22.465 3.28093
4100.2 22.827 3.10427
4101.6 19.048 2.67480
4103.0 16.700 2.55739
4104.4 23.381 2.76143
4105.8 24.668 2.92102
4107.2 23.892 2.95995
4108.6 25.592 3.03487
4110.0 25.820 3.00758
4111.4 30.160 3.05880
4112.8 30.530 3.01497
4114.2 26.694 3.05704
4115.6 28.794 3.28270
4117.0 26.728 3.23723
4118.4 31.938 3.17011
4119.8 31.212 3.07100
4121.2 32.199 3.27107
4122.6 30.567 3.16578
4124.0 27.677 3.06995
4125.4 34.213 3.10721
4126.8 26.328 2.96489
4128.2 28.091 2.85656
4129.6 24.398 2.80988
4131.0 26.034 2.90039
4132.4 29.875 3.02211
4133.8 28.212 2.89832
4135.2 30.208 2.97629
4136.6 30.067 2.95554
4138.0 24.600 2.82513
4139.4 34.855 3.11481
4140.8 31.022 3.08642
4142.2 34.391 3.08379
4143.6 32.998 3.05928
4145.0 30.478 3.25733
4146.4 27.334 3.16744
4147.8 30.206 2.97741
4149.2 29.109 2.95326
4150.6 34.784 3.07922
4152.0 27.285 2.92352
4153.4 31.683 3.13603
4154.8 32.995 3.26012
4156.2 31.825 3.07608
4157.6 29.664 2.94763
4159.0 35.251 3.10138
4160.4 31.308 3.17909
4161.8 30.904 3.23627
4163.2 32.390 3.11093
4164.6 28.981 2.95434
4166.0 27.744 2.91432
4167.4 28.820 2.88246
4168.8 25.884 2.76449
4170.2 28.854 2.88258
4171.6 32.661 3.02317
4173.0 31.196 2.87421
4174.4 29.372 2.89025
4175.8 26.914 2.79025
4177.2 27.379 2.78650
4178.6 30.597 2.93056
4180.0 28.106 2.96935
4181.4 30.817 2.86539
4182.8 31.265 2.91691
4184.2 33.999 2.95879
4185.6 29.983 2.89713
4187.0 34.365 2.99587
4188.4 28.387 2.84775
4189.8 30.878 2.87970
4191.2 30.800 2.90695
4192.6 29.113 2.97467
4194.0 28.350 3.07687
4195.4 27.262 3.10949
4196.8 29.261 2.96016
4198.2 31.626 2.84914
4199.6 31.515 2.82130
4201.0 30.328 2.81662
4202.4 32.294 2.82895
4203.8 27.216 2.68880
4205.2 32.511 2.93101
4206.6 27.272 3.01427
4208.0 32.072 3.24027
4209.4 27.758 2.95945
4210.8 31.428 2.86148
4212.2 28.464 2.70720
4213.6 27.694 2.92514
4215.0 29.549 3.11983
4216.4 26.942 2.90928
4217.8 32.050 2.81104
4219.2 30.008 2.78335
4220.6 32.668 2.93414
4222.0 26.308 2.93198
4223.4 30.672 3.11117
4224.8 28.428 2.97586
4226.2 28.571 2.80034
4227.6 23.725 2.56610
4229.0 26.027 2.60642
4230.4 31.007 2.86831
4231.8 31.830 2.98906
4233.2 31.384 2.85187
4234.6 30.093 2.71300
4236.0 30.957 2.80387
4237.4 29.548 2.76696
4238.8 30.790 2.75867
4240.2 31.929 2.81231
4241.6 29.728 2.72259
4243.0 30.137 3.04579
4244.4 33.441 3.20128
4245.8 24.139 2.63263
4247.2 28.466 2.72890
4248.6 26.664 2.66580
4250.0 25.457 2.58394
4251.4 20.805 2.44656
4252.8 24.944 2.53188
4254.2 29.240 2.75061
4255.6 30.290 2.70599
4257.0 29.752 2.73140
4258.4 26.513 2.63620
4259.8 29.592 2.74187
4261.2 26.321 2.64082
4262.6 32.641 2.78979
4264.0 30.554 2.79830
4265.4 31.070 2.96751
4266.8 29.069 2.89037
4268.2 25.332 2.55226
4269.6 27.577 2.62764
4271.0 25.084 2.60938
4272.4 24.810 2.76448
4273.8 27.795 2.85403
4275.2 30.851 2.86160
4276.6 31.783 2.90717
4278.0 29.105 2.80277
4279.4 24.990 2.61411
4280.8 28.904 2.64499
4282.2 22.951 2.43073
4283.6 30.213 2.63894
4285.0 27.811 2.66642
4286.4 27.897 2.62244
4287.8 29.773 2.63553
4289.2 29.636 2.63648
4290.6 26.722 2.45712
4292.0 27.231 2.60824
4293.4 26.204 2.76890
4294.8 26.402 2.91188
4296.2 28.434 2.86879
4297.6 29.788 2.71050
4299.0 28.126 2.66969
4300.4 26.067 2.75123
4301.8 30.160 2.84923
4303.2 29.918 2.71796
4304.6 26.152 2.55722
4306.0 29.411 2.57303
4307.4 27.950 2.64912
4308.8 30.409 2.77162
4310.2 25.127 2.70515
4311.6 25.995 2.77261
4313.0 30.736 2.76226
4314.4 24.454 2.51430
4315.8 28.391 2.67153
4317.2 34.748 2.75234
4318.6 28.146 2.69223
4320.0 30.790 2.84720
4321.4 31.549 2.80926
4322.8 30.502 2.67134
4324.2 29.649 2.59033
4325.6 24.883 2.52001
4327.0 22.747 2.45105
4328.4 31.794 2.68173
4329.8 28.718 2.60733
4331.2 23.885 2.47900
4332.6 28.492 2.64630
4334.0 30.262 2.86759
4335.4 30.381 3.08570
4336.8 29.892 2.89492
4338.2 19.555 2.27354
4339.6 18.487 2.20763
4341.0 13.822 2.14546
4342.4 18.926 2.39592
4343.8 20.730 2.50095
4345.2 26.738 2.39437
4346.6 26.041 2.63120
4348.0 25.681 2.92424
4349.4 30.547 2.90435
4350.8 24.438 2.55547
4352.2 31.418 2.59708
4353.6 26.836 2.72075
4355.0 31.537 2.78425
4356.4 33.503 2.79697
4357.8 31.430 3.24893
4359.2 25.435 3.62444
4360.6 32.877 3.59998
4362.0 29.925 2.86319
4363.4 29.344 2.69044
4364.8 30.609 2.66098
4366.2 34.054 2.78944
4367.6 30.968 2.75249
4369.0 30.410 2.82433
4370.4 29.516 2.72753
4371.8 32.839 2.71107
4373.2 27.351 2.51258
4374.6 31.479 2.61954
4376.0 25.330 2.56836
4377.4 32.188 2.72021
4378.8 27.561 2.77340
4380.2 31.256 2.94682
4381.6 25.288 2.90258
4383.0 30.899 2.89559
4384.4 30.907 2.67755
4385.8 30.041 2.56528
4387.2 29.002 2.54925
4388.6 25.507 2.60247
4390.0 27.609 2.67336
4391.4 30.100 2.77692
4392.8 26.434 2.59563
4394.2 31.172 2.58026
4395.6 25.556 2.46314
4397.0 25.924 2.51956
4398.4 30.750 2.65944
4399.8 26.805 2.48177
4401.2 26.174 2.46193
4402.6 27.769 2.53832
4404.0 28.368 2.69666
4405.4 26.862 2.81798
4406.8 27.974 2.81604
4408.2 25.926 2.58201
4409.6 28.679 2.47959
4411.0 27.949 2.48218
4412.4 25.215 2.39222
4413.8 28.489 2.59901
4415.2 28.944 2.47058
4416.6 25.399 2.44822
4418.0 27.511 2.45896
4419.4 27.610 2.44748
4420.8 27.072 2.55235
4422.2 26.724 2.49498
4423.6 27.419 2.45456
4425.0 28.401 2.47670
4426.4 28.938 2.70708
4427.8 29.692 2.72505
4429.2 31.375 2.55211
4430.6 27.580 2.45847
4432.0 28.712 2.48275
4433.4 31.648 2.59327
4434.8 27.303 2.72432
4436.2 25.354 2.73886
4437.6 28.649 2.53687
4439.0 26.257 2.40818
4440.4 29.253 2.54586
4441.8 29.911 2.67291
4443.2 30.359 2.54384
4444.6 28.219 2.44130
4446.0 35.272 2.63044
4447.4 30.038 2.56594
4448.8 32.179 2.55413
4450.2 32.263 2.58291
4451.6 28.326 2.45493
4453.0 28.464 2.44735
4454.4 29.526 2.42949
4455.8 23.134 2.36272
4457.2 33.400 2.77395
4458.6 27.787 2.69088
4460.0 32.905 2.65138
4461.4 28.256 2.42984
4462.8 27.555 2.38745
4464.2 26.629 2.37585
4465.6 31.172 2.62479
4467.0 31.698 2.56116
4468.4 27.711 2.39747
4469.8 27.386 2.36562
4471.2 28.133 2.52146
4472.6 25.959 2.46140
4474.0 27.165 2.43852
4475.4 32.272 2.52834
4476.8 28.205 2.39943
4478.2 27.016 2.51070
4479.6 28.256 2.45670
4481.0 27.005 2.36114
4482.4 31.736 2.47383
4483.8 31.767 2.81074
4485.2 30.259 2.90447
4486.6 30.238 2.59346
4488.0 24.371 2.27076
4489.4 25.806 2.27506
4490.8 27.830 2.34889
4492.2 29.919 2.56127
4493.6 32.981 2.82971
4495.0 29.893 2.64765
4496.4 29.081 2.43633
4497.8 28.533 2.40092
4499.2 29.788 2.41300
4500.6 25.926 2.34975
4502.0 29.207 2.37456
4503.4 27.765 2.36164
4504.8 28.410 2.43344
4506.2 28.392 2.48225
4507.6 27.451 2.38937
4509.0 27.589 2.37060
4510.4 30.080 2.42334
4511.8 29.101 2.41526
4513.2 31.477 2.46114
4514.6 33.602 2.55807
4516.0 35.320 2.61488
4517.4 31.020 2.56316
4518.8 29.254 2.61537
4520.2 29.282 2.50407
4521.6 28.641 2.56201
4523.0 28.766 2.38480
4524.4 28.263 2.36872
4525.8 29.332 2.37764
4527.2 27.677 2.38034
4528.6 30.088 2.46430
4530.0 31.532 2.51871
4531.4 23.926 2.25742
4532.8 27.069 2.29674
4534.2 27.009 2.36634
4535.6 27.529 2.34172
4537.0 29.013 2.39294
4538.4 30.796 2.42967
4539.8 31.758 2.45493
4541.2 28.255 2.37040
4542.6 27.928 2.38890
4544.0 29.537 2.47526
4545.4 29.889 2.40988
4546.8 29.944 2.39853
4548.2 29.115 2.38937
4549.6 27.566 2.32551
4551.0 32.312 2.40012
4552.4 25.065 2.28821
4553.8 30.035 2.39268
4555.2 33.062 2.46440
4556.6 27.966 2.35172
4558.0 31.181 2.41688
4559.4 28.569 2.35957
4560.8 30.626 2.39927
4562.2 28.279 2.30457
4563.6 24.812 2.16274
4565.0 23.533 2.21544
4566.4 33.710 2.57788
4567.8 29.849 2.49672
4569.2 26.732 2.26649
4570.6 25.213 2.26006
4572.0 26.659 2.24735
4573.4 29.230 2.54117
4574.8 30.962 2.67084
4576.2 25.399 2.24687
4577.6 30.645 2.42485
4579.0 28.446 2.30802
4580.4 26.049 2.21624
4581.8 26.200 2.25628
4583.2 29.082 2.30560
4584.6 28.295 2.32980
4586.0 29.711 2.48889
4587.4 30.999 2.52547
4588.8 30.666 2.36760
4590.2 28.249 2.29710
4591.6 27.258 2.32972
4593.0 29.799 2.43525
4594.4 28.016 2.27952
4595.8 27.930 2.27097
4597.2 30.921 2.39403
4598.6 30.644 2.37436
4600.0 29.432 2.35942
4601.4 27.395 2.24460
4602.8 28.686 2.28954
4604.2 27.849 2.34879
4605.6 25.526 2.29419
4607.0 27.612 2.37438
4608.4 27.815 2.29064
4609.8 28.896 2.33622
4611.2 29.598 2.38687
4612.6 27.504 2.20632
4614.0 32.624 2.40221
4615.4 28.787 2.42419
4616.8 27.648 2.58085
4618.2 31.130 2.58380
4619.6 30.519 2.38340
4621.0 26.652 2.32275
4622.4 27.523 2.37389
4623.8 29.179 2.42963
4625.2 30.167 2.33895
4626.6 28.953 2.30304
4628.0 28.256 2.27383
4629.4 28.511 2.27227
4630.8 29.863 2.31148
4632.2 28.528 2.27241
4633.6 28.039 2.27985
4635.0 28.693 2.36268
4636.4 28.700 2.42618
4637.8 32.932 2.50825
4639.2 29.031 2.32283
4640.6 29.025 2.25819
4642.0 27.643 2.25652
4643.4 26.685 2.18387
4644.8 27.780 2.41896
4646.2 30.772 2.71387
4647.6 28.821 2.75016
4649.0 31.372 2.60865
4650.4 27.555 2.26868
4651.8 30.062 2.31238
4653.2 29.915 2.30696
4654.6 30.235 2.30832
4656.0 32.331 2.45502
4657.4 28.744 2.32405
4658.8 26.171 2.18691
4660.2 26.735 2.24867
4661.6 29.442 2.27801
4663.0 29.298 2.37453
4664.4 28.706 2.40749
4665.8 26.273 2.29118
4667.2 29.595 2.35013
4668.6 28.323 2.28262
4670.0 27.190 2.25414
4671.4 26.639 2.23273
4672.8 26.166 2.14713
4674.2 27.017 2.24305
4675.6 27.313 2.22331
4677.0 28.722 2.30934
4678.4 26.924 2.17109
4679.8 27.819 2.24132
4681.2 31.796 2.36425
4682.6 29.639 2.33835
4684.0 27.779 2.39853
4685.4 29.930 2.35386
4686.8 26.777 2.19713
4688.2 28.369 2.25160
4689.6 28.126 2.49762
4691.0 29.538 2.56281
4692.4 26.227 2.26899
4693.8 26.292 2.16695
4695.2 29.635 2.30903
4696.6 29.284 2.38462
4698.0 27.097 2.27252
4699.4 27.118 2.20657
4700.8 29.523 2.25111
4702.2 30.221 2.24496
4703.6 29.699 2.24510
4705.0 32.052 2.32012
4706.4 27.548 2.28475
4707.8 29.288 2.38019
4709.2 25.711 2.22447
4710.6 28.312 2.18601
4712.0 24.954 2.14336
4713.4 30.637 2.31317
4714.8 28.535 2.29026
4716.2 29.555 2.22879
4717.6 28.723 2.20425
4719.0 27.088 2.15427
4720.4 25.629 2.14544
4721.8 31.299 2.28373
4723.2 27.616 2.18573
4724.6 24.956 2.17105
4726.0 29.149 2.24080
4727.4 28.721 2.19009
4728.8 25.129 2.12542
4730.2 24.617 2.15466
4731.6 25.812 2.27813
4733.0 29.581 2.29104
4734.4 29.788 2.28703
4735.8 30.156 2.24871
4737.2 27.321 2.20599
4738.6 26.293 2.15741
4740.0 28.102 2.21393
4741.4 29.218 2.24690
4742.8 32.065 2.34265
4744.2 28.593 2.27601
4745.6 30.277 2.28227
4747.0 27.055 2.20356
4748.4 27.866 2.23821
4749.8 30.444 2.33357
4751.2 26.374 2.16248
4752.6 30.285 2.27040
4754.0 27.097 2.15794
4755.4 27.829 2.15228
4756.8 28.706 2.24712
4758.2 27.446 2.25210
4759.6 28.258 2.21898
4761.0 29.302 2.24831
4762.4 31.270 2.40587
4763.8 28.162 2.32989
4765.2 26.807 2.12357
4766.6 29.229 2.26927
4768.0 26.012 2.12269
4769.4 24.756 2.28399
4770.8 29.340 2.34262
4772.2 29.208 2.18184
4773.6 27.321 2.13896
4775.0 28.619 2.16701
4776.4 27.635 2.22954
4777.8 30.883 2.41888
4779.2 26.172 2.38556
4780.6 29.773 2.34562
4782.0 28.136 2.17701
4783.4 26.910 2.14033
4784.8 28.850 2.22458
4786.2 29.299 2.20525
4787.6 29.530 2.18033
4789.0 32.388 2.27952
4790.4 30.051 2.26046
4791.8 29.874 2.29184
4793.2 27.620 2.21353
4794.6 27.467 2.16475
4796.0 30.456 2.21240
4797.4 32.251 2.28427
4798.8 29.925 2.17887
4800.2 24.174 2.06725
4801.6 26.788 2.07388
4803.0 32.578 2.26577
4804.4 25.383 2.07738
4805.8 24.924 2.03199
4807.2 30.700 2.27848
4808.6 29.811 2.24562
4810.0 27.739 2.20001
4811.4 24.849 2.09053
4812.8 28.647 2.16349
4814.2 30.497 2.36014
4815.6 27.838 2.30630
4817.0 25.896 2.22652
4818.4 27.361 2.10618
4819.8 27.291 2.16472
4821.2 30.200 2.21360
4822.6 25.096 2.13523
4824.0 28.989 2.15701
4825.4 23.517 2.08818
4826.8 30.068 2.30806
4828.2 26.183 2.28615
4829.6 25.769 2.31246
4831.0 29.731 2.42686
4832.4 29.766 2.46029
4833.8 29.564 2.37807
4835.2 29.803 2.27758
4836.6 27.765 2.20088
4838.0 30.327 2.24914
4839.4 27.087 2.36161
4840.8 28.290 2.54427
4842.2 29.039 2.41421
4843.6 25.660 2.14858
4845.0 25.942 2.17629
4846.4 27.860 2.43967
4847.8 30.050 2.67165
4849.2 28.027 2.34557
4850.6 26.616 2.19632
4852.0 27.659 2.22738
4853.4 28.762 2.28416
4854.8 27.159 2.25382
4856.2 25.643 2.23355
4857.6 20.275 2.05912
4859.0 23.605 2.03913
4860.4 16.239 1.82198
4861.8 13.813 1.87358
4863.2 17.233 2.04089
4864.6 22.668 2.21683
4866.0 22.878 2.25328
4867.4 25.323 2.35347
4868.8 26.537 2.35598
4870.2 26.267 2.22526
4871.6 25.364 2.10535
4873.0 22.318 2.09167
4874.4 24.593 2.32326
4875.8 28.491 2.44754
4877.2 26.702 2.21378
4878.6 26.621 2.16054
4880.0 27.208 2.16602
4881.4 26.760 2.27003
4882.8 24.097 2.07992
4884.2 25.694 2.09032
4885.6 25.578 2.10863
4887.0 28.760 2.20894
4888.4 28.533 2.18505
4889.8 30.106 2.36183
4891.2 29.480 2.29850
4892.6 29.434 2.19552
4894.0 27.468 2.07819
4895.4 26.901 2.17562
4896.8 27.361 2.04798
4898.2 27.741 2.14447
4899.6 28.044 2.13340
4901.0 27.628 2.07952
4902.4 26.765 2.12500
4903.8 27.073 2.10973
4905.2 29.042 2.34548
4906.6 29.421 2.21494
4908.0 26.868 2.09091
4909.4 27.589 2.07738
4910.8 27.829 2.17953
4912.2 26.917 2.20143
4913.6 26.192 2.07454
4915.0 25.193 2.04846
4916.4 27.972 2.09303
4917.8 28.647 2.13769
4919.2 29.396 2.19173
4920.6 27.855 2.35922
4922.0 26.494 2.39120
4923.4 26.984 2.35884
4924.8 26.274 2.16996
4926.2 26.917 2.04887
4927.6 27.218 2.07637
4929.0 26.410 2.24670
4930.4 26.449 2.17021
4931.8 25.392 2.08625
4933.2 28.632 2.14942
4934.6 27.323 2.28040
4936.0 28.898 2.40413
4937.4 29.587 2.28537
4938.8 25.479 2.02424
4940.2 28.455 2.06552
4941.6 23.697 1.96598
4943.0 26.410 2.02102
4944.4 25.282 2.01812
4945.8 26.076 1.99625
4947.2 25.326 2.01772
4948.6 26.866 2.10822
4950.0 28.120 2.35026
4951.4 28.543 2.40082
4952.8 28.983 2.11468
4954.2 25.333 2.01343
4955.6 28.776 2.10890
4957.0 30.000 2.10200
4958.4 24.991 1.98125
4959.8 27.938 2.06485
4961.2 24.875 1.97455
4962.6 28.684 2.08219
4964.0 28.114 2.04041
4965.4 21.140 1.85974
4966.8 30.616 2.19166
4968.2 30.730 2.12051
4969.6 23.957 1.99438
4971.0 26.282 2.02596
4972.4 28.392 2.04939
4973.8 25.996 2.02531
4975.2 27.257 2.05480
4976.6 26.714 2.04777
4978.0 27.464 2.08293
4979.4 28.671 2.11382
4980.8 25.319 2.05974
4982.2 31.757 2.26093
4983.6 26.590 2.12448
4985.0 27.918 2.13195
4986.4 28.080 2.20107
4987.8 25.809 2.10450
4989.2 28.106 2.09949
4990.6 27.566 2.09276
4992.0 26.345 2.02486
4993.4 27.038 2.06291
4994.8 25.052 1.93188
4996.2 24.756 1.97647
4997.6 26.363 1.97187
4999.0 25.756 1.97189
