3900.0 165.613 8.31220
3901.4 162.621 8.25809
3902.8 173.779 8.65722
3904.2 178.152 8.85964
3905.6 186.858 8.97154
3907.0 187.883 9.06090
3908.4 196.392 9.35731
3909.8 195.867 9.33045
3911.2 205.984 9.31203
3912.6 201.991 9.18423
3914.0 198.694 9.16008
3915.4 197.694 9.22084
3916.8 203.461 9.06734
3918.2 202.922 9.54821
3919.6 195.471 9.24903
3921.0 201.578 9.10041
3922.4 201.727 9.27552
3923.8 199.182 9.34874
3925.2 198.972 9.58996
3926.6 211.408 9.60435
3928.0 206.696 9.34566
3929.4 195.160 9.39634
3930.8 188.635 9.12817
3932.2 171.451 8.51256
3933.6 131.005 7.37510
3935.0 74.649 5.49185
3936.4 96.442 5.85988
3937.8 153.466 7.53220
3939.2 193.233 8.98916
3940.6 195.864 9.31703
3942.0 204.769 9.58468
3943.4 209.314 9.70322
3944.8 193.447 9.32554
3946.2 204.294 9.56622
3947.6 201.449 9.44001
3949.0 209.647 9.62012
3950.4 202.094 9.11313
3951.8 193.619 9.58577
3953.2 196.701 9.53335
3954.6 196.310 9.52851
3956.0 200.104 9.74405
3957.4 186.254 9.35337
3958.8 179.322 9.14859
3960.2 179.476 8.87765
3961.6 181.740 9.02682
3963.0 168.639 8.31255
3964.4 168.277 7.93113
3965.8 150.738 7.37522
3967.2 135.683 7.07226
3968.6 97.836 5.63419
3970.0 58.333 4.41063
3971.4 58.407 4.36826
3972.8 82.841 5.11596
3974.2 121.794 6.35772
3975.6 132.460 6.62326
3977.0 150.823 7.12819
3978.4 160.288 7.48514
3979.8 167.392 7.79435
3981.2 173.820 7.79790
3982.6 177.503 8.00594
3984.0 170.569 7.88394
3985.4 180.749 8.30190
3986.8 180.068 7.96461
3988.2 184.168 8.24838
3989.6 193.924 8.36364
3991.0 196.731 8.45519
3992.4 188.828 8.32694
3993.8 199.028 8.69867
3995.2 203.855 8.83914
3996.6 198.183 9.79670
3998.0 196.198 8.55485
3999.4 193.012 8.34861
4000.8 197.646 8.49533
4002.2 201.799 8.61974
4003.6 200.247 8.86102
4005.0 199.302 8.76314
4006.4 192.420 8.61237
4007.8 197.121 8.59838
4009.2 201.686 8.88198
4010.6 205.508 8.85182
4012.0 204.002 8.42487
4013.4 197.370 8.57625
4014.8 202.741 8.82275
4016.2 197.539 8.31061
4017.6 210.372 8.94014
4019.0 210.791 8.82120
4020.4 205.711 8.70472
4021.8 215.472 9.11334
4023.2 207.769 8.68588
4024.6 199.098 8.49390
4026.0 203.828 8.56944
4027.4 194.379 8.51144
4028.8 206.303 8.48400
4030.2 201.567 8.68089
4031.6 196.356 8.39199
4033.0 196.852 8.42244
4034.4 200.400 8.50553
4035.8 203.808 8.43936
4037.2 195.450 8.79627
4038.6 209.096 8.77396
4040.0 204.725 8.74371
4041.4 206.258 8.85654
4042.8 204.097 8.58669
4044.2 201.316 8.72735
4045.6 195.981 9.00508
4047.0 196.099 8.80245
4048.4 201.035 8.81143
4049.8 203.939 8.73165
4051.2 209.883 8.82917
4052.6 204.729 9.07710
4054.0 199.577 8.59562
4055.4 201.817 8.47641
4056.8 192.529 8.45789
4058.2 200.126 8.58858
4059.6 199.042 8.35867
4061.0 201.631 8.27288
4062.4 201.189 8.69369
4063.8 194.423 8.39904
4065.2 191.610 8.08559
4066.6 197.164 8.45128
4068.0 193.308 8.22309
4069.4 199.850 8.21653
4070.8 196.773 8.30510
4072.2 193.529 8.14069
4073.6 187.539 7.90708
4075.0 192.614 7.97703
4076.4 196.316 8.31892
4077.8 182.027 7.85372
4079.2 174.084 7.54774
4080.6 181.356 7.82970
4082.0 194.722 8.15297
4083.4 193.876 8.06910
4084.8 190.308 7.98824
4086.2 185.400 7.75611
4087.6 185.823 7.70469
4089.0 178.061 7.52918
4090.4 186.021 8.05736
4091.8 176.369 8.27884
4093.2 174.189 7.35985
4094.6 169.469 7.21618
4096.0 160.415 6.92778
4097.4 155.565 6.77624
4098.8 148.422 6.55299
4100.2 131.732 6.20148
4101.6 110.018 5.72688
4103.0 82.882 4.63195
4104.4 88.589 4.71091
4105.8 119.332 5.61292
4107.2 134.357 6.16872
4108.6 146.517 6.54624
4110.0 156.343 6.96742
4111.4 164.866 7.27016
4112.8 169.886 7.17735
4114.2 172.971 7.23591
4115.6 177.446 7.51843
4117.0 178.673 7.42395
4118.4 180.286 7.81124
4119.8 179.346 7.49991
4121.2 179.644 7.58746
4122.6 184.578 7.54761
4124.0 183.955 7.54318
4125.4 184.302 7.60808
4126.8 185.516 7.50612
4128.2 194.460 7.93877
4129.6 190.564 7.91179
4131.0 188.470 7.88032
4132.4 187.143 7.66777
4133.8 181.546 7.51383
4135.2 186.404 7.84574
4136.6 192.962 7.88097
4138.0 191.271 7.89015
4139.4 194.577 7.94893
4140.8 196.211 7.92000
4142.2 196.998 7.83456
4143.6 192.415 7.69115
4145.0 179.791 7.32020
4146.4 187.130 7.54938
4147.8 188.206 7.96356
4149.2 196.670 7.83146
4150.6 194.466 7.64135
4152.0 186.801 7.42923
4153.4 197.950 7.93010
4154.8 194.658 7.93119
4156.2 185.250 7.39019
4157.6 187.243 7.49755
4159.0 185.252 7.67757
4160.4 186.754 7.47598
4161.8 190.092 7.57933
4163.2 191.913 7.69085
4164.6 185.332 7.74331
4166.0 190.532 7.61672
4167.4 192.827 7.74572
4168.8 190.766 7.56383
4170.2 195.543 7.74725
4171.6 191.760 7.88533
4173.0 187.250 7.43647
4174.4 181.699 7.36907
4175.8 182.441 7.43464
4177.2 190.297 7.65225
4178.6 188.672 7.78186
4180.0 187.180 7.56151
4181.4 192.831 7.83329
4182.8 188.982 7.51861
4184.2 188.061 7.57527
4185.6 192.710 7.64412
4187.0 192.097 7.77751
4188.4 184.279 7.51739
4189.8 182.477 7.40142
4191.2 191.309 7.52949
4192.6 185.850 7.37486
4194.0 190.504 7.36857
4195.4 188.879 7.72197
4196.8 193.532 7.56559
4198.2 187.652 7.63605
4199.6 182.056 7.30668
4201.0 187.793 7.41944
4202.4 186.511 7.47852
4203.8 187.911 7.40807
4205.2 189.109 7.49084
4206.6 184.499 7.45078
4208.0 188.281 7.35620
4209.4 196.189 7.70146
4210.8 193.171 7.59010
4212.2 186.827 7.55122
4213.6 190.011 7.44861
4215.0 192.111 7.45233
4216.4 182.237 7.31717
4217.8 181.592 7.26277
4219.2 186.516 7.33095
4220.6 191.654 7.40015
4222.0 193.777 7.65308
4223.4 188.242 7.55991
4224.8 187.336 7.33218
4226.2 186.290 7.41425
4227.6 175.950 7.26264
4229.0 175.951 6.95510
4230.4 184.273 7.14846
4231.8 183.830 7.31809
4233.2 191.250 7.52440
4234.6 178.572 7.11686
4236.0 177.900 6.92544
4237.4 184.093 7.27331
4238.8 187.789 7.35643
4240.2 188.480 7.36088
4241.6 190.500 7.37924
4243.0 189.989 7.51229
4244.4 186.177 7.32025
4245.8 190.516 7.59384
4247.2 188.745 7.47628
4248.6 177.517 7.12524
4250.0 182.740 7.31498
4251.4 181.101 7.16118
4252.8 178.645 7.20360
4254.2 184.998 7.18620
4255.6 184.452 7.29041
4257.0 185.522 7.30346
4258.4 184.897 7.33898
4259.8 190.084 7.53891
4261.2 186.090 7.43849
4262.6 184.942 7.26354
4264.0 185.819 7.30951
4265.4 187.873 7.32122
4266.8 185.928 7.15308
4268.2 193.956 7.50982
4269.6 192.716 7.38817
4271.0 184.129 7.07892
4272.4 183.457 7.05165
4273.8 177.461 6.83777
4275.2 175.337 7.03731
4276.6 184.494 7.10411
4278.0 191.132 7.20958
4279.4 190.952 7.37034
4280.8 192.022 7.37996
4282.2 189.000 7.29316
4283.6 182.720 7.08630
4285.0 184.962 7.18552
4286.4 187.745 7.32144
4287.8 188.869 7.42183
4289.2 181.801 7.03354
4290.6 180.153 7.02453
4292.0 172.277 6.82297
4293.4 183.529 7.05235
4294.8 184.485 7.09004
4296.2 176.702 6.88888
4297.6 180.388 6.96321
4299.0 183.042 7.21172
4300.4 177.094 6.92211
4301.8 164.256 6.62121
4303.2 175.002 6.90087
4304.6 168.423 6.76425
4306.0 171.857 inf
4307.4 175.291 inf
4308.8 178.725 9.27030
4310.2 172.519 7.18754
4311.6 180.144 7.63244
4313.0 179.872 6.93889
4314.4 175.207 6.81375
4315.8 160.009 6.44170
4317.2 166.660 6.49991
4318.6 176.640 6.92348
4320.0 178.962 6.87838
4321.4 168.061 6.63326
4322.8 171.354 6.71309
4324.2 172.651 6.65049
4325.6 166.512 6.49343
4327.0 157.352 6.14987
4328.4 166.030 6.39251
4329.8 168.183 6.41217
4331.2 162.153 6.22965
4332.6 157.987 6.13216
4334.0 155.272 6.07396
4335.4 148.657 6.06972
4336.8 141.704 5.77473
4338.2 132.053 5.41063
4339.6 119.394 4.93133
4341.0 91.881 4.12805
4342.4 76.153 3.79630
4343.8 100.548 4.36383
4345.2 122.521 4.99879
4346.6 134.342 5.36407
4348.0 145.528 5.73318
4349.4 151.082 5.83987
4350.8 154.044 6.21809
4352.2 155.435 5.98655
4353.6 153.237 6.17954
4355.0 162.614 6.34731
4356.4 163.023 6.37115
4357.8 172.745 6.80385
4359.2 180.455 7.04078
4360.6 172.401 6.94703
4362.0 175.972 6.75264
4363.4 176.588 6.81806
4364.8 175.779 6.81464
4366.2 177.654 6.80721
4367.6 174.552 6.82598
4369.0 178.850 6.94316
4370.4 177.975 6.92301
4371.8 179.889 6.94545
4373.2 182.698 7.08867
4374.6 182.519 6.97450
4376.0 172.812 6.63323
4377.4 176.705 6.75671
4378.8 180.111 6.94012
4380.2 184.189 7.02408
4381.6 183.826 7.15524
4383.0 182.944 7.00483
4384.4 174.053 6.71261
4385.8 166.334 6.49218
4387.2 172.872 6.74824
4388.6 174.692 6.79230
4390.0 178.220 6.94595
4391.4 184.941 6.99581
4392.8 179.695 7.11999
4394.2 180.998 6.88400
4395.6 169.805 6.44790
4397.0 167.593 6.39485
4398.4 173.307 6.60389
4399.8 177.144 6.71921
4401.2 171.984 6.60010
4402.6 171.663 6.60672
4404.0 176.304 6.66284
4405.4 178.780 6.92530
4406.8 173.609 6.68248
4408.2 174.938 6.57882
4409.6 178.172 6.58226
4411.0 175.523 6.55647
4412.4 178.860 6.84164
4413.8 178.533 6.82638
4415.2 177.281 6.70081
4416.6 171.046 6.56887
4418.0 167.901 6.49169
4419.4 166.000 6.33402
4420.8 176.125 6.67905
4422.2 179.789 6.91838
4423.6 176.900 6.76821
4425.0 176.034 6.79005
4426.4 172.875 6.74506
4427.8 174.036 6.70634
4429.2 177.826 6.69673
4430.6 177.639 6.71787
4432.0 179.718 6.77841
4433.4 178.160 6.80025
4434.8 175.957 6.90774
4436.2 174.044 6.73460
4437.6 171.902 6.61705
4439.0 177.817 6.79876
4440.4 175.460 6.70086
4441.8 176.631 6.71037
4443.2 173.701 6.65755
4444.6 167.587 6.53203
4446.0 164.008 6.44186
4447.4 171.675 6.54848
4448.8 178.164 6.67372
4450.2 175.626 6.64690
4451.6 171.709 6.58574
4453.0 175.124 6.58491
4454.4 178.043 6.71664
4455.8 170.739 6.48947
4457.2 170.815 6.51715
4458.6 173.323 6.52653
4460.0 171.063 6.64257
4461.4 174.857 6.57512
4462.8 174.741 6.63212
4464.2 174.132 6.50204
4465.6 167.955 6.38347
4467.0 174.330 6.63104
4468.4 170.550 6.40528
4469.8 167.778 6.32863
4471.2 161.922 6.30929
4472.6 175.389 6.65269
4474.0 172.955 6.79403
4475.4 176.708 6.72883
4476.8 170.926 6.46149
4478.2 172.954 6.56946
4479.6 173.425 6.70243
4481.0 174.527 6.67802
4482.4 166.301 6.35870
4483.8 159.358 6.06937
4485.2 171.206 6.54678
4486.6 172.967 6.61967
4488.0 174.619 6.44342
4489.4 171.739 6.46755
4490.8 168.782 6.57065
4492.2 168.666 6.51239
4493.6 175.785 6.56590
4495.0 170.746 6.73579
4496.4 169.446 6.39064
4497.8 168.186 6.45934
4499.2 173.876 6.48817
4500.6 174.846 6.45138
4502.0 167.241 6.26341
4503.4 164.232 6.36907
4504.8 173.606 6.39257
4506.2 177.029 6.66015
4507.6 175.624 6.56374
4509.0 171.588 6.45106
4510.4 167.373 6.26202
4511.8 172.637 6.42186
4513.2 172.539 6.54356
4514.6 175.711 6.60020
4516.0 175.126 6.60249
4517.4 167.950 6.32477
4518.8 173.083 6.55653
4520.2 170.383 6.53227
4521.6 170.127 6.46316
4523.0 168.182 6.33445
4524.4 166.997 6.38876
4525.8 170.363 6.49644
4527.2 172.565 6.68518
4528.6 169.251 6.43270
4530.0 168.062 6.46268
4531.4 167.997 6.55542
4532.8 174.441 6.45891
4534.2 167.297 6.38010
4535.6 162.840 6.22662
4537.0 166.442 6.27172
4538.4 170.613 6.52844
4539.8 173.689 6.44954
4541.2 174.731 6.52958
4542.6 171.721 6.36372
4544.0 174.641 6.43191
4545.4 166.075 6.24899
4546.8 169.098 6.38967
4548.2 170.893 6.50937
4549.6 168.836 6.27800
4551.0 159.883 6.05118
4552.4 160.231 6.07998
4553.8 166.373 6.22778
4555.2 168.123 6.24664
4556.6 161.316 6.02634
4558.0 162.932 6.17796
4559.4 167.398 6.28642
4560.8 171.404 6.42138
4562.2 173.241 6.54082
4563.6 167.994 6.37602
4565.0 162.984 6.06739
4566.4 166.857 6.30061
4567.8 168.178 6.14233
4569.2 173.139 6.36471
4570.6 171.363 6.37080
4572.0 168.209 6.33363
4573.4 162.589 6.01099
4574.8 161.851 6.04705
4576.2 168.496 6.20883
4577.6 168.264 6.27532
4579.0 168.706 6.28395
4580.4 168.677 6.42512
4581.8 170.182 6.34630
4583.2 169.593 6.46682
4584.6 164.059 6.32653
4586.0 165.571 6.27789
4587.4 167.288 6.32560
4588.8 168.145 6.20610
4590.2 167.119 6.21185
4591.6 163.521 6.14594
4593.0 167.766 6.25864
4594.4 169.573 6.15229
4595.8 170.676 6.24549
4597.2 167.853 6.29081
4598.6 169.409 6.36630
4600.0 175.973 6.36488
4601.4 170.130 6.26352
4602.8 169.556 6.35765
4604.2 169.966 6.36046
4605.6 168.262 6.27363
4607.0 169.071 6.41912
4608.4 169.020 6.36889
4609.8 170.667 6.29995
4611.2 168.409 6.42315
4612.6 166.709 6.29052
4614.0 169.341 6.47130
4615.4 169.123 6.31057
4616.8 170.326 6.41893
4618.2 167.400 6.30983
4619.6 165.640 6.23467
4621.0 167.456 6.31132
4622.4 165.529 6.21819
4623.8 164.318 6.20604
4625.2 169.976 6.48457
4626.6 172.229 6.54066
4628.0 169.414 6.12409
4629.4 166.323 6.33383
4630.8 162.740 6.10267
4632.2 163.335 6.29943
4633.6 163.650 6.24807
4635.0 168.969 6.31539
4636.4 168.915 6.32862
4637.8 165.033 6.22534
4639.2 171.004 6.30889
4640.6 169.542 6.22357
4642.0 168.206 6.39954
4643.4 165.568 6.22420
4644.8 170.233 6.29978
4646.2 167.430 6.30727
4647.6 171.491 6.35133
4649.0 167.173 6.20482
4650.4 168.727 6.21993
4651.8 166.252 6.25454
4653.2 167.586 6.43219
4654.6 168.318 6.20724
4656.0 165.710 6.26746
4657.4 168.451 6.22292
4658.8 165.374 6.10499
4660.2 167.352 6.22190
4661.6 166.116 6.19085
4663.0 169.576 6.26407
4664.4 164.780 6.17266
4665.8 169.166 6.16122
4667.2 165.746 6.17357
4668.6 161.290 6.08881
4670.0 162.506 6.02808
4671.4 163.536 5.99430
4672.8 164.630 6.04064
4674.2 166.300 6.15591
4675.6 171.199 6.36518
4677.0 165.228 6.26728
4678.4 166.180 6.24768
4679.8 165.145 6.20303
4681.2 167.924 6.29270
4682.6 161.239 6.12302
4684.0 161.120 6.05098
4685.4 164.492 6.30861
4686.8 166.593 6.31466
4688.2 164.333 6.14676
4689.6 162.232 6.06121
4691.0 161.152 6.13110
4692.4 163.853 6.21912
4693.8 164.682 6.09338
4695.2 158.846 6.14899
4696.6 167.564 6.19617
4698.0 162.255 6.25577
4699.4 161.993 6.07599
4700.8 168.134 6.33924
4702.2 169.629 6.36109
4703.6 166.328 6.15607
4705.0 159.122 6.10962
4706.4 163.860 6.25987
4707.8 170.372 6.36437
4709.2 163.856 6.07232
4710.6 166.068 6.12865
4712.0 165.846 6.14767
4713.4 163.822 6.22126
4714.8 166.182 6.25719
4716.2 164.008 6.25553
4717.6 163.268 6.12419
4719.0 164.158 6.19599
4720.4 162.901 6.09020
4721.8 162.798 5.95364
4723.2 163.304 6.12218
4724.6 164.781 6.08918
4726.0 164.820 6.35987
4727.4 162.290 5.93766
4728.8 161.754 6.08959
4730.2 162.170 6.01572
4731.6 163.002 6.28746
4733.0 162.264 5.95450
4734.4 157.061 5.86470
4735.8 163.363 6.06164
4737.2 167.595 6.06906
4738.6 159.709 6.00684
4740.0 161.620 5.98878
4741.4 159.035 5.81620
4742.8 157.311 5.86479
4744.2 166.603 6.08298
4745.6 159.258 5.88507
4747.0 163.738 6.10675
4748.4 161.663 5.95477
4749.8 163.209 6.14335
4751.2 162.845 5.89401
4752.6 161.005 5.92265
4754.0 162.303 6.14377
4755.4 164.568 6.20627
4756.8 160.767 6.04925
4758.2 161.946 5.89699
4759.6 161.832 5.92196
4761.0 160.765 5.89650
4762.4 158.500 5.81567
4763.8 157.405 5.93626
4765.2 161.409 6.04101
4766.6 159.947 5.91176
4768.0 160.374 5.92495
4769.4 162.736 5.92432
4770.8 160.872 5.97832
4772.2 160.885 5.93877
4773.6 162.246 5.88262
4775.0 161.649 5.90709
4776.4 159.091 5.87429
4777.8 162.967 5.97436
4779.2 160.241 5.93303
4780.6 159.164 5.94459
4782.0 156.378 5.82627
4783.4 161.238 5.91627
4784.8 162.067 5.97355
4786.2 162.249 5.92059
4787.6 162.761 5.90338
4789.0 160.831 5.98111
4790.4 160.818 6.12962
4791.8 155.408 5.92999
4793.2 158.617 5.81086
4794.6 156.405 5.90145
4796.0 154.551 5.73349
4797.4 157.740 5.76309
4798.8 154.093 5.79820
4800.2 157.903 5.94475
4801.6 158.440 5.93452
4803.0 157.255 5.79900
4804.4 158.058 5.89024
4805.8 153.684 5.75026
4807.2 153.860 5.77553
4808.6 160.559 5.97621
4810.0 159.211 5.84014
4811.4 155.262 5.72889
4812.8 157.007 5.80988
4814.2 159.052 5.85532
4815.6 159.319 5.94134
4817.0 155.125 5.65462
4818.4 156.109 5.86055
4819.8 155.484 5.83916
4821.2 156.228 5.82347
4822.6 158.700 5.93220
4824.0 155.350 5.83220
4825.4 153.550 5.81508
4826.8 155.070 5.76151
4828.2 155.203 5.76453
4829.6 155.559 5.83439
4831.0 155.406 5.82993
4832.4 155.539 5.83960
4833.8 152.413 5.74721
4835.2 152.408 5.56759
4836.6 150.297 5.75238
4838.0 151.632 5.62474
4839.4 154.782 5.74491
4840.8 151.423 5.71062
4842.2 150.759 5.67657
4843.6 151.644 5.73958
4845.0 149.837 5.73577
4846.4 148.664 5.64825
4847.8 145.505 5.50356
4849.2 145.725 5.46998
4850.6 142.931 5.44790
4852.0 144.907 5.44800
4853.4 140.722 5.34789
4854.8 136.775 5.13870
4856.2 133.138 4.97594
4857.6 129.776 4.86573
4859.0 120.184 4.65150
4860.4 111.616 4.39104
4861.8 90.539 3.81607
4863.2 74.787 3.37299
4864.6 84.373 3.53045
4866.0 106.105 4.14848
4867.4 120.135 4.57769
4868.8 125.225 4.82339
4870.2 130.952 4.98751
4871.6 135.625 5.05113
4873.0 133.831 5.11169
4874.4 137.931 5.11830
4875.8 136.523 5.10269
4877.2 143.791 5.26255
4878.6 143.267 5.25063
4880.0 140.811 5.23232
4881.4 148.686 5.46548
4882.8 149.625 5.59104
4884.2 145.028 5.37615
4885.6 147.410 5.42515
4887.0 145.995 5.56886
4888.4 148.438 5.58024
4889.8 148.068 5.44141
4891.2 145.704 5.42664
4892.6 144.880 5.43703
4894.0 145.128 5.40395
4895.4 149.733 5.52248
4896.8 151.176 5.60144
4898.2 150.715 5.68576
4899.6 152.842 5.62434
4901.0 149.800 5.57383
4902.4 151.797 5.59398
4903.8 151.247 5.46517
4905.2 150.121 5.63676
4906.6 153.159 5.63435
4908.0 150.124 5.67799
4909.4 149.678 5.57318
4910.8 152.613 5.61808
4912.2 150.750 5.53777
4913.6 151.131 5.57466
4915.0 153.761 5.62475
4916.4 154.386 5.69257
4917.8 153.453 5.58319
4919.2 150.295 5.55358
4920.6 148.792 5.54342
4922.0 147.021 5.46980
4923.4 149.697 5.51939
4924.8 145.887 5.49123
4926.2 145.047 5.38886
4927.6 149.727 5.44009
4929.0 151.817 5.50211
4930.4 152.110 5.52708
4931.8 152.492 5.63345
4933.2 152.094 5.45054
4934.6 146.130 5.45678
4936.0 145.354 5.44704
4937.4 153.087 5.69864
4938.8 155.528 5.65855
4940.2 151.642 5.48585
4941.6 151.030 5.55536
4943.0 150.333 5.61966
4944.4 155.195 5.61881
4945.8 147.939 5.52695
4947.2 154.323 5.57746
4948.6 152.049 5.53285
4950.0 150.260 5.62310
4951.4 153.221 5.54820
4952.8 153.760 5.61768
4954.2 151.332 5.55318
4955.6 152.763 5.68662
4957.0 153.816 5.57184
4958.4 148.351 5.45663
4959.8 143.006 5.25961
4961.2 145.232 5.31829
4962.6 149.567 5.45220
4964.0 150.466 5.47558
4965.4 150.581 5.59150
4966.8 154.575 5.68834
4968.2 151.154 5.77689
4969.6 151.090 5.54594
4971.0 153.111 5.58838
4972.4 147.812 5.56695
4973.8 151.169 5.57521
4975.2 151.155 5.59131
4976.6 149.361 5.52362
4978.0 153.473 5.53475
4979.4 154.573 5.65092
4980.8 151.680 5.57301
4982.2 148.780 5.55195
4983.6 144.568 5.48046
4985.0 147.766 5.57475
4986.4 148.639 5.59221
4987.8 143.342 5.30324
4989.2 147.647 5.48108
4990.6 150.093 5.49380
4992.0 146.930 5.51440
4993.4 146.563 5.44213
4994.8 145.417 5.41125
4996.2 145.942 5.43067
4997.6 147.497 5.41769
4999.0 145.066 5.36419
