3900.0 208.750 11.55580
3901.4 234.311 12.34010
3902.8 232.821 12.45010
3904.2 238.715 12.42800
3905.6 242.624 12.53610
3907.0 260.975 12.83760
3908.4 255.373 12.66330
3909.8 266.252 13.01270
3911.2 273.967 13.22050
3912.6 256.339 12.94690
3914.0 273.944 13.24530
3915.4 264.571 12.64900
3916.8 272.056 13.14330
3918.2 275.622 13.10640
3919.6 266.830 12.79220
3921.0 264.600 12.81410
3922.4 275.738 12.92750
3923.8 266.652 12.85790
3925.2 283.801 13.32270
3926.6 276.474 13.16360
3928.0 266.466 12.89010
3929.4 288.257 13.32810
3930.8 277.627 13.14300
3932.2 254.194 12.28720
3933.6 221.004 11.44770
3935.0 198.971 10.72920
3936.4 252.566 12.06490
3937.8 270.003 12.79320
3939.2 268.595 12.79070
3940.6 266.108 12.65170
3942.0 278.816 13.21060
3943.4 272.439 13.14810
3944.8 277.806 13.08440
3946.2 239.101 12.32610
3947.6 270.359 13.22510
3949.0 258.744 12.78100
3950.4 246.559 12.54640
3951.8 244.363 12.67140
3953.2 229.949 12.46090
3954.6 239.236 12.62900
3956.0 247.264 12.86960
3957.4 232.510 12.43840
3958.8 234.878 12.37400
3960.2 200.121 11.38610
3961.6 213.122 11.47520
3963.0 202.397 10.98520
3964.4 181.132 10.23710
3965.8 185.291 10.17380
3967.2 150.303 8.61358
3968.6 102.024 7.07261
3970.0 84.636 6.36099
3971.4 67.593 5.90762
3972.8 104.790 6.86646
3974.2 128.794 7.91291
3975.6 160.294 8.74126
3977.0 185.136 9.50499
3978.4 178.871 9.42192
3979.8 198.665 9.76154
3981.2 215.768 10.48910
3982.6 226.456 10.66530
3984.0 221.521 10.83140
3985.4 228.972 10.75940
3986.8 234.843 10.97350
3988.2 250.929 11.66560
3989.6 253.315 inf
3991.0 255.701 inf
3992.4 258.087 inf
3993.8 260.473 inf
3995.2 262.859 inf
3996.6 265.245 inf
3998.0 267.631 12.00170
3999.4 277.402 12.13350
4000.8 249.696 11.59920
4002.2 271.133 12.08780
4003.6 265.966 11.75660
4005.0 258.405 11.58130
4006.4 256.681 11.58080
4007.8 259.703 11.64080
4009.2 274.460 11.93390
4010.6 262.438 11.75300
4012.0 272.059 11.91100
4013.4 262.221 11.78660
4014.8 268.228 11.75800
4016.2 264.345 11.77670
4017.6 268.908 11.89140
4019.0 260.664 11.67580
4020.4 267.768 11.83690
4021.8 263.243 12.02450
4023.2 262.216 11.94810
4024.6 260.796 11.78180
4026.0 257.399 11.66910
4027.4 266.365 11.83060
4028.8 277.290 12.11260
4030.2 266.442 11.90690
4031.6 266.135 11.88120
4033.0 253.485 11.54340
4034.4 256.602 11.59180
4035.8 264.971 11.87600
4037.2 259.848 11.79170
4038.6 277.965 12.17090
4040.0 256.196 11.83750
4041.4 262.119 11.99280
4042.8 261.650 11.84970
4044.2 267.034 12.12290
4045.6 253.773 11.84280
4047.0 261.469 12.01940
4048.4 264.658 12.13650
4049.8 258.901 11.87540
4051.2 266.517 12.05820
4052.6 256.384 12.01610
4054.0 266.784 11.92770
4055.4 266.993 11.95840
4056.8 249.762 11.52100
4058.2 259.125 11.76960
4059.6 265.334 11.94890
4061.0 261.120 11.71970
4062.4 260.794 11.59560
4063.8 258.603 11.53250
4065.2 264.265 11.63870
4066.6 251.029 11.26960
4068.0 244.809 11.04990
4069.4 248.617 11.13018
4070.8 252.425 11.21045
4072.2 256.233 11.29072
4073.6 260.041 11.37100
4075.0 252.000 11.24380
4076.4 233.825 10.70130
4077.8 258.125 11.16830
4079.2 234.023 10.79220
4080.6 229.337 10.32820
4082.0 243.400 10.79370
4083.4 248.124 11.06200
4084.8 246.398 10.80530
4086.2 222.708 10.33540
4087.6 226.093 10.29740
4089.0 209.046 9.74913
4090.4 213.417 10.03290
4091.8 204.834 9.42241
4093.2 186.606 9.23496
4094.6 184.646 8.98067
4096.0 172.631 8.46973
4097.4 142.389 7.75676
4098.8 149.907 7.76428
4100.2 119.672 6.85890
4101.6 92.831 5.85874
4103.0 72.312 5.32131
4104.4 88.517 5.64070
4105.8 122.057 6.81017
4107.2 141.650 7.53753
4108.6 160.434 8.10512
4110.0 166.610 8.39339
4111.4 177.361 8.99313
4112.8 190.009 9.04653
4114.2 203.564 9.50866
4115.6 203.707 9.55974
4117.0 211.029 9.68676
4118.4 215.305 9.86076
4119.8 212.557 9.79058
4121.2 232.007 10.31820
4122.6 231.463 10.45000
4124.0 238.671 10.36910
4125.4 235.022 10.54320
4126.8 243.815 10.66930
4128.2 246.605 10.75400
4129.6 235.998 10.52620
4131.0 240.542 10.55470
4132.4 237.269 10.42290
4133.8 227.485 10.18540
4135.2 237.187 10.57860
4136.6 238.553 10.34910
4138.0 243.416 10.56780
4139.4 236.668 10.44330
4140.8 252.711 10.91640
4142.2 240.650 10.59300
4143.6 239.697 10.39530
4145.0 233.078 10.29240
4146.4 253.204 10.72800
4147.8 235.210 10.33440
4149.2 237.541 10.15760
4150.6 239.538 10.38860
4152.0 234.644 10.19010
4153.4 233.251 10.17430
4154.8 250.799 10.51970
4156.2 237.131 10.24450
4157.6 237.262 10.22690
4159.0 240.125 10.36030
4160.4 235.485 10.12970
4161.8 242.333 10.60810
4163.2 245.670 10.48700
4164.6 245.295 10.50850
4166.0 235.489 10.30120
4167.4 240.959 10.27590
4168.8 229.611 9.99242
4170.2 235.225 10.15930
4171.6 236.978 10.14270
4173.0 242.763 10.38540
4174.4 241.494 10.32870
4175.8 239.224 10.24310
4177.2 223.996 9.96284
4178.6 242.980 10.37680
4180.0 229.000 10.03100
4181.4 231.912 10.01920
4182.8 237.145 10.09540
4184.2 241.913 10.27070
4185.6 233.224 10.03920
4187.0 238.516 10.14500
4188.4 230.741 10.03230
4189.8 235.864 10.08390
4191.2 237.921 10.22780
4192.6 225.614 10.97130
4194.0 247.104 10.41730
4195.4 234.700 10.20260
4196.8 241.325 10.32950
4198.2 237.197 10.08290
4199.6 234.293 10.12410
4201.0 231.263 9.88834
4202.4 234.306 10.01460
4203.8 238.837 10.19000
4205.2 234.985 10.09230
4206.6 245.026 10.23200
4208.0 230.776 9.89392
4209.4 225.371 9.81544
4210.8 233.252 9.96122
4212.2 223.505 9.84091
4213.6 229.969 9.90034
4215.0 230.710 9.82730
4216.4 225.182 9.64318
4217.8 226.526 9.61247
4219.2 235.594 10.00190
4220.6 247.909 10.33000
4222.0 233.174 9.89374
4223.4 234.765 9.83952
4224.8 229.314 9.80604
4226.2 230.522 9.69857
4227.6 227.410 9.71735
4229.0 227.655 9.66603
4230.4 223.153 9.61969
4231.8 231.661 9.64840
4233.2 220.400 9.47321
4234.6 227.814 9.64689
4236.0 231.736 9.77129
4237.4 233.140 9.75155
4238.8 222.733 9.50976
4240.2 223.590 9.48893
4241.6 229.283 9.66606
4243.0 237.810 9.84540
4244.4 232.662 9.74077
4245.8 233.344 9.83348
4247.2 225.876 9.76883
4248.6 240.064 10.11520
4250.0 227.648 9.69749
4251.4 224.620 9.57383
4252.8 237.985 9.91605
4254.2 225.172 9.58193
4255.6 228.998 9.63972
4257.0 228.299 9.72496
4258.4 228.129 9.64880
4259.8 233.900 9.84726
4261.2 224.681 9.50348
4262.6 222.963 9.48734
4264.0 236.431 9.76535
4265.4 235.270 9.75911
4266.8 223.365 9.57728
4268.2 232.524 9.74006
4269.6 228.476 9.64420
4271.0 233.966 9.84233
4272.4 207.957 9.01764
4273.8 215.686 9.18721
4275.2 228.745 9.63750
4276.6 226.281 9.57034
4278.0 226.354 9.60662
4279.4 238.360 9.93790
4280.8 218.581 9.40031
4282.2 223.747 9.46291
4283.6 234.190 9.69504
4285.0 221.693 9.37012
4286.4 225.462 9.52454
4287.8 231.229 9.66515
4289.2 221.014 9.30150
4290.6 218.792 9.24328
4292.0 218.891 9.28266
4293.4 220.778 9.09185
4294.8 218.542 9.24970
4296.2 216.608 9.20762
4297.6 235.215 9.73951
4299.0 214.460 9.09878
4300.4 219.832 9.19147
4301.8 219.905 9.26492
4303.2 226.206 9.35157
4304.6 213.355 9.04570
4306.0 217.822 9.14548
4307.4 220.670 9.25334
4308.8 216.993 9.16992
4310.2 218.609 9.20286
4311.6 212.314 9.00959
4313.0 216.431 9.11666
4314.4 219.628 9.23094
4315.8 215.851 9.07914
4317.2 213.896 8.93953
4318.6 213.579 8.98000
4320.0 208.591 8.79278
4321.4 194.254 8.41610
4322.8 201.319 8.55975
4324.2 198.810 8.47922
4325.6 195.582 8.50543
4327.0 190.116 8.13126
4328.4 182.885 8.01207
4329.8 179.744 7.96669
4331.2 180.867 7.77929
4332.6 169.891 7.69224
4334.0 159.472 7.26257
4335.4 151.855 7.08289
4336.8 132.934 6.35801
4338.2 129.178 6.24223
4339.6 110.175 6.08635
4341.0 68.697 4.43356
4342.4 73.065 4.61046
4343.8 97.341 5.32185
4345.2 119.946 5.95018
4346.6 134.142 6.49103
4348.0 139.117 6.62306
4349.4 157.619 7.26665
4350.8 163.353 7.20291
4352.2 171.127 7.71266
4353.6 179.948 7.92952
4355.0 184.574 7.97456
4356.4 184.522 8.13274
4357.8 184.093 8.22960
4359.2 197.224 8.94545
4360.6 201.547 8.96543
4362.0 201.644 8.52766
4363.4 188.858 8.24648
4364.8 200.371 8.58885
4366.2 205.119 8.65447
4367.6 205.671 8.68622
4369.0 209.713 8.98186
4370.4 201.316 8.52390
4371.8 208.759 8.78317
4373.2 206.706 8.77474
4374.6 207.096 8.63629
4376.0 212.281 8.88660
4377.4 200.997 8.60776
4378.8 206.234 8.76592
4380.2 211.726 9.01337
4381.6 222.767 9.16184
4383.0 210.937 8.95641
4384.4 211.099 8.85244
4385.8 203.450 8.66010
4387.2 208.678 8.76506
4388.6 210.293 8.83503
4390.0 214.557 8.87917
4391.4 209.559 8.66886
4392.8 204.254 8.64148
4394.2 213.119 8.77258
4395.6 201.395 8.54476
4397.0 202.468 8.51322
4398.4 205.210 8.46572
4399.8 208.366 8.74197
4401.2 212.072 8.74065
4402.6 207.885 8.66148
4404.0 203.741 8.49115
4405.4 207.465 8.58902
4406.8 208.334 8.60057
4408.2 208.787 8.62386
4409.6 208.502 8.57823
4411.0 213.372 8.70067
4412.4 200.581 8.45530
4413.8 212.275 8.72039
4415.2 207.930 8.58443
4416.6 201.452 8.42205
4418.0 208.644 8.57603
4419.4 208.199 8.55918
4420.8 201.375 8.43115
4422.2 211.186 8.50254
4423.6 202.098 8.56201
4425.0 216.840 8.79334
4426.4 206.535 8.63433
4427.8 203.102 8.44168
4429.2 204.470 8.58141
4430.6 210.166 8.58321
4432.0 206.842 8.54520
4433.4 207.398 8.55986
4434.8 205.935 8.42814
4436.2 202.211 8.40215
4437.6 201.977 8.35818
4439.0 200.458 8.40812
4440.4 205.877 8.51938
4441.8 205.739 8.45567
4443.2 194.490 8.19677
4444.6 206.086 8.53670
4446.0 210.373 8.62739
4447.4 204.978 8.52046
4448.8 204.847 8.52474
4450.2 204.025 8.40359
4451.6 206.026 8.44621
4453.0 196.254 8.27883
4454.4 204.238 8.42745
4455.8 200.101 8.28521
4457.2 201.889 8.29374
4458.6 200.636 8.27600
4460.0 204.825 8.50366
4461.4 195.777 8.08232
4462.8 206.063 8.41768
4464.2 209.664 8.59655
4465.6 205.105 8.33276
4467.0 207.205 8.43786
4468.4 199.115 8.19269
4469.8 199.767 8.37562
4471.2 202.367 8.19832
4472.6 203.781 8.43793
4474.0 206.161 8.39594
4475.4 207.399 8.45691
4476.8 208.898 8.41891
4478.2 200.845 8.30100
4479.6 203.348 8.32705
4481.0 197.841 8.10092
4482.4 198.318 8.24118
4483.8 201.337 8.24169
4485.2 201.730 8.14650
4486.6 190.480 7.97761
4488.0 204.878 8.20006
4489.4 191.917 8.03625
4490.8 212.215 10.67910
4492.2 226.662 8.93999
4493.6 189.113 8.10839
4495.0 206.815 8.30165
4496.4 200.898 8.26548
4497.8 200.043 8.19359
4499.2 203.423 8.25459
4500.6 199.944 8.34502
4502.0 198.495 7.95380
4503.4 196.272 8.17321
4504.8 201.432 8.14455
4506.2 201.368 8.26859
4507.6 192.064 7.77398
4509.0 196.478 8.20477
4510.4 204.932 8.35814
4511.8 200.176 8.21446
4513.2 195.370 8.02642
4514.6 201.007 8.17785
4516.0 194.517 8.04145
4517.4 195.145 8.01624
4518.8 201.402 8.22299
4520.2 196.450 8.10255
4521.6 200.965 8.17958
4523.0 191.553 7.93502
4524.4 204.656 8.34785
4525.8 195.752 8.10668
4527.2 191.740 7.96346
4528.6 195.381 8.08629
4530.0 193.873 7.98444
4531.4 199.851 8.18556
4532.8 199.795 8.23212
4534.2 194.540 8.05761
4535.6 187.606 7.86151
4537.0 198.168 8.04347
4538.4 196.208 8.07422
4539.8 202.462 8.21811
4541.2 197.361 8.09842
4542.6 202.115 8.13360
4544.0 194.386 7.95265
4545.4 201.757 8.18099
4546.8 197.681 8.03811
4548.2 195.591 7.99329
4549.6 191.767 7.81175
4551.0 191.672 7.89166
4552.4 194.972 7.92990
4553.8 200.196 8.15235
4555.2 200.537 8.02328
4556.6 189.100 7.76107
4558.0 187.898 7.67531
4559.4 188.874 7.71367
4560.8 188.367 7.73357
4562.2 195.970 7.93060
4563.6 199.108 7.95591
4565.0 188.653 7.78606
4566.4 199.878 7.93746
4567.8 192.308 7.79639
4569.2 198.205 7.94724
4570.6 191.910 7.83542
4572.0 196.508 7.83766
4573.4 192.531 7.82630
4574.8 191.388 7.75925
4576.2 185.621 7.62400
4577.6 181.967 7.44467
4579.0 183.932 7.55021
4580.4 188.343 7.62434
4581.8 188.805 7.66139
4583.2 190.442 7.74997
4584.6 192.499 7.86519
4586.0 186.727 7.59606
4587.4 185.836 7.53909
4588.8 185.734 7.62110
4590.2 188.879 7.61805
4591.6 193.118 7.75459
4593.0 182.891 7.47111
4594.4 190.932 7.67999
4595.8 191.617 7.86368
4597.2 182.209 7.49178
4598.6 187.789 7.63611
4600.0 195.725 7.76952
4601.4 187.566 7.74084
4602.8 187.462 7.55422
4604.2 187.476 7.64429
4605.6 190.134 7.65322
4607.0 189.008 7.70767
4608.4 182.528 7.46606
4609.8 191.778 7.68339
4611.2 191.758 7.73036
4612.6 187.761 7.51976
4614.0 190.394 7.68133
4615.4 187.530 7.56942
4616.8 187.094 7.54661
4618.2 185.737 7.55837
4619.6 189.001 7.58420
4621.0 186.681 7.62338
4622.4 191.272 7.73577
4623.8 192.798 7.68487
4625.2 186.806 7.67205
4626.6 179.173 7.42580
4628.0 196.208 7.79678
4629.4 183.834 7.41727
4630.8 184.599 7.49289
4632.2 189.836 7.66497
4633.6 188.780 7.71270
4635.0 196.043 7.76413
4636.4 201.052 8.12158
4637.8 187.209 7.61532
4639.2 188.844 7.61085
4640.6 185.678 7.60783
4642.0 182.439 7.29145
4643.4 177.188 7.41223
4644.8 190.718 7.59460
4646.2 185.502 7.36216
4647.6 185.347 7.68071
4649.0 184.497 7.35663
4650.4 187.158 7.53968
4651.8 189.772 7.56245
4653.2 192.060 7.65903
4654.6 193.407 8.30747
4656.0 189.169 8.48533
4657.4 187.863 7.61967
4658.8 184.789 7.44670
4660.2 180.839 7.34936
4661.6 188.461 7.49238
4663.0 185.936 7.48315
4664.4 181.853 7.34916
4665.8 183.521 7.43009
4667.2 178.294 7.27241
4668.6 180.575 7.32133
4670.0 185.935 7.49857
4671.4 187.664 7.45512
4672.8 177.935 7.27839
4674.2 175.269 7.16864
4675.6 183.886 7.38789
4677.0 181.755 7.33489
4678.4 183.264 7.43549
4679.8 184.169 7.45990
4681.2 184.344 7.50738
4682.6 184.799 7.37427
4684.0 180.189 7.32106
4685.4 183.541 7.38174
4686.8 186.083 7.52048
4688.2 185.320 7.40595
4689.6 181.393 7.39689
4691.0 180.640 7.32893
4692.4 179.659 7.31315
4693.8 184.314 7.51387
4695.2 185.777 7.50104
4696.6 177.937 7.31569
4698.0 182.992 7.37801
4699.4 179.608 7.38956
4700.8 184.399 7.44907
4702.2 178.849 7.33286
4703.6 171.069 7.13658
4705.0 182.923 7.46320
4706.4 183.911 7.47507
4707.8 176.887 7.38718
4709.2 178.923 7.43311
4710.6 180.086 7.50333
4712.0 182.917 7.57006
4713.4 183.976 7.59842
4714.8 190.736 7.67119
4716.2 182.314 7.47257
4717.6 182.504 7.36793
4719.0 175.085 7.14325
4720.4 193.837 7.59470
4721.8 182.709 7.36318
4723.2 182.379 7.29468
4724.6 185.059 7.35448
4726.0 177.415 7.09663
4727.4 184.992 7.33539
4728.8 179.094 7.18922
4730.2 177.402 7.14329
4731.6 189.968 7.45316
4733.0 181.931 7.30841
4734.4 175.063 7.03884
4735.8 175.976 7.02322
4737.2 177.737 7.22524
4738.6 176.597 6.99546
4740.0 181.668 7.29916
4741.4 173.079 7.00165
4742.8 174.083 7.01329
4744.2 177.099 7.12356
4745.6 177.512 7.10272
4747.0 181.752 7.18998
4748.4 179.534 7.19897
4749.8 180.804 7.06721
4751.2 173.189 7.10830
4752.6 175.815 7.02376
4754.0 177.980 7.06703
4755.4 175.514 7.12041
4756.8 179.039 7.08336
4758.2 175.023 7.04578
4759.6 185.201 7.25484
4761.0 181.348 7.22668
4762.4 173.108 6.88603
4763.8 175.149 7.01758
4765.2 170.976 6.87852
4766.6 173.354 6.98507
4768.0 178.701 7.13391
4769.4 170.419 6.87414
4770.8 180.706 7.11007
4772.2 177.124 7.04877
4773.6 176.484 7.06699
4775.0 175.401 6.93799
4776.4 173.318 6.96674
4777.8 180.160 7.08413
4779.2 176.648 7.07537
4780.6 178.345 7.13709
4782.0 178.764 7.21634
4783.4 170.953 6.88724
4784.8 177.752 7.01931
4786.2 168.020 6.81902
4787.6 172.831 6.86921
4789.0 170.664 6.92339
4790.4 174.200 6.88391
4791.8 170.400 6.87621
4793.2 174.271 6.93743
4794.6 170.160 6.85389
4796.0 172.080 6.82790
4797.4 168.917 6.81854
4798.8 167.575 6.78014
4800.2 170.255 6.80143
4801.6 168.586 6.77980
4803.0 171.977 6.85380
4804.4 170.919 6.90944
4805.8 176.752 6.91754
4807.2 173.186 6.99125
4808.6 165.219 6.64832
4810.0 170.494 6.82041
4811.4 172.422 6.82927
4812.8 172.197 6.91656
4814.2 168.177 6.72444
4815.6 173.352 6.92980
4817.0 165.608 6.78524
4818.4 163.203 6.70760
4819.8 170.262 6.89707
4821.2 166.971 6.74242
4822.6 168.527 6.79135
4824.0 169.725 6.81080
4825.4 165.421 6.67406
4826.8 165.057 6.83758
4828.2 168.667 6.71977
4829.6 167.710 6.84041
4831.0 163.963 6.60664
4832.4 163.970 6.78367
4833.8 166.728 6.58209
4835.2 158.840 6.65412
4836.6 156.474 6.49632
4838.0 166.346 6.74595
4839.4 162.241 6.65397
4840.8 157.722 6.57100
4842.2 158.406 6.53820
4843.6 151.375 6.42988
4845.0 156.144 6.42323
4846.4 150.047 6.36474
4847.8 155.902 6.49581
4849.2 152.492 6.33384
4850.6 140.556 6.02998
4852.0 142.004 6.06768
4853.4 142.570 5.99352
4854.8 137.561 5.95590
4856.2 127.959 5.64371
4857.6 118.213 5.29884
4859.0 107.137 4.91055
4860.4 92.493 4.46251
4861.8 73.548 3.98366
4863.2 61.453 3.62332
4864.6 78.976 4.05124
4866.0 102.549 4.60795
4867.4 111.462 5.09430
4868.8 120.483 5.23713
4870.2 127.764 5.46449
4871.6 132.450 5.70034
4873.0 141.248 5.82486
4874.4 144.839 6.02580
4875.8 147.825 6.06538
4877.2 145.477 6.05287
4878.6 149.138 6.12705
4880.0 153.709 6.30764
4881.4 153.864 6.23938
4882.8 151.645 6.24210
4884.2 157.987 6.37596
4885.6 162.938 6.62272
4887.0 164.511 6.62457
4888.4 156.697 6.55180
4889.8 157.458 6.37269
4891.2 155.605 6.31556
4892.6 161.260 6.49095
4894.0 163.092 6.59907
4895.4 159.768 6.49855
4896.8 164.301 6.50817
4898.2 156.978 6.43714
4899.6 164.126 6.50881
4901.0 162.850 6.60059
4902.4 157.765 6.41021
4903.8 163.160 6.51947
4905.2 154.898 6.33616
4906.6 158.977 6.44590
4908.0 164.394 6.48668
4909.4 165.420 6.60881
4910.8 164.428 6.53276
4912.2 164.323 6.55502
4913.6 164.741 6.53007
4915.0 162.652 6.54387
4916.4 163.303 6.48982
4917.8 164.614 6.54384
4919.2 162.504 6.51020
4920.6 161.732 6.39612
4922.0 161.891 6.49446
4923.4 163.773 6.54486
4924.8 171.882 6.67293
4926.2 162.616 6.56242
4927.6 167.495 6.59428
4929.0 165.596 6.58356
4930.4 160.325 6.43519
4931.8 167.370 6.58544
4933.2 166.943 6.59097
4934.6 160.787 6.50624
4936.0 156.788 6.24557
4937.4 161.481 6.44280
4938.8 161.388 6.44408
4940.2 159.982 6.31178
4941.6 164.280 6.71932
4943.0 164.068 6.41695
4944.4 159.096 6.42641
4945.8 158.627 6.31715
4947.2 158.297 6.44599
4948.6 165.238 6.50048
4950.0 154.887 6.28572
4951.4 157.426 6.30202
4952.8 162.075 6.45169
4954.2 164.700 6.53206
4955.6 158.319 6.32113
4957.0 154.663 6.26497
4958.4 162.234 6.34308
4959.8 156.398 6.29997
4961.2 152.622 6.15503
4962.6 158.284 6.34122
4964.0 158.353 6.29880
4965.4 158.235 6.38811
4966.8 163.439 6.47131
4968.2 159.370 6.39683
4969.6 156.387 6.21808
4971.0 152.836 6.15560
4972.4 157.366 6.33307
4973.8 162.938 6.46156
4975.2 157.281 6.31063
4976.6 153.512 6.18396
4978.0 158.147 6.30949
4979.4 156.261 6.30943
4980.8 158.890 6.39589
4982.2 162.344 6.41994
4983.6 153.619 6.23870
4985.0 151.571 6.06398
4986.4 163.432 6.48260
4987.8 160.982 6.44707
4989.2 161.724 6.44186
4990.6 163.668 6.52517
4992.0 160.368 6.38055
4993.4 161.401 6.46582
4994.8 161.316 6.43765
4996.2 151.907 6.16569
4997.6 156.687 6.25285
4999.0 163.647 6.42423
