3900.0 311.298 14.88440
3901.4 304.411 14.73800
3902.8 329.484 15.21420
3904.2 361.197 16.17330
3905.6 360.561 16.32150
3907.0 359.368 15.94820
3908.4 364.039 16.11810
3909.8 383.840 16.87680
3911.2 390.406 16.93380
3912.6 391.525 17.27360
3914.0 382.113 17.10340
3915.4 369.971 16.42670
3916.8 398.980 17.29520
3918.2 398.421 16.92550
3919.6 401.214 17.20310
3921.0 388.295 16.77100
3922.4 399.756 16.79460
3923.8 398.173 17.00020
3925.2 411.671 17.73260
3926.6 404.396 17.11200
3928.0 403.692 17.26420
3929.4 391.699 16.81360
3930.8 380.791 16.21270
3932.2 380.128 16.46590
3933.6 305.733 14.05550
3935.0 212.285 11.34800
3936.4 275.012 13.26050
3937.8 370.133 15.93130
3939.2 395.027 16.41690
3940.6 398.242 16.75020
3942.0 401.264 16.96630
3943.4 398.905 16.30290
3944.8 390.818 16.55060
3946.2 389.206 16.65550
3947.6 383.070 16.78970
3949.0 369.455 16.09580
3950.4 379.306 16.30730
3951.8 375.719 16.54210
3953.2 361.536 16.12370
3954.6 364.796 15.38780
3956.0 365.578 15.17570
3957.4 346.972 14.71910
3958.8 345.348 14.79730
3960.2 326.551 14.78160
3961.6 317.774 14.18060
3963.0 297.768 13.39680
3964.4 268.363 13.12530
3965.8 266.220 12.21120
3967.2 244.648 11.62140
3968.6 183.430 9.94765
3970.0 119.667 7.81712
3971.4 103.475 7.27447
3972.8 140.680 8.63645
3974.2 181.083 9.87741
3975.6 235.759 11.58340
3977.0 259.643 12.26750
3978.4 277.787 12.79680
3979.8 292.981 13.55530
3981.2 309.196 14.00820
3982.6 316.800 13.85310
3984.0 323.129 14.32900
3985.4 334.386 14.43550
3986.8 350.701 15.28650
3988.2 345.283 14.50300
3989.6 358.192 15.17560
3991.0 358.269 14.96200
3992.4 371.446 15.24750
3993.8 360.567 15.41790
3995.2 369.607 15.50520
3996.6 376.264 15.49440
3998.0 378.029 15.40670
3999.4 370.622 15.63890
4000.8 383.247 15.70840
4002.2 382.521 15.88970
4003.6 371.851 15.50580
4005.0 379.212 15.44490
4006.4 374.806 15.29990
4007.8 374.924 15.34820
4009.2 384.346 15.60740
4010.6 377.725 15.24970
4012.0 384.036 15.74120
4013.4 374.847 15.31930
4014.8 378.457 15.85210
4016.2 378.441 16.22840
4017.6 379.268 15.67940
4019.0 377.655 15.57960
4020.4 381.619 15.87230
4021.8 386.485 15.39260
4023.2 384.558 15.73360
4024.6 389.439 15.75260
4026.0 386.583 15.85290
4027.4 384.578 15.80900
4028.8 382.341 15.65850
4030.2 376.764 15.40840
4031.6 384.366 15.21310
4033.0 379.708 15.73550
4034.4 392.844 15.67610
4035.8 388.416 15.73330
4037.2 382.371 15.10970
4038.6 388.235 15.61910
4040.0 391.772 15.82860
4041.4 385.209 15.74380
4042.8 387.680 15.51040
4044.2 389.195 15.63180
4045.6 384.595 16.62570
4047.0 364.275 16.03690
4048.4 370.250 15.42390
4049.8 390.572 15.89120
4051.2 371.978 15.36140
4052.6 384.330 15.39650
4054.0 379.914 15.32560
4055.4 381.146 15.10190
4056.8 376.227 14.89080
4058.2 380.105 15.08800
4059.6 379.191 15.01020
4061.0 377.376 15.15040
4062.4 380.529 15.38740
4063.8 368.179 15.04310
4065.2 358.709 14.86510
4066.6 365.975 14.71310
4068.0 365.874 15.13540
4069.4 353.823 14.28030
4070.8 367.731 14.92520
4072.2 362.799 14.42600
4073.6 353.766 14.72030
4075.0 357.119 14.60840
4076.4 359.345 14.60390
4077.8 363.588 14.20990
4079.2 342.407 13.81610
4080.6 345.692 13.97680
4082.0 346.600 14.37750
4083.4 343.706 14.01260
4084.8 343.526 13.91010
4086.2 332.847 13.71160
4087.6 327.227 13.66820
4089.0 326.757 13.57280
4090.4 323.715 13.49990
4091.8 311.630 12.98810
4093.2 303.502 12.73810
4094.6 288.303 12.67640
4096.0 271.428 11.91800
4097.4 264.015 11.39620
4098.8 232.784 10.69960
4100.2 212.733 9.84656
4101.6 170.266 8.60550
4103.0 121.436 7.22485
4104.4 131.478 7.34813
4105.8 180.782 9.02434
4107.2 217.573 10.11840
4108.6 242.506 10.74060
4110.0 262.179 11.54820
4111.4 284.050 11.95670
4112.8 283.063 12.10040
4114.2 300.589 12.07730
4115.6 309.918 12.87200
4117.0 308.571 12.81600
4118.4 321.357 13.23360
4119.8 324.249 13.35230
4121.2 332.864 13.30460
4122.6 344.586 13.65470
4124.0 347.729 13.60960
4125.4 337.436 13.72360
4126.8 342.118 14.20930
4128.2 352.481 14.26470
4129.6 342.359 14.01600
4131.0 347.175 13.90360
4132.4 356.561 14.15240
4133.8 355.872 14.14950
4135.2 351.881 14.17180
4136.6 346.928 14.03110
4138.0 358.586 14.27780
4139.4 350.143 13.96550
4140.8 350.976 13.90570
4142.2 350.329 13.59080
4143.6 350.474 14.08800
4145.0 337.379 13.48510
4146.4 351.764 14.09640
4147.8 357.316 14.29170
4149.2 365.609 14.20330
4150.6 353.643 14.11780
4152.0 360.184 14.16780
4153.4 356.059 13.90860
4154.8 356.727 14.10660
4156.2 352.354 13.98400
4157.6 347.999 13.72010
4159.0 345.198 13.56460
4160.4 357.246 13.72000
4161.8 368.358 14.38860
4163.2 353.661 14.18800
4164.6 356.784 14.38560
4166.0 349.983 14.28210
4167.4 350.755 14.13030
4168.8 353.834 14.28980
4170.2 353.971 14.47670
4171.6 352.014 14.00110
4173.0 349.832 13.95090
4174.4 346.191 14.00130
4175.8 343.837 13.56330
4177.2 355.411 14.19180
4178.6 344.291 13.61740
4180.0 353.329 13.98080
4181.4 353.738 13.86460
4182.8 343.536 13.46300
4184.2 356.616 13.76140
4185.6 340.931 13.26460
4187.0 347.215 13.32950
4188.4 334.677 13.49900
4189.8 344.304 13.38200
4191.2 349.778 13.72020
4192.6 347.749 14.01320
4194.0 338.318 13.36440
4195.4 345.804 13.78320
4196.8 350.546 13.79130
4198.2 340.560 13.49770
4199.6 338.422 13.37060
4201.0 336.519 12.97430
4202.4 347.690 13.22620
4203.8 335.249 13.23560
4205.2 345.551 13.76960
4206.6 340.273 13.43910
4208.0 348.339 13.36510
4209.4 346.856 13.82420
4210.8 339.897 13.57080
4212.2 348.560 13.44980
4213.6 346.379 13.57370
4215.0 340.118 13.23760
4216.4 327.993 12.99450
4217.8 333.961 13.31030
4219.2 332.098 13.21020
4220.6 344.432 13.48140
4222.0 337.722 13.21620
4223.4 338.074 13.29130
4224.8 337.059 12.99660
4226.2 333.597 12.87540
4227.6 327.496 12.94420
4229.0 313.229 12.72790
4230.4 336.875 13.32330
4231.8 336.332 13.25370
4233.2 333.554 13.06570
4234.6 323.850 13.44020
4236.0 334.756 13.30640
4237.4 333.656 13.32520
4238.8 339.380 13.35220
4240.2 335.015 13.23310
4241.6 340.002 13.08470
4243.0 344.911 13.49260
4244.4 339.310 13.32220
4245.8 341.878 13.26840
4247.2 334.398 13.05160
4248.6 325.986 12.84110
4250.0 340.209 13.13210
4251.4 335.227 13.18250
4252.8 329.195 12.91580
4254.2 336.465 13.14790
4255.6 335.297 13.24580
4257.0 329.957 12.79080
4258.4 334.859 12.98330
4259.8 337.903 13.10660
4261.2 336.333 12.79050
4262.6 328.244 13.16900
4264.0 328.338 13.05760
4265.4 344.161 13.46750
4266.8 343.563 13.40150
4268.2 339.943 13.05550
4269.6 335.122 13.13760
4271.0 334.775 12.68280
4272.4 323.858 12.44490
4273.8 311.940 12.08760
4275.2 326.205 12.54290
4276.6 326.163 12.55880
4278.0 332.609 13.25760
4279.4 330.421 12.70640
4280.8 333.686 13.14920
4282.2 333.672 12.68200
4283.6 327.122 12.92810
4285.0 333.248 12.94110
4286.4 335.246 12.78080
4287.8 336.132 13.39240
4289.2 329.696 12.80130
4290.6 319.758 12.62780
4292.0 318.999 12.51060
4293.4 321.512 12.46730
4294.8 322.209 12.67880
4296.2 323.733 12.36990
4297.6 315.397 12.17380
4299.0 334.302 12.84700
4300.4 320.528 12.48830
4301.8 304.290 12.13250
4303.2 308.349 11.97370
4304.6 308.594 12.02550
4306.0 317.019 12.62520
4307.4 325.810 12.99840
4308.8 308.736 12.44510
4310.2 301.317 11.94980
4311.6 322.098 12.39670
4313.0 306.529 12.21000
4314.4 309.421 12.28950
4315.8 300.305 11.86660
4317.2 296.008 11.72550
4318.6 306.434 11.95270
4320.0 314.741 12.37380
4321.4 305.478 11.93530
4322.8 295.889 11.97850
4324.2 297.702 11.84320
4325.6 293.015 11.52180
4327.0 277.040 11.29670
4328.4 279.407 11.15860
4329.8 279.444 11.28950
4331.2 274.187 11.21450
4332.6 264.089 10.90960
4334.0 253.581 10.56270
4335.4 240.756 9.96805
4336.8 230.033 9.79331
4338.2 207.049 8.91558
4339.6 178.458 8.13213
4341.0 139.720 6.94131
4342.4 112.542 6.25213
4343.8 135.357 6.82961
4345.2 185.292 8.35322
4346.6 203.133 8.66708
4348.0 230.724 9.75829
4349.4 247.840 10.12020
4350.8 251.367 10.40380
4352.2 259.242 10.49360
4353.6 263.045 10.52130
4355.0 264.916 10.76380
4356.4 281.076 10.93540
4357.8 286.828 11.54510
4359.2 295.432 11.91440
4360.6 294.396 12.64740
4362.0 302.068 12.25430
4363.4 306.159 12.02420
4364.8 301.983 11.99840
4366.2 310.503 12.32750
4367.6 312.033 12.03520
4369.0 308.415 11.87290
4370.4 313.563 11.99810
4371.8 313.161 11.92280
4373.2 308.126 11.86480
4374.6 301.989 11.96090
4376.0 308.766 11.92490
4377.4 306.077 12.16020
4378.8 312.280 11.81260
4380.2 317.185 12.05860
4381.6 318.171 12.26860
4383.0 316.793 11.94440
4384.4 298.412 11.69170
4385.8 300.900 11.95340
4387.2 303.914 12.20080
4388.6 313.666 12.00640
4390.0 309.671 11.77340
4391.4 317.724 12.06580
4392.8 315.467 12.32590
4394.2 317.081 12.00410
4395.6 305.549 12.13140
4397.0 305.789 11.68330
4398.4 309.794 11.89520
4399.8 313.724 11.93260
4401.2 308.063 11.93260
4402.6 308.350 11.75990
4404.0 308.893 11.80830
4405.4 305.474 11.60150
4406.8 297.475 11.90650
4408.2 319.621 12.08660
4409.6 303.686 11.79440
4411.0 308.716 11.57020
4412.4 311.639 11.99540
4413.8 316.276 11.92990
4415.2 312.637 11.78300
4416.6 294.084 11.46770
4418.0 294.328 11.52310
4419.4 302.440 11.49240
4420.8 302.690 11.71070
4422.2 304.189 11.72340
4423.6 308.588 11.84680
4425.0 307.816 11.57230
4426.4 306.582 11.76870
4427.8 311.128 11.78920
4429.2 307.706 11.82390
4430.6 306.598 11.69960
4432.0 304.618 11.40520
4433.4 307.367 11.40070
4434.8 311.014 11.77730
4436.2 296.242 11.66590
4437.6 297.548 11.52060
4439.0 301.249 11.70470
4440.4 310.669 11.80620
4441.8 314.978 11.86640
4443.2 304.177 11.55130
4444.6 298.216 11.38140
4446.0 295.741 11.14230
4447.4 304.980 11.49440
4448.8 305.564 11.31720
4450.2 297.764 11.59500
4451.6 300.339 11.58830
4453.0 307.186 11.56870
4454.4 303.943 11.71070
4455.8 299.264 11.32020
4457.2 298.939 11.35280
4458.6 297.456 11.17560
4460.0 305.092 11.69390
4461.4 300.451 11.62990
4462.8 304.163 11.43220
4464.2 309.606 11.93110
4465.6 304.454 11.65770
4467.0 303.394 11.54270
4468.4 300.253 11.50150
4469.8 287.438 11.27760
4471.2 286.784 11.22370
4472.6 289.223 11.15870
4474.0 297.692 11.61230
4475.4 301.436 11.80050
4476.8 305.430 11.26440
4478.2 295.387 11.39310
4479.6 298.290 11.30490
4481.0 293.142 11.19630
4482.4 279.233 10.87310
4483.8 287.524 11.04240
4485.2 291.068 10.98740
4486.6 297.751 11.66770
4488.0 295.406 11.26730
4489.4 293.826 11.20300
4490.8 293.964 11.50930
4492.2 292.261 11.22350
4493.6 299.369 11.45140
4495.0 288.751 11.13960
4496.4 292.515 11.37200
4497.8 298.384 11.56360
4499.2 294.126 11.69340
4500.6 295.344 11.37450
4502.0 284.378 10.78150
4503.4 286.664 11.10280
4504.8 296.413 11.28040
4506.2 299.190 11.17930
4507.6 295.380 11.15780
4509.0 293.895 11.14270
4510.4 292.468 11.23510
4511.8 292.576 11.08260
4513.2 290.279 11.13150
4514.6 286.555 10.85800
4516.0 291.103 11.02740
4517.4 286.868 11.05080
4518.8 290.254 11.08170
4520.2 293.811 11.10320
4521.6 292.366 11.30360
4523.0 282.038 10.65380
4524.4 282.543 10.81040
4525.8 288.520 10.94970
4527.2 292.982 11.15420
4528.6 291.945 10.95530
4530.0 292.291 10.88620
4531.4 289.407 11.00120
4532.8 290.314 11.09560
4534.2 288.087 10.97840
4535.6 278.882 10.82010
4537.0 281.544 10.62280
4538.4 293.574 10.94860
4539.8 288.248 10.85240
4541.2 292.146 11.18490
4542.6 290.043 11.07140
4544.0 286.899 10.89320
4545.4 297.697 11.08740
4546.8 281.364 10.62100
4548.2 287.450 11.02720
4549.6 290.464 10.82770
4551.0 265.229 10.20920
4552.4 269.160 10.20980
4553.8 289.337 10.99140
4555.2 288.904 11.07580
4556.6 283.423 10.70510
4558.0 284.295 10.75970
4559.4 289.269 10.83120
4560.8 291.856 10.82080
4562.2 283.615 11.19920
4563.6 285.568 11.14840
4565.0 275.372 10.78160
4566.4 282.753 10.63220
4567.8 289.562 11.02010
4569.2 287.343 10.56850
4570.6 286.680 10.98230
4572.0 283.878 10.80430
4573.4 273.224 10.45530
4574.8 276.794 10.53430
4576.2 287.249 10.80810
4577.6 289.430 10.92500
4579.0 284.314 10.65200
4580.4 291.477 10.87370
4581.8 282.149 10.37030
4583.2 287.267 10.75810
4584.6 277.131 10.52960
4586.0 274.119 10.41250
4587.4 284.186 10.89700
4588.8 284.062 11.06330
4590.2 280.268 10.52000
4591.6 281.270 10.48520
4593.0 287.699 10.94010
4594.4 289.544 10.96830
4595.8 288.930 10.90090
4597.2 288.378 11.01170
4598.6 291.867 11.03810
4600.0 286.105 10.74270
4601.4 283.765 10.81660
4602.8 289.601 10.86140
4604.2 282.703 10.32100
4605.6 279.577 10.47510
4607.0 282.434 10.61420
4608.4 282.606 10.70690
4609.8 282.591 10.83460
4611.2 285.331 11.03290
4612.6 282.145 10.75910
4614.0 288.349 10.75980
4615.4 284.259 10.80710
4616.8 282.544 10.75660
4618.2 279.059 10.34520
4619.6 280.402 10.41000
4621.0 280.004 10.65820
4622.4 280.695 10.71200
4623.8 281.366 10.91820
4625.2 288.697 10.89160
4626.6 285.051 10.46630
4628.0 274.910 10.66090
4629.4 284.657 10.52650
4630.8 277.991 10.35280
4632.2 277.004 10.63640
4633.6 282.891 10.29890
4635.0 280.195 10.76760
4636.4 281.562 10.58310
4637.8 278.138 10.56480
4639.2 279.415 10.57400
4640.6 275.049 10.64100
4642.0 275.787 10.67950
4643.4 278.461 10.80560
4644.8 278.072 10.40090
4646.2 273.777 10.38760
4647.6 280.207 10.62280
4649.0 279.004 10.56360
4650.4 283.028 10.74120
4651.8 275.958 10.35380
4653.2 280.807 10.54400
4654.6 280.011 10.49150
4656.0 278.589 10.48040
4657.4 281.291 10.55890
4658.8 279.004 10.09930
4660.2 278.235 10.30420
4661.6 274.749 10.42910
4663.0 273.833 10.42110
4664.4 277.827 10.62670
4665.8 275.496 10.36650
4667.2 272.720 10.12010
4668.6 279.216 10.18940
4670.0 272.362 10.12100
4671.4 272.547 10.61200
4672.8 272.805 10.13160
4674.2 269.068 10.12340
4675.6 277.779 10.31460
4677.0 272.191 10.54920
4678.4 282.010 10.81190
4679.8 273.839 10.40220
4681.2 274.546 10.30380
4682.6 272.081 10.33290
4684.0 268.892 10.12270
4685.4 275.652 10.29810
4686.8 267.766 10.25260
4688.2 274.842 10.32360
4689.6 270.697 10.05890
4691.0 270.742 10.21440
4692.4 276.946 10.29880
4693.8 270.538 10.10060
4695.2 270.055 10.00440
4696.6 274.296 10.28580
4698.0 275.959 10.27700
4699.4 272.731 10.30650
4700.8 266.218 10.31100
4702.2 272.519 10.54320
4703.6 269.231 10.21020
4705.0 258.354 10.04840
4706.4 271.632 10.29690
4707.8 265.544 9.88193
4709.2 273.330 10.30440
4710.6 273.434 10.40130
4712.0 275.315 10.44700
4713.4 277.198 10.98990
4714.8 270.166 10.87550
4716.2 266.707 9.85334
4717.6 268.591 10.09820
4719.0 273.138 10.37980
4720.4 270.031 10.09350
4721.8 268.344 10.07700
4723.2 264.141 10.02000
4724.6 271.052 10.14860
4726.0 270.871 10.20980
4727.4 264.326 10.01700
4728.8 267.192 10.05240
4730.2 266.209 10.13620
4731.6 271.070 10.39490
4733.0 271.511 10.75670
4734.4 264.462 10.14870
4735.8 268.683 10.04520
4737.2 270.212 10.10430
4738.6 264.502 9.88610
4740.0 264.480 9.94866
4741.4 267.520 10.23100
4742.8 270.711 9.95227
4744.2 266.866 9.83348
4745.6 264.595 10.06440
4747.0 268.720 10.06020
4748.4 264.941 9.86291
4749.8 265.982 10.19010
4751.2 270.708 10.01770
4752.6 262.216 9.91836
4754.0 263.468 9.86371
4755.4 272.923 10.21520
4756.8 265.550 10.11970
4758.2 268.125 10.24430
4759.6 261.211 9.65178
4761.0 266.477 9.92350
4762.4 257.766 9.83710
4763.8 262.447 9.82767
4765.2 264.336 9.85775
4766.6 263.861 9.67243
4768.0 268.771 9.98689
4769.4 265.060 9.95109
4770.8 262.443 9.69485
4772.2 264.469 10.21360
4773.6 261.330 9.89972
4775.0 257.755 9.81050
4776.4 258.778 9.61355
4777.8 263.125 9.67204
4779.2 262.770 9.83955
4780.6 258.004 9.71747
4782.0 258.707 9.69814
4783.4 255.824 9.52986
4784.8 254.247 9.85361
4786.2 263.072 10.19670
4787.6 259.062 9.87916
4789.0 266.704 10.02110
4790.4 262.094 9.88158
4791.8 261.511 9.70426
4793.2 261.609 9.80081
4794.6 256.552 9.70766
4796.0 264.903 9.90646
4797.4 258.683 9.73329
4798.8 259.750 9.77575
4800.2 261.529 9.77266
4801.6 256.523 9.84506
4803.0 261.217 9.87521
4804.4 260.447 9.81598
4805.8 254.302 9.58016
4807.2 257.406 9.77027
4808.6 256.396 9.84931
4810.0 255.693 9.71328
4811.4 255.810 9.51090
4812.8 255.761 9.70295
4814.2 255.537 9.64913
4815.6 257.735 9.61637
4817.0 254.105 9.41829
4818.4 250.709 9.37932
4819.8 258.542 9.73654
4821.2 256.381 9.62327
4822.6 250.545 9.55981
4824.0 255.183 9.60235
4825.4 255.537 9.42625
4826.8 249.951 9.56529
4828.2 248.312 9.49444
4829.6 248.341 9.66262
4831.0 252.013 9.52619
4832.4 249.823 9.33749
4833.8 249.110 9.44750
4835.2 247.723 9.41569
4836.6 249.820 9.44727
4838.0 245.122 9.37096
4839.4 240.095 9.11292
4840.8 243.330 9.13640
4842.2 236.655 9.13828
4843.6 235.803 9.15275
4845.0 237.838 8.90252
4846.4 234.621 8.96226
4847.8 229.889 8.89411
4849.2 224.804 8.57484
4850.6 220.577 8.57557
4852.0 217.863 8.35348
4853.4 213.730 8.34458
4854.8 208.143 8.16692
4856.2 199.997 7.85076
4857.6 185.266 7.42199
4859.0 175.046 7.22765
4860.4 155.798 6.67857
4861.8 127.960 5.81723
4863.2 99.011 4.96836
4864.6 115.067 5.18520
4866.0 146.621 6.18407
4867.4 168.507 7.03175
4868.8 183.638 7.25751
4870.2 193.352 7.73574
4871.6 201.825 7.89611
4873.0 206.861 8.06085
4874.4 211.651 8.20488
4875.8 219.577 8.37850
4877.2 225.265 8.57983
4878.6 226.325 8.82427
4880.0 227.884 8.78635
4881.4 231.418 8.91097
4882.8 233.939 9.03231
4884.2 233.523 8.80625
4885.6 231.602 8.88541
4887.0 238.398 8.82236
4888.4 236.876 8.81924
4889.8 235.902 9.03309
4891.2 238.588 9.02468
4892.6 230.086 8.75900
4894.0 235.449 9.09791
4895.4 239.423 9.29726
4896.8 239.203 9.15067
4898.2 244.878 9.13582
4899.6 245.823 9.22691
4901.0 243.345 9.14461
4902.4 242.556 9.06704
4903.8 243.388 8.99678
4905.2 244.783 9.17355
4906.6 242.515 9.22060
4908.0 246.161 9.25289
4909.4 246.051 9.47741
4910.8 246.090 9.63864
4912.2 237.706 9.19196
4913.6 243.597 9.21388
4915.0 245.504 9.15951
4916.4 242.343 8.93144
4917.8 250.648 9.30568
4919.2 248.355 9.51567
4920.6 243.972 9.30857
4922.0 242.222 9.17275
4923.4 241.191 9.12208
4924.8 239.806 9.03407
4926.2 239.284 9.14479
4927.6 241.300 9.10412
4929.0 243.033 9.20851
4930.4 243.966 9.17347
4931.8 246.627 9.35561
4933.2 243.706 9.08796
4934.6 245.891 9.27556
4936.0 243.678 9.16640
4937.4 242.908 9.27393
4938.8 253.164 9.42482
4940.2 241.440 9.42155
4941.6 244.586 9.19211
4943.0 248.783 9.44700
4944.4 242.823 9.22645
4945.8 239.556 9.12623
4947.2 242.869 9.10091
4948.6 243.320 9.32924
4950.0 242.810 9.23566
4951.4 246.939 9.28156
4952.8 242.439 8.87884
4954.2 240.252 8.97753
4955.6 249.595 9.45551
4957.0 247.606 9.22845
4958.4 240.659 9.04166
4959.8 231.976 9.01011
4961.2 241.699 8.95451
4962.6 243.571 9.17641
4964.0 242.945 9.21388
4965.4 244.224 9.08833
4966.8 243.441 9.11069
4968.2 240.404 9.05407
4969.6 241.940 9.20023
4971.0 246.744 9.08240
4972.4 242.711 9.23256
4973.8 239.056 8.88728
4975.2 238.497 9.09603
4976.6 237.576 8.86545
4978.0 243.489 9.36765
4979.4 244.053 9.25145
4980.8 245.678 9.05814
4982.2 242.310 8.96293
4983.6 237.618 8.85818
4985.0 234.214 8.82337
4986.4 236.037 8.78981
4987.8 236.541 8.82083
4989.2 236.344 8.81172
4990.6 240.775 9.19662
4992.0 236.922 8.97461
4993.4 237.538 8.75390
4994.8 240.333 9.06479
4996.2 236.531 8.79644
4997.6 240.440 8.97133
4999.0 233.585 8.60301
