3900.0 86.268 4.59906
3901.4 91.322 4.62176
3902.8 89.548 4.65176
3904.2 99.945 4.95219
3905.6 98.352 4.84199
3907.0 102.477 4.95906
3908.4 104.605 5.10465
3909.8 105.599 5.09627
3911.2 100.542 4.95467
3912.6 98.015 4.86751
3914.0 105.210 5.03335
3915.4 110.150 5.26729
3916.8 112.397 5.24506
3918.2 105.187 5.01706
3919.6 102.713 4.94339
3921.0 106.744 5.05203
3922.4 107.174 4.96188
3923.8 106.548 5.06362
3925.2 110.607 5.18447
3926.6 113.569 5.22151
3928.0 107.326 4.97800
3929.4 98.507 4.71984
3930.8 96.357 4.50574
3932.2 74.852 3.87861
3933.6 55.110 3.31989
3935.0 79.313 3.98638
3936.4 104.855 4.85211
3937.8 106.894 4.80809
3939.2 97.127 4.61504
3940.6 110.048 4.99906
3942.0 106.529 5.00764
3943.4 110.767 4.95543
3944.8 103.639 4.79703
3946.2 105.006 4.82613
3947.6 105.827 4.86898
3949.0 103.245 4.78974
3950.4 98.748 4.75306
3951.8 102.201 4.83986
3953.2 98.427 4.67101
3954.6 101.160 4.77188
3956.0 92.377 4.44172
3957.4 91.533 4.42195
3958.8 90.094 4.46604
3960.2 91.003 4.48445
3961.6 80.251 4.14885
3963.0 80.045 4.05763
3964.4 77.029 3.86407
3965.8 70.490 3.66796
3967.2 53.703 3.00865
3968.6 27.447 2.30787
3970.0 30.989 2.44272
3971.4 44.055 2.78814
3972.8 54.917 3.15090
3974.2 70.819 3.62636
3975.6 68.970 3.71222
3977.0 82.887 4.03482
3978.4 86.461 4.23316
3979.8 84.045 4.20135
3981.2 92.284 4.52062
3982.6 101.762 4.63842
3984.0 89.784 4.35132
3985.4 95.436 4.52543
3986.8 97.853 4.61639
3988.2 98.424 4.56645
3989.6 98.408 4.59019
3991.0 97.398 4.59412
3992.4 102.849 4.72447
3993.8 101.245 4.68571
3995.2 101.520 4.76487
3996.6 101.978 4.67662
3998.0 106.698 4.69701
3999.4 105.642 4.70354
4000.8 107.337 4.78081
4002.2 109.239 4.91595
4003.6 106.176 4.90088
4005.0 102.695 4.82810
4006.4 101.202 4.62240
4007.8 107.836 4.67776
4009.2 102.365 4.64505
4010.6 98.745 4.66734
4012.0 105.890 4.84184
4013.4 105.687 4.89823
4014.8 108.559 4.89654
4016.2 107.868 4.81146
4017.6 105.053 4.69368
4019.0 109.617 4.79215
4020.4 102.916 4.72923
4021.8 106.990 4.87518
4023.2 104.219 4.66001
4024.6 98.133 4.54194
4026.0 113.908 4.87809
4027.4 101.613 4.58139
4028.8 109.960 4.67713
4030.2 101.849 4.63204
4031.6 110.833 4.75005
4033.0 107.326 4.69027
4034.4 103.095 4.55009
4035.8 106.240 4.63371
4037.2 108.983 4.70551
4038.6 104.243 4.69347
4040.0 108.460 4.90210
4041.4 109.350 4.85238
4042.8 106.564 4.76266
4044.2 105.001 4.60687
4045.6 99.987 4.45871
4047.0 100.436 4.63533
4048.4 110.124 4.93516
4049.8 103.251 4.77247
4051.2 103.739 4.60646
4052.6 105.151 4.59106
4054.0 105.870 4.61000
4055.4 105.596 4.56429
4056.8 100.788 4.49218
4058.2 101.227 4.56341
4059.6 103.760 4.56905
4061.0 103.094 4.49650
4062.4 100.369 4.45919
4063.8 95.607 4.35589
4065.2 99.444 4.38727
4066.6 95.805 4.30724
4068.0 103.051 4.43764
4069.4 99.142 4.50011
4070.8 104.303 4.69089
4072.2 98.447 4.48095
4073.6 99.320 4.40026
4075.0 100.754 4.39773
4076.4 89.947 4.14423
4077.8 91.905 4.19337
4079.2 96.175 4.39600
4080.6 93.735 4.40495
4082.0 96.462 4.43660
4083.4 96.249 4.18514
4084.8 89.494 4.10742
4086.2 91.904 4.14156
4087.6 92.597 4.14066
4089.0 85.874 4.01622
4090.4 90.224 4.07881
4091.8 82.390 3.86841
4093.2 80.100 3.78329
4094.6 75.017 3.60553
4096.0 71.334 3.45445
4097.4 65.014 3.27756
4098.8 57.218 3.03941
4100.2 42.641 2.59895
4101.6 36.465 2.42748
4103.0 44.139 2.64706
4104.4 54.721 2.89078
4105.8 66.703 3.38399
4107.2 74.570 3.81166
4108.6 74.872 3.74655
4110.0 78.531 3.64804
4111.4 75.668 3.59541
4112.8 83.776 3.75645
4114.2 82.094 3.82119
4115.6 89.546 3.97716
4117.0 93.209 4.10947
4118.4 94.203 4.18513
4119.8 89.253 4.13273
4121.2 95.959 4.31936
4122.6 93.466 4.28974
4124.0 96.830 4.19422
4125.4 96.685 4.18302
4126.8 94.703 4.13292
4128.2 93.181 4.04341
4129.6 94.363 4.13353
4131.0 95.565 4.13845
4132.4 91.758 4.03666
4133.8 100.326 4.24555
4135.2 93.865 4.11165
4136.6 96.194 4.17867
4138.0 98.486 4.26288
4139.4 98.066 4.27369
4140.8 101.763 4.24571
4142.2 97.761 4.21731
4143.6 92.312 4.07084
4145.0 103.675 4.30691
4146.4 97.185 4.22066
4147.8 103.818 4.34864
4149.2 99.568 4.35482
4150.6 106.609 4.51499
4152.0 99.540 4.27011
4153.4 100.774 4.24383
4154.8 94.796 4.27051
4156.2 98.859 4.32414
4157.6 92.603 4.04290
4159.0 98.175 4.17443
4160.4 97.971 4.15398
4161.8 98.104 4.24018
4163.2 95.528 4.10215
4164.6 97.834 4.17425
4166.0 99.957 4.27110
4167.4 91.443 4.15629
4168.8 96.650 4.19824
4170.2 95.118 4.10845
4171.6 97.675 4.13583
4173.0 94.529 4.05406
4174.4 93.347 3.96727
4175.8 93.910 4.09783
4177.2 96.082 4.12556
4178.6 96.298 4.18377
4180.0 99.034 4.21447
4181.4 95.263 4.15944
4182.8 97.335 4.16704
4184.2 92.034 3.94856
4185.6 94.513 4.01856
4187.0 95.070 4.02344
4188.4 93.899 4.27289
4189.8 97.380 4.26094
4191.2 96.268 4.18078
4192.6 100.284 4.05698
4194.0 99.459 4.05049
4195.4 98.633 4.04400
4196.8 97.808 4.03751
4198.2 96.982 4.03102
4199.6 96.157 4.02453
4201.0 94.673 4.03132
4202.4 93.283 3.99065
4203.8 96.250 4.09026
4205.2 95.353 4.02985
4206.6 96.643 4.03618
4208.0 95.352 4.04330
4209.4 99.284 4.13884
4210.8 97.062 4.15459
4212.2 100.820 4.33347
4213.6 97.296 4.09374
4215.0 96.824 4.02184
4216.4 91.732 3.97191
4217.8 97.026 4.05681
4219.2 94.095 4.00789
4220.6 91.016 3.89299
4222.0 97.865 4.04890
4223.4 95.388 4.05279
4224.8 96.556 4.02252
4226.2 89.949 3.88517
4227.6 90.913 3.77508
4229.0 94.145 3.95159
4230.4 97.435 4.02674
4231.8 90.948 3.87372
4233.2 92.723 3.91211
4234.6 98.607 4.13104
4236.0 98.933 4.09307
4237.4 91.391 3.89433
4238.8 95.801 3.97033
4240.2 95.101 4.03178
4241.6 97.585 4.23269
4243.0 95.826 4.03159
4244.4 98.831 4.08868
4245.8 95.795 3.96677
4247.2 93.851 3.96447
4248.6 91.188 3.96390
4250.0 98.616 4.10593
4251.4 93.382 3.96694
4252.8 95.886 3.97133
4254.2 96.312 3.99070
4255.6 96.783 4.02968
4257.0 94.880 4.10679
4258.4 95.648 4.08859
4259.8 96.299 4.03024
4261.2 94.579 3.94464
4262.6 99.529 4.11235
4264.0 96.671 4.08303
4265.4 94.651 4.09211
4266.8 98.556 4.03870
4268.2 92.338 3.90256
4269.6 93.431 3.97257
4271.0 92.080 4.01341
4272.4 92.667 4.03730
4273.8 89.516 3.85937
4275.2 92.853 3.85756
4276.6 93.400 3.86519
4278.0 93.097 3.92900
4279.4 96.155 4.00731
4280.8 92.876 3.91458
4282.2 99.329 4.05143
4283.6 95.246 3.93006
4285.0 91.792 3.87488
4286.4 94.793 3.93425
4287.8 96.048 3.93854
4289.2 94.625 3.90893
4290.6 92.663 3.87349
4292.0 92.585 3.80634
4293.4 92.284 3.85430
4294.8 92.551 3.83084
4296.2 88.797 3.78369
4297.6 88.157 3.68125
4299.0 91.089 3.81648
4300.4 86.692 3.68739
4301.8 88.512 3.70538
4303.2 89.459 3.74119
4304.6 89.075 3.76910
4306.0 91.209 3.83180
4307.4 88.613 3.74570
4308.8 87.871 3.72535
4310.2 90.915 3.71748
4311.6 89.117 3.76119
4313.0 87.137 3.64891
4314.4 85.559 3.62421
4315.8 88.245 3.71223
4317.2 87.790 3.69297
4318.6 85.496 3.70139
4320.0 89.330 3.76431
4321.4 86.749 3.68781
4322.8 85.374 3.60002
4324.2 79.904 3.43881
4325.6 76.499 3.34492
4327.0 79.205 3.39680
4328.4 77.650 3.43996
4329.8 78.783 3.46702
4331.2 74.141 3.25939
4332.6 72.182 3.22739
4334.0 68.055 3.21671
4335.4 62.176 3.14398
4336.8 55.555 2.84926
4338.2 48.378 2.45196
4339.6 37.132 2.18677
4341.0 35.564 2.24149
4342.4 46.727 2.54116
4343.8 54.811 2.77791
4345.2 63.348 3.04219
4346.6 69.583 3.27418
4348.0 73.156 3.38220
4349.4 75.904 3.38149
4350.8 73.595 3.28185
4352.2 78.899 3.37567
4353.6 78.843 3.36432
4355.0 81.350 3.50570
4356.4 86.641 3.58957
4357.8 82.686 3.61562
4359.2 86.061 3.77848
4360.6 89.645 3.93166
4362.0 82.483 3.66745
4363.4 88.065 3.64739
4364.8 84.786 3.58850
4366.2 87.220 3.62673
4367.6 83.963 3.58002
4369.0 86.495 3.61432
4370.4 84.232 3.51924
4371.8 92.008 3.74726
4373.2 83.607 3.54379
4374.6 85.227 3.60698
4376.0 91.338 3.67426
4377.4 92.686 3.80602
4378.8 86.398 3.64246
4380.2 89.606 3.69151
4381.6 86.935 3.64414
4383.0 81.980 3.49503
4384.4 86.416 3.58205
4385.8 89.924 3.72451
4387.2 90.816 3.72404
4388.6 92.716 3.77501
4390.0 90.885 3.75057
4391.4 88.149 3.68000
4392.8 94.448 3.75003
4394.2 82.784 3.51920
4395.6 86.300 3.63379
4397.0 85.294 3.62653
4398.4 84.603 3.55558
4399.8 86.360 3.59932
4401.2 85.072 3.53823
4402.6 88.921 3.76434
4404.0 89.025 3.73780
4405.4 86.302 3.55156
4406.8 87.349 3.63117
4408.2 87.237 3.57720
4409.6 83.625 3.52972
4411.0 88.315 3.62529
4412.4 84.562 3.60143
4413.8 87.184 3.58573
4415.2 87.828 3.60990
4416.6 84.155 3.49659
4418.0 85.906 3.55818
4419.4 87.599 3.63422
4420.8 89.693 3.76442
4422.2 87.987 3.79500
4423.6 86.666 3.62104
4425.0 85.464 3.54920
4426.4 88.265 3.60703
4427.8 88.775 3.63877
4429.2 84.242 3.51297
4430.6 82.238 3.42567
4432.0 85.883 3.54026
4433.4 87.886 3.61139
4434.8 85.177 3.52174
4436.2 83.530 3.43861
4437.6 92.203 3.73903
4439.0 88.429 3.65794
4440.4 88.704 3.60739
4441.8 82.184 3.42427
4443.2 84.462 3.59294
4444.6 83.946 3.51471
4446.0 83.990 3.47867
4447.4 82.960 3.46636
4448.8 84.258 3.53102
4450.2 86.633 3.60061
4451.6 83.605 3.50165
4453.0 86.122 3.51256
4454.4 85.718 3.52590
4455.8 86.217 3.51203
4457.2 84.384 3.46773
4458.6 86.498 3.53128
4460.0 86.229 3.52739
4461.4 86.324 3.53970
4462.8 85.225 3.45435
4464.2 86.381 3.55409
4465.6 83.845 3.47899
4467.0 85.073 3.52777
4468.4 85.868 3.55693
4469.8 83.558 3.39552
4471.2 84.066 3.50637
4472.6 85.552 3.53533
4474.0 91.863 3.68184
4475.4 85.486 3.53666
4476.8 82.604 3.42296
4478.2 85.703 3.51543
4479.6 86.908 3.55213
4481.0 81.740 3.41399
4482.4 85.351 3.47323
4483.8 84.206 3.49212
4485.2 86.450 3.55804
4486.6 86.483 3.54059
4488.0 88.704 3.57509
4489.4 86.405 3.54101
4490.8 85.046 3.52646
4492.2 84.684 3.58235
4493.6 84.815 3.61797
4495.0 83.279 3.53896
4496.4 82.079 3.37517
4497.8 84.363 3.44508
4499.2 83.918 3.46327
4500.6 82.144 3.34326
4502.0 80.466 3.36275
4503.4 82.662 3.39625
4504.8 85.483 3.50252
4506.2 86.687 3.51780
4507.6 81.070 3.33977
4509.0 86.033 3.50127
4510.4 81.966 3.44290
4511.8 81.841 3.46721
4513.2 84.741 3.50698
4514.6 80.357 3.37422
4516.0 82.031 3.37087
4517.4 82.605 3.40096
4518.8 82.681 3.40780
4520.2 84.742 3.49936
4521.6 80.349 3.39993
4523.0 86.433 3.51965
4524.4 85.223 3.46118
4525.8 79.725 3.32437
4527.2 81.730 3.36156
4528.6 81.123 3.33805
4530.0 78.282 3.24569
4531.4 82.268 3.32738
4532.8 80.052 3.29691
4534.2 78.440 3.26668
4535.6 82.678 3.34389
4537.0 87.477 3.53298
4538.4 86.116 3.51796
4539.8 78.501 3.31850
4541.2 85.460 3.48281
4542.6 86.790 3.48896
4544.0 83.679 3.41528
4545.4 83.830 3.44017
4546.8 83.166 3.45342
4548.2 83.367 3.39514
4549.6 77.589 3.26893
4551.0 84.913 3.42816
4552.4 80.867 3.31967
4553.8 79.190 3.27605
4555.2 80.511 3.30737
4556.6 82.265 3.33429
4558.0 86.663 3.48255
4559.4 82.317 3.37655
4560.8 82.439 3.32470
4562.2 77.775 3.23439
4563.6 85.350 3.43408
4565.0 79.994 3.29474
4566.4 81.755 3.33429
4567.8 83.427 3.35994
4569.2 81.725 3.33556
4570.6 80.166 3.33141
4572.0 78.659 3.33990
4573.4 80.542 3.27112
4574.8 80.420 3.32611
4576.2 79.382 3.25708
4577.6 82.131 3.31426
4579.0 80.428 3.31296
4580.4 82.859 3.33005
4581.8 83.104 3.36470
4583.2 81.650 3.32791
4584.6 82.899 3.34347
4586.0 82.026 3.30301
4587.4 83.592 3.40139
4588.8 81.872 3.35553
4590.2 82.610 3.39948
4591.6 79.831 3.22413
4593.0 79.726 3.32631
4594.4 80.825 3.30893
4595.8 81.374 3.28056
4597.2 82.022 3.39366
4598.6 79.459 3.19826
4600.0 80.275 3.29349
4601.4 83.041 3.35201
4602.8 84.319 3.36836
4604.2 84.716 3.48193
4605.6 84.716 3.45513
4607.0 80.970 3.33819
4608.4 82.390 3.39895
4609.8 82.928 3.28842
4611.2 79.646 3.28578
4612.6 81.509 3.33112
4614.0 84.216 3.37613
4615.4 80.309 3.29863
4616.8 82.420 3.27948
4618.2 81.726 3.31147
4619.6 80.090 3.26068
4621.0 80.533 3.28800
4622.4 80.296 3.25107
4623.8 79.319 3.24193
4625.2 80.571 3.28400
4626.6 82.328 3.27008
4628.0 82.976 3.37535
4629.4 82.304 3.30047
4630.8 81.715 3.31301
4632.2 81.048 3.31959
4633.6 79.792 3.25677
4635.0 76.323 3.16046
4636.4 80.049 3.24588
4637.8 83.443 3.37954
4639.2 81.672 3.37858
4640.6 78.525 3.26641
4642.0 79.368 3.22815
4643.4 78.469 3.23001
4644.8 81.859 3.22144
4646.2 79.724 3.31824
4647.6 78.512 3.18229
4649.0 77.465 3.20112
4650.4 78.788 3.20388
4651.8 80.491 3.29232
4653.2 77.985 3.19739
4654.6 82.693 3.37179
4656.0 81.568 3.31175
4657.4 76.686 3.24671
4658.8 78.550 3.23272
4660.2 82.306 3.34289
4661.6 80.381 3.23633
4663.0 77.637 3.19087
4664.4 80.531 3.23369
4665.8 79.041 3.26004
4667.2 78.207 3.23461
4668.6 80.270 3.29257
4670.0 76.588 3.11566
4671.4 77.862 3.19539
4672.8 83.191 3.30658
4674.2 81.115 3.26444
4675.6 78.366 3.17802
4677.0 79.564 3.22380
4678.4 79.261 3.24661
4679.8 76.945 3.20405
4681.2 79.088 3.23831
4682.6 80.476 3.22976
4684.0 78.245 3.19669
4685.4 81.043 3.22997
4686.8 79.316 3.24619
4688.2 79.276 3.17462
4689.6 77.613 3.16541
4691.0 78.030 3.16809
4692.4 79.743 3.21149
4693.8 79.096 3.18617
4695.2 79.219 3.24888
4696.6 84.752 3.41143
4698.0 79.211 3.23856
4699.4 80.449 3.23662
4700.8 78.163 3.14599
4702.2 79.354 3.22164
4703.6 78.087 3.19267
4705.0 79.186 3.14978
4706.4 74.861 3.06954
4707.8 82.118 3.26179
4709.2 79.575 3.19445
4710.6 77.659 3.15002
4712.0 80.015 3.23564
4713.4 79.743 3.32403
4714.8 80.375 3.27388
4716.2 78.957 3.18276
4717.6 78.830 3.17619
4719.0 79.051 3.21977
4720.4 79.764 3.27487
4721.8 78.336 3.23884
4723.2 80.806 3.22400
4724.6 76.612 3.10546
4726.0 73.698 3.03038
4727.4 77.542 3.11736
4728.8 78.897 3.19303
4730.2 76.343 3.17553
4731.6 77.427 3.12306
4733.0 74.422 3.08449
4734.4 76.048 3.06567
4735.8 80.958 3.23415
4737.2 80.105 3.23244
4738.6 78.859 3.16192
4740.0 79.319 3.18968
4741.4 78.176 3.15674
4742.8 78.938 3.15398
4744.2 78.191 3.19197
4745.6 75.194 3.03174
4747.0 77.193 3.15462
4748.4 79.636 3.19992
4749.8 78.197 3.18541
4751.2 76.091 3.05899
4752.6 77.144 3.11143
4754.0 78.546 3.14037
4755.4 75.333 3.14790
4756.8 77.089 3.11409
4758.2 78.282 3.17176
4759.6 75.736 3.06537
4761.0 79.547 3.16084
4762.4 76.048 3.13479
4763.8 79.989 3.27447
4765.2 79.106 3.17554
4766.6 71.708 2.98726
4768.0 79.039 3.13426
4769.4 76.458 3.22436
4770.8 76.909 3.23831
4772.2 76.421 3.10270
4773.6 75.032 3.02931
4775.0 74.860 3.03366
4776.4 77.490 3.11333
4777.8 72.368 2.99166
4779.2 75.974 3.06414
4780.6 72.639 3.02294
4782.0 77.694 3.12635
4783.4 78.634 3.23677
4784.8 76.764 3.15251
4786.2 77.096 3.10248
4787.6 76.839 3.06644
4789.0 74.509 3.03717
4790.4 73.951 3.02850
4791.8 74.021 3.10726
4793.2 75.556 3.07807
4794.6 76.573 3.06991
4796.0 74.641 3.05585
4797.4 76.158 3.01981
4798.8 77.601 3.15263
4800.2 74.868 3.07439
4801.6 76.904 3.09709
4803.0 79.013 3.20261
4804.4 76.110 3.09202
4805.8 70.326 2.98580
4807.2 76.020 3.06035
4808.6 73.080 3.00020
4810.0 75.097 3.02164
4811.4 74.434 3.01326
4812.8 75.427 3.07427
4814.2 77.269 3.10266
4815.6 74.671 3.02270
4817.0 72.446 2.95960
4818.4 74.764 3.02691
4819.8 74.871 3.03591
4821.2 71.778 3.00610
4822.6 74.767 3.09813
4824.0 73.465 2.92827
4825.4 73.808 3.06481
4826.8 75.360 2.99304
4828.2 72.114 2.95634
4829.6 69.119 2.86029
4831.0 70.365 2.88705
4832.4 70.491 2.89774
4833.8 71.598 2.94113
4835.2 72.379 2.92443
4836.6 71.176 2.97024
4838.0 73.429 2.94906
4839.4 68.410 2.84780
4840.8 67.656 2.83067
4842.2 70.666 2.85662
4843.6 67.817 2.83322
4845.0 69.342 2.86993
4846.4 68.475 2.91839
4847.8 67.654 2.93493
4849.2 66.472 2.90285
4850.6 62.727 2.82167
4852.0 64.089 2.86690
4853.4 61.009 2.71807
4854.8 58.379 2.56447
4856.2 55.074 2.42423
4857.6 49.563 2.25153
4859.0 41.291 2.01472
4860.4 32.677 1.76124
4861.8 30.451 1.71465
4863.2 40.889 1.98955
4864.6 48.958 2.23536
4866.0 50.197 2.29655
4867.4 55.423 2.44467
4868.8 57.898 2.53977
4870.2 61.453 2.59580
4871.6 61.271 2.64669
4873.0 66.012 2.75780
4874.4 62.389 2.72137
4875.8 65.960 2.79602
4877.2 65.442 2.81509
4878.6 70.074 2.90099
4880.0 67.497 2.84988
4881.4 67.124 2.80582
4882.8 67.228 2.84940
4884.2 73.422 2.98236
4885.6 68.861 2.86567
4887.0 67.129 2.83825
4888.4 72.154 2.95873
4889.8 69.334 2.97383
4891.2 65.017 2.91447
4892.6 69.660 2.91992
4894.0 73.297 3.02265
4895.4 71.747 2.97315
4896.8 74.265 3.10036
4898.2 75.029 3.06336
4899.6 69.517 3.04522
4901.0 69.885 3.00478
4902.4 69.562 3.00364
4903.8 71.004 2.98334
4905.2 76.412 3.05530
4906.6 72.031 2.94742
4908.0 68.356 2.91539
4909.4 71.904 3.00593
4910.8 73.383 3.03534
4912.2 73.062 2.98478
4913.6 71.957 2.95188
4915.0 71.669 2.93655
4916.4 72.188 2.93329
4917.8 71.582 2.92769
4919.2 71.697 2.93545
4920.6 73.383 3.05383
4922.0 72.499 2.95105
4923.4 72.169 2.93921
4924.8 74.603 2.96681
4926.2 72.178 2.95605
4927.6 76.870 3.03759
4929.0 72.000 2.93625
4930.4 70.657 2.87483
4931.8 73.773 2.96003
4933.2 72.424 2.93198
4934.6 71.154 2.85197
4936.0 71.947 2.99811
4937.4 72.401 2.86296
4938.8 73.636 2.97359
4940.2 72.501 2.89721
4941.6 72.123 2.94295
4943.0 74.359 2.95955
4944.4 70.279 2.91433
4945.8 72.288 2.96758
4947.2 73.855 2.95947
4948.6 69.632 2.84616
4950.0 69.322 2.81665
4951.4 69.242 2.80798
4952.8 69.130 2.82134
4954.2 68.202 2.84218
4955.6 72.845 2.94902
4957.0 70.051 2.88443
4958.4 69.634 2.76074
4959.8 72.052 2.94992
4961.2 71.711 2.93575
4962.6 72.351 2.94439
4964.0 73.657 2.92979
4965.4 71.762 2.92691
4966.8 71.424 2.95466
4968.2 70.961 2.92160
4969.6 70.113 2.86053
4971.0 69.398 2.83985
4972.4 72.997 2.96393
4973.8 70.403 2.91299
4975.2 71.595 2.92401
4976.6 68.227 2.82442
4978.0 68.623 2.79741
4979.4 69.749 2.81823
4980.8 72.180 2.89811
4982.2 72.534 2.90332
4983.6 71.118 2.88525
4985.0 72.801 2.87635
4986.4 70.063 2.86392
4987.8 71.933 2.87823
4989.2 72.193 2.89729
4990.6 71.899 2.89879
4992.0 70.037 2.86768
4993.4 71.123 2.86856
4994.8 70.566 2.83331
4996.2 70.653 2.85547
4997.6 69.950 2.81131
4999.0 70.282 2.81364
