3900.0 84.457 8.10424
3901.4 82.492 7.69954
3902.8 87.402 7.87086
3904.2 85.806 7.99763
3905.6 93.737 8.15728
3907.0 98.227 8.15863
3908.4 96.641 8.56009
3909.8 99.474 8.14504
3911.2 107.876 8.32578
3912.6 97.788 8.10422
3914.0 97.449 7.81088
3915.4 105.002 8.55221
3916.8 99.809 7.84816
3918.2 109.148 8.39936
3919.6 109.128 8.63577
3921.0 105.910 8.18252
3922.4 100.992 8.39987
3923.8 103.184 8.05695
3925.2 106.652 7.88079
3926.6 102.789 7.85513
3928.0 107.287 7.86646
3929.4 98.744 7.31240
3930.8 100.008 7.64512
3932.2 83.580 7.18194
3933.6 70.838 6.54562
3935.0 90.247 7.12129
3936.4 101.227 7.48522
3937.8 105.967 7.68730
3939.2 103.603 7.52650
3940.6 98.853 7.67697
3942.0 106.945 7.97072
3943.4 97.140 7.93657
3944.8 93.264 7.12934
3946.2 105.796 7.39385
3947.6 96.409 7.20854
3949.0 101.563 7.33513
3950.4 96.734 7.36185
3951.8 92.226 7.06812
3953.2 93.744 7.16375
3954.6 89.817 6.67465
3956.0 90.540 6.94688
3957.4 82.037 6.78477
3958.8 84.878 6.46504
3960.2 80.668 6.62209
3961.6 78.138 6.50597
3963.0 67.193 5.96934
3964.4 60.037 5.58421
3965.8 54.816 5.02121
3967.2 40.252 4.72598
3968.6 28.314 4.44745
3970.0 20.357 4.16165
3971.4 36.366 4.81278
3972.8 47.115 5.11043
3974.2 59.304 5.87685
3975.6 64.476 5.85557
3977.0 70.095 6.19216
3978.4 73.232 5.89272
3979.8 79.710 6.14106
3981.2 77.156 6.10418
3982.6 89.104 6.54720
3984.0 86.899 6.45986
3985.4 96.048 6.79634
3986.8 95.088 6.52148
3988.2 92.865 6.22724
3989.6 91.226 6.37124
3991.0 98.686 7.04402
3992.4 99.293 6.51503
3993.8 105.529 6.93349
3995.2 101.192 6.95559
3996.6 103.862 6.85227
3998.0 106.082 7.06716
3999.4 105.046 6.98120
4000.8 104.213 6.96356
4002.2 104.587 6.68438
4003.6 105.142 6.82959
4005.0 106.330 6.68372
4006.4 96.820 6.74041
4007.8 108.024 7.14556
4009.2 103.279 7.04626
4010.6 101.579 7.06133
4012.0 96.344 6.78979
4013.4 107.295 7.21179
4014.8 101.560 7.26536
4016.2 108.607 7.40027
4017.6 103.478 6.89959
4019.0 104.131 6.83130
4020.4 106.572 6.67047
4021.8 105.640 7.47696
4023.2 107.789 6.90062
4024.6 101.321 7.06446
4026.0 107.267 7.07970
4027.4 102.541 6.72502
4028.8 101.289 6.56155
4030.2 106.135 6.60019
4031.6 110.484 6.85117
4033.0 104.073 6.70229
4034.4 100.042 6.46096
4035.8 106.526 6.75541
4037.2 106.250 6.79050
4038.6 102.097 6.57151
4040.0 100.835 6.36627
4041.4 98.724 6.68951
4042.8 108.739 6.99537
4044.2 107.383 6.82817
4045.6 101.982 6.65193
4047.0 101.485 6.94012
4048.4 102.678 6.96980
4049.8 108.206 6.82391
4051.2 102.490 6.58480
4052.6 97.978 6.76068
4054.0 105.724 6.41969
4055.4 100.095 6.70543
4056.8 107.340 6.90888
4058.2 104.071 7.00353
4059.6 108.146 6.96370
4061.0 102.569 6.37030
4062.4 100.403 6.64336
4063.8 102.836 6.79386
4065.2 100.549 6.77291
4066.6 100.949 6.50108
4068.0 103.631 6.33513
4069.4 101.670 inf
4070.8 99.708 inf
4072.2 97.747 6.45785
4073.6 96.796 6.41856
4075.0 105.621 6.45839
4076.4 90.303 6.37320
4077.8 99.453 6.25302
4079.2 93.744 6.27864
4080.6 96.761 6.07109
4082.0 91.942 6.16646
4083.4 97.186 6.05120
4084.8 89.144 6.12380
4086.2 89.314 6.18105
4087.6 92.317 6.11997
4089.0 87.731 5.84011
4090.4 79.431 5.62708
4091.8 76.771 5.19204
4093.2 69.686 5.12251
4094.6 70.091 5.07639
4096.0 62.838 5.01903
4097.4 54.414 4.89139
4098.8 45.733 4.37957
4100.2 35.175 3.89586
4101.6 27.859 3.60883
4103.0 34.813 4.08902
4104.4 46.635 4.50482
4105.8 54.263 4.97397
4107.2 62.384 5.43772
4108.6 66.280 5.36260
4110.0 73.881 5.51845
4111.4 77.344 5.49984
4112.8 84.551 5.62955
4114.2 80.950 5.66225
4115.6 85.285 5.70383
4117.0 88.000 5.76684
4118.4 88.943 5.73371
4119.8 87.758 5.82152
4121.2 94.501 5.93188
4122.6 92.754 6.06179
4124.0 93.786 6.03079
4125.4 98.311 6.07210
4126.8 94.589 6.14314
4128.2 92.100 5.67134
4129.6 99.879 6.20842
4131.0 97.623 6.31116
4132.4 101.140 6.05140
4133.8 100.976 5.84804
4135.2 106.880 6.21088
4136.6 98.723 6.23883
4138.0 102.234 6.47792
4139.4 101.860 6.28993
4140.8 102.573 6.18580
4142.2 100.293 5.98607
4143.6 95.828 5.77800
4145.0 96.685 5.96277
4146.4 101.444 5.90810
4147.8 96.627 5.84097
4149.2 102.660 6.03890
4150.6 98.388 6.24145
4152.0 103.599 6.07997
4153.4 100.609 6.02692
4154.8 98.821 5.82209
4156.2 102.185 6.31617
4157.6 104.350 6.28885
4159.0 101.979 6.42508
4160.4 94.718 6.29308
4161.8 106.462 6.48594
4163.2 97.960 5.88114
4164.6 102.523 6.03112
4166.0 103.766 6.07132
4167.4 103.381 5.98357
4168.8 105.429 6.43448
4170.2 105.328 inf
4171.6 105.227 10.17710
4173.0 98.431 7.31146
4174.4 99.070 6.11359
4175.8 102.098 6.37683
4177.2 97.051 6.11150
4178.6 98.542 5.99033
4180.0 97.495 5.94350
4181.4 97.669 5.79066
4182.8 101.773 5.82907
4184.2 99.242 5.92770
4185.6 101.004 6.02136
4187.0 96.294 6.10055
4188.4 102.792 6.25519
4189.8 98.405 5.85343
4191.2 105.181 5.94211
4192.6 101.737 6.10893
4194.0 99.881 6.02080
4195.4 101.509 6.10436
4196.8 101.829 6.08351
4198.2 97.017 5.70554
4199.6 103.215 5.86829
4201.0 101.044 5.99394
4202.4 98.627 5.73362
4203.8 98.579 5.78898
4205.2 101.039 5.81912
4206.6 99.791 6.00457
4208.0 103.399 6.03157
4209.4 99.853 6.08871
4210.8 100.158 5.90552
4212.2 102.188 5.84035
4213.6 98.922 5.90506
4215.0 103.003 5.92096
4216.4 100.294 5.92907
4217.8 101.784 5.82397
4219.2 103.814 5.97732
4220.6 93.973 5.72522
4222.0 98.950 5.72788
4223.4 97.471 5.71560
4224.8 101.386 5.79398
4226.2 97.555 5.70561
4227.6 95.387 5.66613
4229.0 102.450 6.03130
4230.4 96.445 5.80643
4231.8 96.698 5.70775
4233.2 97.041 5.79879
4234.6 98.463 5.76377
4236.0 100.008 5.89804
4237.4 101.922 5.77282
4238.8 97.380 5.62451
4240.2 100.295 5.59237
4241.6 99.977 5.85290
4243.0 99.643 5.72159
4244.4 102.180 5.61378
4245.8 97.498 5.64371
4247.2 101.138 5.88904
4248.6 95.790 5.95624
4250.0 105.101 6.02432
4251.4 99.035 5.82225
4252.8 100.544 5.82476
4254.2 98.251 5.63383
4255.6 96.258 5.48100
4257.0 99.794 5.77767
4258.4 97.474 5.69770
4259.8 100.623 5.64866
4261.2 95.904 5.66323
4262.6 98.748 5.67586
4264.0 102.560 5.87304
4265.4 100.962 5.79407
4266.8 104.408 5.75958
4268.2 102.625 6.09043
4269.6 100.684 5.67050
4271.0 94.755 5.76781
4272.4 97.242 5.91886
4273.8 97.972 6.17565
4275.2 101.032 5.94403
4276.6 101.687 5.69375
4278.0 103.027 5.88478
4279.4 99.555 5.89088
4280.8 99.851 5.80596
4282.2 97.946 5.75407
4283.6 95.249 5.59837
4285.0 100.143 5.72783
4286.4 98.444 5.93487
4287.8 98.999 5.69236
4289.2 97.248 5.47452
4290.6 95.318 5.74878
4292.0 96.586 5.47101
4293.4 95.035 5.60356
4294.8 93.432 5.60910
4296.2 93.019 5.19991
4297.6 95.555 5.47119
4299.0 95.062 5.44396
4300.4 89.440 5.69555
4301.8 92.838 5.58083
4303.2 94.423 5.65610
4304.6 97.905 5.57925
4306.0 96.923 5.65503
4307.4 94.145 5.48102
4308.8 91.292 5.57621
4310.2 99.006 5.74362
4311.6 94.126 5.62279
4313.0 94.708 5.63921
4314.4 91.329 5.40845
4315.8 89.818 5.39950
4317.2 92.756 5.24970
4318.6 86.124 5.26041
4320.0 90.095 5.25633
4321.4 86.271 5.21914
4322.8 89.499 5.44173
4324.2 84.627 4.95224
4325.6 78.936 5.00815
4327.0 79.171 5.10372
4328.4 79.241 5.05440
4329.8 77.349 4.94697
4331.2 73.175 4.86688
4332.6 72.217 4.66892
4334.0 64.127 4.39349
4335.4 61.306 4.36798
4336.8 53.725 4.08420
4338.2 44.818 3.78320
4339.6 32.671 3.39676
4341.0 32.428 3.37917
4342.4 43.446 3.72864
4343.8 54.069 4.16377
4345.2 67.388 4.33604
4346.6 63.726 4.46704
4348.0 68.361 4.98088
4349.4 74.900 5.08293
4350.8 75.438 4.69869
4352.2 74.207 4.74221
4353.6 76.145 4.85383
4355.0 80.678 5.27981
4356.4 83.931 5.03449
4357.8 87.729 5.39502
4359.2 89.846 5.91647
4360.6 91.015 6.25823
4362.0 93.397 5.43530
4363.4 90.947 5.38698
4364.8 90.151 5.33013
4366.2 90.288 5.68788
4367.6 93.004 5.44985
4369.0 89.553 5.50140
4370.4 97.270 5.47290
4371.8 95.178 5.36743
4373.2 94.110 5.35001
4374.6 93.630 5.41938
4376.0 93.836 5.19147
4377.4 95.923 5.36299
4378.8 98.130 5.46058
4380.2 93.062 5.29761
4381.6 96.894 5.33175
4383.0 88.971 5.27734
4384.4 94.846 5.45762
4385.8 97.392 5.54322
4387.2 96.603 5.39594
4388.6 101.290 5.47341
4390.0 93.652 5.24642
4391.4 97.897 5.30054
4392.8 92.192 5.18353
4394.2 94.374 5.29588
4395.6 92.075 5.29601
4397.0 95.583 5.56041
4398.4 96.744 5.64103
4399.8 90.963 5.39127
4401.2 94.848 5.28209
4402.6 95.157 5.37958
4404.0 85.895 5.19353
4405.4 96.051 5.41027
4406.8 99.284 5.42067
4408.2 92.253 5.41427
4409.6 98.293 5.48295
4411.0 96.454 5.42653
4412.4 99.444 5.47256
4413.8 94.494 5.35511
4415.2 95.711 5.27626
4416.6 95.821 5.40263
4418.0 95.201 5.26410
4419.4 98.184 5.49963
4420.8 97.686 5.66001
4422.2 93.272 5.56071
4423.6 94.377 5.49109
4425.0 97.433 5.42731
4426.4 96.753 5.26180
4427.8 97.096 5.29080
4429.2 97.192 5.35583
4430.6 94.381 5.42823
4432.0 96.912 5.46493
4433.4 91.891 5.29783
4434.8 96.012 5.38909
4436.2 95.845 5.61136
4437.6 98.818 5.30233
4439.0 100.066 5.72501
4440.4 99.597 5.46757
4441.8 91.744 5.21540
4443.2 92.683 5.27455
4444.6 93.099 5.19795
4446.0 95.547 5.27567
4447.4 93.246 5.30181
4448.8 93.089 5.14103
4450.2 91.604 5.09853
4451.6 94.611 5.37922
4453.0 94.419 5.27699
4454.4 98.464 5.22543
4455.8 93.948 5.33376
4457.2 92.767 5.58392
4458.6 92.439 5.37928
4460.0 93.504 5.16012
4461.4 96.154 5.21624
4462.8 98.374 5.17721
4464.2 95.518 5.55284
4465.6 94.919 5.35244
4467.0 91.038 5.05083
4468.4 95.016 5.19518
4469.8 91.790 5.11424
4471.2 94.854 5.26340
4472.6 97.258 5.26770
4474.0 92.116 4.94602
4475.4 90.878 5.05651
4476.8 92.173 5.22835
4478.2 95.274 5.18232
4479.6 90.572 5.00094
4481.0 85.847 4.84903
4482.4 90.971 5.07659
4483.8 92.095 5.15694
4485.2 93.173 5.17196
4486.6 96.579 5.38714
4488.0 92.944 5.35960
4489.4 93.788 5.32092
4490.8 93.650 5.32777
4492.2 90.678 5.08809
4493.6 95.825 5.27365
4495.0 95.208 5.09823
4496.4 98.823 5.24284
4497.8 91.885 5.15223
4499.2 92.480 5.11408
4500.6 88.431 5.20697
4502.0 93.733 5.23201
4503.4 92.686 5.19092
4504.8 95.430 5.12178
4506.2 90.052 4.98473
4507.6 94.796 5.13266
4509.0 92.198 5.22344
4510.4 94.164 5.11728
4511.8 96.582 5.12934
4513.2 96.577 4.98237
4514.6 90.232 4.89576
4516.0 89.167 5.03177
4517.4 94.192 5.36393
4518.8 93.185 5.15474
4520.2 88.734 5.06615
4521.6 92.205 4.96498
4523.0 92.451 4.99581
4524.4 93.112 5.12393
4525.8 90.593 5.09475
4527.2 92.172 5.10675
4528.6 89.992 4.91994
4530.0 93.055 5.00362
4531.4 91.281 5.10966
4532.8 96.671 5.06436
4534.2 92.880 5.14675
4535.6 90.067 5.04267
4537.0 94.350 5.11039
4538.4 93.167 5.21418
4539.8 89.516 5.09541
4541.2 92.610 5.19479
4542.6 93.437 5.13629
4544.0 87.605 4.92671
4545.4 94.500 5.09953
4546.8 88.383 5.02263
4548.2 92.323 5.09099
4549.6 89.572 5.02438
4551.0 86.014 4.88358
4552.4 91.448 4.93034
4553.8 90.882 4.87830
4555.2 90.561 5.26234
4556.6 93.686 5.18921
4558.0 89.608 4.91840
4559.4 89.635 4.99989
4560.8 90.979 5.14249
4562.2 88.206 4.86891
4563.6 89.577 5.01322
4565.0 86.138 4.87932
4566.4 88.127 4.87368
4567.8 87.376 4.93827
4569.2 94.004 4.97850
4570.6 90.200 5.04284
4572.0 85.778 5.02255
4573.4 91.085 4.83928
4574.8 90.787 4.92133
4576.2 89.715 4.84047
4577.6 90.394 4.96315
4579.0 89.247 5.02994
4580.4 91.158 5.08035
4581.8 93.566 4.93965
4583.2 88.388 4.83975
4584.6 85.683 4.85014
4586.0 90.683 4.91802
4587.4 90.733 4.90526
4588.8 92.745 4.91225
4590.2 89.909 4.86765
4591.6 88.858 4.88086
4593.0 92.904 5.03439
4594.4 90.034 4.99100
4595.8 92.372 4.95703
4597.2 94.141 5.04202
4598.6 92.605 4.95260
4600.0 89.432 4.87815
4601.4 93.987 4.98200
4602.8 89.481 4.94554
4604.2 94.050 4.79674
4605.6 88.708 4.92751
4607.0 91.637 4.89332
4608.4 92.345 4.90216
4609.8 90.339 5.05961
4611.2 93.113 4.79472
4612.6 86.226 4.68786
4614.0 90.353 4.77864
4615.4 90.839 4.75011
4616.8 91.884 4.97327
4618.2 88.979 4.76837
4619.6 89.689 4.80047
4621.0 87.341 4.90421
4622.4 91.681 4.88983
4623.8 91.392 4.95994
4625.2 92.319 4.88270
4626.6 89.168 4.69325
4628.0 89.430 4.69660
4629.4 91.091 4.80477
4630.8 91.723 4.82739
4632.2 89.340 4.75492
4633.6 91.303 4.94090
4635.0 89.519 4.81133
4636.4 89.354 4.86255
4637.8 86.672 4.68065
4639.2 92.148 4.82856
4640.6 91.083 4.89814
4642.0 90.401 4.98852
4643.4 92.421 5.02598
4644.8 89.324 4.80607
4646.2 91.559 4.99139
4647.6 90.240 4.83081
4649.0 86.764 4.90224
4650.4 88.282 4.65806
4651.8 90.887 4.93852
4653.2 92.804 5.17359
4654.6 86.073 4.91600
4656.0 88.711 4.60916
4657.4 87.431 4.73873
4658.8 89.866 4.78205
4660.2 88.147 4.91691
4661.6 88.562 4.97102
4663.0 92.459 4.99617
4664.4 92.903 5.18447
4665.8 90.251 4.73646
4667.2 95.391 4.86894
4668.6 92.723 4.80827
4670.0 89.955 4.84436
4671.4 88.926 4.62032
4672.8 89.514 4.79011
4674.2 87.918 4.73381
4675.6 87.246 4.67640
4677.0 87.473 4.82017
4678.4 89.231 4.72858
4679.8 89.590 4.82142
4681.2 87.075 4.78853
4682.6 87.436 4.64944
4684.0 89.079 4.71438
4685.4 89.287 4.79876
4686.8 88.018 4.90665
4688.2 88.140 4.83836
4689.6 85.379 4.75003
4691.0 90.993 4.82969
4692.4 89.003 4.94943
4693.8 91.144 4.95959
4695.2 90.908 5.07805
4696.6 91.749 4.75596
4698.0 86.029 4.67717
4699.4 87.628 4.92059
4700.8 91.405 4.74194
4702.2 87.916 4.87229
4703.6 84.492 4.76144
4705.0 89.960 4.77770
4706.4 88.269 4.76366
4707.8 86.576 4.71149
4709.2 84.727 4.54610
4710.6 83.815 4.71985
4712.0 90.397 4.82055
4713.4 87.806 4.74010
4714.8 86.194 4.56966
4716.2 92.213 4.69525
4717.6 87.707 4.55488
4719.0 89.547 4.65701
4720.4 84.871 4.66404
4721.8 82.084 4.56378
4723.2 88.371 4.56489
4724.6 86.372 4.56801
4726.0 88.221 4.79552
4727.4 88.648 4.84339
4728.8 88.698 4.75950
4730.2 87.174 4.67722
4731.6 87.604 4.71376
4733.0 89.400 4.79959
4734.4 89.072 4.74344
4735.8 86.237 4.72408
4737.2 88.707 4.82122
4738.6 86.819 4.48304
4740.0 88.696 4.76258
4741.4 87.560 4.78418
4742.8 88.136 4.70072
4744.2 83.780 4.54939
4745.6 89.609 4.68783
4747.0 87.478 4.67169
4748.4 84.902 4.60733
4749.8 86.601 4.75544
4751.2 87.344 4.63188
4752.6 85.842 4.78862
4754.0 84.023 4.52167
4755.4 88.624 4.66727
4756.8 86.094 4.55938
4758.2 84.129 4.57963
4759.6 86.180 4.64906
4761.0 88.733 4.75562
4762.4 83.869 4.38351
4763.8 85.296 4.32540
4765.2 85.220 4.45799
4766.6 87.156 4.45702
4768.0 85.099 4.43283
4769.4 86.026 4.52547
4770.8 85.049 4.44441
4772.2 84.082 4.45317
4773.6 86.419 4.54584
4775.0 86.066 4.79929
4776.4 85.695 4.59832
4777.8 89.891 4.64221
4779.2 84.860 4.42900
4780.6 82.805 4.37993
4782.0 86.343 4.62609
4783.4 80.693 4.37794
4784.8 87.178 4.52017
4786.2 85.931 4.56267
4787.6 83.573 4.35182
4789.0 83.614 4.43025
4790.4 85.846 4.52565
4791.8 85.726 4.38565
4793.2 85.552 4.47605
4794.6 84.621 4.50014
4796.0 84.589 4.56579
4797.4 83.176 4.67597
4798.8 84.715 4.71986
4800.2 85.618 4.69981
4801.6 84.758 4.42852
4803.0 83.085 4.50190
4804.4 84.307 4.50807
4805.8 82.100 4.33286
4807.2 80.872 4.30429
4808.6 82.204 4.51283
4810.0 85.925 4.43473
4811.4 81.264 4.44318
4812.8 84.906 4.56641
4814.2 83.993 4.37142
4815.6 84.447 4.64283
4817.0 82.632 4.54760
4818.4 84.622 4.64144
4819.8 81.390 4.40532
4821.2 82.975 4.61155
4822.6 82.846 4.41507
4824.0 80.902 4.27569
4825.4 81.910 4.35088
4826.8 80.174 4.40966
4828.2 81.980 4.28151
4829.6 85.457 4.56101
4831.0 82.652 4.51028
4832.4 81.116 4.40396
4833.8 81.416 4.52258
4835.2 80.892 4.37764
4836.6 79.041 4.36664
4838.0 77.475 4.31037
4839.4 77.221 4.32557
4840.8 79.661 4.52472
4842.2 78.450 4.34909
4843.6 75.255 4.20817
4845.0 76.771 4.21968
4846.4 71.610 4.18189
4847.8 72.698 4.22680
4849.2 69.266 4.17648
4850.6 65.720 3.98160
4852.0 67.416 4.15154
4853.4 65.071 4.02142
4854.8 60.851 4.22014
4856.2 56.182 3.98314
4857.6 49.789 3.79803
4859.0 43.553 3.36893
4860.4 33.154 2.91518
4861.8 30.477 2.86525
4863.2 40.262 3.20292
4864.6 48.650 3.51242
4866.0 53.198 3.82874
4867.4 58.768 3.87549
4868.8 64.416 4.14106
4870.2 66.041 4.33210
4871.6 65.164 4.39034
4873.0 69.127 4.24694
4874.4 71.572 4.21198
4875.8 74.357 4.34385
4877.2 70.723 4.41967
4878.6 73.286 4.22543
4880.0 73.296 4.12280
4881.4 73.759 4.32893
4882.8 76.433 4.38989
4884.2 76.445 4.42916
4885.6 74.361 4.30281
4887.0 79.643 4.52535
4888.4 78.871 4.40383
4889.8 78.613 4.37233
4891.2 80.411 4.37258
4892.6 79.872 4.42650
4894.0 81.277 4.22715
4895.4 79.563 4.34339
4896.8 79.811 4.26116
4898.2 81.421 4.39997
4899.6 80.380 4.35308
4901.0 78.832 4.42844
4902.4 77.690 4.28794
4903.8 79.770 4.32432
4905.2 80.831 4.24526
4906.6 79.750 4.33467
4908.0 83.979 4.45227
4909.4 78.109 4.12065
4910.8 79.343 4.37444
4912.2 78.625 4.30894
4913.6 78.461 4.28726
4915.0 81.774 4.43893
4916.4 84.883 4.36690
4917.8 80.540 4.40005
4919.2 80.703 4.53666
4920.6 82.130 4.73462
4922.0 82.419 4.64016
4923.4 79.462 4.30861
4924.8 77.233 4.08451
4926.2 81.128 4.23910
4927.6 80.955 4.37305
4929.0 77.599 4.23275
4930.4 80.996 4.45001
4931.8 81.088 4.36873
4933.2 79.535 4.33535
4934.6 83.707 4.28723
4936.0 84.528 4.28183
4937.4 82.270 4.33048
4938.8 80.285 4.25257
4940.2 80.870 4.17696
4941.6 79.393 4.24406
4943.0 77.918 4.24553
4944.4 78.847 4.21757
4945.8 80.921 4.29513
4947.2 81.171 4.28043
4948.6 81.103 4.40749
4950.0 82.295 4.31644
4951.4 83.006 4.36790
4952.8 78.779 4.17399
4954.2 78.044 4.23997
4955.6 82.891 4.26167
4957.0 81.087 4.23133
4958.4 79.543 4.25112
4959.8 78.459 4.25378
4961.2 80.152 4.23925
4962.6 81.165 4.24617
4964.0 78.558 4.24030
4965.4 79.416 4.23038
4966.8 82.169 4.37361
4968.2 77.434 4.12909
4969.6 80.544 4.25466
4971.0 81.109 4.27446
4972.4 79.048 4.40447
4973.8 81.108 4.43059
4975.2 79.578 4.41427
4976.6 79.162 4.25458
4978.0 82.042 4.23280
4979.4 80.039 4.21481
4980.8 78.628 4.23926
4982.2 78.154 4.29970
4983.6 77.738 4.23380
4985.0 79.282 4.29796
4986.4 79.730 4.16798
4987.8 77.512 4.27893
4989.2 80.303 4.24519
4990.6 79.955 4.27541
4992.0 79.326 4.34866
4993.4 78.970 4.16072
4994.8 79.642 4.36233
4996.2 81.615 4.33576
4997.6 79.700 4.12330
4999.0 78.778 4.14223
