3900.0 74.019 14.60180
3901.4 79.486 14.42580
3902.8 82.886 14.77710
3904.2 96.905 14.65460
3905.6 102.048 14.14180
3907.0 106.130 15.14750
3908.4 103.457 16.24750
3909.8 90.402 16.50360
3911.2 114.287 15.26550
3912.6 108.342 15.19390
3914.0 123.084 15.70320
3915.4 113.218 14.93340
3916.8 105.740 14.78820
3918.2 103.802 13.97360
3919.6 109.373 14.51780
3921.0 103.784 14.17270
3922.4 106.480 15.00130
3923.8 110.986 14.94180
3925.2 111.937 15.36060
3926.6 108.466 14.68690
3928.0 114.856 15.71870
3929.4 109.942 14.71750
3930.8 94.378 14.68850
3932.2 99.487 13.67690
3933.6 93.570 13.38200
3935.0 69.956 12.05930
3936.4 58.133 12.55580
3937.8 41.521 11.49650
3939.2 62.825 12.46980
3940.6 93.537 13.48880
3942.0 101.450 14.51070
3943.4 104.014 13.92180
3944.8 107.711 14.07310
3946.2 110.684 14.10920
3947.6 109.399 13.86210
3949.0 110.902 13.96000
3950.4 111.505 13.84370
3951.8 104.107 14.20910
3953.2 106.363 13.41950
3954.6 92.685 12.26570
3956.0 105.983 12.87130
3957.4 98.985 12.74720
3958.8 97.336 12.44190
3960.2 97.220 12.35120
3961.6 86.723 12.33950
3963.0 92.714 12.07990
3964.4 89.389 12.39970
3965.8 86.880 11.81800
3967.2 81.070 11.84700
3968.6 70.603 10.49010
3970.0 64.088 10.57860
3971.4 44.283 9.31672
3972.8 22.494 8.92626
3974.2 32.444 9.67407
3975.6 53.450 10.19330
3977.0 53.703 10.28270
3978.4 66.835 12.54890
3979.8 77.794 12.72280
3981.2 81.982 12.34300
3982.6 82.408 12.21320
3984.0 97.212 11.92590
3985.4 92.660 12.78770
3986.8 101.809 12.67100
3988.2 93.347 13.78930
3989.6 100.979 13.65870
3991.0 107.633 13.76380
3992.4 102.252 13.15450
3993.8 93.224 13.06380
3995.2 108.085 13.64310
3996.6 100.304 14.40570
3998.0 99.871 14.58750
3999.4 105.653 14.15270
4000.8 111.920 14.98980
4002.2 103.812 14.68230
4003.6 109.347 14.17370
4005.0 120.284 14.07100
4006.4 108.902 13.56990
4007.8 109.646 13.63180
4009.2 104.559 13.33040
4010.6 106.952 12.66280
4012.0 113.348 12.30090
4013.4 105.079 12.16220
4014.8 116.741 12.35670
4016.2 106.327 11.80480
4017.6 107.604 12.28940
4019.0 110.066 12.64110
4020.4 106.569 12.66710
4021.8 112.003 12.05870
4023.2 111.215 11.38410
4024.6 105.702 11.42000
4026.0 101.494 11.36410
4027.4 111.898 11.42340
4028.8 116.369 11.86430
4030.2 103.346 11.44040
4031.6 103.606 11.27890
4033.0 101.513 11.50930
4034.4 114.503 11.82160
4035.8 108.041 11.47720
4037.2 101.026 11.36490
4038.6 104.880 11.22020
4040.0 106.367 11.39310
4041.4 102.416 12.23860
4042.8 103.235 12.67120
4044.2 116.209 12.21190
4045.6 107.741 12.41930
4047.0 113.256 12.40470
4048.4 105.669 11.78810
4049.8 98.568 11.31560
4051.2 107.520 11.27250
4052.6 102.953 11.27710
4054.0 107.604 10.81930
4055.4 105.443 11.27150
4056.8 101.592 11.59520
4058.2 107.186 10.98610
4059.6 107.066 11.16870
4061.0 112.337 10.77320
4062.4 96.957 10.82330
4063.8 113.253 11.14230
4065.2 97.240 10.99890
4066.6 107.501 11.17230
4068.0 90.512 10.14880
4069.4 94.788 10.72840
4070.8 107.987 11.10450
4072.2 101.038 10.84210
4073.6 90.894 10.49190
4075.0 103.597 11.02070
4076.4 90.776 11.52220
4077.8 100.562 11.70140
4079.2 101.253 11.54270
4080.6 91.197 10.83280
4082.0 90.403 10.76120
4083.4 94.061 11.56830
4084.8 99.900 11.57210
4086.2 94.450 11.42080
4087.6 89.089 11.07330
4089.0 99.873 11.22170
4090.4 88.199 11.59950
4091.8 91.351 10.90140
4093.2 90.597 10.71490
4094.6 77.275 10.49460
4096.0 87.005 11.03730
4097.4 81.470 10.81660
4098.8 80.475 10.42590
4100.2 79.150 10.50470
4101.6 73.691 9.67663
4103.0 62.906 9.30112
4104.4 45.961 9.13123
4105.8 44.895 8.50484
4107.2 51.898 8.94948
4108.6 62.186 9.16006
4110.0 74.603 9.22791
4111.4 71.769 11.28330
4112.8 87.982 11.80470
4114.2 80.298 10.08110
4115.6 81.494 10.03190
4117.0 85.507 10.06060
4118.4 85.441 10.05250
4119.8 89.702 9.92897
4121.2 83.303 10.22660
4122.6 91.809 10.30060
4124.0 84.032 9.82909
4125.4 92.534 10.20760
4126.8 91.427 9.85883
4128.2 92.981 9.90700
4129.6 95.516 10.09480
4131.0 91.966 10.01870
4132.4 92.651 10.01920
4133.8 93.112 10.16680
4135.2 95.438 10.48270
4136.6 91.011 9.85359
4138.0 88.614 10.49270
4139.4 98.220 10.52530
4140.8 95.153 10.36790
4142.2 91.829 9.89387
4143.6 88.616 9.81457
4145.0 94.423 10.08610
4146.4 90.566 9.47141
4147.8 89.636 9.86157
4149.2 94.303 10.26200
4150.6 96.027 10.11940
4152.0 92.666 10.06110
4153.4 87.266 9.26907
4154.8 91.712 9.70653
4156.2 92.529 10.11070
4157.6 111.102 10.83740
4159.0 88.997 10.32190
4160.4 106.888 10.42650
4161.8 93.957 10.23810
4163.2 100.336 9.85567
4164.6 93.546 9.61571
4166.0 91.367 9.82548
4167.4 94.143 8.86212
4168.8 99.200 9.74192
4170.2 96.557 9.95124
4171.6 91.923 9.65224
4173.0 95.670 9.73193
4174.4 102.665 9.36087
4175.8 90.016 9.17099
4177.2 90.583 9.37083
4178.6 92.580 9.18400
4180.0 93.943 9.59642
4181.4 102.140 9.67413
4182.8 94.759 9.28707
4184.2 88.836 8.29783
4185.6 97.106 9.48161
4187.0 96.250 9.23728
4188.4 103.521 9.46068
4189.8 91.726 9.53204
4191.2 98.164 9.46635
4192.6 90.117 9.52170
4194.0 92.395 8.79036
4195.4 96.026 9.25190
4196.8 90.491 8.71420
4198.2 97.801 8.64253
4199.6 100.225 8.85735
4201.0 103.600 9.48708
4202.4 92.607 8.38508
4203.8 96.795 8.68244
4205.2 96.499 8.43346
4206.6 90.365 8.96686
4208.0 98.555 9.23211
4209.4 99.454 9.34510
4210.8 97.058 9.37523
4212.2 101.046 9.23384
4213.6 92.935 9.13743
4215.0 102.996 9.44390
4216.4 94.588 9.41286
4217.8 90.994 9.32709
4219.2 99.631 8.77405
4220.6 92.266 8.54716
4222.0 92.061 8.75583
4223.4 93.847 8.81233
4224.8 102.420 8.82091
4226.2 90.938 8.78912
4227.6 92.631 8.32980
4229.0 89.413 8.24260
4230.4 90.993 8.64316
4231.8 80.873 8.78579
4233.2 96.286 8.79502
4234.6 98.651 8.91818
4236.0 98.524 9.06409
4237.4 93.895 8.98836
4238.8 91.750 8.61699
4240.2 91.174 8.37454
4241.6 92.869 8.62908
4243.0 92.648 8.19327
4244.4 97.106 8.43490
4245.8 95.104 8.24627
4247.2 101.468 8.53029
4248.6 97.361 8.95222
4250.0 95.317 8.74050
4251.4 89.213 8.35488
4252.8 90.377 8.78142
4254.2 89.298 8.34789
4255.6 85.509 7.98131
4257.0 96.237 8.40314
4258.4 93.580 8.79137
4259.8 90.840 8.01204
4261.2 96.084 8.57232
4262.6 92.632 8.56798
4264.0 88.634 8.41644
4265.4 94.102 8.12403
4266.8 87.240 8.14675
4268.2 91.722 8.09549
4269.6 95.554 8.41389
4271.0 104.822 8.65013
4272.4 100.240 8.14729
4273.8 94.555 8.58874
4275.2 86.385 8.33942
4276.6 81.999 7.86157
4278.0 95.378 8.57889
4279.4 91.201 8.42288
4280.8 96.244 8.26283
4282.2 91.407 8.35354
4283.6 102.191 8.68156
4285.0 88.973 8.21245
4286.4 101.430 8.63103
4287.8 89.686 7.96357
4289.2 96.652 8.37625
4290.6 94.200 8.32065
4292.0 95.120 7.99724
4293.4 89.180 7.89187
4294.8 91.537 8.13666
4296.2 89.823 8.33233
4297.6 95.279 8.28341
4299.0 87.254 8.26209
4300.4 93.424 8.13152
4301.8 87.124 7.90667
4303.2 87.067 7.86802
4304.6 81.224 7.91125
4306.0 78.959 7.95616
4307.4 84.913 7.76218
4308.8 84.707 7.44735
4310.2 91.438 7.99820
4311.6 89.494 7.85881
4313.0 83.605 8.01579
4314.4 85.056 8.26458
4315.8 91.074 8.17978
4317.2 86.837 7.79166
4318.6 82.630 7.88715
4320.0 82.987 8.03133
4321.4 91.510 8.27705
4322.8 86.388 8.30801
4324.2 85.532 7.61363
4325.6 86.395 7.66436
4327.0 86.295 7.53260
4328.4 83.619 7.70270
4329.8 75.972 7.47077
4331.2 76.305 7.30489
4332.6 83.417 7.28206
4334.0 81.243 7.33682
4335.4 82.111 7.80935
4336.8 78.473 7.75247
4338.2 74.172 7.29768
4339.6 73.630 7.34663
4341.0 63.871 6.59448
4342.4 52.217 6.46285
4343.8 45.236 6.10341
4345.2 39.508 5.93638
4346.6 45.361 5.97578
4348.0 56.044 6.49427
4349.4 64.754 6.85023
4350.8 67.795 6.85899
4352.2 72.542 7.21696
4353.6 76.298 7.18356
4355.0 73.418 7.44730
4356.4 77.580 7.28852
4357.8 77.395 7.92692
4359.2 83.864 9.58662
4360.6 87.559 8.99491
4362.0 89.963 8.39538
4363.4 90.899 8.01395
4364.8 88.942 7.50770
4366.2 88.727 8.02952
4367.6 89.782 7.83991
4369.0 90.293 7.50632
4370.4 87.888 7.47877
4371.8 88.549 7.07622
4373.2 89.518 7.50051
4374.6 88.234 7.83015
4376.0 87.726 7.73413
4377.4 95.693 7.96375
4378.8 86.731 7.71577
4380.2 83.764 8.36333
4381.6 92.237 7.99170
4383.0 84.671 7.41232
4384.4 89.199 7.31776
4385.8 93.602 7.41307
4387.2 85.652 7.48920
4388.6 84.291 7.28752
4390.0 87.021 7.22938
4391.4 83.386 7.10094
4392.8 96.106 7.62395
4394.2 90.545 7.80258
4395.6 92.404 7.61808
4397.0 90.354 7.58000
4398.4 80.343 7.23812
4399.8 86.729 7.44459
4401.2 90.506 7.68584
4402.6 90.213 7.81984
4404.0 86.657 7.89463
4405.4 80.773 7.52365
4406.8 89.719 7.50476
4408.2 88.184 7.87597
4409.6 88.165 7.20561
4411.0 90.216 7.43987
4412.4 95.249 7.52143
4413.8 86.482 7.62740
4415.2 91.548 7.59183
4416.6 94.466 7.71230
4418.0 90.190 7.29277
4419.4 84.212 7.39249
4420.8 83.746 6.94814
4422.2 79.363 7.62974
4423.6 90.727 8.12032
4425.0 94.163 7.83996
4426.4 85.691 7.37788
4427.8 91.192 7.45124
4429.2 84.892 7.25272
4430.6 86.004 7.23290
4432.0 93.243 7.42871
4433.4 87.561 7.42408
4434.8 86.805 7.50112
4436.2 86.392 7.32311
4437.6 90.685 7.52712
4439.0 88.144 7.34466
4440.4 85.936 7.32497
4441.8 84.245 7.19486
4443.2 87.221 7.33415
4444.6 92.886 7.32176
4446.0 84.908 7.17285
4447.4 86.142 7.00901
4448.8 83.691 7.11420
4450.2 84.947 7.17443
4451.6 93.742 7.41769
4453.0 88.669 6.98338
4454.4 86.029 6.93860
4455.8 86.285 7.03346
4457.2 85.754 6.91595
4458.6 90.082 7.09324
4460.0 87.606 6.95595
4461.4 83.103 6.92969
4462.8 89.744 7.30438
4464.2 91.606 7.00914
4465.6 87.800 7.13159
4467.0 85.983 6.97451
4468.4 79.148 6.88083
4469.8 84.857 6.66732
4471.2 83.039 7.13192
4472.6 81.341 7.03991
4474.0 81.972 6.93120
4475.4 81.575 6.68675
4476.8 86.427 7.02950
4478.2 80.901 7.56445
4479.6 88.680 7.05250
4481.0 88.778 7.08708
4482.4 81.971 7.07126
4483.8 86.082 7.02754
4485.2 78.208 7.07565
4486.6 85.256 6.66706
4488.0 85.570 6.85087
4489.4 84.830 6.82336
4490.8 91.311 6.98521
4492.2 79.813 6.65101
4493.6 81.659 6.84106
4495.0 84.774 7.22438
4496.4 84.992 7.00264
4497.8 81.288 6.83724
4499.2 84.761 6.86865
4500.6 85.755 6.73687
4502.0 89.404 7.06287
4503.4 88.178 6.66597
4504.8 84.973 6.72821
4506.2 83.632 7.09113
4507.6 84.401 6.98706
4509.0 90.486 6.81508
4510.4 87.329 6.97675
4511.8 85.444 6.80828
4513.2 85.803 7.05876
4514.6 84.775 6.78851
4516.0 87.872 6.89522
4517.4 88.207 7.02186
4518.8 85.374 7.08847
4520.2 86.669 6.83673
4521.6 84.316 6.87911
4523.0 84.138 6.70259
4524.4 88.081 6.75550
4525.8 80.589 6.90143
4527.2 80.170 6.36510
4528.6 79.405 6.57857
4530.0 90.419 6.81829
4531.4 84.964 6.57182
4532.8 86.077 7.01930
4534.2 81.825 6.65558
4535.6 81.794 6.69543
4537.0 86.845 6.71145
4538.4 80.924 6.72255
4539.8 76.401 6.26460
4541.2 83.781 6.30967
4542.6 87.379 6.88251
4544.0 80.799 6.50418
4545.4 87.544 6.55149
4546.8 85.401 6.58893
4548.2 78.752 6.45949
4549.6 81.215 6.72188
4551.0 78.542 6.87355
4552.4 82.760 6.94335
4553.8 74.449 6.12524
4555.2 82.154 6.57214
4556.6 85.710 6.67905
4558.0 80.328 6.45873
4559.4 73.781 6.54407
4560.8 81.317 6.77156
4562.2 79.844 6.73780
4563.6 81.832 6.86471
4565.0 85.155 6.68442
4566.4 87.077 6.83126
4567.8 83.199 6.80970
4569.2 79.341 6.77048
4570.6 83.189 6.63632
4572.0 86.200 6.70629
4573.4 83.232 6.77891
4574.8 78.596 6.55313
4576.2 81.817 6.54337
4577.6 80.859 6.41969
4579.0 83.518 6.70342
4580.4 80.682 6.69322
4581.8 85.550 6.43502
4583.2 80.270 6.68614
4584.6 87.707 6.83466
4586.0 81.848 6.83013
4587.4 83.805 6.47802
4588.8 79.862 6.42171
4590.2 77.312 6.32979
4591.6 82.387 6.54245
4593.0 79.073 6.51577
4594.4 83.016 6.56014
4595.8 80.366 6.43254
4597.2 87.016 6.64283
4598.6 80.731 6.36069
4600.0 85.293 6.75407
4601.4 87.720 6.90413
4602.8 83.129 6.65392
4604.2 84.622 6.70525
4605.6 89.806 6.99961
4607.0 85.827 6.71049
4608.4 87.400 6.60713
4609.8 80.517 6.46183
4611.2 82.155 6.18845
4612.6 80.047 6.22175
4614.0 89.431 6.53353
4615.4 85.828 6.41656
4616.8 82.993 6.45644
4618.2 90.386 6.79110
4619.6 85.033 6.48041
4621.0 80.341 6.36089
4622.4 83.178 6.60842
4623.8 79.965 6.55732
4625.2 84.060 6.75344
4626.6 83.307 inf
4628.0 82.554 inf
4629.4 81.801 6.14412
4630.8 80.175 6.04205
4632.2 81.962 6.21876
4633.6 83.773 6.23830
4635.0 81.260 6.34133
4636.4 85.403 6.20554
4637.8 85.656 6.28776
4639.2 81.688 6.27807
4640.6 82.207 6.33464
4642.0 79.877 6.05275
4643.4 81.195 6.10955
4644.8 81.854 6.16746
4646.2 86.088 6.51915
4647.6 84.683 6.44038
4649.0 86.097 6.55570
4650.4 85.498 6.55407
4651.8 80.335 6.45699
4653.2 84.266 6.50695
4654.6 85.334 6.58576
4656.0 80.050 6.38251
4657.4 85.345 6.21981
4658.8 82.150 6.31463
4660.2 82.685 6.25657
4661.6 77.121 6.08912
4663.0 79.518 6.00783
4664.4 81.259 6.06849
4665.8 83.696 6.45973
4667.2 85.563 6.29936
4668.6 79.139 6.19731
4670.0 82.379 6.48129
4671.4 81.441 6.07685
4672.8 80.164 6.54780
4674.2 78.182 6.28587
4675.6 78.456 6.01315
4677.0 82.294 6.47441
4678.4 80.006 6.47909
4679.8 79.399 6.50247
4681.2 79.986 6.44577
4682.6 82.873 6.40008
4684.0 78.028 5.94132
4685.4 76.788 6.27350
4686.8 80.320 6.46876
4688.2 83.202 6.63541
4689.6 80.003 5.92154
4691.0 79.680 6.05470
4692.4 85.209 6.15723
4693.8 81.816 6.00603
4695.2 80.929 6.23049
4696.6 81.725 7.90012
4698.0 83.148 7.06115
4699.4 82.156 5.99341
4700.8 79.760 5.92204
4702.2 81.161 6.12086
4703.6 81.324 6.15646
4705.0 78.710 6.02486
4706.4 80.084 5.99023
4707.8 79.251 6.03471
4709.2 79.129 6.20991
4710.6 83.328 6.32320
4712.0 79.706 6.19271
4713.4 81.287 6.03902
4714.8 79.249 5.61289
4716.2 81.563 5.79668
4717.6 81.142 5.95467
4719.0 83.328 6.18044
4720.4 83.583 6.13921
4721.8 79.405 5.96116
4723.2 79.721 6.10258
4724.6 84.343 6.10312
4726.0 79.208 5.87285
4727.4 78.499 6.24964
4728.8 80.787 6.11488
4730.2 79.947 6.24350
4731.6 81.050 6.18785
4733.0 76.967 6.35911
4734.4 76.929 6.02427
4735.8 77.183 6.00142
4737.2 75.817 6.05434
4738.6 77.007 6.05163
4740.0 79.784 6.26238
4741.4 79.796 6.15466
4742.8 81.258 6.08603
4744.2 78.872 6.16624
4745.6 79.155 6.33056
4747.0 82.376 6.26252
4748.4 80.304 6.21289
4749.8 79.436 6.13835
4751.2 79.129 5.90728
4752.6 78.901 6.15077
4754.0 78.786 5.86985
4755.4 82.646 6.06876
4756.8 78.070 5.96522
4758.2 76.530 5.69318
4759.6 82.075 6.26301
4761.0 73.962 5.90321
4762.4 79.600 5.82608
4763.8 75.725 6.10827
4765.2 81.808 5.86428
4766.6 81.187 5.98504
4768.0 80.436 6.17403
4769.4 82.599 6.08062
4770.8 81.780 5.64336
4772.2 79.295 6.21064
4773.6 84.019 6.02189
4775.0 74.203 5.70124
4776.4 75.885 5.78910
4777.8 76.168 5.56452
4779.2 75.990 5.58530
4780.6 78.198 5.76431
4782.0 80.567 5.88505
4783.4 75.550 5.72065
4784.8 75.490 5.84156
4786.2 79.313 5.89190
4787.6 80.503 5.93643
4789.0 79.247 5.91568
4790.4 75.260 5.39674
4791.8 79.433 5.79609
4793.2 78.336 5.82627
4794.6 77.641 5.78299
4796.0 78.505 5.86415
4797.4 75.005 5.68528
4798.8 74.594 5.54488
4800.2 75.996 5.70751
4801.6 74.771 5.52651
4803.0 74.272 5.47693
4804.4 78.736 5.71237
4805.8 77.731 5.53907
4807.2 73.747 5.70617
4808.6 78.927 5.83590
4810.0 76.205 5.66541
4811.4 73.516 5.59050
4812.8 75.876 5.79729
4814.2 75.126 5.33058
4815.6 74.696 5.59120
4817.0 73.997 5.66432
4818.4 71.079 5.52739
4819.8 75.946 5.46724
4821.2 78.032 5.74335
4822.6 75.076 6.03702
4824.0 80.153 6.14487
4825.4 75.736 5.88273
4826.8 79.537 5.80380
4828.2 75.245 5.74281
4829.6 73.400 5.53101
4831.0 73.612 5.57732
4832.4 77.402 5.64056
4833.8 73.414 5.54386
4835.2 73.920 5.47836
4836.6 73.287 5.51544
4838.0 75.651 5.51801
4839.4 71.062 5.47039
4840.8 76.894 5.44446
4842.2 72.019 5.44294
4843.6 71.312 5.54027
4845.0 69.888 5.55373
4846.4 70.704 5.34231
4847.8 71.263 5.43668
4849.2 67.585 5.48937
4850.6 68.638 5.62468
4852.0 68.305 5.36719
4853.4 63.912 5.01344
4854.8 66.495 5.13294
4856.2 62.195 4.87490
4857.6 63.828 5.21292
4859.0 65.348 5.46454
4860.4 60.034 5.23706
4861.8 54.435 5.42841
4863.2 55.671 5.56063
4864.6 41.281 4.98387
4866.0 32.754 4.35131
4867.4 36.743 4.29452
4868.8 46.255 4.39184
4870.2 54.447 4.79416
4871.6 58.909 5.20308
4873.0 62.615 4.91397
4874.4 64.517 5.07406
4875.8 63.764 5.10160
4877.2 63.838 5.64005
4878.6 64.466 5.30231
4880.0 65.329 5.35371
4881.4 66.904 5.24872
4882.8 64.349 5.20967
4884.2 69.249 5.55832
4885.6 70.135 5.39902
4887.0 72.491 5.56784
4888.4 69.133 5.28296
4889.8 68.472 5.36165
4891.2 70.453 5.28717
4892.6 69.459 5.42166
4894.0 69.667 5.57860
4895.4 68.649 5.59596
4896.8 68.078 5.75351
4898.2 72.414 5.56685
4899.6 73.154 5.43891
4901.0 68.445 5.31987
4902.4 70.857 5.60920
4903.8 73.940 5.69469
4905.2 71.079 5.53963
4906.6 71.171 5.54287
4908.0 74.998 5.85589
4909.4 72.926 5.93266
4910.8 74.821 5.99950
4912.2 69.355 5.66153
4913.6 73.101 5.58165
4915.0 73.316 5.45102
4916.4 72.470 5.34766
4917.8 71.233 5.48119
4919.2 69.186 5.42791
4920.6 68.523 5.28542
4922.0 72.123 5.55566
4923.4 75.834 5.67260
4924.8 70.694 5.40517
4926.2 65.182 5.08908
4927.6 68.799 5.17654
4929.0 67.407 5.14314
4930.4 68.532 5.30111
4931.8 69.329 5.17759
4933.2 72.903 5.25042
4934.6 70.948 5.29377
4936.0 77.393 5.36987
4937.4 72.630 5.45866
4938.8 70.080 5.57475
4940.2 69.390 5.52167
4941.6 67.638 5.32244
4943.0 69.890 5.41769
4944.4 71.139 5.31366
4945.8 68.301 5.40134
4947.2 67.748 5.36730
4948.6 76.836 5.97232
4950.0 74.296 5.54846
4951.4 71.150 5.28120
4952.8 73.529 5.14068
4954.2 75.293 5.20384
4955.6 71.690 5.32038
4957.0 70.672 5.09890
4958.4 72.263 5.18127
4959.8 72.416 5.30633
4961.2 71.971 5.28913
4962.6 69.926 5.37359
4964.0 68.001 5.44808
4965.4 70.975 5.49830
4966.8 70.624 5.46681
4968.2 71.321 5.64396
4969.6 70.513 5.39034
4971.0 72.542 5.45084
4972.4 71.948 5.57022
4973.8 73.480 5.50993
4975.2 69.339 5.36691
4976.6 75.513 5.41856
4978.0 74.938 5.11685
4979.4 70.215 5.27378
4980.8 71.830 5.11682
4982.2 71.655 5.38871
4983.6 69.772 5.25278
4985.0 71.559 5.28319
4986.4 69.533 5.28120
4987.8 74.835 5.45961
4989.2 68.655 5.49621
4990.6 69.817 5.27385
4992.0 71.084 5.32642
4993.4 69.903 5.19067
4994.8 72.620 5.39787
4996.2 68.803 5.16339
4997.6 66.899 5.37527
4999.0 68.832 5.40467
