3900.0 316.210 15.37450
3901.4 313.964 15.28470
3902.8 343.606 16.35520
3904.2 346.361 16.46960
3905.6 358.608 16.81200
3907.0 343.254 16.76880
3908.4 383.058 17.99530
3909.8 399.857 18.76340
3911.2 412.739 18.65590
3912.6 400.345 18.44690
3914.0 374.976 18.19710
3915.4 371.896 17.70970
3916.8 424.975 19.17450
3918.2 390.911 18.28030
3919.6 402.503 18.40280
3921.0 393.828 18.06230
3922.4 410.721 18.90500
3923.8 414.156 18.60540
3925.2 424.083 18.78360
3926.6 426.237 18.60220
3928.0 396.263 17.66110
3929.4 414.891 17.93260
3930.8 381.434 17.02670
3932.2 302.604 14.53690
3933.6 212.772 11.68340
3935.0 191.290 11.17730
3936.4 317.273 14.54790
3937.8 378.810 16.28760
3939.2 400.399 16.83510
3940.6 391.386 16.76620
3942.0 404.863 17.20240
3943.4 398.112 16.93630
3944.8 375.553 16.68970
3946.2 394.433 16.89090
3947.6 375.968 16.45300
3949.0 405.896 17.47870
3950.4 381.888 17.05510
3951.8 391.902 16.60510
3953.2 370.411 15.96740
3954.6 375.110 15.80630
3956.0 359.850 15.60970
3957.4 340.310 15.10580
3958.8 327.510 14.80670
3960.2 330.126 14.79950
3961.6 316.569 14.48980
3963.0 306.799 13.73420
3964.4 271.443 12.61590
3965.8 267.586 12.47580
3967.2 205.420 10.47530
3968.6 133.484 8.22396
3970.0 82.798 6.43114
3971.4 119.347 8.08922
3972.8 178.643 10.19920
3974.2 197.035 11.36690
3975.6 239.794 12.93770
3977.0 262.557 13.85670
3978.4 276.100 14.82900
3979.8 294.702 15.97320
3981.2 301.385 15.68980
3982.6 322.477 16.49720
3984.0 329.424 16.48910
3985.4 347.155 16.64190
3986.8 348.744 16.61620
3988.2 356.190 16.93920
3989.6 357.503 16.32170
3991.0 374.890 16.33760
3992.4 387.065 16.77790
3993.8 390.802 16.66600
3995.2 385.802 16.18650
3996.6 383.118 16.64040
3998.0 381.261 16.23830
3999.4 390.164 16.89680
4000.8 405.173 16.94300
4002.2 398.408 16.16630
4003.6 387.478 15.95760
4005.0 396.233 16.63780
4006.4 386.219 16.49790
4007.8 389.004 16.23720
4009.2 404.331 16.38750
4010.6 407.528 16.38340
4012.0 400.221 16.62080
4013.4 403.781 inf
4014.8 407.340 inf
4016.2 410.900 16.43670
4017.6 397.627 16.29670
4019.0 412.399 17.01720
4020.4 405.448 16.53420
4021.8 435.915 17.11650
4023.2 391.663 16.53210
4024.6 396.309 16.43340
4026.0 400.558 16.66320
4027.4 405.573 16.04720
4028.8 406.953 16.22640
4030.2 408.635 16.47440
4031.6 386.972 16.54960
4033.0 416.829 16.41090
4034.4 406.700 16.10290
4035.8 410.663 16.01490
4037.2 406.695 16.64780
4038.6 410.172 17.13070
4040.0 412.812 17.42300
4041.4 413.161 16.62640
4042.8 410.221 16.53360
4044.2 404.117 16.15190
4045.6 387.497 15.90890
4047.0 384.392 15.65260
4048.4 409.490 16.24630
4049.8 403.745 16.53780
4051.2 393.519 15.96850
4052.6 407.600 16.16140
4054.0 401.628 16.36050
4055.4 391.914 16.03650
4056.8 400.113 16.14450
4058.2 394.411 15.99630
4059.6 394.034 16.30910
4061.0 425.229 17.05950
4062.4 394.598 16.40830
4063.8 383.094 15.79000
4065.2 374.202 15.48650
4066.6 382.749 15.80640
4068.0 391.086 16.14880
4069.4 400.216 16.20270
4070.8 387.744 16.24920
4072.2 380.138 15.85730
4073.6 361.831 15.20780
4075.0 394.300 16.15170
4076.4 367.369 15.62330
4077.8 357.563 15.02770
4079.2 364.699 15.62650
4080.6 360.768 15.51720
4082.0 366.082 15.50010
4083.4 368.586 15.31410
4084.8 363.078 15.23610
4086.2 348.770 15.08970
4087.6 352.954 14.66700
4089.0 338.373 14.24100
4090.4 332.780 13.91660
4091.8 317.511 12.68570
4093.2 292.845 12.26310
4094.6 285.114 12.28320
4096.0 266.909 11.47470
4097.4 258.924 10.97120
4098.8 233.122 10.90470
4100.2 195.637 9.50716
4101.6 133.109 7.66020
4103.0 126.058 7.64405
4104.4 177.683 9.20494
4105.8 205.163 10.57900
4107.2 248.898 11.34500
4108.6 257.218 11.45100
4110.0 280.849 12.38460
4111.4 287.705 12.24840
4112.8 308.500 12.85540
4114.2 333.531 13.58140
4115.6 335.874 13.63850
4117.0 354.530 14.34110
4118.4 335.932 14.11650
4119.8 356.214 14.48520
4121.2 349.349 14.36240
4122.6 360.436 14.57180
4124.0 358.060 14.67580
4125.4 373.882 15.00780
4126.8 363.588 14.59350
4128.2 360.473 14.21400
4129.6 379.472 14.77760
4131.0 357.807 14.47890
4132.4 364.995 14.63230
4133.8 359.191 14.39660
4135.2 369.905 14.81260
4136.6 376.769 15.44260
4138.0 380.209 15.30660
4139.4 389.825 15.70360
4140.8 387.322 15.74760
4142.2 382.621 15.34900
4143.6 372.978 14.94810
4145.0 385.156 15.05840
4146.4 389.157 15.73910
4147.8 380.730 15.08420
4149.2 393.119 15.26790
4150.6 389.665 15.67060
4152.0 390.741 15.38780
4153.4 377.681 15.30770
4154.8 382.627 15.13060
4156.2 370.684 14.69640
4157.6 394.035 15.20420
4159.0 372.148 14.89010
4160.4 390.781 15.24890
4161.8 385.388 15.00960
4163.2 393.547 15.43250
4164.6 404.874 15.64900
4166.0 382.597 14.86080
4167.4 384.725 14.93020
4168.8 384.308 15.12460
4170.2 386.119 15.24240
4171.6 381.678 14.64260
4173.0 362.824 14.31500
4174.4 358.162 14.15510
4175.8 365.364 14.42900
4177.2 379.948 14.47870
4178.6 382.480 14.88300
4180.0 368.488 14.50670
4181.4 383.957 14.75820
4182.8 374.932 15.12850
4184.2 385.546 14.63120
4185.6 382.370 14.61570
4187.0 379.060 14.60650
4188.4 375.747 14.45300
4189.8 390.864 14.81860
4191.2 379.424 14.36970
4192.6 390.721 14.94220
4194.0 391.593 15.13490
4195.4 382.945 14.52350
4196.8 367.298 14.45440
4198.2 382.286 14.53140
4199.6 375.628 14.24690
4201.0 368.369 14.20380
4202.4 370.707 14.15970
4203.8 367.614 14.28320
4205.2 387.906 14.63160
4206.6 382.468 14.81290
4208.0 396.726 15.18920
4209.4 385.379 14.69720
4210.8 382.191 14.57840
4212.2 377.229 14.46900
4213.6 378.154 14.22460
4215.0 378.275 14.76530
4216.4 358.645 14.53650
4217.8 371.250 14.22810
4219.2 372.022 14.45740
4220.6 375.464 14.54190
4222.0 384.449 15.13930
4223.4 386.398 14.91840
4224.8 373.494 14.31290
4226.2 352.594 13.63450
4227.6 353.293 13.61250
4229.0 371.394 14.14600
4230.4 377.042 14.46000
4231.8 376.012 14.55550
4233.2 364.082 14.37970
4234.6 351.359 14.06340
4236.0 376.233 14.53430
4237.4 374.957 14.23730
4238.8 375.578 14.41560
4240.2 382.189 14.69480
4241.6 388.544 14.84970
4243.0 371.931 14.34900
4244.4 385.886 14.63680
4245.8 379.691 14.75350
4247.2 349.389 13.82750
4248.6 367.026 14.00180
4250.0 362.961 14.18170
4251.4 363.454 13.87230
4252.8 374.671 14.17030
4254.2 383.810 14.56780
4255.6 372.583 14.08410
4257.0 382.637 14.29870
4258.4 385.309 14.33310
4259.8 356.203 14.03480
4261.2 378.928 14.16070
4262.6 364.106 13.95440
4264.0 375.929 14.39840
4265.4 383.044 14.43550
4266.8 381.585 14.52650
4268.2 381.531 14.65640
4269.6 377.251 14.27240
4271.0 366.072 14.10530
4272.4 354.039 13.66110
4273.8 363.293 14.13680
4275.2 361.029 13.81510
4276.6 371.425 14.18530
4278.0 381.496 14.09060
4279.4 374.866 14.16250
4280.8 379.809 14.27020
4282.2 363.103 13.88750
4283.6 360.405 14.25470
4285.0 368.002 14.48050
4286.4 396.017 14.31310
4287.8 370.799 14.15080
4289.2 343.251 13.65430
4290.6 345.967 13.41010
4292.0 356.042 13.62460
4293.4 360.521 13.76570
4294.8 351.247 13.59010
4296.2 355.152 13.66350
4297.6 365.738 13.98110
4299.0 356.045 13.39110
4300.4 337.158 13.12950
4301.8 337.138 13.32490
4303.2 336.095 13.09340
4304.6 345.807 13.26360
4306.0 353.773 13.52380
4307.4 344.770 13.39910
4308.8 344.473 13.45040
4310.2 346.234 13.00890
4311.6 348.045 13.19530
4313.0 343.778 12.94470
4314.4 328.205 12.63590
4315.8 318.542 12.65040
4317.2 347.222 13.18740
4318.6 338.348 13.23640
4320.0 347.274 13.75400
4321.4 338.875 13.25640
4322.8 325.270 12.74360
4324.2 341.344 12.69850
4325.6 309.648 11.89860
4327.0 291.909 11.67270
4328.4 306.861 11.87230
4329.8 301.569 12.02770
4331.2 284.178 11.32100
4332.6 278.400 10.89820
4334.0 270.218 10.86500
4335.4 252.952 10.61320
4336.8 228.928 9.50880
4338.2 203.140 8.82622
4339.6 165.271 7.70585
4341.0 126.976 6.48296
4342.4 138.049 6.74717
4343.8 182.537 8.17110
4345.2 217.551 9.46535
4346.6 240.639 9.98942
4348.0 267.188 10.61570
4349.4 277.596 11.12740
4350.8 282.891 11.02830
4352.2 275.858 10.68720
4353.6 286.914 11.16710
4355.0 309.870 12.14880
4356.4 321.416 12.51830
4357.8 332.149 12.76180
4359.2 331.360 12.80760
4360.6 333.655 12.85430
4362.0 334.130 12.85710
4363.4 342.214 13.15840
4364.8 343.948 13.33930
4366.2 359.038 13.88330
4367.6 346.498 12.87810
4369.0 342.750 12.75030
4370.4 343.149 12.77560
4371.8 350.248 13.01870
4373.2 356.031 13.48290
4374.6 346.060 13.23640
4376.0 349.978 13.27330
4377.4 345.918 13.40870
4378.8 348.799 13.52680
4380.2 366.490 13.20000
4381.6 370.361 13.50230
4383.0 352.426 13.24550
4384.4 330.001 12.64440
4385.8 331.791 12.68950
4387.2 352.499 12.96030
4388.6 367.913 13.46930
4390.0 356.456 13.35710
4391.4 354.102 13.34040
4392.8 363.968 13.51700
4394.2 352.710 13.20110
4395.6 336.789 12.96020
4397.0 339.239 12.80220
4398.4 366.350 13.51990
4399.8 335.899 13.05720
4401.2 344.263 13.16000
4402.6 354.177 13.36680
4404.0 346.177 12.94480
4405.4 335.901 12.70760
4406.8 345.329 13.03500
4408.2 353.357 13.33560
4409.6 349.527 12.98440
4411.0 358.680 13.35510
4412.4 362.581 13.55520
4413.8 351.477 13.31980
4415.2 342.262 13.41500
4416.6 326.137 12.96390
4418.0 329.403 12.79130
4419.4 344.551 12.86840
4420.8 352.271 13.23550
4422.2 355.053 13.33550
4423.6 345.419 13.13730
4425.0 350.643 12.89420
4426.4 352.785 13.30300
4427.8 361.606 13.21140
4429.2 341.855 13.05420
4430.6 352.093 12.95110
4432.0 354.958 13.02140
4433.4 355.212 13.32350
4434.8 360.661 13.08010
4436.2 337.569 13.04560
4437.6 353.637 13.28310
4439.0 354.376 13.20370
4440.4 357.504 13.44820
4441.8 355.256 13.12950
4443.2 336.829 12.63330
4444.6 328.531 12.44310
4446.0 342.139 12.80000
4447.4 349.016 12.88980
4448.8 349.944 12.94220
4450.2 342.775 12.88680
4451.6 336.025 12.77680
4453.0 346.180 12.80350
4454.4 341.128 12.73280
4455.8 331.064 12.50140
4457.2 344.677 12.70140
4458.6 336.626 13.13300
4460.0 349.817 13.23530
4461.4 343.169 12.97960
4462.8 347.086 13.15100
4464.2 339.349 12.82470
4465.6 340.815 12.84430
4467.0 336.021 12.63250
4468.4 338.969 12.51480
4469.8 315.596 12.21100
4471.2 329.668 12.39210
4472.6 340.737 12.71080
4474.0 347.681 12.96760
4475.4 341.639 12.92250
4476.8 340.586 12.73670
4478.2 342.707 12.49960
4479.6 339.763 12.63200
4481.0 321.409 12.05310
4482.4 301.613 11.70680
4483.8 317.977 12.20500
4485.2 341.530 12.64110
4486.6 336.061 12.64530
4488.0 338.981 13.01000
4489.4 339.711 12.54230
4490.8 325.710 12.40000
4492.2 325.324 12.32920
4493.6 337.636 13.02760
4495.0 333.069 12.51960
4496.4 329.056 12.66510
4497.8 343.134 12.73450
4499.2 354.116 13.50380
4500.6 338.226 13.16330
4502.0 324.115 12.16150
4503.4 339.076 12.57970
4504.8 342.128 12.63570
4506.2 343.039 12.69330
4507.6 327.165 12.34780
4509.0 337.791 12.38890
4510.4 342.764 12.68160
4511.8 347.132 12.72240
4513.2 345.134 12.78000
4514.6 342.065 12.44770
4516.0 326.556 12.59580
4517.4 337.557 12.46860
4518.8 323.542 12.09110
4520.2 335.781 12.46380
4521.6 326.035 12.51580
4523.0 334.201 12.31270
4524.4 327.645 12.10840
4525.8 337.051 12.35380
4527.2 344.547 12.55070
4528.6 331.336 12.28690
4530.0 325.489 12.24390
4531.4 331.218 12.37700
4532.8 343.272 12.68790
4534.2 321.555 11.88500
4535.6 319.003 11.82220
4537.0 330.247 12.44710
4538.4 342.812 12.57770
4539.8 345.919 12.74380
4541.2 338.193 12.60180
4542.6 339.952 12.65710
4544.0 337.422 12.68390
4545.4 335.001 12.37670
4546.8 337.436 12.30110
4548.2 332.923 11.99030
4549.6 313.266 11.66010
4551.0 310.765 11.68080
4552.4 327.299 11.99120
4553.8 330.084 12.21440
4555.2 321.335 12.11440
4556.6 318.004 11.88760
4558.0 321.553 12.12210
4559.4 330.472 12.12850
4560.8 327.329 12.30750
4562.2 329.822 12.15750
4563.6 315.127 11.81100
4565.0 329.726 12.18140
4566.4 333.340 12.42810
4567.8 339.041 12.46170
4569.2 339.760 12.43020
4570.6 338.567 12.55580
4572.0 321.956 11.87800
4573.4 316.510 11.73540
4574.8 328.164 12.12790
4576.2 330.140 12.37270
4577.6 333.459 12.33980
4579.0 318.628 12.04430
4580.4 330.849 12.36970
4581.8 329.002 12.24240
4583.2 321.535 12.00840
4584.6 311.651 11.63060
4586.0 337.350 12.02010
4587.4 326.894 12.22570
4588.8 326.620 11.88560
4590.2 318.410 11.64170
4591.6 326.177 11.92640
4593.0 329.137 11.97100
4594.4 330.400 12.23280
4595.8 335.954 12.32790
4597.2 336.863 12.32390
4598.6 329.088 12.27120
4600.0 333.209 12.25510
4601.4 328.620 11.93340
4602.8 328.028 11.92350
4604.2 332.165 12.07610
4605.6 328.301 11.98140
4607.0 328.490 12.28780
4608.4 337.080 12.35580
4609.8 328.411 12.07930
4611.2 323.939 12.12700
4612.6 329.729 12.23320
4614.0 328.825 12.01840
4615.4 330.791 11.99120
4616.8 327.975 11.99140
4618.2 332.894 11.98970
4619.6 326.841 11.80780
4621.0 321.370 11.70720
4622.4 325.463 11.96410
4623.8 330.345 11.90450
4625.2 330.513 11.96620
4626.6 326.926 11.83180
4628.0 325.152 11.82340
4629.4 323.540 12.12800
4630.8 327.355 11.94650
4632.2 322.186 12.06650
4633.6 328.778 12.08650
4635.0 322.555 11.91050
4636.4 326.574 11.96740
4637.8 324.015 11.88310
4639.2 326.965 11.93010
4640.6 323.162 11.82130
4642.0 319.212 11.68320
4643.4 325.734 11.90210
4644.8 319.933 11.86200
4646.2 321.125 11.91580
4647.6 324.355 11.68420
4649.0 322.934 11.78590
4650.4 326.382 11.76890
4651.8 323.807 11.69770
4653.2 320.296 11.74110
4654.6 316.043 11.72770
4656.0 319.159 11.73700
4657.4 313.338 11.71260
4658.8 321.098 11.91670
4660.2 315.576 11.64210
4661.6 327.968 11.96200
4663.0 321.546 12.03990
4664.4 323.476 11.90680
4665.8 327.698 12.22380
4667.2 317.431 11.59190
4668.6 320.674 11.57140
4670.0 317.200 11.73020
4671.4 315.412 11.71080
4672.8 324.040 11.66060
4674.2 323.626 11.89130
4675.6 317.136 11.73670
4677.0 327.143 12.34160
4678.4 325.945 11.97610
4679.8 324.646 12.06800
4681.2 321.486 11.87920
4682.6 317.605 12.04300
4684.0 320.563 11.60160
4685.4 326.536 11.82410
4686.8 327.684 11.86220
4688.2 321.119 11.54550
4689.6 323.755 11.85220
4691.0 325.432 12.12370
4692.4 323.396 11.88430
4693.8 327.064 12.24190
4695.2 332.331 12.14420
4696.6 331.369 11.95910
4698.0 327.325 11.72880
4699.4 322.873 11.76010
4700.8 325.384 11.81710
4702.2 320.030 11.58260
4703.6 311.415 11.35510
4705.0 317.312 11.63920
4706.4 322.948 11.77870
4707.8 323.171 11.68410
4709.2 319.662 11.86140
4710.6 319.777 11.87540
4712.0 324.587 11.76380
4713.4 317.370 11.74110
4714.8 319.108 11.69790
4716.2 313.942 11.28670
4717.6 314.766 11.57150
4719.0 315.541 11.49990
4720.4 315.083 11.83730
4721.8 320.209 11.67490
4723.2 314.226 11.61490
4724.6 328.592 11.85170
4726.0 320.260 11.80090
4727.4 321.612 11.76830
4728.8 324.688 11.71310
4730.2 327.323 11.88770
4731.6 317.718 11.50250
4733.0 322.512 11.98670
4734.4 314.978 11.52410
4735.8 315.545 11.31690
4737.2 317.222 11.47620
4738.6 318.790 11.69270
4740.0 310.690 11.40250
4741.4 305.840 11.42690
4742.8 313.094 11.51640
4744.2 314.828 11.51100
4745.6 307.707 11.49180
4747.0 316.843 11.90810
4748.4 315.292 11.79010
4749.8 311.632 11.47380
4751.2 321.748 11.53440
4752.6 323.508 11.64820
4754.0 316.603 11.63410
4755.4 316.181 11.44490
4756.8 312.018 11.11860
4758.2 310.814 11.34190
4759.6 318.173 11.40230
4761.0 318.407 11.59760
4762.4 319.703 11.57060
4763.8 309.975 11.29220
4765.2 308.620 11.07340
4766.6 311.743 11.41340
4768.0 313.093 11.24010
4769.4 314.357 11.29940
4770.8 317.484 11.67070
4772.2 316.190 11.38700
4773.6 309.636 11.27750
4775.0 313.093 11.43380
4776.4 313.264 11.36260
4777.8 306.272 11.16150
4779.2 307.616 10.93540
4780.6 301.305 11.00890
4782.0 306.774 11.02590
4783.4 316.811 11.18760
4784.8 305.422 10.89820
4786.2 302.556 11.12050
4787.6 307.121 11.14560
4789.0 307.152 11.14490
4790.4 306.882 11.21800
4791.8 308.184 11.04350
4793.2 305.864 11.10280
4794.6 307.974 10.89010
4796.0 308.795 11.04260
4797.4 302.017 10.93660
4798.8 303.939 11.31440
4800.2 304.141 11.01860
4801.6 303.798 10.92290
4803.0 301.952 11.10080
4804.4 305.577 10.82530
4805.8 301.232 10.74370
4807.2 304.665 10.82400
4808.6 299.512 10.81150
4810.0 303.367 10.81920
4811.4 296.746 10.61980
4812.8 306.332 11.20650
4814.2 298.282 10.94800
4815.6 304.482 11.03460
4817.0 302.434 11.26310
4818.4 303.640 11.16280
4819.8 301.073 11.26730
4821.2 302.731 10.95010
4822.6 302.855 10.88010
4824.0 293.699 10.72670
4825.4 294.566 10.73490
4826.8 295.365 10.73850
4828.2 292.027 10.66270
4829.6 299.758 10.68490
4831.0 295.236 11.00950
4832.4 290.414 10.66680
4833.8 291.830 10.73360
4835.2 289.856 10.63150
4836.6 290.162 10.57430
4838.0 288.980 10.53170
4839.4 285.188 10.27590
4840.8 280.574 10.15420
4842.2 283.709 10.30590
4843.6 273.100 9.98045
4845.0 277.853 10.17230
4846.4 274.466 9.98209
4847.8 263.680 9.90099
4849.2 264.659 9.86916
4850.6 263.629 9.60249
4852.0 252.896 9.36776
4853.4 244.641 8.98394
4854.8 232.603 8.69178
4856.2 216.794 8.34792
4857.6 205.192 8.05212
4859.0 184.956 7.28993
4860.4 158.227 6.44831
4861.8 120.862 5.38827
4863.2 121.729 5.56116
4864.6 162.406 6.82251
4866.0 186.696 7.38157
4867.4 207.489 8.12587
4868.8 220.808 8.65449
4870.2 237.306 9.00208
4871.6 238.128 9.18939
4873.0 232.920 8.95282
4874.4 249.562 9.31902
4875.8 255.146 9.67237
4877.2 259.841 9.72163
4878.6 258.179 9.74559
4880.0 265.220 9.84674
4881.4 284.060 10.38160
4882.8 280.300 10.46530
4884.2 273.910 10.25510
4885.6 276.452 10.12150
4887.0 281.592 10.26150
4888.4 286.822 10.46560
4889.8 280.539 10.31380
4891.2 281.950 10.25110
4892.6 270.100 10.13170
4894.0 282.268 10.46010
4895.4 293.568 10.76870
4896.8 289.266 10.54920
4898.2 291.387 10.59640
4899.6 285.477 10.74270
4901.0 290.131 10.58760
4902.4 297.279 10.99910
4903.8 293.849 10.76530
4905.2 292.912 10.72370
4906.6 296.164 10.89710
4908.0 297.328 11.26590
4909.4 293.228 10.73690
4910.8 293.014 10.50350
4912.2 284.041 10.37200
4913.6 291.351 10.43970
4915.0 292.627 10.58140
4916.4 296.514 10.56070
4917.8 293.921 10.62530
4919.2 288.948 10.37150
4920.6 286.434 10.24110
4922.0 290.829 10.44360
4923.4 283.348 10.29290
4924.8 274.062 9.99844
4926.2 280.499 10.30090
4927.6 293.847 10.49230
4929.0 296.970 10.57870
4930.4 287.747 10.27770
4931.8 299.205 10.54330
4933.2 290.896 10.43940
4934.6 282.487 10.25890
4936.0 290.200 10.35720
4937.4 298.755 10.61380
4938.8 292.415 10.42120
4940.2 291.066 10.48700
4941.6 294.474 10.53020
4943.0 292.988 10.49100
4944.4 295.909 10.39710
4945.8 298.569 10.71470
4947.2 295.011 10.63710
4948.6 293.617 10.47230
4950.0 295.356 10.56700
4951.4 300.875 10.32160
4952.8 296.471 10.53140
4954.2 288.393 10.39340
4955.6 292.260 10.45140
4957.0 290.748 10.48140
4958.4 275.073 9.77769
4959.8 279.098 10.05730
4961.2 284.875 10.40960
4962.6 291.878 10.60960
4964.0 291.423 10.47140
4965.4 289.620 10.45680
4966.8 290.351 10.34030
4968.2 287.161 10.37620
4969.6 291.414 10.37820
4971.0 290.830 10.31910
4972.4 291.712 10.62760
4973.8 289.829 10.31750
4975.2 286.137 10.21640
4976.6 296.596 10.66230
4978.0 287.355 10.13390
4979.4 295.596 10.49010
4980.8 293.057 10.52690
4982.2 283.062 10.15560
4983.6 280.747 10.29350
4985.0 283.040 10.05470
4986.4 288.024 10.33550
4987.8 292.097 10.54860
4989.2 290.688 10.52310
4990.6 289.622 10.42800
4992.0 286.614 10.21830
4993.4 287.455 10.11350
4994.8 283.178 10.30460
4996.2 284.751 10.20190
4997.6 285.426 10.16550
4999.0 286.885 10.23310
