3900.0 475.925 22.27970
3901.4 477.061 22.24100
3902.8 483.179 22.07240
3904.2 489.494 21.68690
3905.6 493.873 21.87250
3907.0 536.705 22.89090
3908.4 558.644 24.58940
3909.8 554.750 24.66820
3911.2 543.762 23.40510
3912.6 503.552 22.42310
3914.0 534.121 23.69270
3915.4 552.820 23.86500
3916.8 551.759 24.25890
3918.2 516.957 23.65710
3919.6 541.641 23.62490
3921.0 562.673 23.61690
3922.4 554.637 23.45060
3923.8 552.684 23.07850
3925.2 563.303 22.85130
3926.6 513.133 21.63270
3928.0 507.095 21.50570
3929.4 463.925 19.61870
3930.8 341.090 16.05370
3932.2 196.186 11.52060
3933.6 229.589 12.56270
3935.0 403.858 17.88750
3936.4 494.648 20.10670
3937.8 536.341 21.51990
3939.2 581.648 23.07070
3940.6 552.696 23.26170
3942.0 541.853 22.21070
3943.4 528.576 21.68060
3944.8 542.675 22.42070
3946.2 548.913 22.80550
3947.6 536.592 22.41330
3949.0 528.054 21.97350
3950.4 512.808 22.02780
3951.8 538.125 22.49780
3953.2 544.541 22.76830
3954.6 508.285 21.77780
3956.0 492.978 20.56860
3957.4 499.165 20.86670
3958.8 463.302 20.20370
3960.2 456.455 19.53620
3961.6 433.907 19.04370
3963.0 401.922 17.68590
3964.4 378.811 16.87450
3965.8 258.567 13.42980
3967.2 145.882 9.91339
3968.6 126.335 9.13715
3970.0 207.887 11.17750
3971.4 303.690 14.20970
3972.8 380.030 16.53160
3974.2 397.161 17.45150
3975.6 438.272 18.35490
3977.0 450.492 19.37880
3978.4 490.973 20.78080
3979.8 491.850 22.01870
3981.2 506.331 21.33850
3982.6 509.472 21.49410
3984.0 527.676 22.04300
3985.4 537.741 23.78110
3986.8 542.559 23.68210
3988.2 543.897 24.37300
3989.6 561.004 24.44890
3991.0 549.990 23.30690
3992.4 550.032 22.57530
3993.8 561.430 22.44520
3995.2 540.468 22.45410
3996.6 533.455 21.92780
3998.0 552.539 22.83250
3999.4 560.948 22.49160
4000.8 533.681 21.95590
4002.2 544.552 22.64810
4003.6 532.884 22.74670
4005.0 521.195 22.32000
4006.4 556.809 22.86550
4007.8 564.512 22.50430
4009.2 581.512 23.17180
4010.6 554.543 22.71370
4012.0 557.785 22.80120
4013.4 546.242 22.30240
4014.8 574.736 22.73250
4016.2 539.030 22.35770
4017.6 582.511 23.28800
4019.0 560.885 23.03250
4020.4 560.872 22.94790
4021.8 563.582 22.83940
4023.2 542.073 21.91380
4024.6 558.818 22.63660
4026.0 538.144 21.92590
4027.4 544.591 22.27900
4028.8 535.934 22.09530
4030.2 554.048 23.27900
4031.6 552.632 22.81160
4033.0 560.023 22.18120
4034.4 554.684 22.07140
4035.8 568.485 22.47610
4037.2 583.562 23.22360
4038.6 567.346 22.40820
4040.0 554.178 22.45420
4041.4 571.606 22.21990
4042.8 539.562 21.49970
4044.2 508.932 20.88110
4045.6 527.741 21.27790
4047.0 553.625 21.97090
4048.4 555.210 22.47860
4049.8 564.808 22.33570
4051.2 546.232 21.87090
4052.6 563.183 22.24800
4054.0 538.663 21.78930
4055.4 574.703 22.72790
4056.8 537.844 22.23720
4058.2 563.802 23.03130
4059.6 561.635 22.45260
4061.0 542.318 21.51310
4062.4 508.633 20.71850
4063.8 541.388 21.70660
4065.2 557.851 21.60690
4066.6 552.260 22.32940
4068.0 551.887 23.00570
4069.4 522.319 21.89460
4070.8 518.724 21.42960
4072.2 525.679 21.10070
4073.6 555.815 21.46610
4075.0 515.006 20.81790
4076.4 485.856 19.98110
4077.8 520.742 20.93320
4079.2 538.076 21.92670
4080.6 524.350 21.58820
4082.0 528.088 20.98400
4083.4 515.631 20.86500
4084.8 508.229 20.96130
4086.2 521.653 21.42090
4087.6 536.407 20.57070
4089.0 504.392 20.20510
4090.4 496.701 19.63090
4091.8 465.553 20.68620
4093.2 445.897 19.34630
4094.6 423.721 17.82790
4096.0 384.070 16.71450
4097.4 339.650 15.68510
4098.8 265.538 13.51450
4100.2 194.954 11.04240
4101.6 228.421 12.00960
4103.0 306.911 14.71020
4104.4 372.315 16.99560
4105.8 405.315 17.36820
4107.2 437.857 17.73290
4108.6 452.144 18.53380
4110.0 470.900 19.33950
4111.4 481.748 19.11280
4112.8 495.344 19.94300
4114.2 506.905 20.57140
4115.6 518.136 20.78610
4117.0 497.331 20.03320
4118.4 514.590 20.43020
4119.8 516.914 20.43910
4121.2 516.886 20.98080
4122.6 508.186 20.72160
4124.0 529.421 21.20780
4125.4 556.183 21.63100
4126.8 527.288 21.47340
4128.2 525.136 21.85050
4129.6 511.452 21.11570
4131.0 496.859 20.20930
4132.4 527.298 20.20160
4133.8 531.642 20.47020
4135.2 531.147 21.51090
4136.6 539.256 23.20220
4138.0 562.360 23.47330
4139.4 552.491 22.20800
4140.8 533.509 20.57610
4142.2 501.432 19.51980
4143.6 518.480 20.57500
4145.0 536.868 21.29110
4146.4 550.560 21.29320
4147.8 540.720 20.61690
4149.2 525.206 20.71740
4150.6 545.845 22.14420
4152.0 530.276 21.34720
4153.4 525.216 19.86890
4154.8 532.655 20.91590
4156.2 549.682 21.40800
4157.6 527.224 20.58970
4159.0 542.157 20.54850
4160.4 521.105 20.28950
4161.8 526.147 20.35900
4163.2 529.746 20.59790
4164.6 535.711 20.76980
4166.0 526.049 20.58250
4167.4 536.622 20.64270
4168.8 521.979 20.51090
4170.2 523.916 20.34160
4171.6 495.509 19.75580
4173.0 517.282 20.13710
4174.4 520.071 20.41010
4175.8 522.021 20.41820
4177.2 502.230 19.80940
4178.6 521.901 19.91440
4180.0 514.661 19.92130
4181.4 536.689 20.44310
4182.8 531.919 20.72030
4184.2 529.708 21.01530
4185.6 508.380 20.29290
4187.0 521.797 20.04240
4188.4 537.078 20.51220
4189.8 528.548 20.17290
4191.2 536.550 20.41230
4192.6 531.551 20.31320
4194.0 539.552 20.30280
4195.4 522.134 20.11980
4196.8 501.471 19.06150
4198.2 495.413 19.28510
4199.6 505.507 19.39090
4201.0 513.713 19.76590
4202.4 520.214 19.51240
4203.8 534.944 19.88630
4205.2 531.962 20.58870
4206.6 541.134 20.40030
4208.0 525.748 20.76500
4209.4 533.832 20.87760
4210.8 538.378 20.99600
4212.2 535.116 20.81480
4213.6 520.819 20.69160
4215.0 503.671 20.64180
4216.4 524.077 20.90400
4217.8 537.765 20.71480
4219.2 532.923 20.66040
4220.6 513.252 19.90870
4222.0 517.140 20.07210
4223.4 527.478 20.12460
4224.8 486.905 19.08990
4226.2 473.697 18.36020
4227.6 516.555 19.29220
4229.0 528.401 20.06930
4230.4 519.907 20.33350
4231.8 490.543 19.53540
4233.2 498.168 19.46940
4234.6 492.889 18.98530
4236.0 498.405 19.09180
4237.4 524.682 20.10930
4238.8 537.471 20.05110
4240.2 523.073 20.00890
4241.6 536.279 20.13850
4243.0 536.735 19.77460
4244.4 507.039 19.22130
4245.8 495.535 19.12790
4247.2 509.523 19.73240
4248.6 498.331 19.24830
4250.0 501.400 18.86410
4251.4 504.910 19.59060
4252.8 541.623 20.56930
4254.2 512.196 20.21890
4255.6 529.958 20.02910
4257.0 518.314 19.92020
4258.4 507.616 19.27400
4259.8 493.069 19.72070
4261.2 531.417 19.73900
4262.6 538.209 19.80070
4264.0 534.896 20.73240
4265.4 531.749 19.88540
4266.8 524.581 19.89270
4268.2 527.644 20.19370
4269.6 496.077 19.77930
4271.0 483.965 19.32070
4272.4 509.058 19.77550
4273.8 493.474 18.72670
4275.2 521.942 19.29330
4276.6 525.131 19.64840
4278.0 539.278 19.91220
4279.4 532.177 20.06060
4280.8 519.980 19.73520
4282.2 506.990 19.18320
4283.6 526.144 19.85590
4285.0 529.710 19.58950
4286.4 499.681 19.04020
4287.8 481.479 19.41630
4289.2 492.910 18.80280
4290.6 502.601 19.01340
4292.0 508.456 18.67700
4293.4 498.946 18.82130
4294.8 498.053 18.76790
4296.2 508.991 18.98550
4297.6 473.370 18.57270
4299.0 463.145 17.83540
4300.4 469.079 17.81030
4301.8 464.201 17.74760
4303.2 498.703 18.38890
4304.6 508.117 18.60090
4306.0 482.774 18.10370
4307.4 493.115 18.17130
4308.8 523.588 18.99140
4310.2 509.970 19.44740
4311.6 484.819 18.73760
4313.0 455.574 17.95650
4314.4 493.110 18.56360
4315.8 500.577 19.14760
4317.2 504.793 18.75290
4318.6 475.735 18.37670
4320.0 478.891 18.50030
4321.4 505.229 18.76290
4322.8 484.581 17.89920
4324.2 445.914 17.04030
4325.6 451.718 16.92800
4327.0 467.988 17.59100
4328.4 452.326 17.21030
4329.8 447.784 17.28030
4331.2 437.266 16.83320
4332.6 415.672 16.39010
4334.0 398.947 15.68390
4335.4 347.336 14.76300
4336.8 302.008 13.05140
4338.2 223.785 10.79040
4339.6 195.597 9.46459
4341.0 267.333 11.20790
4342.4 332.788 13.46700
4343.8 367.011 15.08980
4345.2 403.535 15.76940
4346.6 428.082 16.39350
4348.0 447.863 17.24600
4349.4 429.928 16.53720
4350.8 423.899 16.52380
4352.2 452.184 17.09670
4353.6 473.641 17.63000
4355.0 476.281 17.90110
4356.4 492.461 18.51750
4357.8 485.259 18.40130
4359.2 492.502 18.70020
4360.6 500.071 18.43010
4362.0 486.631 18.23740
4363.4 506.367 18.77860
4364.8 502.882 18.86800
4366.2 489.427 18.65690
4367.6 500.197 19.10600
4369.0 506.522 19.15190
4370.4 504.795 18.83550
4371.8 510.452 18.85310
4373.2 478.238 19.12750
4374.6 495.534 19.21140
4376.0 508.234 19.74160
4377.4 518.796 19.63150
4378.8 500.406 18.64940
4380.2 511.727 18.69780
4381.6 479.629 17.82000
4383.0 446.466 17.02240
4384.4 477.247 17.63290
4385.8 493.298 18.48630
4387.2 498.687 18.48780
4388.6 502.847 18.59270
4390.0 506.281 18.79640
4391.4 507.156 18.49420
4392.8 468.538 17.67710
4394.2 453.146 17.93260
4395.6 490.502 19.36740
4397.0 482.015 19.08320
4398.4 470.492 18.08320
4399.8 483.228 18.16310
4401.2 498.236 18.70360
4402.6 479.828 17.81410
4404.0 475.770 18.08180
4405.4 493.280 18.20830
4406.8 506.359 18.41360
4408.2 489.713 17.92100
4409.6 490.834 17.91190
4411.0 496.624 18.30340
4412.4 492.698 18.61940
4413.8 470.602 17.93980
4415.2 457.949 17.42670
4416.6 464.353 17.43260
4418.0 476.621 18.26310
4419.4 491.748 18.77850
4420.8 494.222 18.62570
4422.2 500.427 18.71530
4423.6 489.457 18.80500
4425.0 493.929 19.36170
4426.4 485.844 18.93560
4427.8 487.385 18.77400
4429.2 491.456 18.30980
4430.6 504.993 18.63660
4432.0 498.248 18.38860
4433.4 479.581 18.01600
4434.8 479.184 18.47920
4436.2 505.560 18.59130
4437.6 494.386 18.35560
4439.0 495.809 18.13200
4440.4 479.922 17.82440
4441.8 458.018 17.24780
4443.2 461.631 17.04080
4444.6 482.958 18.17710
4446.0 489.333 18.11430
4447.4 493.535 18.35360
4448.8 466.184 17.23420
4450.2 483.432 18.34150
4451.6 487.776 18.59580
4453.0 478.394 18.22690
4454.4 475.290 17.53850
4455.8 486.617 17.83930
4457.2 478.428 17.69430
4458.6 487.205 17.77990
4460.0 484.089 17.89590
4461.4 493.671 17.84790
4462.8 477.421 17.77480
4464.2 483.643 17.74450
4465.6 476.610 17.49750
4467.0 453.168 17.48570
4468.4 459.639 17.51850
4469.8 475.285 17.84830
4471.2 480.725 17.86200
4472.6 486.072 18.03800
4474.0 487.171 17.74990
4475.4 489.186 18.06160
4476.8 494.108 18.23550
4478.2 483.501 17.87660
4479.6 450.054 17.01290
4481.0 451.818 16.94160
4482.4 491.198 17.91140
4483.8 484.573 17.93360
4485.2 500.112 18.13950
4486.6 487.504 17.84790
4488.0 476.201 17.72480
4489.4 475.516 17.53350
4490.8 487.023 17.92440
4492.2 470.866 16.90740
4493.6 485.245 17.85080
4495.0 471.405 17.99670
4496.4 476.366 18.54810
4497.8 495.038 17.75150
4499.2 465.195 17.31030
4500.6 457.936 17.06730
4502.0 479.631 17.63320
4503.4 476.699 17.40870
4504.8 494.291 17.95180
4506.2 462.718 17.82420
4507.6 482.430 17.43190
4509.0 472.457 17.71130
4510.4 487.677 17.94290
4511.8 480.713 17.51490
4513.2 468.642 17.36530
4514.6 473.179 17.41160
4516.0 469.648 17.37590
4517.4 481.392 17.64300
4518.8 476.527 17.48580
4520.2 465.742 17.21400
4521.6 449.004 17.12620
4523.0 468.110 17.59230
4524.4 479.459 17.38810
4525.8 477.645 17.43980
4527.2 475.975 17.51950
4528.6 473.158 17.34290
4530.0 468.231 17.20020
4531.4 458.547 16.44780
4532.8 436.760 16.30410
4534.2 459.663 16.68360
4535.6 479.245 17.38430
4537.0 479.625 17.64760
4538.4 478.755 18.09520
4539.8 456.387 17.94990
4541.2 479.422 17.84860
4542.6 474.571 17.39860
4544.0 465.018 17.31470
4545.4 471.035 17.41620
4546.8 447.992 16.58010
4548.2 425.377 16.24250
4549.6 452.328 16.82980
4551.0 459.062 17.00660
4552.4 449.050 17.03470
4553.8 445.812 16.81840
4555.2 444.464 17.07660
4556.6 475.461 17.65650
4558.0 468.255 17.40290
4559.4 485.224 17.85080
4560.8 468.992 17.21510
4562.2 439.901 16.35930
4563.6 458.182 17.12920
4565.0 481.742 17.73880
4566.4 478.837 17.68080
4567.8 471.683 17.30150
4569.2 453.057 17.60110
4570.6 434.484 17.21110
4572.0 462.210 17.27370
4573.4 469.653 17.12950
4574.8 463.763 17.13870
4576.2 465.335 17.12220
4577.6 474.114 17.30650
4579.0 476.601 17.52630
4580.4 455.333 17.03920
4581.8 436.856 16.47810
4583.2 449.481 16.42320
4584.6 478.388 17.15670
4586.0 469.549 16.99520
4587.4 452.951 16.87460
4588.8 450.248 16.66020
4590.2 459.948 16.59410
4591.6 468.724 17.03480
4593.0 471.980 17.06580
4594.4 467.632 17.22830
4595.8 462.688 17.01610
4597.2 469.085 17.12330
4598.6 466.007 16.99340
4600.0 468.693 16.73920
4601.4 459.015 16.96700
4602.8 457.720 16.90790
4604.2 460.590 16.91730
4605.6 470.072 17.19380
4607.0 467.827 17.45360
4608.4 480.668 17.60490
4609.8 468.534 17.21170
4611.2 466.300 17.09380
4612.6 466.433 17.21660
4614.0 459.235 17.33640
4615.4 467.893 17.79740
4616.8 450.616 17.15330
4618.2 444.353 16.75020
4619.6 455.849 17.30610
4621.0 466.635 17.27030
4622.4 466.874 17.16960
4623.8 468.222 17.06040
4625.2 460.119 16.88680
4626.6 453.817 16.93770
4628.0 447.244 16.36820
4629.4 473.634 16.92220
4630.8 462.909 16.86240
4632.2 459.317 17.05130
4633.6 460.669 17.51400
4635.0 451.402 16.42260
4636.4 455.460 16.55960
4637.8 453.575 16.59090
4639.2 455.324 16.65010
4640.6 450.167 16.21400
4642.0 468.536 16.58980
4643.4 439.826 16.28790
4644.8 460.381 16.77210
4646.2 448.699 16.47470
4647.6 458.804 16.54170
4649.0 444.309 16.39160
4650.4 462.258 16.65680
4651.8 458.957 16.47790
4653.2 460.312 16.53030
4654.6 458.421 16.73830
4656.0 460.544 16.39880
4657.4 458.076 17.22540
4658.8 454.366 16.96480
4660.2 460.383 16.78130
4661.6 458.158 16.82070
4663.0 453.166 16.36730
4664.4 440.290 16.63110
4665.8 441.895 16.65870
4667.2 440.208 16.48940
4668.6 457.634 16.32210
4670.0 452.104 16.37090
4671.4 465.945 17.29240
4672.8 453.416 16.73460
4674.2 465.259 16.99240
4675.6 447.943 16.31050
4677.0 451.176 16.99260
4678.4 458.973 17.25370
4679.8 445.609 16.90170
4681.2 448.629 16.48420
4682.6 446.204 16.00490
4684.0 462.398 16.47860
4685.4 459.306 16.88500
4686.8 457.272 16.69110
4688.2 453.531 16.40090
4689.6 445.675 16.36750
4691.0 454.955 16.84340
4692.4 451.162 16.39850
4693.8 457.258 16.65660
4695.2 453.170 16.27100
4696.6 440.847 16.18340
4698.0 455.552 16.54420
4699.4 447.091 16.14750
4700.8 443.415 16.26390
4702.2 442.260 16.64130
4703.6 449.643 16.37990
4705.0 462.759 16.46430
4706.4 439.288 16.15140
4707.8 436.642 15.50200
4709.2 450.046 16.15870
4710.6 447.348 16.21430
4712.0 447.721 15.91260
4713.4 447.215 16.12230
4714.8 449.692 16.37300
4716.2 453.841 16.70240
4717.6 453.619 16.45260
4719.0 450.776 16.18440
4720.4 445.443 16.08520
4721.8 446.270 15.97780
4723.2 441.341 15.70980
4724.6 438.705 16.05780
4726.0 446.124 16.19950
4727.4 439.570 16.12060
4728.8 442.917 15.83210
4730.2 444.866 15.74390
4731.6 443.674 15.97060
4733.0 450.520 16.13330
4734.4 438.015 16.04730
4735.8 434.525 16.11890
4737.2 445.000 16.65960
4738.6 440.183 16.59550
4740.0 440.586 16.20240
4741.4 442.651 15.94660
4742.8 445.290 16.04570
4744.2 440.214 15.88670
4745.6 450.760 16.61350
4747.0 437.187 16.78660
4748.4 441.767 16.56410
4749.8 444.430 16.19770
4751.2 436.690 15.66930
4752.6 441.802 16.03120
4754.0 427.151 15.49540
4755.4 435.851 15.73640
4756.8 436.697 15.75020
4758.2 445.620 16.01470
4759.6 431.191 15.89080
4761.0 438.384 15.70420
4762.4 427.785 15.65300
4763.8 431.498 15.60160
4765.2 438.790 15.77470
4766.6 435.246 15.69510
4768.0 434.374 15.57820
4769.4 433.926 15.75300
4770.8 431.632 15.65540
4772.2 433.320 15.79060
4773.6 434.603 15.64690
4775.0 449.042 16.01250
4776.4 440.910 15.62190
4777.8 429.368 15.94000
4779.2 429.026 15.60010
4780.6 429.046 15.50580
4782.0 430.280 15.83050
4783.4 439.304 15.88190
4784.8 436.612 15.69210
4786.2 423.322 15.26610
4787.6 429.336 15.55770
4789.0 431.984 15.51800
4790.4 425.134 15.15710
4791.8 425.728 15.31700
4793.2 429.488 15.68970
4794.6 434.039 16.32250
4796.0 424.603 15.76380
4797.4 415.769 15.77210
4798.8 438.983 15.79960
4800.2 424.120 15.28590
4801.6 435.749 15.42580
4803.0 418.096 15.35140
4804.4 420.370 15.36250
4805.8 424.593 15.54410
4807.2 425.391 15.36630
4808.6 421.181 15.61470
4810.0 429.418 15.53940
4811.4 428.891 15.49870
4812.8 425.727 15.48080
4814.2 424.311 15.32260
4815.6 417.616 15.04120
4817.0 425.395 15.52210
4818.4 415.827 15.15590
4819.8 422.595 15.11390
4821.2 417.046 15.24760
4822.6 409.127 14.79090
4824.0 416.621 15.14330
4825.4 423.956 15.37870
4826.8 420.402 15.10740
4828.2 412.206 14.97810
4829.6 414.845 14.74060
4831.0 417.607 14.89010
4832.4 416.420 14.96320
4833.8 424.894 15.50020
4835.2 414.028 15.09140
4836.6 413.950 15.28280
4838.0 416.341 15.04150
4839.4 407.424 14.95200
4840.8 407.331 14.69810
4842.2 395.733 14.42710
4843.6 403.431 14.45250
4845.0 392.309 14.42610
4846.4 388.739 14.16960
4847.8 379.746 13.96990
4849.2 387.627 14.05680
4850.6 376.747 13.94790
4852.0 353.019 13.20100
4853.4 342.951 12.73940
4854.8 318.047 12.17590
4856.2 302.292 11.39210
4857.6 256.616 10.11910
4859.0 183.586 8.26936
4860.4 180.276 8.24144
4861.8 242.463 9.47955
4863.2 294.823 11.42110
4864.6 325.167 12.41850
4866.0 343.157 12.95040
4867.4 354.046 13.00150
4868.8 359.975 13.77350
4870.2 374.172 13.99440
4871.6 374.205 14.16850
4873.0 394.889 14.34010
4874.4 387.738 14.23080
4875.8 392.269 14.84160
4877.2 397.741 14.99170
4878.6 403.591 14.77210
4880.0 408.344 14.63420
4881.4 395.944 14.66590
4882.8 413.750 14.95420
4884.2 415.287 15.18360
4885.6 413.480 15.27510
4887.0 411.310 14.94330
4888.4 401.902 14.64500
4889.8 395.888 14.62470
4891.2 408.302 14.81150
4892.6 410.864 15.08360
4894.0 406.594 15.08480
4895.4 417.128 15.42130
4896.8 409.053 15.37780
4898.2 412.167 15.29240
4899.6 412.052 14.90340
4901.0 413.291 14.96830
4902.4 409.902 15.71870
4903.8 415.598 15.32670
4905.2 409.958 14.70650
4906.6 415.110 15.15110
4908.0 415.546 15.22380
4909.4 406.891 14.79990
4910.8 398.952 14.43770
4912.2 404.342 14.75120
4913.6 409.592 14.70540
4915.0 411.827 14.98670
4916.4 401.012 14.68170
4917.8 385.757 13.96180
4919.2 389.404 14.27600
4920.6 387.456 14.25500
4922.0 369.549 13.58930
4923.4 378.154 13.59880
4924.8 392.058 14.36260
4926.2 406.002 14.69950
4927.6 399.765 14.70770
4929.0 397.153 15.02110
4930.4 397.035 14.90790
4931.8 389.735 14.07160
4933.2 385.716 13.92610
4934.6 396.861 14.21420
4936.0 395.487 14.23520
4937.4 391.963 14.03870
4938.8 397.967 14.52810
4940.2 393.554 14.22520
4941.6 400.388 14.31590
4943.0 404.088 14.54390
4944.4 394.805 14.23560
4945.8 397.223 14.35880
4947.2 403.705 14.32180
4948.6 408.071 14.86480
4950.0 400.036 14.68110
4951.4 402.978 14.72530
4952.8 401.965 14.41840
4954.2 408.691 14.75220
4955.6 370.700 13.60780
4957.0 375.131 14.08640
4958.4 410.647 14.72290
4959.8 397.630 14.32090
4961.2 397.827 14.25660
4962.6 400.761 14.28430
4964.0 405.186 14.45830
4965.4 404.490 14.32280
4966.8 399.152 14.40140
4968.2 403.065 14.17010
4969.6 402.643 14.58080
4971.0 401.730 14.20810
4972.4 408.058 14.55240
4973.8 399.766 14.44560
4975.2 397.985 14.24510
4976.6 411.007 14.71350
4978.0 402.545 14.45480
4979.4 393.781 14.11190
4980.8 385.421 14.00340
4982.2 390.986 14.15060
4983.6 398.528 14.07280
4985.0 402.128 14.59680
4986.4 403.277 14.63560
4987.8 391.312 14.34750
4989.2 387.032 14.69430
4990.6 398.160 14.25990
4992.0 386.602 14.05700
4993.4 395.797 14.19620
4994.8 392.600 14.24380
4996.2 391.313 14.05740
4997.6 387.018 14.01490
4999.0 401.557 14.39880
