3900.0 404.491 19.21090
3901.4 414.554 20.11820
3902.8 397.292 18.53520
3904.2 405.068 19.38090
3905.6 441.610 20.54920
3907.0 447.542 20.16580
3908.4 441.622 19.66790
3909.8 441.968 19.98050
3911.2 478.099 21.18660
3912.6 482.467 21.44480
3914.0 512.532 22.14530
3915.4 499.949 21.69050
3916.8 481.357 20.74470
3918.2 444.030 19.60660
3919.6 479.738 20.46090
3921.0 467.241 19.90790
3922.4 461.888 19.66740
3923.8 461.971 19.81670
3925.2 452.763 19.75740
3926.6 463.627 19.54910
3928.0 471.038 19.88490
3929.4 490.230 20.42040
3930.8 460.244 19.02670
3932.2 423.757 17.94040
3933.6 393.284 16.84750
3935.0 319.947 13.87710
3936.4 204.459 10.92680
3937.8 143.913 8.95428
3939.2 244.547 11.94450
3940.6 378.942 16.60070
3942.0 445.868 18.79520
3943.4 457.876 19.22200
3944.8 485.302 19.82030
3946.2 451.510 19.20580
3947.6 433.995 19.36720
3949.0 459.765 19.41680
3950.4 494.796 20.48570
3951.8 443.751 18.82260
3953.2 434.884 18.52100
3954.6 424.846 17.99310
3956.0 441.050 18.87770
3957.4 438.763 18.81440
3958.8 435.664 19.01870
3960.2 397.896 17.86810
3961.6 391.823 17.76150
3963.0 414.739 18.32490
3964.4 388.706 17.59890
3965.8 376.035 16.90960
3967.2 373.426 17.37910
3968.6 363.965 17.16440
3970.0 307.710 14.90410
3971.4 208.836 11.55380
3972.8 130.979 9.55609
3974.2 178.755 10.93090
3975.6 296.987 14.47760
3977.0 377.561 16.81010
3978.4 410.674 17.95950
3979.8 424.437 18.28610
3981.2 428.336 18.51350
3982.6 441.307 18.94400
3984.0 471.250 18.77800
3985.4 440.255 18.64460
3986.8 447.927 18.76520
3988.2 457.751 18.23210
3989.6 460.328 18.03150
3991.0 461.362 18.40300
3992.4 457.763 18.91990
3993.8 466.492 18.72300
3995.2 466.906 19.24840
3996.6 476.852 19.12870
3998.0 482.822 19.18780
3999.4 455.761 18.71390
4000.8 449.282 18.39290
4002.2 445.308 18.36010
4003.6 458.934 18.89030
4005.0 482.149 19.40900
4006.4 482.056 19.30600
4007.8 468.751 19.08190
4009.2 442.627 18.03350
4010.6 459.651 18.28450
4012.0 476.662 19.36570
4013.4 474.939 18.88640
4014.8 475.168 19.01440
4016.2 451.692 18.52500
4017.6 454.891 17.87000
4019.0 464.482 18.47340
4020.4 489.000 19.16210
4021.8 486.198 19.27550
4023.2 476.722 18.80130
4024.6 490.682 19.33340
4026.0 463.791 18.77550
4027.4 479.867 18.87680
4028.8 463.746 18.33430
4030.2 474.947 18.55560
4031.6 462.372 18.69630
4033.0 468.865 18.37060
4034.4 439.121 17.87570
4035.8 441.183 17.74570
4037.2 457.740 18.31890
4038.6 470.970 18.57750
4040.0 466.868 18.30810
4041.4 479.358 18.73420
4042.8 488.014 18.85560
4044.2 481.151 19.23200
4045.6 473.706 18.72630
4047.0 456.519 18.85060
4048.4 459.045 18.88360
4049.8 435.623 18.04290
4051.2 445.984 18.49300
4052.6 469.901 18.98630
4054.0 487.397 19.65850
4055.4 492.658 19.47550
4056.8 467.338 18.76340
4058.2 473.018 18.42220
4059.6 472.237 18.32180
4061.0 479.990 19.24360
4062.4 475.094 19.58540
4063.8 490.791 19.29950
4065.2 478.652 19.21240
4066.6 451.466 17.94330
4068.0 452.565 18.29490
4069.4 466.456 18.48270
4070.8 471.391 19.56850
4072.2 467.322 18.68290
4073.6 484.921 19.07570
4075.0 463.512 18.23770
4076.4 440.481 17.48430
4077.8 457.412 18.59820
4079.2 468.459 18.21870
4080.6 435.338 17.13570
4082.0 406.651 16.49230
4083.4 441.096 17.05730
4084.8 467.785 17.95970
4086.2 464.852 18.37050
4087.6 456.475 18.02060
4089.0 448.169 17.49230
4090.4 449.116 18.07530
4091.8 450.540 17.94130
4093.2 455.641 17.99220
4094.6 444.451 18.03150
4096.0 443.237 17.09500
4097.4 409.986 16.21910
4098.8 412.863 16.72360
4100.2 400.099 16.20790
4101.6 377.994 15.74330
4103.0 347.260 14.32160
4104.4 293.547 12.35580
4105.8 227.354 10.55830
4107.2 254.055 11.49040
4108.6 338.270 13.97030
4110.0 372.211 15.37340
4111.4 380.701 15.38180
4112.8 401.697 16.07190
4114.2 406.953 16.26610
4115.6 416.819 16.40610
4117.0 426.319 17.10520
4118.4 442.232 17.85510
4119.8 447.611 17.49350
4121.2 440.145 17.63710
4122.6 434.316 17.06170
4124.0 428.672 18.04580
4125.4 438.129 18.07560
4126.8 438.124 17.03930
4128.2 446.329 17.30940
4129.6 462.177 17.80800
4131.0 455.247 17.86810
4132.4 448.137 17.45790
4133.8 450.440 17.65780
4135.2 426.797 16.55520
4136.6 424.161 16.94170
4138.0 439.976 17.08290
4139.4 446.329 17.42160
4140.8 471.475 17.41200
4142.2 453.478 17.37180
4143.6 470.573 17.88480
4145.0 473.137 17.42200
4146.4 445.039 16.76060
4147.8 421.347 16.12170
4149.2 433.092 16.19940
4150.6 453.045 16.95480
4152.0 454.203 16.86710
4153.4 448.731 17.27720
4154.8 447.487 17.05380
4156.2 450.962 16.88740
4157.6 448.729 16.98040
4159.0 426.166 16.60940
4160.4 436.305 16.99830
4161.8 445.431 16.98560
4163.2 455.008 17.08660
4164.6 447.391 17.02370
4166.0 440.679 16.98220
4167.4 441.979 16.71550
4168.8 448.395 16.88480
4170.2 454.349 17.07850
4171.6 446.163 17.42240
4173.0 449.774 17.04620
4174.4 442.993 16.79670
4175.8 420.636 15.91080
4177.2 414.056 15.80310
4178.6 411.463 15.90320
4180.0 427.365 16.18660
4181.4 430.250 16.11810
4182.8 424.247 15.91750
4184.2 433.200 16.47190
4185.6 434.863 16.70280
4187.0 437.758 16.77930
4188.4 444.094 16.41900
4189.8 434.252 16.30040
4191.2 422.937 15.87660
4192.6 429.791 16.40440
4194.0 444.166 16.29360
4195.4 437.909 16.42960
4196.8 440.240 16.33040
4198.2 453.603 17.06070
4199.6 451.097 16.49250
4201.0 443.619 16.67370
4202.4 417.015 15.86620
4203.8 427.506 16.11460
4205.2 439.544 16.34590
4206.6 426.538 16.03110
4208.0 434.450 16.18250
4209.4 443.961 16.59870
4210.8 447.494 16.96240
4212.2 447.279 16.47510
4213.6 432.449 15.83110
4215.0 449.255 16.37610
4216.4 450.586 16.67070
4217.8 453.799 17.04340
4219.2 422.385 16.01360
4220.6 406.547 15.43540
4222.0 434.717 16.40340
4223.4 449.780 16.47410
4224.8 458.060 16.97700
4226.2 450.104 16.57880
4227.6 437.436 16.07190
4229.0 435.037 16.14820
4230.4 403.339 15.21400
4231.8 396.457 14.55690
4233.2 437.858 16.16270
4234.6 455.754 16.54980
4236.0 441.551 15.98140
4237.4 422.306 15.45770
4238.8 413.312 15.25450
4240.2 436.659 16.12240
4241.6 433.898 15.85750
4243.0 441.655 16.57490
4244.4 442.251 16.39340
4245.8 459.585 16.72720
4247.2 449.683 16.91120
4248.6 457.211 16.71850
4250.0 435.060 16.35860
4251.4 408.956 15.41180
4252.8 424.249 15.69310
4254.2 421.224 15.43840
4255.6 413.018 15.63160
4257.0 447.052 16.59510
4258.4 443.138 16.86990
4259.8 447.712 16.93900
4261.2 449.903 16.61370
4262.6 447.993 16.40650
4264.0 420.686 15.82030
4265.4 429.606 15.97130
4266.8 437.020 15.97730
4268.2 456.522 16.51930
4269.6 463.599 16.81810
4271.0 458.998 16.74030
4272.4 460.967 16.89680
4273.8 455.701 16.66620
4275.2 418.475 15.52900
4276.6 406.222 15.10420
4278.0 426.962 15.44100
4279.4 426.318 15.82210
4280.8 448.200 16.46020
4282.2 453.813 16.58400
4283.6 458.761 16.64100
4285.0 446.122 16.47490
4286.4 436.839 15.96140
4287.8 432.428 16.10700
4289.2 444.805 16.26570
4290.6 452.382 16.58280
4292.0 423.111 15.45550
4293.4 406.899 14.33220
4294.8 388.933 14.42370
4296.2 431.738 15.51940
4297.6 424.947 15.50360
4299.0 415.148 15.50980
4300.4 423.989 15.40910
4301.8 426.686 15.40340
4303.2 400.228 14.92090
4304.6 383.289 14.24420
4306.0 385.398 14.20580
4307.4 388.334 14.47710
4308.8 410.031 14.69250
4310.2 421.351 15.41600
4311.6 407.290 14.75470
4313.0 384.287 14.43120
4314.4 420.705 15.23090
4315.8 429.839 15.23300
4317.2 414.154 15.16010
4318.6 394.079 14.57430
4320.0 398.604 14.67850
4321.4 430.324 15.80330
4322.8 431.866 15.67160
4324.2 419.001 15.27520
4325.6 414.537 15.03160
4327.0 414.579 15.11440
4328.4 416.770 15.15490
4329.8 384.428 14.37030
4331.2 396.410 14.35490
4332.6 415.258 15.36920
4334.0 412.391 15.20920
4335.4 405.738 14.81330
4336.8 401.273 14.74120
4338.2 392.543 14.77080
4339.6 383.243 14.09800
4341.0 365.835 13.60880
4342.4 314.695 11.84720
4343.8 254.976 10.02570
4345.2 217.165 9.33592
4346.6 269.018 10.48470
4348.0 335.603 12.65500
4349.4 357.435 13.15730
4350.8 376.629 13.87280
4352.2 397.358 14.73060
4353.6 400.488 14.82490
4355.0 395.788 14.42940
4356.4 369.953 14.18980
4357.8 386.824 14.64340
4359.2 420.462 15.71980
4360.6 418.431 15.54630
4362.0 423.852 15.13010
4363.4 425.520 15.45820
4364.8 432.527 15.65120
4366.2 433.009 15.57210
4367.6 436.665 15.67260
4369.0 437.266 16.01340
4370.4 429.952 15.54970
4371.8 430.992 15.57950
4373.2 422.415 15.34880
4374.6 423.579 15.80870
4376.0 437.919 15.96580
4377.4 442.916 15.76390
4378.8 401.884 14.62590
4380.2 397.495 14.62990
4381.6 430.386 15.35780
4383.0 446.472 15.82300
4384.4 439.550 15.63000
4385.8 440.296 15.73190
4387.2 416.819 14.71380
4388.6 389.031 14.28440
4390.0 402.418 14.30690
4391.4 427.208 15.50470
4392.8 434.096 15.62600
4394.2 448.859 16.51120
4395.6 432.395 15.41960
4397.0 439.830 15.39930
4398.4 410.655 14.80500
4399.8 395.190 14.34130
4401.2 411.012 15.07890
4402.6 435.559 15.49690
4404.0 414.906 15.10130
4405.4 403.004 14.51940
4406.8 426.561 15.32040
4408.2 428.106 15.53740
4409.6 413.934 14.99410
4411.0 426.001 15.23300
4412.4 431.635 15.20440
4413.8 433.812 15.66660
4415.2 442.650 15.83850
4416.6 441.167 15.86080
4418.0 433.426 15.05510
4419.4 407.137 14.64810
4420.8 393.722 14.48300
4422.2 399.152 14.40830
4423.6 411.343 14.78820
4425.0 432.775 15.24920
4426.4 431.861 15.19210
4427.8 416.425 14.71450
4429.2 430.656 15.60120
4430.6 420.160 14.93320
4432.0 415.703 14.98310
4433.4 427.910 15.56630
4434.8 431.135 15.40930
4436.2 432.571 15.42910
4437.6 424.906 14.95680
4439.0 414.735 14.90840
4440.4 416.345 14.72950
4441.8 431.477 15.51370
4443.2 441.013 15.72590
4444.6 434.476 15.50090
4446.0 426.457 15.23990
4447.4 393.036 14.23190
4448.8 388.513 14.12480
4450.2 411.384 14.83830
4451.6 423.874 15.02510
4453.0 431.184 15.31410
4454.4 408.375 14.90200
4455.8 412.814 14.45270
4457.2 423.831 14.82390
4458.6 419.720 14.89150
4460.0 399.196 14.06150
4461.4 416.411 14.79140
4462.8 419.125 15.01700
4464.2 422.111 15.02530
4465.6 414.275 14.90510
4467.0 416.558 14.71440
4468.4 421.765 15.25040
4469.8 423.933 14.84330
4471.2 409.714 14.76180
4472.6 398.628 14.23250
4474.0 393.838 14.19590
4475.4 410.609 14.79410
4476.8 421.440 14.75220
4478.2 422.519 14.84890
4479.6 424.956 15.16410
4481.0 425.285 14.64550
4482.4 423.875 14.99340
4483.8 414.689 15.04760
4485.2 402.556 14.56510
4486.6 406.507 14.51040
4488.0 413.703 14.62060
4489.4 428.417 14.95620
4490.8 430.196 15.22450
4492.2 431.035 15.17370
4493.6 414.428 14.83590
4495.0 416.324 14.67330
4496.4 414.692 14.68020
4497.8 416.995 14.82290
4499.2 416.878 14.87750
4500.6 415.232 15.11010
4502.0 427.384 15.14310
4503.4 424.273 15.16060
4504.8 411.889 14.55180
4506.2 391.352 14.03450
4507.6 413.412 14.75710
4509.0 426.903 14.78640
4510.4 427.261 14.99950
4511.8 425.802 14.97260
4513.2 413.940 14.54590
4514.6 414.896 14.68120
4516.0 425.705 15.33850
4517.4 423.083 15.19420
4518.8 419.997 14.83530
4520.2 418.064 14.95840
4521.6 420.573 15.01380
4523.0 413.804 14.68000
4524.4 410.014 14.45900
4525.8 406.699 14.30070
4527.2 396.897 13.83890
4528.6 401.992 14.31740
4530.0 412.075 14.75140
4531.4 407.578 14.37870
4532.8 401.738 14.17520
4534.2 397.784 14.18320
4535.6 404.703 14.29690
4537.0 401.010 14.26620
4538.4 385.890 13.94170
4539.8 390.217 13.73740
4541.2 410.366 14.61610
4542.6 422.256 14.91770
4544.0 419.685 15.46000
4545.4 419.279 15.00940
4546.8 421.795 15.01090
4548.2 418.972 14.90030
4549.6 427.412 14.81800
4551.0 423.272 15.09810
4552.4 417.264 14.78960
4553.8 390.347 14.10390
4555.2 392.879 13.89880
4556.6 407.556 14.30760
4558.0 392.546 13.99760
4559.4 387.526 13.93690
4560.8 398.984 14.55420
4562.2 408.506 14.52230
4563.6 417.660 14.72690
4565.0 425.423 14.64400
4566.4 428.784 14.83890
4567.8 401.181 14.23730
4569.2 398.839 14.28890
4570.6 416.943 14.56290
4572.0 428.036 15.18980
4573.4 428.406 15.00400
4574.8 425.071 14.67070
4576.2 399.546 13.96180
4577.6 396.165 13.98440
4579.0 419.857 14.54840
4580.4 419.677 14.39260
4581.8 418.755 14.78190
4583.2 413.024 14.75610
4584.6 416.278 14.67130
4586.0 421.451 14.63750
4587.4 407.782 14.56620
4588.8 396.009 13.69650
4590.2 408.837 14.25450
4591.6 416.889 14.31260
4593.0 408.590 14.14040
4594.4 405.861 14.19030
4595.8 417.550 14.34210
4597.2 417.708 14.59780
4598.6 415.899 14.51740
4600.0 418.183 14.87360
4601.4 420.705 14.70940
4602.8 428.250 14.88050
4604.2 424.809 15.15420
4605.6 420.277 14.82270
4607.0 418.929 14.71140
4608.4 419.030 14.85080
4609.8 417.049 15.00720
4611.2 417.465 14.66590
4612.6 424.330 14.93320
4614.0 421.820 14.41170
4615.4 418.988 14.65720
4616.8 419.698 14.74110
4618.2 415.979 14.46360
4619.6 419.836 14.66990
4621.0 417.328 14.75210
4622.4 414.607 14.24710
4623.8 412.313 14.35530
4625.2 409.523 14.52190
4626.6 419.425 14.53760
4628.0 424.154 14.88250
4629.4 423.190 14.61880
4630.8 417.963 14.34260
4632.2 415.229 14.49250
4633.6 405.350 14.29110
4635.0 405.977 14.34990
4636.4 416.386 14.41700
4637.8 416.858 14.64550
4639.2 415.377 14.62290
4640.6 423.286 14.86410
4642.0 417.557 14.53700
4643.4 414.399 14.59760
4644.8 422.820 14.85510
4646.2 418.536 14.67190
4647.6 418.478 14.85140
4649.0 423.875 14.74920
4650.4 419.075 14.60160
4651.8 412.666 14.38650
4653.2 421.327 14.75860
4654.6 418.451 14.59030
4656.0 419.525 14.37890
4657.4 420.714 14.69350
4658.8 417.101 14.55170
4660.2 415.036 14.51930
4661.6 408.526 14.34360
4663.0 409.889 14.68100
4664.4 423.678 14.67400
4665.8 422.796 14.56550
4667.2 417.854 14.90400
4668.6 422.199 14.45480
4670.0 420.269 14.72210
4671.4 413.104 14.37180
4672.8 412.022 13.76740
4674.2 415.689 14.43410
4675.6 411.837 14.40600
4677.0 417.374 14.64270
4678.4 422.233 14.64860
4679.8 420.056 14.61850
4681.2 422.227 14.77900
4682.6 418.142 14.60790
4684.0 414.098 14.40360
4685.4 413.247 14.65760
4686.8 416.316 14.46380
4688.2 415.589 14.35400
4689.6 420.382 14.60580
4691.0 418.161 14.69240
4692.4 419.299 14.87220
4693.8 420.221 14.92170
4695.2 415.744 14.61530
4696.6 409.941 14.28790
4698.0 408.774 14.31080
4699.4 415.371 14.54690
4700.8 417.167 14.60980
4702.2 414.303 14.64430
4703.6 408.929 14.47930
4705.0 406.824 14.37710
4706.4 406.850 14.17040
4707.8 394.740 14.05170
4709.2 403.974 13.83370
4710.6 415.276 14.53630
4712.0 409.305 14.54440
4713.4 414.559 14.74960
4714.8 417.605 14.41980
4716.2 422.986 14.63650
4717.6 421.376 14.69880
4719.0 415.429 14.43160
4720.4 417.545 14.58500
4721.8 416.510 14.93120
4723.2 420.590 14.80040
4724.6 420.307 14.74410
4726.0 418.152 14.65090
4727.4 422.308 14.74750
4728.8 420.468 14.60030
4730.2 433.289 15.06540
4731.6 424.701 14.66490
4733.0 428.695 14.86820
4734.4 424.510 14.83290
4735.8 424.732 14.83750
4737.2 426.057 14.53670
4738.6 426.012 14.61680
4740.0 433.870 15.11180
4741.4 419.879 14.81230
4742.8 416.619 14.62620
4744.2 414.821 14.51820
4745.6 421.165 14.74280
4747.0 414.842 14.47180
4748.4 417.745 14.56120
4749.8 411.810 14.51130
4751.2 413.529 14.59570
4752.6 418.039 14.52580
4754.0 414.410 14.62350
4755.4 417.314 14.75630
4756.8 419.315 14.63340
4758.2 409.494 14.24220
4759.6 411.011 14.18950
4761.0 414.508 14.32900
4762.4 407.089 14.42820
4763.8 411.704 14.07330
4765.2 417.197 14.24510
4766.6 408.498 13.92360
4768.0 402.537 13.93550
4769.4 406.938 13.68880
4770.8 410.415 14.16630
4772.2 415.967 14.48080
4773.6 412.685 14.19060
4775.0 412.735 14.23910
4776.4 414.551 14.44390
4777.8 415.570 14.23090
4779.2 406.908 14.04220
4780.6 414.668 14.08710
4782.0 411.802 14.42900
4783.4 407.972 14.24080
4784.8 409.634 14.25090
4786.2 405.296 14.27530
4787.6 407.127 13.83520
4789.0 414.749 14.18700
4790.4 408.137 14.16790
4791.8 407.924 14.18900
4793.2 409.274 14.26600
4794.6 405.286 13.79410
4796.0 404.643 14.03490
4797.4 407.035 13.84890
4798.8 404.474 13.71900
4800.2 406.088 13.90410
4801.6 407.910 14.15770
4803.0 406.791 14.19930
4804.4 407.390 14.00310
4805.8 403.468 13.68700
4807.2 405.765 13.90360
4808.6 407.024 13.82580
4810.0 397.212 13.76500
4811.4 398.183 13.80800
4812.8 402.231 13.85770
4814.2 405.873 14.23450
4815.6 407.694 14.16160
4817.0 401.000 14.16090
4818.4 405.522 13.92260
4819.8 397.625 13.91990
4821.2 406.201 13.99150
4822.6 396.179 13.89610
4824.0 404.000 14.04900
4825.4 407.483 14.17670
4826.8 403.067 14.04210
4828.2 391.488 13.64020
4829.6 389.513 13.63750
4831.0 395.216 13.71460
4832.4 398.115 13.58410
4833.8 392.079 13.92920
4835.2 409.710 14.07670
4836.6 406.283 14.31840
4838.0 395.934 13.69400
4839.4 398.944 15.28990
4840.8 394.426 14.08320
4842.2 391.885 13.55510
4843.6 395.452 13.59540
4845.0 390.852 13.62070
4846.4 384.114 13.26660
4847.8 388.008 13.86120
4849.2 393.187 13.74250
4850.6 384.301 13.67630
4852.0 386.133 13.56260
4853.4 380.169 13.46860
4854.8 382.266 13.63440
4856.2 380.675 13.51040
4857.6 375.633 13.31360
4859.0 366.349 13.12420
4860.4 358.229 12.82150
4861.8 348.443 12.36300
4863.2 337.041 11.93010
4864.6 298.208 10.51280
4866.0 227.956 8.65749
4867.4 219.503 8.44491
4868.8 279.304 10.16940
4870.2 330.837 11.64170
4871.6 347.188 12.37780
4873.0 363.208 12.59260
4874.4 371.676 13.00990
4875.8 365.370 12.99620
4877.2 367.063 12.88010
4878.6 372.585 13.27390
4880.0 377.527 13.45560
4881.4 383.973 13.60650
4882.8 385.582 13.42330
4884.2 383.680 13.42060
4885.6 391.512 13.57400
4887.0 391.836 13.50620
4888.4 382.493 13.37360
4889.8 387.485 13.11300
4891.2 386.047 13.41550
4892.6 399.495 13.96190
4894.0 391.014 13.43840
4895.4 379.851 13.43760
4896.8 377.119 13.18580
4898.2 392.647 13.49890
4899.6 397.752 13.71550
4901.0 398.158 13.59140
4902.4 400.058 13.74870
4903.8 393.382 13.50190
4905.2 390.006 13.10310
4906.6 394.935 13.47820
4908.0 398.159 13.68090
4909.4 397.371 13.55340
4910.8 398.059 13.63690
4912.2 403.207 14.11450
4913.6 399.010 13.50800
4915.0 399.069 13.58630
4916.4 395.335 13.45570
4917.8 403.249 13.81280
4919.2 403.677 13.79220
4920.6 397.836 13.67070
4922.0 399.112 13.50290
4923.4 387.061 13.28070
4924.8 373.954 12.79290
4926.2 380.699 13.04820
4927.6 382.894 12.99040
4929.0 370.505 12.95420
4930.4 375.874 13.14580
4931.8 395.543 13.34960
4933.2 398.419 13.33290
4934.6 398.380 13.46740
4936.0 396.452 13.48450
4937.4 398.928 13.67580
4938.8 367.839 12.75680
4940.2 369.110 12.69550
4941.6 389.764 13.19010
4943.0 394.402 13.48820
4944.4 392.293 13.35470
4945.8 394.297 13.79060
4947.2 399.354 13.39620
4948.6 394.301 13.45610
4950.0 393.679 13.39140
4951.4 394.908 13.72010
4952.8 392.703 13.37520
4954.2 398.876 13.74480
4955.6 395.338 13.72230
4957.0 394.246 13.45870
4958.4 394.951 13.39140
4959.8 396.904 13.40310
4961.2 386.899 13.32630
4962.6 365.092 12.64230
4964.0 374.714 12.89550
4965.4 388.653 13.52160
4966.8 393.902 13.67260
4968.2 389.520 12.90360
4969.6 393.218 13.23800
4971.0 390.535 13.29110
4972.4 385.615 13.08280
4973.8 390.998 13.36200
4975.2 389.662 13.10990
4976.6 383.247 13.22650
4978.0 388.628 13.27490
4979.4 392.681 13.34550
4980.8 398.774 13.49920
4982.2 395.867 13.35070
4983.6 390.506 13.43910
4985.0 388.344 13.00680
4986.4 384.405 13.00090
4987.8 378.318 12.73470
4989.2 372.514 12.58950
4990.6 385.272 12.97700
4992.0 390.399 13.10940
4993.4 385.786 13.32110
4994.8 387.884 13.45400
4996.2 383.231 12.92640
4997.6 383.141 13.12010
4999.0 384.546 13.04530
