3900.0 270.572 13.10450
3901.4 279.708 13.29860
3902.8 287.164 13.24950
3904.2 286.925 13.28460
3905.6 282.541 13.50100
3907.0 305.019 14.26110
3908.4 303.745 14.20470
3909.8 328.202 14.38260
3911.2 327.792 14.62980
3912.6 318.973 14.47190
3914.0 314.575 14.30360
3915.4 306.074 13.71020
3916.8 312.665 14.02620
3918.2 298.295 13.30670
3919.6 303.718 13.42910
3921.0 314.883 13.90070
3922.4 313.400 13.65120
3923.8 315.061 13.86080
3925.2 316.144 13.97960
3926.6 298.276 13.09690
3928.0 275.295 12.94990
3929.4 251.351 11.90430
3930.8 197.538 10.41060
3932.2 147.617 8.52178
3933.6 101.970 7.31746
3935.0 131.274 8.18411
3936.4 198.654 10.11510
3937.8 252.264 11.89440
3939.2 278.849 12.61610
3940.6 301.085 13.66750
3942.0 303.198 13.58310
3943.4 301.480 13.63310
3944.8 293.072 13.35110
3946.2 310.735 13.80420
3947.6 318.680 14.11580
3949.0 293.639 13.71540
3950.4 299.465 13.79630
3951.8 294.223 13.95540
3953.2 298.344 14.17980
3954.6 295.846 14.29240
3956.0 284.386 13.80610
3957.4 281.813 13.83840
3958.8 293.685 13.73980
3960.2 282.646 13.74380
3961.6 265.573 12.78500
3963.0 250.780 12.08020
3964.4 232.327 11.72680
3965.8 201.306 10.64950
3967.2 141.541 8.17023
3968.6 101.377 7.11281
3970.0 109.812 7.26018
3971.4 151.985 8.09206
3972.8 202.760 9.72726
3974.2 229.256 10.98880
3975.6 251.096 11.25970
3977.0 270.656 12.11060
3978.4 280.282 12.44910
3979.8 285.105 12.55140
3981.2 291.272 13.10160
3982.6 290.889 12.74890
3984.0 298.308 13.12400
3985.4 302.223 13.18180
3986.8 298.955 12.88580
3988.2 298.447 12.78570
3989.6 314.621 12.97120
3991.0 317.726 13.47090
3992.4 318.773 13.39710
3993.8 329.132 13.81740
3995.2 320.172 13.46880
3996.6 309.088 13.17710
3998.0 306.168 12.90490
3999.4 326.349 13.81660
4000.8 326.572 13.62510
4002.2 330.312 13.60220
4003.6 324.494 13.69640
4005.0 309.691 13.09910
4006.4 313.822 13.04450
4007.8 329.709 13.43690
4009.2 327.404 13.25300
4010.6 335.591 13.61920
4012.0 326.779 13.42650
4013.4 317.304 13.22110
4014.8 327.503 13.67000
4016.2 328.706 13.35050
4017.6 333.389 13.48950
4019.0 337.934 13.94080
4020.4 334.608 13.41400
4021.8 327.652 13.13520
4023.2 323.832 13.23350
4024.6 317.898 13.01820
4026.0 331.240 13.68320
4027.4 322.465 13.67160
4028.8 322.812 13.19270
4030.2 314.314 13.28020
4031.6 311.110 13.21550
4033.0 308.969 13.11920
4034.4 313.325 13.11680
4035.8 320.354 13.45270
4037.2 330.924 13.77020
4038.6 337.434 13.95590
4040.0 331.978 13.70230
4041.4 323.885 13.60140
4042.8 324.398 13.95240
4044.2 314.069 13.66320
4045.6 316.173 13.32350
4047.0 306.562 13.42900
4048.4 326.551 13.85520
4049.8 332.482 13.58180
4051.2 329.388 13.60080
4052.6 330.838 13.79910
4054.0 315.810 13.17330
4055.4 311.094 12.70360
4056.8 314.294 13.11810
4058.2 317.563 13.32800
4059.6 322.376 13.15530
4061.0 328.898 13.51410
4062.4 315.217 13.01450
4063.8 301.358 12.52900
4065.2 315.978 13.12400
4066.6 309.276 12.73290
4068.0 312.206 12.91600
4069.4 312.123 13.17200
4070.8 310.013 12.91810
4072.2 309.824 13.82210
4073.6 315.723 15.09590
4075.0 308.991 12.63160
4076.4 295.741 12.23670
4077.8 277.931 11.91070
4079.2 293.755 11.86740
4080.6 306.536 12.39620
4082.0 313.731 12.70470
4083.4 307.826 12.77830
4084.8 297.792 12.53410
4086.2 304.155 12.67550
4087.6 303.742 12.72320
4089.0 298.584 12.62210
4090.4 299.957 12.30720
4091.8 291.974 11.99660
4093.2 289.186 12.32960
4094.6 276.223 11.82410
4096.0 272.492 11.39990
4097.4 251.170 10.71310
4098.8 229.111 10.15240
4100.2 185.225 9.06057
4101.6 158.192 8.21678
4103.0 170.759 8.24407
4104.4 216.588 9.44845
4105.8 241.471 10.53370
4107.2 258.456 10.96010
4108.6 267.130 11.42350
4110.0 282.266 11.81030
4111.4 281.403 11.98970
4112.8 290.904 12.23750
4114.2 291.324 11.59070
4115.6 306.744 12.40040
4117.0 301.747 12.15760
4118.4 295.347 12.39580
4119.8 285.628 11.97690
4121.2 300.092 12.35600
4122.6 297.908 12.22050
4124.0 301.528 12.18940
4125.4 313.911 12.45230
4126.8 303.597 12.49490
4128.2 300.861 12.47630
4129.6 309.593 12.80110
4131.0 301.441 12.33470
4132.4 294.650 12.19180
4133.8 298.258 12.30720
4135.2 305.139 12.44900
4136.6 313.649 12.45850
4138.0 317.766 12.92050
4139.4 322.350 12.83540
4140.8 314.947 12.69350
4142.2 300.884 11.92140
4143.6 299.812 12.15900
4145.0 311.029 12.70460
4146.4 312.201 12.34350
4147.8 312.410 12.39600
4149.2 315.905 12.43110
4150.6 309.001 12.14510
4152.0 310.047 12.14980
4153.4 303.318 11.84450
4154.8 294.395 11.63760
4156.2 295.765 12.15630
4157.6 305.064 12.31530
4159.0 306.157 12.41150
4160.4 307.921 12.27960
4161.8 309.422 12.17460
4163.2 312.630 12.66050
4164.6 307.077 12.11200
4166.0 313.001 12.16700
4167.4 304.741 12.09630
4168.8 314.710 12.31950
4170.2 307.080 12.20750
4171.6 289.512 11.95810
4173.0 283.620 11.52250
4174.4 291.683 11.41040
4175.8 295.621 11.68180
4177.2 294.540 11.79060
4178.6 294.577 11.92850
4180.0 303.151 11.85850
4181.4 299.318 12.27920
4182.8 296.284 12.74890
4184.2 304.283 12.03380
4185.6 306.971 12.17410
4187.0 306.890 12.42280
4188.4 298.086 11.76970
4189.8 309.071 11.85860
4191.2 304.423 12.01080
4192.6 312.067 12.48500
4194.0 316.771 12.44860
4195.4 312.356 12.43270
4196.8 304.347 12.61040
4198.2 295.001 11.67890
4199.6 292.378 11.65710
4201.0 306.044 12.17770
4202.4 302.646 11.67990
4203.8 304.932 11.72410
4205.2 305.522 12.21400
4206.6 313.678 11.67530
4208.0 310.869 12.28440
4209.4 312.976 12.20090
4210.8 313.379 12.28940
4212.2 311.512 12.11580
4213.6 312.180 12.03360
4215.0 299.035 11.75950
4216.4 291.963 11.64860
4217.8 299.593 11.92380
4219.2 309.143 12.74840
4220.6 314.939 12.24510
4222.0 312.792 12.40520
4223.4 308.669 12.20100
4224.8 293.130 11.56590
4226.2 275.878 11.04790
4227.6 275.325 11.02340
4229.0 298.890 11.94890
4230.4 314.706 12.44520
4231.8 313.133 12.17100
4233.2 300.172 11.79330
4234.6 296.029 11.48430
4236.0 300.210 11.81330
4237.4 304.133 11.54210
4238.8 299.520 11.75920
4240.2 310.393 12.02800
4241.6 311.653 12.00470
4243.0 310.427 12.04250
4244.4 314.432 12.14060
4245.8 297.983 11.27670
4247.2 296.661 11.57320
4248.6 300.351 11.57870
4250.0 297.230 11.51620
4251.4 300.046 11.87260
4252.8 304.855 11.87190
4254.2 305.973 11.92920
4255.6 304.961 11.87120
4257.0 311.822 12.04970
4258.4 309.435 11.87230
4259.8 301.054 11.87940
4261.2 299.257 11.79060
4262.6 306.938 12.23040
4264.0 315.049 12.14640
4265.4 312.278 12.03030
4266.8 317.351 12.22170
4268.2 310.634 12.03660
4269.6 299.186 11.72540
4271.0 290.596 11.36140
4272.4 286.402 11.15360
4273.8 291.836 11.70280
4275.2 300.505 11.54260
4276.6 305.433 11.66850
4278.0 309.404 12.16540
4279.4 316.134 12.13360
4280.8 309.439 11.91280
4282.2 302.961 11.98450
4283.6 302.397 11.86170
4285.0 305.576 11.90960
4286.4 300.840 11.44970
4287.8 293.047 11.44850
4289.2 278.523 11.20430
4290.6 280.353 10.80820
4292.0 294.163 11.12710
4293.4 291.686 11.20310
4294.8 290.003 11.15210
4296.2 296.905 11.65940
4297.6 291.605 11.35810
4299.0 274.123 10.83230
4300.4 257.384 10.00190
4301.8 263.603 10.46900
4303.2 272.440 10.70880
4304.6 283.916 11.04900
4306.0 281.549 11.10400
4307.4 276.848 10.86760
4308.8 272.846 10.79200
4310.2 291.306 11.20890
4311.6 291.840 11.42100
4313.0 279.977 11.06450
4314.4 268.220 10.62500
4315.8 280.925 10.86750
4317.2 289.616 11.30110
4318.6 293.238 11.48580
4320.0 288.847 11.25710
4321.4 281.300 10.99390
4322.8 286.243 11.40680
4324.2 276.152 10.63820
4325.6 269.588 10.54120
4327.0 272.524 10.57230
4328.4 279.870 10.82030
4329.8 271.038 10.76110
4331.2 277.971 10.60110
4332.6 267.950 10.51660
4334.0 265.307 10.21280
4335.4 250.767 10.29740
4336.8 233.554 9.32727
4338.2 193.158 8.35962
4339.6 162.159 7.51949
4341.0 151.550 6.96190
4342.4 181.267 7.58239
4343.8 215.157 8.76534
4345.2 237.445 9.50939
4346.6 256.947 10.19100
4348.0 268.333 10.46750
4349.4 271.373 10.53980
4350.8 263.418 10.46930
4352.2 262.341 10.48420
4353.6 275.717 10.83130
4355.0 282.347 11.09350
4356.4 293.727 11.45490
4357.8 291.152 11.70580
4359.2 295.616 11.70610
4360.6 298.034 11.74860
4362.0 305.846 11.67700
4363.4 304.665 11.61330
4364.8 305.739 11.62850
4366.2 300.825 11.41850
4367.6 293.717 11.61940
4369.0 297.780 11.47010
4370.4 299.917 11.70750
4371.8 302.162 11.77480
4373.2 296.824 11.48250
4374.6 285.966 11.08490
4376.0 293.416 11.17160
4377.4 295.667 11.12210
4378.8 310.703 11.59970
4380.2 309.529 11.63550
4381.6 301.375 11.55220
4383.0 292.044 11.38310
4384.4 274.148 10.63380
4385.8 284.988 10.96020
4387.2 296.904 11.61690
4388.6 299.351 11.35590
4390.0 302.477 11.22790
4391.4 302.551 11.26100
4392.8 293.044 11.35490
4394.2 287.133 10.98350
4395.6 287.846 11.01790
4397.0 292.264 10.66120
4398.4 294.001 11.40610
4399.8 286.006 11.13060
4401.2 292.763 11.07910
4402.6 292.067 10.97640
4404.0 291.175 11.00530
4405.4 289.241 11.01250
4406.8 291.509 11.28980
4408.2 298.168 11.28030
4409.6 296.333 11.34090
4411.0 298.205 11.48760
4412.4 300.205 11.38890
4413.8 296.550 11.29670
4415.2 281.977 10.82210
4416.6 272.055 10.69130
4418.0 279.888 10.40410
4419.4 287.430 10.92440
4420.8 297.049 11.16460
4422.2 297.560 11.30140
4423.6 293.604 11.15860
4425.0 295.368 11.23120
4426.4 290.332 10.85460
4427.8 292.862 10.93450
4429.2 293.158 11.02190
4430.6 295.138 11.17970
4432.0 292.024 11.03900
4433.4 281.965 11.01940
4434.8 279.954 10.87370
4436.2 286.351 10.97130
4437.6 297.438 11.17430
4439.0 302.608 11.36600
4440.4 303.908 11.36350
4441.8 279.514 10.64250
4443.2 275.804 10.73020
4444.6 273.706 10.54770
4446.0 287.847 10.87630
4447.4 289.006 10.82580
4448.8 299.334 11.31050
4450.2 287.620 11.13620
4451.6 290.428 10.90020
4453.0 292.138 10.89260
4454.4 279.990 10.72770
4455.8 281.685 10.65510
4457.2 284.358 11.83020
4458.6 285.247 10.92420
4460.0 285.798 11.01110
4461.4 288.232 11.04100
4462.8 286.292 10.84280
4464.2 284.778 10.28980
4465.6 283.427 10.98030
4467.0 282.214 10.95930
4468.4 276.594 10.63800
4469.8 282.731 inf
4471.2 288.868 inf
4472.6 295.006 11.17190
4474.0 297.464 11.22030
4475.4 295.033 11.23090
4476.8 295.488 10.99310
4478.2 291.284 10.79420
4479.6 284.381 10.81380
4481.0 274.852 10.29330
4482.4 269.590 10.20390
4483.8 281.190 10.49410
4485.2 289.509 10.67800
4486.6 291.098 11.11590
4488.0 291.506 11.01860
4489.4 283.260 10.65510
4490.8 284.913 10.83880
4492.2 284.191 10.62990
4493.6 291.232 10.87290
4495.0 292.178 10.83520
4496.4 289.078 10.87040
4497.8 292.496 10.96970
4499.2 293.620 11.11400
4500.6 283.310 10.43270
4502.0 274.415 10.24620
4503.4 290.147 10.56740
4504.8 293.704 10.83110
4506.2 290.856 10.91520
4507.6 294.597 10.61220
4509.0 291.204 10.87130
4510.4 292.023 10.87520
4511.8 295.932 10.95620
4513.2 289.962 11.07160
4514.6 288.127 10.91770
4516.0 289.495 10.85280
4517.4 290.408 11.12180
4518.8 290.395 10.80420
4520.2 285.876 10.71190
4521.6 289.683 10.67680
4523.0 282.381 10.65840
4524.4 286.735 10.78050
4525.8 288.747 10.63190
4527.2 279.347 10.65230
4528.6 279.319 10.47210
4530.0 280.606 10.42300
4531.4 280.335 10.21350
4532.8 272.697 10.21570
4534.2 271.585 10.24240
4535.6 282.339 10.31950
4537.0 285.502 10.57590
4538.4 295.552 11.16520
4539.8 298.891 11.01430
4541.2 289.710 10.95080
4542.6 289.550 10.82980
4544.0 292.987 11.16870
4545.4 292.033 10.85280
4546.8 286.445 10.63530
4548.2 278.127 10.59410
4549.6 271.339 10.20930
4551.0 275.540 10.35680
4552.4 277.906 10.27950
4553.8 278.968 10.37120
4555.2 271.377 10.52320
4556.6 279.070 10.42490
4558.0 285.970 10.86910
4559.4 285.749 10.52310
4560.8 292.579 10.71230
4562.2 291.673 10.72180
4563.6 280.015 10.55360
4565.0 281.819 10.49990
4566.4 289.229 10.46510
4567.8 292.654 10.81370
4569.2 293.497 10.79720
4570.6 286.151 10.66850
4572.0 278.028 10.54180
4573.4 280.201 10.09270
4574.8 288.496 10.57460
4576.2 293.896 10.87990
4577.6 289.119 10.95090
4579.0 288.734 10.65820
4580.4 288.965 10.52940
4581.8 280.097 10.61570
4583.2 277.538 10.34070
4584.6 280.053 10.17770
4586.0 282.707 10.31440
4587.4 280.970 10.41420
4588.8 281.302 10.44160
4590.2 282.712 10.57600
4591.6 280.648 10.54300
4593.0 284.368 10.62830
4594.4 292.098 10.75850
4595.8 292.659 10.66910
4597.2 291.050 10.67830
4598.6 290.154 10.47860
4600.0 290.298 10.66260
4601.4 289.059 10.65470
4602.8 288.966 10.64120
4604.2 294.233 10.80210
4605.6 293.420 11.14760
4607.0 290.206 10.84070
4608.4 294.766 11.01730
4609.8 295.369 10.80560
4611.2 293.693 10.68090
4612.6 288.638 10.61700
4614.0 287.392 10.69620
4615.4 286.136 10.71280
4616.8 291.548 10.73170
4618.2 289.134 10.68290
4619.6 282.490 10.44080
4621.0 288.241 10.56810
4622.4 293.171 10.64780
4623.8 289.216 10.80160
4625.2 289.856 10.32000
4626.6 290.534 10.57230
4628.0 288.145 10.65120
4629.4 286.116 10.60630
4630.8 287.564 10.63780
4632.2 292.141 10.80430
4633.6 291.055 10.70980
4635.0 289.035 10.79510
4636.4 289.124 10.69530
4637.8 289.163 10.68620
4639.2 291.740 10.80190
4640.6 292.901 10.46500
4642.0 287.705 10.89110
4643.4 290.400 10.99490
4644.8 294.762 11.87520
4646.2 288.469 11.43710
4647.6 286.109 10.40760
4649.0 287.453 10.40840
4650.4 287.138 10.74040
4651.8 289.284 10.90310
4653.2 289.578 10.70820
4654.6 288.990 10.59590
4656.0 288.802 10.73490
4657.4 284.782 10.45990
4658.8 287.026 10.81320
4660.2 292.506 10.69010
4661.6 291.471 10.67220
4663.0 287.856 10.36550
4664.4 284.540 10.47460
4665.8 287.304 10.66730
4667.2 285.582 10.59920
4668.6 280.959 10.30050
4670.0 282.950 10.20620
4671.4 284.686 10.39020
4672.8 288.929 10.81010
4674.2 286.493 10.73700
4675.6 288.290 10.73510
4677.0 289.374 10.76550
4678.4 289.368 10.74590
4679.8 285.943 10.58270
4681.2 289.708 10.60910
4682.6 288.885 10.59220
4684.0 287.554 10.67160
4685.4 290.814 10.80310
4686.8 288.904 10.57110
4688.2 289.603 10.82560
4689.6 288.138 10.59050
4691.0 295.489 10.75920
4692.4 290.349 10.78910
4693.8 288.754 10.65090
4695.2 291.820 10.85440
4696.6 288.111 10.60710
4698.0 295.962 10.74300
4699.4 291.628 10.69750
4700.8 286.352 10.58000
4702.2 281.254 10.40340
4703.6 278.370 10.45000
4705.0 279.898 10.33720
4706.4 285.688 10.84380
4707.8 284.919 10.51970
4709.2 287.803 10.65600
4710.6 289.223 10.68470
4712.0 289.584 10.45040
4713.4 291.325 10.66920
4714.8 285.168 10.61980
4716.2 288.446 10.69610
4717.6 290.303 10.63020
4719.0 291.952 10.48790
4720.4 284.393 10.37910
4721.8 288.159 10.55800
4723.2 289.706 10.55260
4724.6 285.269 10.34210
4726.0 288.791 10.44750
4727.4 289.458 10.62280
4728.8 283.655 10.36630
4730.2 285.185 10.34770
4731.6 285.911 10.47810
4733.0 283.827 10.22660
4734.4 282.049 10.25290
4735.8 282.993 10.36310
4737.2 284.130 10.45820
4738.6 281.023 10.22400
4740.0 282.699 10.17380
4741.4 287.265 10.28260
4742.8 288.234 10.48050
4744.2 289.442 10.44320
4745.6 286.818 10.29890
4747.0 285.806 10.49750
4748.4 284.267 10.38700
4749.8 285.569 10.30240
4751.2 286.325 10.21840
4752.6 280.723 10.23640
4754.0 283.333 10.09980
4755.4 283.511 10.30100
4756.8 279.699 10.23160
4758.2 285.679 10.54650
4759.6 284.369 10.48290
4761.0 284.575 10.26500
4762.4 279.336 10.17840
4763.8 276.128 10.25340
4765.2 276.474 10.01150
4766.6 275.822 9.87515
4768.0 281.025 10.16220
4769.4 280.722 10.28550
4770.8 285.566 10.22430
4772.2 280.684 10.28650
4773.6 282.780 10.34100
4775.0 282.883 10.22310
4776.4 285.166 10.52220
4777.8 286.129 10.50430
4779.2 281.592 10.29320
4780.6 280.753 10.22220
4782.0 280.394 10.15450
4783.4 277.451 10.14700
4784.8 279.100 10.24910
4786.2 282.117 10.35970
4787.6 279.400 10.11120
4789.0 277.459 10.09340
4790.4 280.282 10.17990
4791.8 281.709 10.13530
4793.2 281.681 10.39560
4794.6 280.830 10.09310
4796.0 282.220 10.11200
4797.4 284.174 10.19590
4798.8 279.659 10.02130
4800.2 277.130 9.84756
4801.6 283.099 10.37040
4803.0 278.513 10.41110
4804.4 275.671 10.08740
4805.8 272.549 9.83766
4807.2 275.808 9.84190
4808.6 279.810 10.30100
4810.0 278.389 10.14480
4811.4 275.956 10.11880
4812.8 276.994 10.20600
4814.2 278.104 10.07380
4815.6 284.006 10.28520
4817.0 278.279 10.28430
4818.4 276.462 10.26460
4819.8 280.053 10.53110
4821.2 278.838 10.18320
4822.6 274.645 10.24920
4824.0 271.156 9.98182
4825.4 273.629 10.13030
4826.8 278.371 10.19390
4828.2 277.538 10.11280
4829.6 273.693 9.85997
4831.0 275.639 10.10690
4832.4 273.784 10.12000
4833.8 275.347 10.07230
4835.2 271.404 9.99692
4836.6 271.724 9.96825
4838.0 269.747 9.84913
4839.4 272.351 10.07770
4840.8 270.178 9.83681
4842.2 269.317 9.90535
4843.6 267.449 9.98013
4845.0 263.275 9.93445
4846.4 261.320 9.74304
4847.8 260.829 9.66224
4849.2 258.658 9.65451
4850.6 255.202 9.55208
4852.0 253.949 9.60956
4853.4 247.608 9.24994
4854.8 238.419 9.06063
4856.2 232.793 8.64088
4857.6 220.008 8.44843
4859.0 197.073 7.82614
4860.4 160.473 6.66068
4861.8 146.725 6.33898
4863.2 163.337 6.59120
4864.6 192.514 7.37290
4866.0 216.393 8.36679
4867.4 233.299 8.60317
4868.8 235.981 8.73388
4870.2 238.563 8.86583
4871.6 243.488 9.00743
4873.0 242.678 8.94604
4874.4 248.750 9.02221
4875.8 254.140 9.31472
4877.2 264.230 9.63342
4878.6 259.755 9.32470
4880.0 257.181 9.43456
4881.4 262.712 9.64311
4882.8 261.759 9.54717
4884.2 263.797 9.51023
4885.6 260.705 9.37630
4887.0 264.289 9.82663
4888.4 262.108 9.54106
4889.8 254.665 9.25190
4891.2 253.024 9.22025
4892.6 264.015 9.82340
4894.0 268.154 9.59466
4895.4 267.024 9.59693
4896.8 270.087 9.71977
4898.2 269.649 9.74477
4899.6 264.014 9.44295
4901.0 265.989 9.70484
4902.4 268.879 9.86591
4903.8 266.570 9.70182
4905.2 266.132 9.70547
4906.6 268.552 9.59983
4908.0 268.436 9.78393
4909.4 266.866 9.83903
4910.8 265.451 9.86044
4912.2 265.996 9.67622
4913.6 270.794 9.82903
4915.0 268.061 9.71735
4916.4 273.258 9.80493
4917.8 265.585 9.81089
4919.2 258.469 9.38863
4920.6 254.897 9.19829
4922.0 252.994 9.29839
4923.4 254.615 9.38043
4924.8 260.021 9.47139
4926.2 265.650 9.46520
4927.6 268.034 10.00380
4929.0 270.261 9.80532
4930.4 271.681 9.74794
4931.8 268.222 9.57470
4933.2 262.559 9.40263
4934.6 257.471 9.60137
4936.0 262.780 9.44350
4937.4 266.966 9.63031
4938.8 269.968 9.68413
4940.2 265.868 9.45362
4941.6 271.473 9.76811
4943.0 268.676 9.85037
4944.4 271.626 9.72868
4945.8 270.782 9.61529
4947.2 267.810 9.65193
4948.6 268.211 9.81906
4950.0 270.265 9.89969
4951.4 271.959 9.86632
4952.8 271.721 9.79482
4954.2 268.559 9.82996
4955.6 264.974 9.27635
4957.0 259.694 9.25102
4958.4 255.452 9.15759
4959.8 263.543 9.49275
4961.2 268.385 9.61872
4962.6 276.634 10.33930
4964.0 276.465 12.28390
4965.4 270.185 9.91424
4966.8 267.441 9.46092
4968.2 265.484 9.40357
4969.6 267.664 9.59951
4971.0 268.490 10.01160
4972.4 266.157 9.65404
4973.8 269.009 9.84055
4975.2 269.071 9.67866
4976.6 265.787 9.54446
4978.0 266.392 9.46598
4979.4 264.238 9.59863
4980.8 260.062 9.21647
4982.2 254.460 9.07023
4983.6 250.362 9.19551
4985.0 254.340 9.37696
4986.4 261.019 9.54875
4987.8 265.866 9.54777
4989.2 264.441 9.53714
4990.6 260.020 9.43480
4992.0 261.415 9.34196
4993.4 265.050 9.57950
4994.8 263.691 9.46731
4996.2 267.007 9.55830
4997.6 263.780 9.51722
4999.0 264.047 9.61698
