3900.0 412.775 14.24810
3901.4 463.961 15.62960
3902.8 491.774 16.43760
3904.2 485.337 16.39280
3905.6 494.124 16.61880
3907.0 511.856 17.18290
3908.4 542.019 18.01000
3909.8 552.484 18.39880
3911.2 556.460 18.47590
3912.6 521.926 17.45230
3914.0 508.714 17.11320
3915.4 538.643 17.86950
3916.8 554.376 18.32410
3918.2 536.126 17.92060
3919.6 540.289 17.95400
3921.0 547.318 18.13420
3922.4 543.534 18.13550
3923.8 559.630 18.42970
3925.2 550.939 18.27770
3926.6 549.125 18.17870
3928.0 526.633 17.41350
3929.4 502.001 16.92290
3930.8 465.676 15.20740
3932.2 318.260 10.84050
3933.6 176.540 7.10928
3935.0 277.490 9.44285
3936.4 475.209 15.86040
3937.8 526.112 17.50530
3939.2 551.002 18.13510
3940.6 546.880 18.14820
3942.0 563.330 18.47670
3943.4 538.198 17.82970
3944.8 540.169 17.82220
3946.2 555.039 18.24770
3947.6 538.081 17.85270
3949.0 539.859 17.80450
3950.4 528.424 17.43020
3951.8 521.286 17.46110
3953.2 526.389 17.36890
3954.6 525.290 17.40020
3956.0 500.802 16.65320
3957.4 475.595 15.91700
3958.8 480.027 15.97720
3960.2 456.590 15.26340
3961.6 427.982 14.39340
3963.0 411.267 13.91550
3964.4 376.645 12.78500
3965.8 320.855 11.08800
3967.2 222.322 7.77401
3968.6 116.780 4.91584
3970.0 119.178 5.01141
3971.4 206.016 7.31979
3972.8 280.106 9.74534
3974.2 333.224 11.48350
3975.6 387.994 13.01970
3977.0 405.746 13.69060
3978.4 450.066 14.93240
3979.8 470.287 15.68590
3981.2 488.043 16.18470
3982.6 488.538 16.30950
3984.0 519.627 17.25700
3985.4 522.149 17.33890
3986.8 530.395 17.40090
3988.2 527.506 17.43290
3989.6 562.193 18.24830
3991.0 544.896 18.04040
3992.4 564.758 18.56010
3993.8 563.002 18.46430
3995.2 553.505 18.18930
3996.6 532.217 17.58620
3998.0 539.929 17.74500
3999.4 556.765 18.32620
4000.8 573.235 18.76580
4002.2 572.307 18.73220
4003.6 571.726 18.98530
4005.0 522.198 17.35830
4006.4 538.103 17.69360
4007.8 578.145 18.88170
4009.2 566.647 18.62420
4010.6 560.282 18.26320
4012.0 549.760 18.10340
4013.4 546.815 18.01090
4014.8 565.779 18.52120
4016.2 574.882 18.74920
4017.6 566.837 18.55100
4019.0 573.704 18.75190
4020.4 576.906 18.84060
4021.8 571.013 18.65940
4023.2 557.582 18.27670
4024.6 564.623 18.38200
4026.0 560.736 18.42330
4027.4 577.478 18.76950
4028.8 552.476 18.08810
4030.2 540.180 17.75270
4031.6 554.395 18.05240
4033.0 557.024 18.22270
4034.4 559.866 18.28380
4035.8 547.134 17.96770
4037.2 565.169 18.45720
4038.6 570.511 18.58420
4040.0 563.211 18.43500
4041.4 574.934 18.72110
4042.8 581.065 18.98880
4044.2 558.734 18.17570
4045.6 522.190 17.12800
4047.0 543.759 17.84850
4048.4 563.423 18.29990
4049.8 561.451 18.34630
4051.2 566.939 18.32120
4052.6 544.611 17.89570
4054.0 548.457 17.92490
4055.4 555.098 18.10720
4056.8 558.609 18.17240
4058.2 554.651 18.18520
4059.6 562.007 18.25740
4061.0 565.443 18.34840
4062.4 533.993 17.42860
4063.8 513.629 16.99390
4065.2 547.710 17.91960
4066.6 553.364 17.92830
4068.0 548.731 17.95250
4069.4 557.252 18.08620
4070.8 535.216 17.59510
4072.2 529.371 17.30450
4073.6 533.240 17.41640
4075.0 541.212 17.63040
4076.4 519.387 16.94160
4077.8 496.374 16.23400
4079.2 518.118 17.01140
4080.6 541.854 17.58170
4082.0 532.149 17.36670
4083.4 521.718 17.01460
4084.8 506.116 16.76200
4086.2 521.164 16.97560
4087.6 508.088 16.66830
4089.0 497.409 16.34160
4090.4 494.315 16.16140
4091.8 452.133 15.16750
4093.2 457.254 14.96590
4094.6 424.727 14.08500
4096.0 388.988 13.01160
4097.4 354.747 11.89480
4098.8 302.405 10.27680
4100.2 227.750 7.97018
4101.6 163.042 6.23999
4103.0 199.159 7.15048
4104.4 287.060 9.66033
4105.8 335.535 11.33270
4107.2 368.523 12.28570
4108.6 410.446 13.63140
4110.0 439.046 14.42480
4111.4 447.141 14.97060
4112.8 480.180 15.49880
4114.2 473.703 15.65340
4115.6 504.472 16.47230
4117.0 507.520 16.59560
4118.4 504.319 16.46600
4119.8 506.703 16.54330
4121.2 524.181 17.03690
4122.6 521.021 16.96100
4124.0 527.763 17.25010
4125.4 542.867 17.52940
4126.8 528.814 17.21640
4128.2 525.817 17.16790
4129.6 523.905 17.04630
4131.0 516.462 16.93930
4132.4 519.637 16.72650
4133.8 529.864 17.30560
4135.2 537.534 17.46790
4136.6 554.092 17.99080
4138.0 551.127 17.96580
4139.4 557.096 17.91090
4140.8 547.222 17.82800
4142.2 539.393 17.43520
4143.6 507.836 16.60500
4145.0 530.455 17.20120
4146.4 555.571 17.91350
4147.8 541.795 17.62810
4149.2 537.228 17.43950
4150.6 542.161 17.62750
4152.0 549.853 17.84060
4153.4 530.577 17.16490
4154.8 530.762 17.30540
4156.2 540.297 17.51990
4157.6 537.202 17.47270
4159.0 548.059 17.70620
4160.4 547.328 17.75120
4161.8 536.253 17.43800
4163.2 528.150 17.15500
4164.6 526.899 17.17460
4166.0 544.236 17.76700
4167.4 536.678 17.42840
4168.8 551.918 17.84540
4170.2 552.302 17.93880
4171.6 515.882 16.86080
4173.0 504.618 16.42080
4174.4 507.153 16.52510
4175.8 534.524 17.24630
4177.2 522.428 16.96860
4178.6 509.335 16.50030
4180.0 525.044 17.04100
4181.4 527.971 17.15470
4182.8 539.643 17.47640
4184.2 531.169 17.29360
4185.6 539.819 17.31520
4187.0 511.095 16.67420
4188.4 522.346 16.95110
4189.8 541.085 17.45010
4191.2 536.828 17.39730
4192.6 543.725 17.66200
4194.0 555.112 17.83110
4195.4 536.948 17.48330
4196.8 548.299 17.53340
4198.2 513.500 17.28730
4199.6 526.278 17.39740
4201.0 531.926 17.16330
4202.4 511.076 16.73170
4203.8 530.697 17.05300
4205.2 530.332 17.35780
4206.6 550.760 17.62670
4208.0 552.992 17.86740
4209.4 539.393 17.48170
4210.8 541.529 17.55640
4212.2 551.763 17.75220
4213.6 537.925 17.39790
4215.0 515.126 16.72580
4216.4 509.758 16.63370
4217.8 538.174 17.50340
4219.2 536.160 17.21290
4220.6 535.155 17.36890
4222.0 542.781 17.56580
4223.4 533.464 17.17000
4224.8 535.310 17.21120
4226.2 496.971 16.19270
4227.6 485.172 15.76200
4229.0 548.662 17.51780
4230.4 545.644 17.67370
4231.8 534.846 17.30850
4233.2 497.404 16.23930
4234.6 512.329 16.62880
4236.0 526.195 16.97650
4237.4 535.219 17.34630
4238.8 540.700 17.52780
4240.2 560.332 17.99590
4241.6 543.249 17.54140
4243.0 536.440 17.42200
4244.4 545.820 17.71370
4245.8 523.801 16.77750
4247.2 503.018 16.47600
4248.6 531.975 17.18090
4250.0 528.313 16.96870
4251.4 508.937 16.65200
4252.8 530.209 16.96120
4254.2 516.005 16.78280
4255.6 540.740 17.37160
4257.0 535.727 17.37560
4258.4 536.820 17.31460
4259.8 519.415 16.81190
4261.2 516.137 16.80430
4262.6 544.764 17.52550
4264.0 553.620 17.82630
4265.4 549.020 17.80410
4266.8 550.361 17.72460
4268.2 542.424 17.51550
4269.6 549.763 17.62120
4271.0 486.054 16.05620
4272.4 488.666 15.93070
4273.8 530.011 17.11520
4275.2 531.183 17.15610
4276.6 533.436 17.34670
4278.0 551.773 17.74440
4279.4 550.054 17.75780
4280.8 547.008 17.60760
4282.2 528.073 17.10580
4283.6 528.647 17.04910
4285.0 535.302 17.28820
4286.4 538.877 17.36160
4287.8 525.066 16.96610
4289.2 499.556 16.22440
4290.6 490.846 16.12370
4292.0 491.030 16.10216
4293.4 491.213 16.08061
4294.8 491.397 16.05907
4296.2 491.580 16.03752
4297.6 491.764 16.01598
4299.0 491.947 15.99443
4300.4 492.131 15.97289
4301.8 492.314 15.95134
4303.2 492.498 15.92980
4304.6 525.504 16.87010
4306.0 522.008 16.83150
4307.4 487.971 15.93400
4308.8 501.683 16.31290
4310.2 531.696 17.09340
4311.6 521.523 16.83180
4313.0 489.480 15.87060
4314.4 459.644 15.03030
4315.8 487.627 15.91860
4317.2 518.506 16.77730
4318.6 518.753 16.67870
4320.0 492.094 15.96940
4321.4 483.629 15.72350
4322.8 502.032 16.19520
4324.2 487.879 15.78790
4325.6 450.375 14.72470
4327.0 455.688 14.87380
4328.4 482.856 15.44420
4329.8 454.006 14.85730
4331.2 428.575 13.98010
4332.6 422.693 13.78610
4334.0 402.532 13.27730
4335.4 378.483 12.38590
4336.8 330.602 10.99270
4338.2 267.340 8.97718
4339.6 199.715 7.05335
4341.0 179.509 6.44589
4342.4 257.155 8.49405
4343.8 308.240 10.31520
4345.2 349.078 11.55490
4346.6 393.716 12.90740
4348.0 423.264 13.79730
4349.4 431.086 14.03830
4350.8 425.173 13.92570
4352.2 427.131 14.02230
4353.6 461.258 15.06350
4355.0 487.521 15.70180
4356.4 499.090 16.19310
4357.8 506.831 16.39250
4359.2 509.939 16.51080
4360.6 512.916 16.62440
4362.0 519.030 16.77000
4363.4 530.312 17.05940
4364.8 526.628 16.98330
4366.2 530.100 17.02760
4367.6 508.337 16.52320
4369.0 508.820 16.43370
4370.4 516.454 16.67720
4371.8 523.203 16.81470
4373.2 509.088 16.43290
4374.6 495.667 16.04520
4376.0 505.415 16.33390
4377.4 527.015 16.95010
4378.8 535.080 17.24160
4380.2 542.036 17.44340
4381.6 531.755 17.06170
4383.0 493.527 15.97450
4384.4 469.902 15.34220
4385.8 491.392 15.75160
4387.2 509.795 16.50060
4388.6 520.605 16.77460
4390.0 525.085 16.88580
4391.4 531.269 17.11760
4392.8 527.073 16.91000
4394.2 495.544 15.95630
4395.6 473.607 15.40940
4397.0 506.939 16.30690
4398.4 516.390 16.55640
4399.8 482.582 15.52520
4401.2 504.716 16.40890
4402.6 527.191 16.83430
4404.0 510.136 16.53920
4405.4 501.457 15.94780
4406.8 522.215 16.91290
4408.2 520.341 16.73360
4409.6 514.875 16.65310
4411.0 516.487 16.55750
4412.4 525.656 16.94540
4413.8 520.922 16.71160
4415.2 491.489 15.90750
4416.6 477.184 15.44920
4418.0 482.252 15.69220
4419.4 512.451 16.50160
4420.8 525.511 16.87570
4422.2 522.833 16.81910
4423.6 511.799 16.63960
4425.0 528.445 16.92290
4426.4 513.666 16.57390
4427.8 510.368 16.49000
4429.2 525.853 16.90540
4430.6 524.974 16.85720
4432.0 521.041 16.76210
4433.4 513.301 16.55820
4434.8 505.524 16.40250
4436.2 520.911 16.61430
4437.6 533.691 17.26460
4439.0 524.534 16.85340
4440.4 516.809 16.67650
4441.8 509.686 16.34850
4443.2 469.850 15.41780
4444.6 481.378 15.57700
4446.0 518.665 16.61940
4447.4 529.260 17.02190
4448.8 515.168 16.59540
4450.2 503.071 16.21990
4451.6 503.559 16.30000
4453.0 527.554 16.90790
4454.4 510.647 16.47160
4455.8 505.651 16.40110
4457.2 521.333 16.72020
4458.6 512.522 16.53110
4460.0 514.181 16.56630
4461.4 518.171 16.60650
4462.8 507.594 16.29510
4464.2 500.754 16.22230
4465.6 506.437 16.27850
4467.0 505.794 16.16700
4468.4 473.414 15.42510
4469.8 490.945 15.68330
4471.2 511.543 16.45490
4472.6 515.843 16.59920
4474.0 518.236 16.64560
4475.4 518.281 16.66680
4476.8 510.116 16.51330
4478.2 523.851 16.78680
4479.6 508.654 16.34690
4481.0 453.185 15.04090
4482.4 473.769 15.32790
4483.8 512.151 16.45950
4485.2 515.032 16.55950
4486.6 510.372 16.44930
4488.0 508.036 16.29180
4489.4 496.544 16.03630
4490.8 507.895 16.30940
4492.2 502.899 16.27860
4493.6 511.763 16.32970
4495.0 502.260 16.23010
4496.4 513.721 16.49990
4497.8 519.267 16.73470
4499.2 525.653 16.73640
4500.6 488.885 15.75520
4502.0 484.696 15.68230
4503.4 510.408 16.41780
4504.8 520.935 16.60880
4506.2 518.279 16.85910
4507.6 500.994 16.12070
4509.0 500.618 16.13860
4510.4 508.954 16.39080
4511.8 520.306 16.64470
4513.2 522.820 16.80170
4514.6 504.130 16.27730
4516.0 498.826 16.08550
4517.4 501.913 16.16360
4518.8 506.028 16.20910
4520.2 490.733 15.89650
4521.6 494.931 15.93150
4523.0 487.382 15.67330
4524.4 500.490 16.11650
4525.8 510.682 16.43900
4527.2 521.700 16.61750
4528.6 480.199 15.53580
4530.0 489.741 15.74620
4531.4 500.446 16.07880
4532.8 496.110 15.87520
4534.2 462.710 14.99630
4535.6 487.858 15.66350
4537.0 510.378 16.32460
4538.4 517.084 16.64090
4539.8 513.501 16.45340
4541.2 502.899 16.17680
4542.6 496.742 16.03970
4544.0 505.967 16.25120
4545.4 502.830 16.13940
4546.8 513.618 16.41440
4548.2 485.827 15.50550
4549.6 447.322 14.60780
4551.0 473.946 15.26290
4552.4 504.282 16.11290
4553.8 493.922 15.95660
4555.2 483.828 15.43640
4556.6 480.106 15.59880
4558.0 496.129 15.86990
4559.4 491.890 15.87140
4560.8 502.988 16.17080
4562.2 500.682 16.15090
4563.6 472.192 15.29470
4565.0 483.674 15.60290
4566.4 508.600 16.30310
4567.8 514.005 16.47700
4569.2 507.972 16.32950
4570.6 492.969 15.82770
4572.0 466.325 15.12240
4573.4 492.681 15.83250
4574.8 504.789 16.29440
4576.2 499.771 16.04320
4577.6 502.258 16.15570
4579.0 506.407 16.24860
4580.4 505.194 16.26410
4581.8 496.245 15.84670
4583.2 464.279 15.09310
4584.6 471.659 15.14210
4586.0 501.757 16.21140
4587.4 498.276 15.94660
4588.8 482.090 15.58850
4590.2 484.272 15.53860
4591.6 494.803 16.00020
4593.0 503.093 16.06880
4594.4 502.540 16.15530
4595.8 504.521 16.25340
4597.2 510.281 16.27830
4598.6 512.919 16.54220
4600.0 511.548 16.39780
4601.4 508.345 16.28260
4602.8 503.044 16.20730
4604.2 493.667 15.91900
4605.6 515.320 16.39110
4607.0 504.857 16.27340
4608.4 511.346 16.36770
4609.8 516.983 16.59840
4611.2 513.639 16.48320
4612.6 513.147 16.44620
4614.0 512.828 16.53140
4615.4 500.322 15.98730
4616.8 496.191 15.98700
4618.2 492.591 15.83890
4619.6 492.144 15.83250
4621.0 498.835 15.94620
4622.4 494.520 16.02350
4623.8 513.329 16.32910
4625.2 502.638 16.16600
4626.6 508.422 16.26360
4628.0 498.952 16.06440
4629.4 483.306 15.67520
4630.8 495.740 15.90740
4632.2 501.536 16.08620
4633.6 502.419 16.13730
4635.0 499.266 16.08270
4636.4 510.053 16.29310
4637.8 500.832 16.08040
4639.2 502.283 16.11470
4640.6 503.632 16.15610
4642.0 504.272 16.14970
4643.4 497.548 15.99270
4644.8 501.645 16.09040
4646.2 508.943 16.29660
4647.6 503.414 16.15860
4649.0 494.497 15.91910
4650.4 505.880 16.23340
4651.8 508.657 16.30550
4653.2 511.663 16.32520
4654.6 495.558 15.95680
4656.0 496.570 15.93420
4657.4 495.360 15.93100
4658.8 505.745 16.15650
4660.2 501.608 16.09690
4661.6 495.477 15.91290
4663.0 494.900 15.89540
4664.4 493.365 15.90950
4665.8 501.719 16.04430
4667.2 492.952 15.88940
4668.6 501.229 16.02280
4670.0 486.983 15.75820
4671.4 490.543 15.71580
4672.8 495.674 15.89900
4674.2 497.049 15.96420
4675.6 496.645 15.94220
4677.0 503.471 16.11140
4678.4 500.806 16.09800
4679.8 505.763 16.22740
4681.2 501.881 16.08250
4682.6 502.359 16.10790
4684.0 497.906 15.95050
4685.4 491.190 15.93290
4686.8 514.602 16.16210
4688.2 523.972 16.99340
4689.6 497.909 15.97170
4691.0 496.095 15.95090
4692.4 505.340 16.23920
4693.8 501.739 16.05260
4695.2 496.041 16.01340
4696.6 504.991 16.15390
4698.0 501.214 16.05720
4699.4 501.299 16.10620
4700.8 494.814 15.86870
4702.2 484.330 15.59970
4703.6 484.249 15.56250
4705.0 495.664 15.92920
4706.4 493.894 15.83380
4707.8 489.033 15.70200
4709.2 486.998 15.62940
4710.6 488.880 15.73110
4712.0 497.184 15.90460
4713.4 499.520 16.04830
4714.8 501.859 16.08690
4716.2 502.574 16.06630
4717.6 491.147 15.78610
4719.0 493.309 15.78020
4720.4 500.060 16.00280
4721.8 495.847 15.98880
4723.2 503.832 16.04450
4724.6 499.212 16.06900
4726.0 496.895 15.91550
4727.4 496.853 15.91050
4728.8 495.905 15.94020
4730.2 488.642 15.57700
4731.6 491.158 15.81320
4733.0 496.218 15.91000
4734.4 502.114 16.05870
4735.8 487.437 15.60710
4737.2 484.395 15.60580
4738.6 492.938 15.78160
4740.0 492.527 15.78140
4741.4 487.641 15.65960
4742.8 498.052 15.99000
4744.2 494.825 15.84840
4745.6 496.320 15.86250
4747.0 485.978 15.67330
4748.4 492.782 15.77560
4749.8 493.430 15.84710
4751.2 488.524 15.61750
4752.6 480.620 15.52090
4754.0 488.635 15.63870
4755.4 488.892 15.66690
4756.8 487.488 15.61360
4758.2 488.135 15.64070
4759.6 480.221 15.44620
4761.0 481.777 15.46800
4762.4 478.940 15.30980
4763.8 469.223 15.18630
4765.2 481.099 15.34150
4766.6 490.449 15.71070
4768.0 491.054 15.73230
4769.4 480.778 15.38750
4770.8 486.738 15.57860
4772.2 487.114 15.61420
4773.6 483.246 15.53210
4775.0 486.992 15.58510
4776.4 490.832 15.75110
4777.8 488.695 15.63470
4779.2 479.950 15.43780
4780.6 473.235 15.13330
4782.0 485.619 15.73650
4783.4 496.161 15.80050
4784.8 477.365 15.41520
4786.2 483.759 15.46130
4787.6 486.607 15.65040
4789.0 484.582 15.45400
4790.4 486.812 15.62050
4791.8 480.505 15.41410
4793.2 476.554 15.39260
4794.6 488.562 15.61390
4796.0 484.430 15.52590
4797.4 472.344 15.21960
4798.8 470.897 15.15530
4800.2 480.403 15.33320
4801.6 476.328 15.31280
4803.0 480.888 15.39230
4804.4 468.473 15.08700
4805.8 467.926 15.06280
4807.2 479.981 15.36130
4808.6 482.428 15.52980
4810.0 482.005 15.37770
4811.4 479.034 15.39550
4812.8 471.831 15.16750
4814.2 470.799 15.06030
4815.6 477.616 15.49410
4817.0 472.831 15.10720
4818.4 473.209 15.25470
4819.8 482.010 15.44320
4821.2 479.083 15.34720
4822.6 471.767 15.17760
4824.0 468.671 15.04360
4825.4 468.413 15.03680
4826.8 473.149 15.24930
4828.2 478.449 15.24770
4829.6 476.564 15.19947
4840.8 461.487 14.81360
4842.2 459.287 14.81550
4843.6 453.364 14.49120
4845.0 446.488 14.41590
4846.4 434.998 13.98110
4847.8 419.784 13.62620
4849.2 419.841 13.47930
4850.6 412.287 13.44630
4852.0 407.082 13.08990
4853.4 390.975 12.62520
4854.8 362.824 11.86090
4856.2 344.932 11.24150
4857.6 324.773 10.60730
4859.0 282.395 9.15014
4860.4 205.947 6.93107
4861.8 179.063 6.51787
4863.2 250.727 8.33357
4864.6 297.036 9.79297
4866.0 332.697 10.82470
4867.4 354.219 11.57360
4868.8 383.302 12.40950
4870.2 390.702 12.63640
4871.6 399.418 12.92640
4873.0 404.917 13.11700
4874.4 417.303 13.47570
4875.8 429.870 13.84320
4877.2 433.507 14.00430
4878.6 428.395 13.86050
4880.0 446.341 14.28300
4881.4 450.240 14.47160
4882.8 446.767 14.38550
4884.2 448.669 14.50950
4885.6 451.695 14.50120
4887.0 459.245 14.75000
4888.4 454.122 14.60580
4889.8 453.694 14.66490
4891.2 448.297 14.40240
4892.6 440.758 14.26550
4894.0 458.536 14.74220
4895.4 470.562 15.05890
4896.8 459.846 14.83010
4898.2 470.149 15.11420
4899.6 451.567 14.65540
4901.0 462.608 14.79530
4902.4 463.688 14.97550
4903.8 467.483 15.05150
4905.2 465.264 14.98160
4906.6 468.922 15.08100
4908.0 472.585 15.16430
4909.4 464.852 14.99390
4910.8 456.044 14.62350
4912.2 457.298 14.88110
4913.6 462.175 14.80270
4915.0 465.557 15.01140
4916.4 467.693 14.97930
4917.8 457.236 14.77910
4919.2 454.445 14.61980
4920.6 440.483 14.28440
4922.0 460.004 14.63430
4923.4 436.245 14.21140
4924.8 440.959 14.27390
4926.2 466.749 15.01670
4927.6 474.991 15.25980
4929.0 472.821 15.22330
4930.4 467.702 15.06150
4931.8 466.396 14.95440
4933.2 456.399 14.74820
4934.6 456.082 14.59390
4936.0 470.034 15.09670
4937.4 468.062 14.97770
4938.8 456.376 14.72550
4940.2 461.787 14.84300
4941.6 473.212 15.18620
4943.0 462.978 14.90630
4944.4 465.796 14.98730
4945.8 475.933 15.17840
4947.2 465.432 14.96990
4948.6 471.158 15.17240
4950.0 472.895 15.09380
4951.4 468.756 15.09610
4952.8 464.529 14.91740
4954.2 465.213 14.91770
4955.6 460.242 14.79020
4957.0 442.355 14.25840
4958.4 438.564 14.14780
4959.8 454.668 14.58870
4961.2 460.839 14.73500
4962.6 462.750 14.90240
4964.0 463.672 14.84680
4965.4 468.105 15.00930
4966.8 467.797 14.95540
4968.2 458.618 14.78760
4969.6 471.102 15.07700
4971.0 463.885 14.86440
4972.4 458.017 14.70660
4973.8 457.206 14.68830
4975.2 464.320 14.91550
4976.6 467.395 14.91030
4978.0 463.416 14.98110
4979.4 464.080 14.79090
4980.8 457.190 14.64410
4982.2 443.657 14.39820
4983.6 451.327 14.41980
4985.0 442.451 14.27420
4986.4 452.476 14.50390
4987.8 458.850 14.68000
4989.2 454.441 14.63390
4990.6 461.091 14.73340
4992.0 453.847 14.60210
4993.4 458.510 14.68060
4994.8 461.810 14.81590
4996.2 457.194 14.66040
4997.6 456.673 14.67360
4999.0 450.449 14.37040
