3900.0 21.267 2.37941
3901.4 17.824 2.27310
3902.8 20.899 2.36908
3904.2 19.872 2.29923
3905.6 20.824 2.41131
3907.0 24.019 2.60265
3908.4 21.692 2.56096
3909.8 27.295 2.59482
3911.2 20.123 2.35630
3912.6 20.932 2.35906
3914.0 20.078 2.38240
3915.4 25.181 2.48461
3916.8 21.703 2.40291
3918.2 22.039 2.38116
3919.6 22.236 2.41874
3921.0 23.837 2.39218
3922.4 24.079 2.32169
3923.8 21.325 2.21563
3925.2 18.847 2.12709
3926.6 21.903 2.24738
3928.0 19.483 2.15496
3929.4 14.652 1.97352
3930.8 12.097 1.82895
3932.2 6.140 1.67357
3933.6 0.732 1.45429
3935.0 4.850 1.58518
3936.4 15.946 1.95633
3937.8 15.268 1.97891
3939.2 23.270 2.19652
3940.6 19.703 2.14918
3942.0 21.895 2.23191
3943.4 25.220 2.31991
3944.8 20.930 2.25231
3946.2 26.145 2.34371
3947.6 19.280 2.16053
3949.0 25.283 2.32410
3950.4 22.991 2.24984
3951.8 17.209 2.04606
3953.2 22.937 2.17210
3954.6 21.777 2.16866
3956.0 21.002 2.12141
3957.4 19.900 2.02689
3958.8 24.167 2.28669
3960.2 18.319 2.02396
3961.6 14.916 1.89802
3963.0 22.155 2.08896
3964.4 17.117 1.97835
3965.8 12.729 1.70010
3967.2 7.552 1.54299
3968.6 3.899 1.38993
3970.0 5.391 1.44020
3971.4 12.128 1.70457
3972.8 17.512 1.87081
3974.2 19.214 1.98355
3975.6 18.191 1.97087
3977.0 19.748 2.03165
3978.4 21.318 2.06202
3979.8 19.984 2.05989
3981.2 22.679 2.15459
3982.6 23.315 2.13662
3984.0 22.163 2.09170
3985.4 23.963 2.21227
3986.8 26.286 2.23799
3988.2 19.694 2.00082
3989.6 20.956 2.02851
3991.0 26.166 2.14140
3992.4 25.101 2.20890
3993.8 23.723 2.19585
3995.2 22.388 2.18422
3996.6 21.073 2.03617
3998.0 22.134 1.98360
3999.4 21.000 2.01794
4000.8 25.056 2.11760
4002.2 23.092 2.05532
4003.6 27.122 2.26177
4005.0 21.548 2.07757
4006.4 23.230 2.09173
4007.8 22.948 2.12395
4009.2 25.724 2.20174
4010.6 23.335 2.20216
4012.0 20.651 2.19016
4013.4 24.367 2.35305
4014.8 25.169 2.39569
4016.2 25.518 2.29472
4017.6 22.930 2.13280
4019.0 26.131 2.10478
4020.4 25.673 2.15474
4021.8 23.092 2.20889
4023.2 23.682 2.21744
4024.6 21.793 2.22174
4026.0 26.441 2.29060
4027.4 21.081 2.06802
4028.8 26.338 2.18672
4030.2 22.939 2.03568
4031.6 25.075 2.00093
4033.0 18.821 1.95131
4034.4 24.949 2.08809
4035.8 19.924 1.95660
4037.2 24.846 2.02003
4038.6 23.462 2.04955
4040.0 26.277 2.07081
4041.4 25.383 2.07019
4042.8 25.278 2.07865
4044.2 19.407 1.92899
4045.6 20.762 1.93835
4047.0 22.668 2.18487
4048.4 24.353 2.24888
4049.8 21.792 1.99301
4051.2 24.377 2.05925
4052.6 23.660 2.03911
4054.0 24.919 2.04535
4055.4 21.238 1.89705
4056.8 22.949 1.94537
4058.2 24.297 2.05566
4059.6 26.761 2.19479
4061.0 25.521 2.30517
4062.4 23.720 2.24952
4063.8 20.537 2.03641
4065.2 23.222 1.96157
4066.6 21.389 1.90711
4068.0 24.134 2.00203
4069.4 22.761 2.05833
4070.8 24.397 2.14491
4072.2 22.077 1.94140
4073.6 24.732 1.97689
4075.0 22.461 1.91889
4076.4 19.695 1.83517
4077.8 19.518 1.84374
4079.2 23.329 1.96523
4080.6 23.078 1.92940
4082.0 23.489 1.94696
4083.4 21.685 1.89829
4084.8 21.698 1.86522
4086.2 23.767 1.89416
4087.6 20.367 1.84054
4089.0 24.612 1.93968
4090.4 23.401 1.99190
4091.8 22.978 1.91824
4093.2 19.207 1.82135
4094.6 21.499 1.83433
4096.0 16.088 1.69529
4097.4 19.243 1.86485
4098.8 18.011 1.93275
4100.2 14.877 1.71230
4101.6 11.971 1.52405
4103.0 16.528 1.63454
4104.4 17.400 1.74374
4105.8 19.899 1.82676
4107.2 18.798 1.78426
4108.6 23.003 1.86706
4110.0 21.091 1.79424
4111.4 17.527 1.66002
4112.8 18.244 1.74010
4114.2 21.863 1.81735
4115.6 22.715 1.91530
4117.0 19.662 1.84940
4118.4 23.402 1.88341
4119.8 19.267 1.79741
4121.2 23.139 1.81111
4122.6 20.509 1.77547
4124.0 21.922 1.78696
4125.4 21.238 1.78787
4126.8 23.090 1.83811
4128.2 22.591 1.82388
4129.6 23.100 1.83135
4131.0 18.515 1.72109
4132.4 20.499 1.75185
4133.8 20.169 1.80122
4135.2 21.840 1.87964
4136.6 23.640 1.93205
4138.0 20.858 1.80344
4139.4 22.043 1.80584
4140.8 21.099 1.78160
4142.2 21.331 1.75760
4143.6 15.006 1.62457
4145.0 25.738 1.87940
4146.4 24.549 1.86741
4147.8 22.672 1.81555
4149.2 21.265 1.78741
4150.6 25.083 1.88696
4152.0 23.392 1.83570
4153.4 20.696 1.74594
4154.8 22.184 1.77908
4156.2 21.198 1.81132
4157.6 22.031 1.88986
4159.0 21.825 1.93074
4160.4 20.421 1.87922
4161.8 22.671 1.91624
4163.2 23.347 1.83780
4164.6 24.831 1.90601
4166.0 25.294 1.89618
4167.4 22.150 1.82126
4168.8 24.481 1.91361
4170.2 20.553 1.86271
4171.6 22.794 1.84352
4173.0 18.176 1.64666
4174.4 20.744 1.72183
4175.8 20.033 1.74954
4177.2 22.096 1.89275
4178.6 20.123 1.83460
4180.0 21.758 1.78911
4181.4 22.599 1.78430
4182.8 22.037 1.80420
4184.2 24.144 1.83975
4185.6 19.276 1.65717
4187.0 17.741 1.63572
4188.4 18.958 1.69401
4189.8 21.628 1.81667
4191.2 20.584 1.80352
4192.6 23.026 1.79687
4194.0 21.678 1.75935
4195.4 22.425 1.74969
4196.8 24.377 1.76552
4198.2 20.469 1.66024
4199.6 24.076 1.80000
4201.0 22.709 1.77548
4202.4 17.804 1.61989
4203.8 21.539 1.71081
4205.2 20.198 1.65911
4206.6 20.849 1.66713
4208.0 22.822 1.74240
4209.4 21.683 1.74804
4210.8 24.002 1.72087
4212.2 20.267 1.65075
4213.6 23.765 1.73920
4215.0 19.523 1.64306
4216.4 20.679 1.63419
4217.8 19.728 1.65509
4219.2 23.251 1.72158
4220.6 23.948 1.74846
4222.0 23.366 1.80050
4223.4 24.784 1.84533
4224.8 20.003 1.71710
4226.2 19.669 1.62407
4227.6 16.451 1.53065
4229.0 22.855 1.67130
4230.4 21.896 1.71874
4231.8 23.914 1.74348
4233.2 21.756 1.75445
4234.6 19.767 1.67797
4236.0 22.256 1.68302
4237.4 21.741 1.66505
4238.8 20.796 1.65427
4240.2 23.407 1.82323
4241.6 24.900 1.85718
4243.0 25.434 1.80728
4244.4 22.102 1.64445
4245.8 20.896 1.64373
4247.2 18.353 1.62748
4248.6 23.835 1.75834
4250.0 21.091 1.69519
4251.4 24.769 1.73043
4252.8 21.614 1.64902
4254.2 23.332 1.72737
4255.6 26.372 2.06953
4257.0 23.296 1.67847
4258.4 22.285 1.71114
4259.8 22.779 1.68882
4261.2 21.818 1.64991
4262.6 18.161 1.50627
4264.0 24.119 1.73836
4265.4 24.429 1.86894
4266.8 23.140 1.90773
4268.2 22.779 1.86119
4269.6 23.025 1.73987
4271.0 20.390 1.59633
4272.4 19.336 1.56558
4273.8 21.854 1.67813
4275.2 22.635 1.80814
4276.6 22.896 1.83215
4278.0 21.825 1.84362
4279.4 22.846 1.85372
4280.8 23.394 1.73351
4282.2 22.722 1.71853
4283.6 19.249 1.59968
4285.0 23.419 1.68454
4286.4 21.843 1.67047
4287.8 25.221 1.72224
4289.2 18.311 1.58788
4290.6 19.595 1.60953
4292.0 23.841 1.69743
4293.4 19.973 1.64433
4294.8 22.951 1.69639
4296.2 22.608 1.74460
4297.6 22.014 1.67612
4299.0 19.216 1.56608
4300.4 18.659 1.50758
4301.8 18.049 1.49862
4303.2 20.201 1.54747
4304.6 20.137 1.54074
4306.0 19.258 1.55488
4307.4 21.728 1.64556
4308.8 18.391 1.56103
4310.2 21.456 1.66115
4311.6 22.740 1.65958
4313.0 20.979 1.62577
4314.4 19.054 1.64643
4315.8 20.167 1.65076
4317.2 23.010 1.69573
4318.6 20.577 1.57937
4320.0 20.138 1.58243
4321.4 21.801 1.62331
4322.8 21.125 1.61371
4324.2 20.864 1.59074
4325.6 18.794 1.53713
4327.0 22.564 1.62287
4328.4 20.581 1.57204
4329.8 19.491 1.55134
4331.2 21.191 1.57923
4332.6 20.539 1.60634
4334.0 20.561 1.52655
4335.4 19.349 1.54756
4336.8 16.567 1.44043
4338.2 14.463 1.36059
4339.6 10.112 1.22161
4341.0 11.620 1.27769
4342.4 14.089 1.36140
4343.8 16.773 1.43846
4345.2 21.042 1.58378
4346.6 22.159 1.63558
4348.0 25.392 1.70917
4349.4 19.500 1.54946
4350.8 20.787 1.56369
4352.2 19.188 1.50373
4353.6 19.680 1.53203
4355.0 23.876 1.65853
4356.4 21.702 1.65522
4357.8 23.678 1.85139
4359.2 23.384 2.20878
4360.6 22.247 2.09192
4362.0 22.472 1.82010
4363.4 20.909 1.67030
4364.8 22.622 1.70466
4366.2 17.787 1.58467
4367.6 20.877 1.57820
4369.0 20.937 1.59865
4370.4 19.858 1.55136
4371.8 19.602 1.57994
4373.2 20.810 1.62425
4374.6 20.774 1.55382
4376.0 21.745 1.58388
4377.4 20.733 1.53606
4378.8 19.855 1.54784
4380.2 24.420 1.69682
4381.6 22.537 1.68296
4383.0 18.964 1.56438
4384.4 18.128 1.43368
4385.8 22.045 1.54917
4387.2 22.030 1.57670
4388.6 22.969 1.60820
4390.0 24.980 1.72481
4391.4 21.629 1.70115
4392.8 22.532 1.66953
4394.2 18.469 1.49343
4395.6 17.539 1.45348
4397.0 23.547 1.58320
4398.4 20.399 1.55090
4399.8 19.161 1.56965
4401.2 17.683 1.59994
4402.6 20.056 1.60617
4404.0 19.369 1.53982
4405.4 20.072 1.49556
4406.8 22.869 1.63963
4408.2 22.486 1.71484
4409.6 20.747 1.62858
4411.0 22.724 1.66401
4412.4 23.015 1.65825
4413.8 21.772 1.58327
4415.2 18.788 1.50117
4416.6 17.532 1.43635
4418.0 19.414 1.52201
4419.4 23.297 1.75082
4420.8 22.997 1.79791
4422.2 22.934 1.65833
4423.6 21.122 1.55764
4425.0 22.739 1.58817
4426.4 20.405 1.51481
4427.8 19.714 1.50895
4429.2 21.363 1.56033
4430.6 21.772 1.53278
4432.0 21.236 1.54706
4433.4 21.915 1.56637
4434.8 19.978 1.55849
4436.2 21.884 1.64120
4437.6 20.512 1.55647
4439.0 22.679 1.58215
4440.4 21.321 1.57002
4441.8 19.980 1.49826
4443.2 19.424 1.46177
4444.6 19.440 1.49072
4446.0 19.858 1.52783
4447.4 21.359 1.59598
4448.8 22.636 1.55211
4450.2 19.731 1.47379
4451.6 19.219 1.46636
4453.0 20.655 1.47627
4454.4 19.788 1.47750
4455.8 20.726 1.50554
4457.2 22.656 1.57542
4458.6 20.930 1.56381
4460.0 19.332 1.51185
4461.4 18.553 1.44592
4462.8 24.515 1.59922
4464.2 19.759 1.47873
4465.6 18.961 1.43223
4467.0 21.533 1.50979
4468.4 17.634 1.38687
4469.8 20.660 1.46201
4471.2 19.522 1.45033
4472.6 19.624 1.45150
4474.0 20.553 1.50867
4475.4 21.221 1.52804
4476.8 19.700 1.50866
4478.2 21.143 1.45964
4479.6 20.546 1.48859
4481.0 19.481 1.43398
4482.4 19.584 1.44475
4483.8 20.393 1.45143
4485.2 19.234 1.44768
4486.6 22.105 1.50695
4488.0 23.012 1.58660
4489.4 18.988 1.36125
4490.8 21.565 1.50642
4492.2 20.401 1.46494
4493.6 19.677 1.48095
4495.0 20.097 1.54995
4496.4 20.887 1.58956
4497.8 24.596 1.62743
4499.2 19.691 1.57438
4500.6 20.033 1.63602
4502.0 20.787 1.56275
4503.4 21.070 1.49370
4504.8 21.869 1.51014
4506.2 22.755 1.52635
4507.6 20.285 1.46640
4509.0 21.519 1.48183
4510.4 21.560 1.48052
4511.8 19.340 1.41392
4513.2 22.925 1.51070
4514.6 20.444 1.44438
4516.0 18.912 1.40930
4517.4 19.884 1.42499
4518.8 18.898 1.39851
4520.2 19.369 1.44414
4521.6 18.864 1.56432
4523.0 20.693 1.63131
4524.4 21.733 1.53776
4525.8 21.126 1.46861
4527.2 21.782 1.48288
4528.6 21.449 1.51713
4530.0 18.896 1.42308
4531.4 21.717 1.44282
4532.8 19.452 1.41304
4534.2 19.136 1.42735
4535.6 19.397 1.42165
4537.0 22.439 1.50383
4538.4 23.832 1.53334
4539.8 20.661 1.49860
4541.2 20.008 1.50779
4542.6 22.387 1.51895
4544.0 20.386 1.45264
4545.4 20.346 1.41578
4546.8 20.638 1.46198
4548.2 20.223 1.42147
4549.6 18.225 1.36648
4551.0 19.532 1.38991
4552.4 21.935 1.52636
4553.8 19.842 1.48582
4555.2 17.635 1.36211
4556.6 19.755 1.41949
4558.0 22.035 1.47329
4559.4 21.738 1.53193
4560.8 22.012 1.49315
4562.2 19.431 1.41614
4563.6 20.985 1.43182
4565.0 22.426 1.50580
4566.4 20.140 1.47422
4567.8 21.062 1.49483
4569.2 22.566 1.46504
4570.6 19.862 1.42063
4572.0 20.832 1.41978
4573.4 20.615 1.41702
4574.8 23.730 1.52198
4576.2 19.168 1.41343
4577.6 21.224 1.44006
4579.0 17.688 1.37270
4580.4 20.970 1.42864
4581.8 21.801 1.46413
4583.2 19.801 1.39685
4584.6 18.033 1.34976
4586.0 21.322 1.43124
4587.4 19.773 1.42138
4588.8 20.954 1.40019
4590.2 17.739 1.35419
4591.6 21.715 1.49750
4593.0 21.810 1.47909
4594.4 21.181 1.43581
4595.8 20.908 1.41781
4597.2 19.094 1.36852
4598.6 23.895 1.50391
4600.0 19.469 1.48506
4601.4 23.796 1.51947
4602.8 23.073 1.48266
4604.2 21.957 1.45198
4605.6 21.985 1.43514
4607.0 19.727 1.37945
4608.4 20.505 1.40287
4609.8 20.196 1.40027
4611.2 19.948 1.39514
4612.6 20.949 1.41898
4614.0 21.552 1.44619
4615.4 24.111 1.52438
4616.8 20.608 1.43396
4618.2 20.960 1.41281
4619.6 20.465 1.40020
4621.0 21.000 1.42851
4622.4 21.630 1.46398
4623.8 19.203 1.40724
4625.2 20.479 1.40882
4626.6 21.782 1.43433
4628.0 19.513 1.37986
4629.4 21.785 1.41880
4630.8 20.155 1.41089
4632.2 23.472 1.47648
4633.6 17.733 1.34384
4635.0 18.775 1.33871
4636.4 20.539 1.40718
4637.8 19.094 1.40874
4639.2 20.984 1.43771
4640.6 20.591 1.43366
4642.0 22.735 1.52673
4643.4 21.552 1.58726
4644.8 19.911 1.55958
4646.2 20.436 1.50088
4647.6 22.439 1.47819
4649.0 20.763 1.40840
4650.4 21.733 1.42603
4651.8 22.939 1.46042
4653.2 19.230 1.36293
4654.6 19.100 1.34492
4656.0 20.790 1.41114
4657.4 18.961 1.34587
4658.8 21.961 1.42436
4660.2 19.733 1.43637
4661.6 22.640 1.59799
4663.0 20.608 1.61945
4664.4 21.175 1.50230
4665.8 21.489 1.47754
4667.2 21.061 1.66669
4668.6 20.904 1.78156
4670.0 20.034 1.59722
4671.4 21.600 1.40766
4672.8 17.541 1.36397
4674.2 23.390 1.49714
4675.6 19.286 1.40903
4677.0 20.116 1.38676
4678.4 19.930 1.38490
4679.8 21.025 1.43373
4681.2 21.803 1.40941
4682.6 19.557 1.43261
4684.0 22.147 1.37273
4685.4 21.253 1.42257
4686.8 20.479 1.37981
4688.2 22.217 1.45570
4689.6 22.384 1.42651
4691.0 20.658 1.42429
4692.4 23.502 1.48021
4693.8 21.889 1.41656
4695.2 21.420 1.40246
4696.6 22.321 1.43114
4698.0 20.343 1.39432
4699.4 20.340 1.35921
4700.8 21.407 1.44860
4702.2 19.333 1.37107
4703.6 19.846 1.37542
4705.0 22.623 1.41709
4706.4 20.769 1.41216
4707.8 20.563 1.40698
4709.2 21.009 1.41401
4710.6 21.315 1.39717
4712.0 20.358 1.35357
4713.4 18.963 1.36101
4714.8 19.956 1.38393
4716.2 21.304 1.41132
4717.6 22.550 1.42358
4719.0 21.354 1.39595
4720.4 20.379 1.36242
4721.8 22.145 1.41499
4723.2 22.063 1.42170
4724.6 20.818 1.37093
4726.0 21.563 1.45478
4727.4 21.651 1.44280
4728.8 20.959 1.43899
4730.2 20.157 1.41436
4731.6 21.303 1.38488
4733.0 18.899 1.30266
4734.4 22.610 1.43712
4735.8 18.830 1.40678
4737.2 19.598 1.39446
4738.6 21.900 1.40722
4740.0 20.676 1.37844
4741.4 18.507 1.34799
4742.8 22.106 1.42009
4744.2 20.451 1.37127
4745.6 21.128 1.39240
4747.0 21.507 1.41434
4748.4 20.272 1.36603
4749.8 20.405 1.34248
4751.2 19.952 1.33572
4752.6 22.668 1.54401
4754.0 21.916 1.64772
4755.4 19.784 1.51990
4756.8 19.980 1.41744
4758.2 18.948 1.31483
4759.6 19.905 1.39120
4761.0 20.050 1.41350
4762.4 19.794 1.37790
4763.8 20.442 1.32592
4765.2 19.062 1.29701
4766.6 20.081 1.32237
4768.0 20.782 1.34922
4769.4 22.588 1.38540
4770.8 20.687 1.40354
4772.2 19.720 1.41013
4773.6 19.851 1.41089
4775.0 20.873 1.36957
4776.4 20.102 1.32550
4777.8 20.097 1.36148
4779.2 19.259 1.36726
4780.6 20.319 1.37482
4782.0 19.350 1.33202
4783.4 22.012 1.36389
4784.8 19.976 1.31619
4786.2 21.462 1.35615
4787.6 21.369 1.36011
4789.0 21.707 1.36321
4790.4 21.568 1.35106
4791.8 19.830 1.33196
4793.2 20.265 1.30012
4794.6 19.985 1.33741
4796.0 21.940 1.36437
4797.4 20.524 1.32172
4798.8 20.584 1.34445
4800.2 21.364 1.35303
4801.6 21.797 1.36897
4803.0 20.606 1.32897
4804.4 18.714 1.33283
4805.8 19.358 1.34130
4807.2 19.091 1.32720
4808.6 19.788 1.32243
4810.0 20.223 1.31613
4811.4 20.234 1.33705
4812.8 20.503 1.32882
4814.2 20.526 1.36735
4815.6 22.603 1.42811
4817.0 20.138 1.38199
4818.4 21.113 1.35844
4819.8 20.868 1.34992
4821.2 22.536 1.37670
4822.6 19.605 1.31626
4824.0 18.636 1.29870
4825.4 19.704 1.37207
4826.8 17.840 1.35518
4828.2 19.960 1.34370
4829.6 20.642 1.38726
4831.0 21.161 1.39653
4832.4 20.079 1.39774
4833.8 20.184 1.33430
4835.2 21.193 1.36435
4836.6 20.264 1.31835
4838.0 20.264 1.32724
4839.4 22.094 1.41600
4840.8 21.992 1.57851
4842.2 20.398 1.34958
4843.6 20.263 1.31879
4845.0 20.532 1.31265
4846.4 20.253 1.33873
4847.8 18.095 1.27784
4849.2 17.738 1.24975
4850.6 17.035 1.24534
4852.0 20.018 1.33514
4853.4 19.204 1.30719
4854.8 17.704 1.24868
4856.2 17.394 1.21220
4857.6 16.566 1.17790
4859.0 14.421 1.12235
4860.4 12.062 1.05748
4861.8 10.782 1.08176
4863.2 13.351 1.16227
4864.6 15.660 1.19355
4866.0 16.818 1.22275
4867.4 18.713 1.30588
4868.8 19.491 1.33655
4870.2 19.454 1.30004
4871.6 18.574 1.22888
4873.0 17.129 1.20924
4874.4 18.745 1.25746
4875.8 19.122 1.27039
4877.2 19.296 1.27617
4878.6 18.788 1.27371
4880.0 18.084 1.24509
4881.4 18.238 1.26708
4882.8 18.174 1.28394
4884.2 17.907 1.30668
4885.6 20.688 1.37750
4887.0 18.007 1.33909
4888.4 19.956 1.34181
4889.8 19.131 1.29822
4891.2 16.462 1.19894
4892.6 17.808 1.24088
4894.0 19.549 1.28968
4895.4 20.227 1.31826
4896.8 20.011 1.30691
4898.2 18.449 1.26828
4899.6 17.293 1.23958
4901.0 19.381 1.33302
4902.4 19.268 1.36982
4903.8 20.658 1.39228
4905.2 19.178 1.29260
4906.6 20.170 1.31478
4908.0 19.371 1.30672
4909.4 20.849 1.38766
4910.8 19.480 1.37343
4912.2 20.002 1.38151
4913.6 19.991 1.38225
4915.0 18.846 1.31547
4916.4 19.838 1.35608
4917.8 20.931 1.32701
4919.2 19.008 1.29413
4920.6 17.441 1.23270
4922.0 19.044 1.28686
4923.4 19.054 1.26514
4924.8 17.653 1.25420
4926.2 21.290 1.35172
4927.6 19.547 1.38670
4929.0 21.605 1.42823
4930.4 18.851 1.34163
4931.8 20.526 1.32503
4933.2 18.706 1.31884
4934.6 19.510 1.32332
4936.0 18.086 1.31367
4937.4 17.158 1.28286
4938.8 17.776 1.47223
4940.2 19.263 1.29590
4941.6 21.500 1.34575
4943.0 19.679 1.30247
4944.4 17.682 1.24231
4945.8 19.338 1.29803
4947.2 19.537 1.27330
4948.6 19.257 1.27495
4950.0 18.133 1.27266
4951.4 19.753 1.30353
4952.8 18.544 1.25130
4954.2 18.662 1.26935
4955.6 17.808 1.30272
4957.0 18.221 1.29964
4958.4 19.120 1.28144
4959.8 19.250 1.26621
4961.2 18.770 1.25054
4962.6 18.280 1.24790
4964.0 19.299 1.31987
4965.4 19.999 1.35857
4966.8 18.479 1.30935
4968.2 20.289 1.29038
4969.6 20.196 1.29434
4971.0 19.029 1.30408
4972.4 21.331 1.33582
4973.8 19.563 1.29090
4975.2 19.606 1.27351
4976.6 18.748 1.27772
4978.0 17.471 1.26974
4979.4 20.210 1.38883
4980.8 21.310 1.35342
4982.2 18.707 1.29148
4983.6 17.965 1.24873
4985.0 16.093 1.21641
4986.4 20.202 1.31642
4987.8 21.408 1.33917
4989.2 19.197 1.26388
4990.6 15.629 1.17890
4992.0 18.615 1.25317
4993.4 17.347 1.24119
4994.8 20.007 1.27404
4996.2 17.782 1.21087
4997.6 16.446 1.17066
4999.0 18.161 1.22100
