3900.0 210.024 11.16010
3901.4 228.113 11.70130
3902.8 232.116 11.70890
3904.2 233.238 11.71790
3905.6 214.277 11.09240
3907.0 261.141 12.18360
3908.4 254.479 12.16320
3909.8 242.691 11.78600
3911.2 248.302 11.80660
3912.6 235.461 11.73620
3914.0 244.430 11.67010
3915.4 261.073 12.02920
3916.8 246.065 11.64960
3918.2 259.465 11.78820
3919.6 241.816 11.68060
3921.0 252.161 11.62120
3922.4 252.389 11.86890
3923.8 260.242 12.00150
3925.2 247.681 11.64100
3926.6 247.639 11.63170
3928.0 232.826 11.05170
3929.4 212.766 10.44300
3930.8 186.186 9.66650
3932.2 116.531 7.86960
3933.6 156.701 8.45201
3935.0 217.157 10.40950
3936.4 257.090 11.59290
3937.8 250.129 11.34930
3939.2 248.457 11.37640
3940.6 250.010 11.42900
3942.0 245.204 11.33710
3943.4 247.589 11.55680
3944.8 251.595 11.22750
3946.2 249.959 11.45550
3947.6 235.401 11.14680
3949.0 227.143 11.06830
3950.4 237.404 11.26510
3951.8 227.727 11.30680
3953.2 241.359 11.01530
3954.6 224.944 10.84320
3956.0 227.549 10.88120
3957.4 216.697 10.49720
3958.8 198.362 10.13290
3960.2 200.504 10.35110
3961.6 177.949 9.85757
3963.0 181.518 10.07230
3964.4 145.519 8.69962
3965.8 112.599 7.45686
3967.2 67.065 6.09374
3968.6 54.078 5.68260
3970.0 83.483 6.66769
3971.4 127.995 7.85159
3972.8 152.324 8.67685
3974.2 177.723 9.30883
3975.6 185.218 9.47559
3977.0 198.281 9.85457
3978.4 227.851 11.22230
3979.8 219.012 10.37930
3981.2 217.443 10.21610
3982.6 225.651 10.35970
3984.0 231.406 10.55280
3985.4 242.223 10.88710
3986.8 231.955 10.56630
3988.2 236.046 10.76620
3989.6 236.083 10.76850
3991.0 254.500 11.23850
3992.4 253.015 11.18740
3993.8 256.221 11.09410
3995.2 241.638 10.66120
3996.6 249.910 10.89300
3998.0 240.689 10.74760
3999.4 252.289 10.86750
4000.8 245.932 10.85510
4002.2 246.208 10.83240
4003.6 249.395 10.90880
4005.0 248.596 10.82590
4006.4 247.769 10.73890
4007.8 248.886 10.79960
4009.2 250.473 10.75930
4010.6 246.319 10.80620
4012.0 245.854 10.90140
4013.4 258.736 11.07470
4014.8 266.665 11.21940
4016.2 250.392 10.77500
4017.6 256.818 11.09920
4019.0 254.872 11.02100
4020.4 244.023 10.60840
4021.8 256.042 10.81070
4023.2 239.193 10.44540
4024.6 256.248 10.96100
4026.0 248.486 10.74980
4027.4 245.259 10.68340
4028.8 250.519 10.78230
4030.2 256.698 10.92490
4031.6 251.777 10.87410
4033.0 244.760 10.66350
4034.4 240.293 10.53940
4035.8 253.451 11.15260
4037.2 257.373 11.14450
4038.6 261.296 11.13640
4040.0 265.218 11.12830
4041.4 269.141 11.12020
4042.8 241.729 10.63160
4044.2 252.491 10.97510
4045.6 247.592 11.12440
4047.0 262.078 11.82920
4048.4 260.103 11.83950
4049.8 254.456 11.49450
4051.2 262.678 11.45760
4052.6 255.927 11.18240
4054.0 254.396 11.11430
4055.4 255.462 11.46000
4056.8 255.669 11.25920
4058.2 264.330 11.41480
4059.6 249.118 11.00380
4061.0 259.812 11.04990
4062.4 229.566 10.40160
4063.8 251.505 11.18170
4065.2 238.748 10.70090
4066.6 247.151 10.95710
4068.0 255.591 11.09240
4069.4 243.491 10.86740
4070.8 245.153 10.89540
4072.2 254.984 10.98170
4073.6 240.255 10.66620
4075.0 240.983 10.64360
4076.4 222.474 10.17100
4077.8 237.030 10.34580
4079.2 252.159 10.74070
4080.6 238.755 10.55220
4082.0 260.887 10.89300
4083.4 227.868 10.09560
4084.8 239.590 10.27080
4086.2 233.150 9.91963
4087.6 219.997 9.84144
4089.0 219.703 9.39666
4090.4 199.734 9.03228
4091.8 214.016 9.41329
4093.2 191.929 8.83367
4094.6 171.689 8.12043
4096.0 154.641 7.78223
4097.4 137.723 7.05143
4098.8 107.337 6.13425
4100.2 76.544 5.06691
4101.6 93.884 5.52162
4103.0 128.893 6.69426
4104.4 155.758 7.65820
4105.8 171.330 8.28147
4107.2 186.526 8.48731
4108.6 206.060 9.57471
4110.0 214.554 10.62420
4111.4 221.077 9.68654
4112.8 216.858 9.56742
4114.2 227.594 10.50420
4115.6 244.354 10.36960
4117.0 227.661 9.82283
4118.4 235.385 9.84768
4119.8 229.111 9.91586
4121.2 243.773 10.15580
4122.6 234.008 10.32420
4124.0 257.997 10.81970
4125.4 242.377 10.35790
4126.8 246.590 10.30040
4128.2 245.351 10.21610
4129.6 233.188 10.32400
4131.0 235.603 10.21590
4132.4 244.063 10.22010
4133.8 247.464 10.32940
4135.2 236.936 10.04110
4136.6 245.871 10.23820
4138.0 263.333 10.64400
4139.4 244.015 10.30890
4140.8 254.661 10.36500
4142.2 232.483 9.80242
4143.6 235.517 9.86311
4145.0 240.397 9.89556
4146.4 245.393 10.15640
4147.8 244.587 10.10640
4149.2 247.800 10.09860
4150.6 243.360 10.04020
4152.0 254.591 10.21000
4153.4 242.517 9.88506
4154.8 255.025 10.30850
4156.2 243.500 9.92786
4157.6 233.373 9.64080
4159.0 234.611 9.70778
4160.4 243.334 9.93339
4161.8 251.678 10.23610
4163.2 241.170 10.02950
4164.6 244.885 9.94485
4166.0 236.982 9.69766
4167.4 252.228 10.25850
4168.8 241.178 9.87161
4170.2 235.315 9.88009
4171.6 224.543 9.41341
4173.0 229.601 9.51589
4174.4 238.403 9.66103
4175.8 223.418 9.29575
4177.2 231.147 9.41425
4178.6 229.833 9.43886
4180.0 243.222 10.09590
4181.4 242.929 10.02580
4182.8 246.055 10.01920
4184.2 250.476 10.18600
4185.6 229.108 9.51605
4187.0 240.969 9.68537
4188.4 236.543 9.56401
4189.8 235.788 9.66127
4191.2 249.476 9.90628
4192.6 231.790 9.46139
4194.0 249.574 9.92786
4195.4 232.275 9.46571
4196.8 236.529 9.63864
4198.2 243.347 9.67702
4199.6 231.125 9.43724
4201.0 235.322 9.49051
4202.4 237.451 9.58307
4203.8 230.439 9.41892
4205.2 239.069 9.60065
4206.6 239.682 9.73826
4208.0 235.146 9.61191
4209.4 232.126 9.54216
4210.8 243.585 9.71959
4212.2 239.710 9.67972
4213.6 226.216 9.29973
4215.0 235.613 9.70197
4216.4 234.199 9.43812
4217.8 234.898 9.42811
4219.2 230.447 9.34531
4220.6 250.739 9.85991
4222.0 234.382 9.68063
4223.4 239.494 9.61770
4224.8 219.711 9.11283
4226.2 228.822 9.28971
4227.6 233.572 9.38530
4229.0 241.079 9.52851
4230.4 232.856 9.39756
4231.8 222.115 9.04617
4233.2 227.199 9.16468
4234.6 231.486 9.31864
4236.0 238.946 9.45833
4237.4 236.355 9.41268
4238.8 241.815 9.54351
4240.2 236.703 9.41500
4241.6 233.824 9.48239
4243.0 245.147 9.55999
4244.4 228.681 9.49189
4245.8 227.411 9.09430
4247.2 221.777 9.32119
4248.6 261.585 9.83830
4250.0 235.710 10.86960
4251.4 241.678 9.56955
4252.8 218.931 9.02143
4254.2 232.763 9.12171
4255.6 235.922 9.52549
4257.0 241.040 9.48399
4258.4 233.670 9.47894
4259.8 243.236 9.49888
4261.2 233.592 9.47679
4262.6 245.064 9.56783
4264.0 245.982 9.70402
4265.4 248.547 9.67901
4266.8 227.497 9.33428
4268.2 247.373 9.58792
4269.6 216.746 8.83212
4271.0 208.541 8.75329
4272.4 233.843 9.39368
4273.8 233.920 9.31811
4275.2 228.418 9.15636
4276.6 226.973 9.07420
4278.0 236.192 9.39199
4279.4 234.945 9.22975
4280.8 224.054 9.10979
4282.2 236.571 9.35841
4283.6 231.719 9.21710
4285.0 231.364 9.17124
4286.4 234.033 9.20120
4287.8 224.477 8.93168
4289.2 220.201 8.88327
4290.6 234.497 9.16833
4292.0 226.842 9.01578
4293.4 217.993 8.73770
4294.8 222.710 8.92774
4296.2 222.470 8.99065
4297.6 220.381 8.93107
4299.0 213.701 8.73167
4300.4 214.997 8.63669
4301.8 216.837 8.64516
4303.2 232.497 9.08401
4304.6 227.715 8.99032
4306.0 221.443 8.78545
4307.4 219.393 8.75313
4308.8 225.637 8.92102
4310.2 227.649 8.89743
4311.6 209.255 8.45546
4313.0 207.018 8.44281
4314.4 211.244 8.54292
4315.8 220.449 8.86055
4317.2 208.946 8.45028
4318.6 208.941 8.49075
4320.0 214.815 8.69252
4321.4 221.328 8.71756
4322.8 207.734 8.36896
4324.2 186.651 7.79724
4325.6 199.897 8.09928
4327.0 210.377 8.36162
4328.4 194.665 7.90654
4329.8 182.945 7.59525
4331.2 182.164 7.51351
4332.6 178.817 7.46842
4334.0 153.736 6.77855
4335.4 133.528 6.18922
4336.8 111.742 5.40959
4338.2 80.826 4.44016
4339.6 78.258 4.28133
4341.0 107.638 5.33117
4342.4 133.235 5.97121
4343.8 148.742 6.62574
4345.2 175.256 7.36080
4346.6 180.026 7.52827
4348.0 186.683 7.60264
4349.4 181.735 7.47281
4350.8 183.500 7.68948
4352.2 210.398 8.38821
4353.6 206.064 8.31471
4355.0 214.158 8.60048
4356.4 218.353 8.60074
4357.8 218.258 8.75706
4359.2 209.039 8.78992
4360.6 219.486 8.88626
4362.0 215.271 10.46860
4363.4 214.651 9.37777
4364.8 228.946 9.01315
4366.2 216.766 8.55600
4367.6 215.947 8.59117
4369.0 221.892 8.80283
4370.4 226.158 8.95781
4371.8 220.989 8.77769
4373.2 229.966 8.92038
4374.6 228.191 8.93692
4376.0 221.365 8.80875
4377.4 228.423 9.02182
4378.8 228.325 8.96793
4380.2 227.409 8.98150
4381.6 212.776 8.48450
4383.0 212.024 8.57071
4384.4 221.696 8.53454
4385.8 225.962 9.02382
4387.2 230.307 8.84075
4388.6 224.251 8.78251
4390.0 212.497 8.34744
4391.4 219.789 8.59559
4392.8 213.203 8.43356
4394.2 215.086 8.43284
4395.6 219.160 8.62854
4397.0 214.618 8.44325
4398.4 215.528 8.43062
4399.8 215.875 8.53215
4401.2 231.078 8.92594
4402.6 211.803 8.52281
4404.0 215.416 8.49169
4405.4 225.595 8.70729
4406.8 221.893 8.59872
4408.2 215.737 8.50657
4409.6 228.291 8.77899
4411.0 224.619 8.72372
4412.4 212.509 8.33294
4413.8 204.569 8.11279
4415.2 203.091 8.05797
4416.6 212.947 8.41922
4418.0 216.198 8.41223
4419.4 224.080 8.62038
4420.8 219.563 8.49765
4422.2 218.638 8.44994
4423.6 220.250 8.52432
4425.0 225.270 8.64217
4426.4 225.175 8.72087
4427.8 219.777 8.53922
4429.2 227.123 8.71102
4430.6 225.718 8.76764
4432.0 221.074 8.57931
4433.4 227.786 8.70398
4434.8 220.432 8.61876
4436.2 221.505 8.48413
4437.6 224.526 8.70992
4439.0 219.242 8.66142
4440.4 219.839 8.42966
4441.8 212.020 8.36458
4443.2 203.611 8.05121
4444.6 212.407 8.29077
4446.0 223.845 8.71744
4447.4 220.592 8.58128
4448.8 208.563 8.23309
4450.2 219.345 8.46008
4451.6 218.487 8.39839
4453.0 215.050 8.28764
4454.4 210.658 8.20318
4455.8 210.829 8.26513
4457.2 217.657 8.38557
4458.6 217.372 8.56042
4460.0 218.390 8.51675
4461.4 213.732 8.35701
4462.8 213.418 8.28932
4464.2 217.156 8.31090
4465.6 208.686 8.17615
4467.0 212.132 8.29072
4468.4 209.239 8.06172
4469.8 209.011 8.13845
4471.2 207.968 8.16120
4472.6 215.314 8.25021
4474.0 212.908 8.32587
4475.4 227.105 8.62209
4476.8 219.968 8.52464
4478.2 210.990 8.23969
4479.6 198.107 7.96902
4481.0 209.161 8.20372
4482.4 212.430 8.07794
4483.8 211.277 8.32469
4485.2 214.314 8.23731
4486.6 215.992 8.30622
4488.0 214.530 8.37578
4489.4 218.694 8.40529
4490.8 209.832 8.14736
4492.2 210.787 8.14607
4493.6 213.006 8.13484
4495.0 211.159 8.19472
4496.4 211.738 8.19325
4497.8 209.096 8.12741
4499.2 205.190 8.03313
4500.6 211.513 8.12925
4502.0 210.671 8.20729
4503.4 216.500 8.29937
4504.8 217.357 8.32214
4506.2 216.032 8.24531
4507.6 207.323 8.07371
4509.0 212.039 8.16664
4510.4 211.605 8.25794
4511.8 212.334 8.21715
4513.2 207.210 8.09202
4514.6 210.140 8.07941
4516.0 206.622 7.98739
4517.4 208.395 8.07845
4518.8 208.811 8.10948
4520.2 210.853 8.12817
4521.6 207.093 8.03848
4523.0 205.677 8.02494
4524.4 215.636 8.23347
4525.8 211.239 8.09776
4527.2 196.890 7.70237
4528.6 218.115 8.25235
4530.0 209.714 8.19416
4531.4 206.580 8.02722
4532.8 195.341 7.70284
4534.2 210.797 8.13245
4535.6 209.375 8.18330
4537.0 214.337 8.33379
4538.4 217.511 8.35271
4539.8 203.043 7.98823
4541.2 210.978 8.09933
4542.6 212.089 8.26224
4544.0 216.373 8.27116
4545.4 205.643 7.99090
4546.8 194.660 7.71256
4548.2 193.556 7.53555
4549.6 200.059 7.88952
4551.0 213.915 8.15312
4552.4 206.410 8.02279
4553.8 198.164 7.65271
4555.2 199.973 7.87443
4556.6 206.007 7.97000
4558.0 217.907 8.40023
4559.4 219.674 8.26176
4560.8 206.291 7.95471
4562.2 200.443 7.76041
4563.6 200.323 7.83353
4565.0 210.455 8.06957
4566.4 205.435 7.93070
4567.8 207.111 7.96562
4569.2 201.057 7.75967
4570.6 198.803 7.69761
4572.0 203.399 7.86368
4573.4 206.288 7.90077
4574.8 208.779 7.97962
4576.2 207.346 7.93505
4577.6 206.029 7.91255
4579.0 208.393 7.97564
4580.4 202.789 7.84591
4581.8 191.751 7.65757
4583.2 196.075 7.56175
4584.6 204.542 7.86719
4586.0 206.649 7.86767
4587.4 201.376 7.75479
4588.8 204.203 7.81434
4590.2 209.690 7.97304
4591.6 205.736 7.89633
4593.0 205.661 7.90057
4594.4 213.039 8.21400
4595.8 210.995 8.03242
4597.2 207.578 8.00010
4598.6 205.835 7.87583
4600.0 199.937 7.71006
4601.4 196.688 7.54878
4602.8 204.658 7.79018
4604.2 205.024 7.81244
4605.6 201.339 7.69801
4607.0 206.177 7.90494
4608.4 201.114 7.76049
4609.8 203.495 7.81800
4611.2 207.423 7.83823
4612.6 201.953 7.77794
4614.0 204.413 7.76999
4615.4 204.656 7.81221
4616.8 196.244 7.51158
4618.2 200.405 7.81706
4619.6 204.739 7.85113
4621.0 208.172 8.03500
4622.4 211.003 7.99841
4623.8 210.370 8.07561
4625.2 203.063 7.74364
4626.6 194.250 7.52124
4628.0 196.141 7.59701
4629.4 201.388 7.63992
4630.8 205.932 7.94291
4632.2 208.054 7.89771
4633.6 209.847 7.95907
4635.0 202.682 7.82046
4636.4 203.987 7.72668
4637.8 205.009 7.84825
4639.2 205.495 7.88920
4640.6 210.090 7.90492
4642.0 205.243 7.90881
4643.4 203.838 7.74501
4644.8 203.121 7.72547
4646.2 203.861 7.89413
4647.6 201.689 7.52240
4649.0 202.626 7.82299
4650.4 202.460 7.65903
4651.8 194.563 7.60953
4653.2 200.592 7.60027
4654.6 200.112 7.68282
4656.0 201.019 7.64512
4657.4 201.203 7.66578
4658.8 205.998 7.87627
4660.2 204.891 7.74671
4661.6 196.327 7.55728
4663.0 203.526 7.71190
4664.4 201.871 7.73191
4665.8 199.905 7.74737
4667.2 199.541 7.68218
4668.6 195.489 7.54922
4670.0 199.943 7.61198
4671.4 202.658 7.69690
4672.8 201.662 7.67225
4674.2 197.196 7.84579
4675.6 199.067 7.82121
4677.0 195.525 7.47258
4678.4 197.658 7.51504
4679.8 195.722 7.50592
4681.2 202.578 7.65615
4682.6 197.017 7.53963
4684.0 198.382 7.64152
4685.4 198.477 7.62577
4686.8 201.110 7.67307
4688.2 203.125 7.73710
4689.6 206.974 7.80230
4691.0 197.470 7.57898
4692.4 194.692 7.54779
4693.8 200.059 7.69044
4695.2 194.547 7.62404
4696.6 205.773 7.87977
4698.0 197.609 7.63696
4699.4 201.866 7.66341
4700.8 197.594 7.59518
4702.2 198.946 7.60663
4703.6 192.480 7.45698
4705.0 196.588 7.53131
4706.4 201.775 7.70108
4707.8 201.757 7.68560
4709.2 194.612 7.55169
4710.6 193.564 7.49707
4712.0 201.131 7.64268
4713.4 193.066 7.45776
4714.8 202.925 7.74046
4716.2 200.708 7.68454
4717.6 194.952 7.53707
4719.0 200.688 7.69353
4720.4 194.726 7.42724
4721.8 199.116 7.74211
4723.2 198.054 7.52914
4724.6 188.605 7.34891
4726.0 197.408 7.50559
4727.4 196.223 7.65143
4728.8 192.182 7.46606
4730.2 198.834 7.67530
4731.6 196.209 7.53668
4733.0 190.113 7.24755
4734.4 185.735 7.17553
4735.8 200.290 7.53518
4737.2 186.988 7.22711
4738.6 195.881 7.43279
4740.0 200.314 7.51646
4741.4 199.770 7.58546
4742.8 194.774 7.46917
4744.2 194.281 7.33007
4745.6 188.164 7.27398
4747.0 195.379 7.36535
4748.4 188.039 7.20395
4749.8 194.092 7.31540
4751.2 195.317 7.38026
4752.6 189.234 7.24421
4754.0 196.762 7.45303
4755.4 188.184 7.29191
4756.8 195.180 7.37947
4758.2 191.769 7.32503
4759.6 198.016 7.51214
4761.0 194.277 7.40007
4762.4 194.541 7.38828
4763.8 187.574 7.20598
4765.2 192.399 7.29975
4766.6 195.767 7.38884
4768.0 185.725 7.13181
4769.4 189.216 7.19040
4770.8 194.111 7.26497
4772.2 193.465 7.35732
4773.6 192.716 7.25803
4775.0 190.684 7.25712
4776.4 190.234 7.18492
4777.8 191.417 7.29149
4779.2 190.147 7.16622
4780.6 187.014 7.15990
4782.0 189.842 7.13907
4783.4 185.249 7.21605
4784.8 192.311 7.19424
4786.2 189.077 7.24087
4787.6 188.086 7.23765
4789.0 197.366 7.40339
4790.4 190.200 7.20890
4791.8 192.192 7.26484
4793.2 187.135 7.15212
4794.6 189.536 7.19524
4796.0 193.752 7.31739
4797.4 187.882 7.16719
4798.8 183.877 7.10676
4800.2 186.429 7.08309
4801.6 197.634 7.39207
4803.0 190.586 7.24048
4804.4 186.524 7.03235
4805.8 188.370 7.19157
4807.2 185.697 7.04053
4808.6 186.343 7.10144
4810.0 190.838 7.20568
4811.4 183.963 7.06869
4812.8 178.951 6.90690
4814.2 187.622 7.14121
4815.6 187.402 7.13000
4817.0 189.609 7.21571
4818.4 198.578 7.49648
4819.8 187.932 7.18846
4821.2 192.420 7.24664
4822.6 183.198 7.09491
4824.0 182.596 7.00086
4825.4 180.436 6.93050
4826.8 187.746 7.12709
4828.2 188.385 7.15518
4829.6 179.245 6.97907
4831.0 188.288 7.17469
4832.4 179.708 6.92132
4833.8 179.549 6.92267
4835.2 184.208 7.11973
4836.6 179.725 6.97292
4838.0 180.502 7.13075
4839.4 178.680 6.80015
4840.8 178.823 6.94439
4842.2 177.306 6.88828
4843.6 172.502 6.72621
4845.0 171.173 6.76435
4846.4 164.112 6.44914
4847.8 160.266 6.35506
4849.2 163.792 6.48821
4850.6 164.015 6.36004
4852.0 150.784 6.09148
4853.4 143.839 5.80890
4854.8 135.747 5.53912
4856.2 119.079 5.05254
4857.6 100.892 4.45932
4859.0 74.550 3.77103
4860.4 72.664 3.76503
4861.8 97.055 4.35950
4863.2 118.666 4.99599
4864.6 134.006 5.47414
4866.0 143.043 5.77562
4867.4 145.251 5.85813
4868.8 154.074 6.09987
4870.2 163.384 6.35154
4871.6 163.472 6.50101
4873.0 162.317 6.46899
4874.4 167.169 6.62896
4875.8 178.454 6.83265
4877.2 174.905 6.75790
4878.6 177.124 6.81723
4880.0 181.720 6.94284
4881.4 177.266 6.79951
4882.8 170.421 6.63846
4884.2 179.467 6.81474
4885.6 186.589 7.01628
4887.0 176.813 6.79637
4888.4 180.696 6.77184
4889.8 171.043 6.68523
4891.2 177.053 6.78890
4892.6 185.786 7.05111
4894.0 183.114 6.87128
4895.4 179.717 6.80824
4896.8 177.032 6.71414
4898.2 178.775 6.85613
4899.6 182.394 6.90285
4901.0 173.931 6.67599
4902.4 178.278 6.75761
4903.8 186.504 6.90925
4905.2 176.958 6.77513
4906.6 188.967 7.03074
4908.0 180.049 6.82735
4909.4 177.647 6.68867
4910.8 177.827 6.74644
4912.2 180.543 6.81147
4913.6 180.178 6.80984
4915.0 183.666 6.86024
4916.4 181.504 6.86389
4917.8 174.946 6.73889
4919.2 177.090 6.72590
4920.6 178.189 6.79231
4922.0 168.526 6.42514
4923.4 172.238 6.61205
4924.8 188.881 6.95368
4926.2 182.841 6.88349
4927.6 184.647 6.88501
4929.0 187.458 6.99157
4930.4 181.674 6.79463
4931.8 172.079 6.59239
4933.2 174.516 6.60591
4934.6 178.457 6.71145
4936.0 181.819 6.80279
4937.4 182.275 6.83817
4938.8 181.460 6.79557
4940.2 179.393 6.74902
4941.6 180.220 6.73622
4943.0 185.201 6.92091
4944.4 180.067 6.75023
4945.8 172.928 6.66096
4947.2 182.909 6.81999
4948.6 174.678 6.69124
4950.0 175.496 6.66686
4951.4 180.806 6.85838
4952.8 182.655 6.82633
4954.2 179.815 6.76474
4955.6 170.356 6.45397
4957.0 172.982 6.71461
4958.4 176.066 6.59840
4959.8 175.891 6.65472
4961.2 176.612 6.67543
4962.6 181.945 6.76834
4964.0 183.944 6.95379
4965.4 170.403 6.47813
4966.8 185.715 6.87506
4968.2 179.830 6.80846
4969.6 176.651 6.69211
4971.0 179.507 6.74628
4972.4 179.302 6.77894
4973.8 187.906 6.93803
4975.2 182.676 6.95664
4976.6 181.356 6.89416
4978.0 181.458 6.92435
4979.4 176.426 6.59728
4980.8 175.103 6.65677
4982.2 176.406 6.65282
4983.6 172.952 6.61655
4985.0 173.835 6.52899
4986.4 176.601 6.68271
4987.8 175.198 6.62672
4989.2 178.582 6.72490
4990.6 173.193 6.63946
4992.0 176.162 6.68238
4993.4 175.229 6.63730
4994.8 177.151 6.75305
4996.2 177.560 6.73466
4997.6 172.204 6.54215
4999.0 173.652 6.69007
