3900.0 131.640 10.34840
3901.4 150.782 10.61150
3902.8 156.339 11.31860
3904.2 155.204 10.92610
3905.6 153.038 11.13700
3907.0 159.807 10.75330
3908.4 161.676 11.09390
3909.8 166.456 11.41450
3911.2 162.727 11.27840
3912.6 153.621 11.18120
3914.0 161.442 11.15750
3915.4 165.510 10.61630
3916.8 178.506 11.42890
3918.2 153.718 10.64610
3919.6 166.263 10.73440
3921.0 162.731 10.94320
3922.4 161.625 11.01230
3923.8 164.164 10.90280
3925.2 154.603 10.35180
3926.6 172.775 10.83980
3928.0 158.048 10.74010
3929.4 163.001 10.28760
3930.8 136.986 9.50935
3932.2 92.140 8.04416
3933.6 69.569 7.08124
3935.0 133.124 9.37447
3936.4 153.408 10.84440
3937.8 160.587 10.69520
3939.2 166.963 11.32060
3940.6 167.715 10.92530
3942.0 170.806 11.06250
3943.4 161.401 11.03780
3944.8 162.557 11.33390
3946.2 169.049 11.02680
3947.6 157.965 11.91130
3949.0 159.867 11.23140
3950.4 162.740 11.09690
3951.8 159.641 11.30640
3953.2 154.446 11.10780
3954.6 155.460 11.33590
3956.0 146.379 10.95610
3957.4 156.425 10.85880
3958.8 144.050 10.49410
3960.2 134.685 10.06080
3961.6 133.572 9.51577
3963.0 135.061 9.19752
3964.4 125.095 8.85810
3965.8 105.301 8.66260
3967.2 60.988 6.78449
3968.6 42.363 5.88189
3970.0 60.770 6.38405
3971.4 93.760 7.55150
3972.8 103.888 7.91751
3974.2 123.638 8.68069
3975.6 125.714 8.66698
3977.0 140.806 9.21819
3978.4 146.603 9.30389
3979.8 145.817 9.56669
3981.2 151.059 9.23209
3982.6 159.558 9.88570
3984.0 153.139 9.44753
3985.4 159.140 9.35569
3986.8 147.165 9.50794
3988.2 175.958 9.87270
3989.6 153.019 9.14817
3991.0 163.787 9.61773
3992.4 162.225 9.33270
3993.8 166.068 9.57845
3995.2 175.615 9.73521
3996.6 168.164 9.70444
3998.0 170.143 9.62803
3999.4 162.528 9.32297
4000.8 168.267 9.85472
4002.2 175.278 9.78852
4003.6 160.576 9.42120
4005.0 159.177 9.30799
4006.4 175.517 9.74490
4007.8 167.224 9.71501
4009.2 172.309 9.97962
4010.6 164.709 10.09100
4012.0 165.012 9.92420
4013.4 171.595 9.60666
4014.8 162.009 9.66960
4016.2 175.583 9.86851
4017.6 178.607 10.00390
4019.0 170.373 9.80033
4020.4 176.367 9.71974
4021.8 170.265 9.62723
4023.2 177.717 10.08190
4024.6 171.279 9.87165
4026.0 178.975 10.04590
4027.4 167.615 10.06570
4028.8 169.552 9.95696
4030.2 174.031 10.01500
4031.6 170.342 9.71106
4033.0 171.698 9.54806
4034.4 169.286 10.02840
4035.8 169.662 9.80802
4037.2 171.189 10.08610
4038.6 176.177 10.20890
4040.0 175.511 10.14270
4041.4 172.201 10.01440
4042.8 175.041 10.31180
4044.2 165.259 9.77315
4045.6 159.163 9.60244
4047.0 171.430 10.22130
4048.4 173.294 10.47370
4049.8 176.281 10.30140
4051.2 171.734 9.79973
4052.6 170.741 9.86407
4054.0 158.030 9.62863
4055.4 168.819 9.51003
4056.8 171.748 9.60141
4058.2 169.483 9.86054
4059.6 166.265 9.81011
4061.0 166.653 10.29250
4062.4 163.500 9.65132
4063.8 163.962 9.34392
4065.2 177.193 9.84158
4066.6 165.032 9.34122
4068.0 165.099 9.82040
4069.4 158.147 9.40826
4070.8 161.214 9.56644
4072.2 165.734 9.37418
4073.6 159.160 9.18925
4075.0 159.686 8.84197
4076.4 160.003 9.10289
4077.8 154.507 8.66931
4079.2 155.874 9.24058
4080.6 160.417 9.12659
4082.0 160.711 9.17034
4083.4 160.314 9.00014
4084.8 162.135 9.08875
4086.2 156.872 8.78197
4087.6 159.932 9.13924
4089.0 153.389 8.89984
4090.4 149.220 8.87031
4091.8 137.039 8.33716
4093.2 143.334 8.53175
4094.6 135.924 7.71752
4096.0 130.906 7.96770
4097.4 115.174 7.32491
4098.8 96.096 6.35193
4100.2 83.105 6.11178
4101.6 74.049 5.96881
4103.0 98.909 6.95539
4104.4 118.710 7.64261
4105.8 123.841 7.60826
4107.2 128.909 7.51792
4108.6 139.415 8.25434
4110.0 139.527 8.39732
4111.4 152.427 8.54404
4112.8 148.636 8.66798
4114.2 158.266 8.73606
4115.6 156.350 9.01151
4117.0 160.259 8.78955
4118.4 158.397 8.69186
4119.8 158.833 9.02334
4121.2 153.166 8.68097
4122.6 165.052 8.95357
4124.0 163.383 8.92266
4125.4 169.562 8.95724
4126.8 166.450 9.11266
4128.2 167.703 8.67851
4129.6 164.257 8.94955
4131.0 158.736 8.72117
4132.4 157.784 8.85063
4133.8 159.057 8.97694
4135.2 168.270 8.96637
4136.6 161.934 8.54950
4138.0 175.729 8.70949
4139.4 170.401 8.80227
4140.8 177.603 9.41640
4142.2 159.648 8.81846
4143.6 164.264 8.49025
4145.0 170.684 9.03012
4146.4 190.073 9.42312
4147.8 173.114 8.94657
4149.2 171.388 8.87744
4150.6 168.363 8.85133
4152.0 173.230 8.46877
4153.4 168.582 8.60779
4154.8 162.953 8.55243
4156.2 167.002 8.67831
4157.6 170.530 8.66691
4159.0 174.978 9.08974
4160.4 166.789 8.91190
4161.8 173.532 8.79635
4163.2 159.627 8.30953
4164.6 176.978 8.96481
4166.0 164.004 8.49198
4167.4 167.443 8.76029
4168.8 168.251 8.61483
4170.2 171.267 8.69821
4171.6 163.555 8.45271
4173.0 162.281 8.28305
4174.4 168.474 8.73692
4175.8 172.657 8.71692
4177.2 164.286 8.45726
4178.6 165.369 8.28168
4180.0 167.860 8.77457
4181.4 162.926 8.51615
4182.8 165.326 8.33005
4184.2 166.015 8.24130
4185.6 169.644 8.37154
4187.0 162.868 8.49608
4188.4 169.117 8.54865
4189.8 178.577 8.70393
4191.2 167.466 8.64864
4192.6 176.453 8.66923
4194.0 174.045 8.86835
4195.4 170.783 8.63817
4196.8 165.164 8.36368
4198.2 165.999 8.38239
4199.6 172.340 8.46748
4201.0 167.521 8.53005
4202.4 165.738 8.22254
4203.8 171.621 8.51128
4205.2 174.678 8.71888
4206.6 167.271 8.45942
4208.0 165.969 8.39266
4209.4 166.573 8.10752
4210.8 174.279 8.67559
4212.2 168.715 8.56098
4213.6 169.156 8.52937
4215.0 159.166 8.27085
4216.4 176.645 8.51944
4217.8 167.942 7.99234
4219.2 173.966 8.23046
4220.6 163.293 8.14376
4222.0 167.781 8.57637
4223.4 174.634 8.47534
4224.8 165.415 8.11105
4226.2 158.935 8.09831
4227.6 161.714 7.72814
4229.0 172.097 8.23462
4230.4 174.174 8.42986
4231.8 167.761 8.19850
4233.2 156.110 8.07930
4234.6 165.478 8.31259
4236.0 168.294 7.90122
4237.4 174.820 8.67131
4238.8 174.889 8.55316
4240.2 169.728 8.18739
4241.6 168.919 8.10089
4243.0 172.140 8.26244
4244.4 169.038 8.30368
4245.8 161.301 7.87319
4247.2 162.822 8.11511
4248.6 166.754 8.11998
4250.0 159.966 8.43545
4251.4 163.276 8.07151
4252.8 164.463 7.99298
4254.2 167.981 8.26655
4255.6 166.370 8.36100
4257.0 174.264 8.62003
4258.4 168.385 8.14665
4259.8 165.532 8.39371
4261.2 161.596 8.04362
4262.6 169.137 8.22200
4264.0 177.466 8.41739
4265.4 175.484 8.40935
4266.8 170.264 8.17981
4268.2 178.139 8.73572
4269.6 167.656 8.35694
4271.0 161.960 7.81074
4272.4 163.933 8.11838
4273.8 158.400 7.91092
4275.2 169.284 7.88273
4276.6 171.842 8.22231
4278.0 167.442 8.33506
4279.4 168.809 8.13778
4280.8 168.396 8.07897
4282.2 167.820 8.33091
4283.6 164.825 8.03972
4285.0 173.324 8.09009
4286.4 164.685 7.79645
4287.8 156.213 7.90811
4289.2 154.930 7.76436
4290.6 164.326 8.09992
4292.0 165.006 8.21301
4293.4 162.507 7.97879
4294.8 169.544 8.29573
4296.2 167.740 8.15242
4297.6 167.962 8.29363
4299.0 157.257 7.79360
4300.4 160.646 8.15271
4301.8 159.011 7.67157
4303.2 158.421 7.83849
4304.6 165.256 7.86456
4306.0 160.370 7.86564
4307.4 160.084 7.48947
4308.8 160.364 7.74002
4310.2 167.582 7.82084
4311.6 157.322 7.49720
4313.0 159.586 7.44698
4314.4 156.499 7.60662
4315.8 160.382 7.71916
4317.2 160.933 7.80234
4318.6 153.785 7.65614
4320.0 154.703 7.56426
4321.4 158.178 7.72687
4322.8 156.345 7.44598
4324.2 152.344 7.53679
4325.6 150.765 7.56141
4327.0 147.125 7.25266
4328.4 152.082 7.28379
4329.8 153.534 7.32294
4331.2 145.241 7.33252
4332.6 140.962 6.99723
4334.0 134.731 6.68411
4335.4 128.862 6.79803
4336.8 111.610 5.99596
4338.2 88.629 5.17875
4339.6 71.797 4.79067
4341.0 86.236 5.04167
4342.4 106.627 5.73482
4343.8 119.698 6.37252
4345.2 133.877 6.65360
4346.6 142.689 7.17084
4348.0 143.684 6.94737
4349.4 145.691 7.36992
4350.8 146.171 7.31913
4352.2 150.889 7.59516
4353.6 161.150 7.92503
4355.0 160.500 7.56694
4356.4 161.411 7.75047
4357.8 166.715 8.60224
4359.2 162.194 8.21767
4360.6 162.011 7.98130
4362.0 164.442 7.86425
4363.4 165.322 7.97548
4364.8 166.804 7.95300
4366.2 166.914 8.09040
4367.6 172.089 7.99365
4369.0 174.000 8.12489
4370.4 170.438 8.05464
4371.8 171.227 7.93250
4373.2 171.114 8.00146
4374.6 161.468 7.53407
4376.0 164.755 7.81478
4377.4 169.310 8.00824
4378.8 167.659 8.00580
4380.2 167.902 7.83649
4381.6 164.496 7.65897
4383.0 166.300 7.68689
4384.4 165.288 7.77839
4385.8 166.813 7.74033
4387.2 171.816 8.04816
4388.6 165.401 7.65695
4390.0 169.773 7.79848
4391.4 167.380 7.86932
4392.8 161.726 7.59415
4394.2 157.321 7.42864
4395.6 160.942 7.49621
4397.0 171.806 7.92710
4398.4 168.870 8.05151
4399.8 162.322 7.49213
4401.2 167.396 7.67805
4402.6 161.483 7.64685
4404.0 158.263 7.58754
4405.4 164.758 7.66065
4406.8 171.100 7.72741
4408.2 161.625 7.40234
4409.6 166.544 7.87855
4411.0 164.188 7.69537
4412.4 168.769 7.69914
4413.8 165.079 7.67910
4415.2 158.960 7.53134
4416.6 161.205 7.47502
4418.0 163.714 7.66961
4419.4 166.614 7.39785
4420.8 165.983 7.55805
4422.2 161.100 9.86499
4423.6 161.001 12.28710
4425.0 163.141 7.43777
4426.4 161.678 7.48036
4427.8 163.215 7.48704
4429.2 167.918 7.82238
4430.6 166.649 7.85441
4432.0 161.635 7.32755
4433.4 162.067 7.45944
4434.8 164.221 7.47947
4436.2 162.780 7.41831
4437.6 168.839 7.74385
4439.0 165.239 7.76640
4440.4 166.846 7.99940
4441.8 159.477 7.54593
4443.2 159.679 7.45398
4444.6 161.698 7.43641
4446.0 167.529 7.37727
4447.4 165.262 7.29246
4448.8 163.941 7.34658
4450.2 167.269 7.61713
4451.6 163.177 7.57426
4453.0 167.789 7.84772
4454.4 165.760 7.78433
4455.8 163.815 7.39092
4457.2 163.598 7.51821
4458.6 164.395 7.44956
4460.0 165.929 7.53481
4461.4 164.457 7.40903
4462.8 165.177 7.54860
4464.2 170.739 7.40449
4465.6 164.258 7.43234
4467.0 157.997 7.35717
4468.4 158.264 7.22975
4469.8 165.115 7.33700
4471.2 163.742 7.40594
4472.6 160.924 7.24772
4474.0 172.409 7.64401
4475.4 166.917 7.59305
4476.8 167.634 7.45155
4478.2 162.874 7.40608
4479.6 163.559 7.24988
4481.0 161.102 7.48755
4482.4 161.116 7.28945
4483.8 169.374 7.47513
4485.2 158.029 7.22906
4486.6 163.377 7.32722
4488.0 169.116 7.50427
4489.4 163.257 7.60688
4490.8 163.913 7.47939
4492.2 162.286 7.33453
4493.6 161.278 7.35492
4495.0 162.970 7.28180
4496.4 159.204 7.16203
4497.8 170.042 7.62275
4499.2 159.339 7.17033
4500.6 156.762 7.10855
4502.0 161.067 7.36735
4503.4 171.754 7.52812
4504.8 170.772 7.44660
4506.2 161.936 7.39854
4507.6 160.056 7.35039
4509.0 165.936 7.55013
4510.4 165.341 7.50369
4511.8 166.925 7.70884
4513.2 167.292 7.63203
4514.6 163.955 7.35475
4516.0 166.184 7.38792
4517.4 163.516 7.41541
4518.8 166.209 7.44125
4520.2 161.037 7.52683
4521.6 160.869 7.30164
4523.0 161.132 7.31727
4524.4 165.638 7.32317
4525.8 168.436 7.39828
4527.2 166.241 7.46466
4528.6 163.467 7.45976
4530.0 164.498 7.53870
4531.4 163.328 7.40288
4532.8 157.097 7.25844
4534.2 162.083 7.39331
4535.6 162.048 7.21214
4537.0 164.002 7.55039
4538.4 164.512 7.44249
4539.8 159.711 7.42962
4541.2 160.944 7.31481
4542.6 162.129 7.34026
4544.0 161.697 7.30331
4545.4 163.735 7.41454
4546.8 167.130 7.46727
4548.2 156.928 7.41642
4549.6 151.874 6.77824
4551.0 157.895 7.14222
4552.4 162.559 7.21065
4553.8 154.255 7.17045
4555.2 158.773 7.20389
4556.6 158.885 7.18974
4558.0 167.603 7.40313
4559.4 159.122 7.05110
4560.8 163.721 7.34528
4562.2 157.032 7.12342
4563.6 160.759 7.13580
4565.0 158.614 7.17533
4566.4 163.828 7.22907
4567.8 160.329 7.31199
4569.2 164.448 7.45974
4570.6 157.607 7.11375
4572.0 155.215 6.82632
4573.4 160.576 7.02772
4574.8 157.827 6.94667
4576.2 162.418 7.23043
4577.6 158.583 7.11088
4579.0 162.987 7.06425
4580.4 158.694 7.15905
4581.8 159.514 6.92128
4583.2 156.454 6.95757
4584.6 157.331 6.96922
4586.0 162.888 7.18465
4587.4 159.868 7.14666
4588.8 158.786 6.92614
4590.2 157.494 7.16855
4591.6 165.783 7.23895
4593.0 164.471 7.34354
4594.4 159.730 7.10745
4595.8 159.523 7.16707
4597.2 159.152 7.15628
4598.6 159.143 7.15882
4600.0 162.415 6.93745
4601.4 158.255 6.89641
4602.8 161.622 7.02350
4604.2 160.415 7.15925
4605.6 156.264 7.23364
4607.0 160.995 6.93708
4608.4 162.907 7.04404
4609.8 158.916 6.88744
4611.2 167.592 7.23370
4612.6 161.910 7.28575
4614.0 163.117 7.16936
4615.4 162.530 7.05029
4616.8 161.434 7.23241
4618.2 159.864 7.14669
4619.6 158.112 6.99451
4621.0 159.962 7.15350
4622.4 160.700 6.80097
4623.8 163.182 7.04045
4625.2 161.040 7.08080
4626.6 163.236 7.16271
4628.0 162.903 7.34038
4629.4 162.677 7.32692
4630.8 154.620 7.02553
4632.2 158.603 7.02636
4633.6 160.143 7.05753
4635.0 164.830 7.16153
4636.4 154.547 7.18910
4637.8 162.103 7.08753
4639.2 162.884 7.09932
4640.6 165.790 7.32948
4642.0 161.229 7.17170
4643.4 163.609 7.05445
4644.8 159.765 7.04065
4646.2 165.607 7.36212
4647.6 152.444 6.67744
4649.0 161.234 6.99122
4650.4 161.051 6.97499
4651.8 159.206 7.24144
4653.2 166.244 6.99430
4654.6 158.082 7.00601
4656.0 161.352 7.14031
4657.4 158.743 6.83457
4658.8 162.210 7.16440
4660.2 163.579 7.26752
4661.6 159.995 7.16217
4663.0 161.162 7.18418
4664.4 163.414 7.04458
4665.8 161.124 7.07053
4667.2 161.186 7.10271
4668.6 161.945 7.05300
4670.0 162.050 7.02803
4671.4 161.961 7.12246
4672.8 164.195 7.15171
4674.2 163.551 7.03091
4675.6 160.061 6.97576
4677.0 161.324 6.92203
4678.4 162.335 6.97050
4679.8 162.398 7.22110
4681.2 161.427 7.15485
4682.6 161.479 7.06943
4684.0 165.505 7.10958
4685.4 162.665 6.96864
4686.8 157.470 6.92557
4688.2 159.663 7.15611
4689.6 163.334 7.00913
4691.0 159.550 7.02728
4692.4 162.137 7.18194
4693.8 160.765 6.91321
4695.2 157.855 7.08952
4696.6 163.562 7.16297
4698.0 164.302 7.21213
4699.4 160.271 7.12046
4700.8 156.705 6.84369
4702.2 158.995 6.89681
4703.6 159.415 7.04980
4705.0 156.417 6.87081
4706.4 163.195 7.23660
4707.8 157.907 7.44689
4709.2 163.318 7.27569
4710.6 161.322 7.25553
4712.0 159.498 6.97984
4713.4 159.651 7.05438
4714.8 161.377 7.13838
4716.2 156.349 6.97452
4717.6 161.973 7.15134
4719.0 158.578 6.75401
4720.4 162.054 6.95970
4721.8 164.970 7.02221
4723.2 161.393 6.93955
4724.6 154.309 6.73974
4726.0 161.427 6.79625
4727.4 157.393 6.91970
4728.8 160.096 6.83701
4730.2 161.335 6.87069
4731.6 159.005 6.81342
4733.0 157.625 6.56754
4734.4 160.319 6.97870
4735.8 160.005 6.96644
4737.2 157.859 7.02899
4738.6 160.117 7.10581
4740.0 159.947 6.98697
4741.4 157.955 6.89447
4742.8 156.858 6.81593
4744.2 158.655 6.63186
4745.6 166.649 7.19982
4747.0 163.635 6.96924
4748.4 159.166 7.00159
4749.8 161.407 7.43964
4751.2 156.612 7.69624
4752.6 162.478 8.00607
4754.0 163.887 8.39681
4755.4 159.061 8.39779
4756.8 159.096 7.74792
4758.2 162.461 7.93042
4759.6 158.341 7.68263
4761.0 159.163 7.33821
4762.4 158.479 6.95962
4763.8 156.514 6.84279
4765.2 157.306 inf
4766.6 158.098 inf
4768.0 158.890 6.94967
4769.4 165.793 7.00116
4770.8 155.108 6.72014
4772.2 155.915 6.71298
4773.6 159.221 6.79887
4775.0 157.114 6.66574
4776.4 160.029 6.95250
4777.8 158.569 6.71072
4779.2 155.055 6.69208
4780.6 157.690 6.76694
4782.0 158.007 6.86167
4783.4 156.352 6.92425
4784.8 156.313 6.71102
4786.2 155.548 6.75251
4787.6 160.321 6.75307
4789.0 158.946 6.74328
4790.4 154.197 6.74285
4791.8 160.180 7.00310
4793.2 155.485 6.83435
4794.6 154.397 6.75895
4796.0 160.366 6.83998
4797.4 156.342 6.75872
4798.8 155.016 6.67106
4800.2 152.911 6.65072
4801.6 157.322 6.65124
4803.0 154.371 6.68709
4804.4 155.514 6.67934
4805.8 157.227 6.67566
4807.2 160.254 6.92226
4808.6 157.789 6.74968
4810.0 155.809 6.78858
4811.4 159.349 6.73304
4812.8 160.256 6.75197
4814.2 158.113 6.76455
4815.6 156.302 6.61485
4817.0 156.986 6.89766
4818.4 159.427 6.84122
4819.8 157.844 6.89948
4821.2 157.267 6.95358
4822.6 159.079 7.10543
4824.0 157.870 6.84975
4825.4 157.839 6.75609
4826.8 158.228 6.76566
4828.2 154.797 6.74717
4829.6 151.091 6.82499
4831.0 160.254 6.73023
4832.4 150.427 6.62212
4833.8 153.934 6.74501
4835.2 153.833 6.73271
4836.6 150.424 6.64826
4838.0 156.765 6.92955
4839.4 154.427 6.89710
4840.8 153.803 6.83446
4842.2 150.780 6.73059
4843.6 147.031 6.49739
4845.0 149.675 6.42950
4846.4 147.065 6.48097
4847.8 141.124 6.37293
4849.2 143.536 6.41796
4850.6 143.711 6.43367
4852.0 142.381 6.33348
4853.4 136.828 6.19531
4854.8 130.848 5.89235
4856.2 121.640 5.41146
4857.6 109.662 5.38778
4859.0 94.800 4.66431
4860.4 70.267 4.13909
4861.8 83.877 4.41141
4863.2 105.854 5.02104
4864.6 119.053 5.53346
4866.0 129.781 5.81648
4867.4 129.611 5.88518
4868.8 136.733 6.26102
4870.2 140.539 5.92320
4871.6 140.911 6.15514
4873.0 143.614 6.28420
4874.4 141.796 6.29574
4875.8 149.391 6.40627
4877.2 146.859 6.19893
4878.6 145.906 6.34789
4880.0 147.023 6.39338
4881.4 151.586 6.41353
4882.8 147.374 6.48310
4884.2 155.012 6.45916
4885.6 152.689 6.49977
4887.0 148.269 6.39315
4888.4 151.583 6.51183
4889.8 147.854 6.53303
4891.2 149.778 6.39893
4892.6 152.465 6.61385
4894.0 153.882 6.69122
4895.4 154.879 6.66110
4896.8 154.708 6.58202
4898.2 155.348 6.54900
4899.6 154.797 6.70046
4901.0 154.930 6.68463
4902.4 152.852 6.55858
4903.8 152.226 6.49905
4905.2 157.277 6.64382
4906.6 157.134 6.76597
4908.0 154.101 6.72605
4909.4 154.074 6.60848
4910.8 156.951 6.58635
4912.2 156.965 6.49550
4913.6 155.427 6.62486
4915.0 156.007 6.60481
4916.4 157.902 6.57288
4917.8 154.322 6.50137
4919.2 152.858 6.35565
4920.6 155.667 6.41849
4922.0 149.250 6.26524
4923.4 148.768 6.20018
4924.8 152.236 6.42386
4926.2 157.752 6.60282
4927.6 153.145 6.50806
4929.0 158.034 6.52205
4930.4 161.451 6.70609
4931.8 152.519 6.36284
4933.2 151.262 6.64423
4934.6 152.099 6.57563
4936.0 155.947 6.49441
4937.4 155.730 6.64315
4938.8 152.711 6.52248
4940.2 154.428 6.69157
4941.6 156.211 6.56446
4943.0 156.380 6.58044
4944.4 160.308 6.56367
4945.8 159.785 6.71922
4947.2 156.238 6.51996
4948.6 156.092 6.77449
4950.0 154.756 6.48405
4951.4 158.700 6.57060
4952.8 164.380 6.80333
4954.2 155.467 6.62285
4955.6 155.075 6.34341
4957.0 153.101 6.52839
4958.4 152.586 6.47484
4959.8 156.477 6.32122
4961.2 156.331 6.38312
4962.6 158.818 6.63302
4964.0 156.367 6.64329
4965.4 158.273 6.46127
4966.8 153.667 6.36397
4968.2 159.963 6.50514
4969.6 156.528 6.45116
4971.0 152.721 6.31747
4972.4 154.363 6.48940
4973.8 157.948 6.66880
4975.2 156.136 6.90920
4976.6 156.254 6.77874
4978.0 159.307 6.62055
4979.4 155.385 6.49532
4980.8 151.925 6.39461
4982.2 157.252 6.46236
4983.6 150.860 6.23476
4985.0 160.774 7.04839
4986.4 153.448 6.58333
4987.8 152.456 6.43336
4989.2 155.767 6.60579
4990.6 154.002 6.24800
4992.0 155.622 6.72746
4993.4 152.068 6.49576
4994.8 156.179 6.61737
4996.2 161.679 6.73676
4997.6 154.569 6.45211
4999.0 151.742 6.45047
