3900.0 108.838 10.56410
3901.4 118.459 10.92870
3902.8 115.803 10.41920
3904.2 124.054 10.66110
3905.6 129.918 11.39700
3907.0 130.814 11.62420
3908.4 135.874 12.22980
3909.8 127.993 11.35140
3911.2 125.093 10.35100
3912.6 137.599 11.94340
3914.0 137.264 12.65110
3915.4 140.555 11.95220
3916.8 137.841 11.36730
3918.2 136.372 11.30750
3919.6 139.539 11.26220
3921.0 135.128 11.22530
3922.4 137.483 11.33630
3923.8 142.265 11.23910
3925.2 138.171 11.24220
3926.6 135.364 11.10040
3928.0 135.143 10.82740
3929.4 127.242 10.83590
3930.8 94.188 9.45825
3932.2 70.675 8.72794
3933.6 101.685 9.85273
3935.0 116.022 9.92302
3936.4 137.270 10.96610
3937.8 139.350 11.05810
3939.2 141.111 10.53220
3940.6 139.512 11.02450
3942.0 131.020 10.76930
3943.4 134.212 10.74580
3944.8 126.114 10.83310
3946.2 134.016 10.58760
3947.6 133.227 10.86820
3949.0 124.884 10.44460
3950.4 127.319 10.22290
3951.8 121.771 10.61330
3953.2 124.285 10.21030
3954.6 112.135 9.62227
3956.0 112.843 9.97212
3957.4 108.088 9.36856
3958.8 103.328 9.36168
3960.2 91.629 9.29339
3961.6 96.243 9.11048
3963.0 76.717 8.27637
3964.4 70.313 7.63549
3965.8 49.847 6.93607
3967.2 32.381 6.99121
3968.6 32.437 7.00605
3970.0 52.475 6.95239
3971.4 65.167 7.39905
3972.8 78.100 8.29050
3974.2 85.976 8.21221
3975.6 88.974 8.47351
3977.0 102.923 9.03742
3978.4 110.995 9.26781
3979.8 110.970 9.28678
3981.2 108.607 9.17229
3982.6 125.386 9.80887
3984.0 120.184 9.39295
3985.4 127.080 9.80198
3986.8 123.911 9.80017
3988.2 127.378 9.86908
3989.6 131.177 10.29090
3991.0 127.282 10.66160
3992.4 130.830 10.31540
3993.8 125.770 10.23850
3995.2 132.216 10.11180
3996.6 133.209 10.04490
3998.0 131.895 10.33780
3999.4 131.736 9.82976
4000.8 136.671 10.53150
4002.2 134.534 9.98305
4003.6 128.342 9.51795
4005.0 138.406 10.09690
4006.4 142.616 10.72920
4007.8 138.324 10.64240
4009.2 133.745 9.81075
4010.6 136.318 9.95138
4012.0 141.345 10.38810
4013.4 137.065 10.31010
4014.8 139.651 10.02930
4016.2 139.389 9.90640
4017.6 139.422 10.26960
4019.0 134.140 9.58541
4020.4 135.412 9.76832
4021.8 132.437 9.26363
4023.2 136.583 9.75451
4024.6 144.304 10.00950
4026.0 137.461 9.94651
4027.4 136.169 9.90281
4028.8 133.308 9.47849
4030.2 135.757 9.39250
4031.6 131.270 9.25190
4033.0 139.507 10.20740
4034.4 137.438 10.21340
4035.8 135.510 9.80965
4037.2 135.519 9.48697
4038.6 139.885 9.75053
4040.0 134.806 9.48945
4041.4 140.986 9.81655
4042.8 134.090 9.76155
4044.2 130.016 9.79014
4045.6 136.575 9.79359
4047.0 133.736 9.89185
4048.4 140.061 9.82177
4049.8 136.409 9.65609
4051.2 133.542 9.39441
4052.6 130.622 8.88658
4054.0 133.136 9.29142
4055.4 137.066 9.43498
4056.8 135.511 9.70050
4058.2 136.887 9.88338
4059.6 139.556 9.93385
4061.0 125.776 9.06292
4062.4 130.413 9.43316
4063.8 131.926 9.13833
4065.2 127.974 9.12102
4066.6 129.600 8.89512
4068.0 127.023 8.77554
4069.4 124.147 9.17683
4070.8 129.830 9.38409
4072.2 128.367 8.82988
4073.6 131.464 8.81931
4075.0 124.608 8.94365
4076.4 122.660 9.14504
4077.8 124.642 9.01709
4079.2 122.053 8.94399
4080.6 119.447 8.62432
4082.0 119.530 8.84542
4083.4 115.057 8.59209
4084.8 113.818 8.45998
4086.2 111.735 8.08367
4087.6 109.207 8.09667
4089.0 102.178 7.79182
4090.4 95.488 8.12339
4091.8 93.015 8.22941
4093.2 89.986 7.29307
4094.6 78.912 7.18575
4096.0 71.666 6.56063
4097.4 59.434 6.60193
4098.8 48.191 5.97836
4100.2 35.323 6.13747
4101.6 55.672 6.94299
4103.0 69.329 6.93976
4104.4 73.840 7.01600
4105.8 82.038 7.40472
4107.2 88.686 7.43108
4108.6 89.181 7.57577
4110.0 98.834 8.21380
4111.4 105.863 8.07578
4112.8 108.279 8.27184
4114.2 109.997 7.93821
4115.6 115.820 8.23955
4117.0 115.419 8.30657
4118.4 118.437 8.30863
4119.8 120.828 8.68793
4121.2 111.211 7.97501
4122.6 122.009 8.11591
4124.0 123.249 8.53757
4125.4 128.605 8.97000
4126.8 123.326 8.45725
4128.2 126.966 8.61202
4129.6 123.537 8.66487
4131.0 124.086 8.54605
4132.4 123.938 8.47817
4133.8 124.836 8.10215
4135.2 127.288 8.31674
4136.6 130.737 8.49347
4138.0 132.457 8.54215
4139.4 130.796 8.25065
4140.8 129.626 8.60626
4142.2 123.113 8.60803
4143.6 133.124 8.40664
4145.0 132.139 8.18850
4146.4 127.320 8.28393
4147.8 133.578 8.93672
4149.2 132.118 8.81604
4150.6 132.764 8.50562
4152.0 131.963 8.52468
4153.4 127.696 8.52007
4154.8 129.670 8.70651
4156.2 128.454 8.35870
4157.6 133.209 8.51043
4159.0 123.098 7.94728
4160.4 128.801 8.32306
4161.8 127.191 8.01101
4163.2 126.851 8.08452
4164.6 125.359 8.41203
4166.0 130.818 8.95720
4167.4 126.694 8.87232
4168.8 132.196 8.72747
4170.2 119.967 8.19607
4171.6 125.815 8.34787
4173.0 126.683 8.34942
4174.4 125.569 8.80614
4175.8 122.570 8.67938
4177.2 125.679 8.00450
4178.6 126.771 8.23966
4180.0 129.279 8.22196
4181.4 126.526 7.93216
4182.8 129.953 7.99725
4184.2 119.216 8.21878
4185.6 126.245 8.15058
4187.0 126.897 8.08259
4188.4 128.022 7.95946
4189.8 125.150 8.00361
4191.2 128.544 8.09158
4192.6 129.970 8.00923
4194.0 125.270 8.21144
4195.4 126.569 7.98115
4196.8 123.045 8.14837
4198.2 121.252 7.30905
4199.6 124.429 7.71906
4201.0 128.596 7.66176
4202.4 124.929 8.01289
4203.8 124.221 8.18401
4205.2 129.809 7.79290
4206.6 125.114 7.87272
4208.0 128.712 8.48673
4209.4 126.866 8.15236
4210.8 126.140 7.97074
4212.2 129.083 7.90958
4213.6 121.006 7.72904
4215.0 121.573 7.73967
4216.4 125.675 7.97738
4217.8 126.224 7.98623
4219.2 123.797 8.08871
4220.6 127.503 8.22531
4222.0 123.219 8.25467
4223.4 124.218 8.14708
4224.8 115.478 7.62198
4226.2 116.054 7.38058
4227.6 126.680 7.54246
4229.0 127.549 7.67361
4230.4 122.029 7.41266
4231.8 121.222 7.54092
4233.2 121.711 7.70652
4234.6 120.995 7.71710
4236.0 123.856 7.89797
4237.4 117.985 7.42285
4238.8 119.715 7.58071
4240.2 123.901 7.55144
4241.6 120.770 7.49696
4243.0 119.662 7.46903
4244.4 114.787 7.28013
4245.8 117.243 7.30516
4247.2 124.511 7.74302
4248.6 120.081 7.53568
4250.0 122.989 7.67003
4251.4 122.765 7.64908
4252.8 121.868 7.56741
4254.2 118.095 7.32127
4255.6 120.489 7.58214
4257.0 121.440 7.66291
4258.4 120.477 8.11052
4259.8 119.882 8.10043
4261.2 120.281 7.99714
4262.6 124.319 7.63127
4264.0 125.711 7.78334
4265.4 121.250 7.35474
4266.8 121.599 7.41338
4268.2 121.153 7.81821
4269.6 115.766 7.72064
4271.0 117.315 7.48164
4272.4 120.994 7.23085
4273.8 121.914 7.54364
4275.2 124.255 7.55249
4276.6 122.711 7.15470
4278.0 122.358 7.35047
4279.4 124.081 7.46508
4280.8 117.169 7.34906
4282.2 120.163 7.28563
4283.6 119.227 7.41924
4285.0 125.061 7.28188
4286.4 115.883 7.35219
4287.8 112.781 7.15075
4289.2 117.561 7.28910
4290.6 118.771 7.26342
4292.0 111.946 7.14226
4293.4 115.584 7.30452
4294.8 119.888 7.25367
4296.2 117.549 7.18616
4297.6 113.435 7.45102
4299.0 113.618 7.42338
4300.4 113.769 7.00056
4301.8 113.755 7.25006
4303.2 115.476 6.88366
4304.6 115.080 7.11403
4306.0 111.275 6.92425
4307.4 114.760 6.94285
4308.8 115.145 6.87773
4310.2 111.829 6.93661
4311.6 106.123 6.69752
4313.0 109.695 7.06234
4314.4 107.020 6.85436
4315.8 112.203 6.83934
4317.2 104.933 6.51227
4318.6 105.645 6.83356
4320.0 105.124 6.93710
4321.4 104.035 6.67795
4322.8 98.143 6.54832
4324.2 96.544 6.35791
4325.6 94.475 6.17115
4327.0 95.991 6.68618
4328.4 88.487 6.04095
4329.8 88.115 6.09402
4331.2 84.046 6.01707
4332.6 76.216 5.73306
4334.0 63.941 5.06636
4335.4 61.364 5.16016
4336.8 44.699 4.66926
4338.2 39.013 4.45200
4339.6 40.942 4.42900
4341.0 56.058 4.65820
4342.4 65.900 4.97691
4343.8 73.468 5.56448
4345.2 77.447 5.70835
4346.6 85.496 5.91830
4348.0 86.179 5.84317
4349.4 89.701 6.09845
4350.8 93.272 6.43061
4352.2 96.970 6.69216
4353.6 103.603 6.43116
4355.0 99.875 6.46282
4356.4 104.092 6.51347
4357.8 103.866 6.83520
4359.2 108.267 8.06307
4360.6 109.057 7.56913
4362.0 110.809 inf
4363.4 112.561 7.40647
4364.8 105.970 6.49741
4366.2 108.282 6.94495
4367.6 108.863 6.72373
4369.0 112.068 6.75517
4370.4 114.475 6.60077
4371.8 112.981 6.77266
4373.2 111.958 6.66837
4374.6 109.947 6.64188
4376.0 112.617 6.86582
4377.4 113.722 7.19332
4378.8 113.274 7.01008
4380.2 110.490 6.56327
4381.6 103.359 6.34104
4383.0 107.090 6.74827
4384.4 109.380 6.75555
4385.8 111.764 6.60064
4387.2 115.179 6.79847
4388.6 115.028 6.64880
4390.0 110.139 6.49328
4391.4 108.008 6.41542
4392.8 104.139 6.40926
4394.2 110.175 6.75978
4395.6 114.456 6.83607
4397.0 110.035 6.69667
4398.4 108.978 6.68521
4399.8 112.095 6.57888
4401.2 112.967 6.69258
4402.6 109.246 6.48383
4404.0 113.199 6.49045
4405.4 111.955 6.58239
4406.8 117.862 6.73745
4408.2 113.633 6.58202
4409.6 109.562 6.57194
4411.0 112.526 6.86768
4412.4 113.315 6.82930
4413.8 109.831 6.61824
4415.2 107.864 6.62037
4416.6 109.514 6.31414
4418.0 115.355 6.51708
4419.4 110.759 6.47208
4420.8 110.454 6.46395
4422.2 114.624 7.04018
4423.6 115.200 6.46520
4425.0 112.089 6.48289
4426.4 113.428 6.51741
4427.8 112.869 6.78030
4429.2 113.845 6.58388
4430.6 111.348 6.40929
4432.0 109.013 6.49984
4433.4 111.538 6.37089
4434.8 111.397 6.51745
4436.2 112.903 6.54506
4437.6 108.754 6.28690
4439.0 112.768 6.56310
4440.4 103.311 6.30664
4441.8 104.151 6.19412
4443.2 111.356 6.67283
4444.6 109.043 6.59260
4446.0 109.531 6.77038
4447.4 112.625 6.43745
4448.8 111.138 6.60184
4450.2 111.846 6.75334
4451.6 111.251 6.76457
4453.0 108.756 6.44574
4454.4 113.272 6.54335
4455.8 113.671 6.50916
4457.2 110.308 6.65038
4458.6 111.638 6.29478
4460.0 111.464 6.72563
4461.4 111.253 6.67121
4462.8 109.612 6.35190
4464.2 111.549 6.63825
4465.6 107.487 6.42720
4467.0 108.803 6.30056
4468.4 109.274 6.28462
4469.8 110.217 6.37272
4471.2 109.766 6.32298
4472.6 112.584 6.04875
4474.0 107.130 5.91171
4475.4 110.282 6.22923
4476.8 106.339 6.08933
4478.2 100.532 5.97754
4479.6 99.956 6.07626
4481.0 110.637 6.55857
4482.4 111.105 6.33011
4483.8 107.515 6.12920
4485.2 109.979 6.55932
4486.6 106.472 5.97338
4488.0 106.839 6.08331
4489.4 108.303 6.07234
4490.8 110.241 6.44635
4492.2 109.713 6.46816
4493.6 107.267 6.31615
4495.0 108.813 6.33895
4496.4 107.723 6.32313
4497.8 106.783 6.59219
4499.2 105.173 6.46106
4500.6 105.930 6.01431
4502.0 109.606 6.20750
4503.4 106.461 6.03360
4504.8 106.955 6.09105
4506.2 105.383 6.14821
4507.6 109.078 6.13773
4509.0 110.885 6.19346
4510.4 108.178 6.22982
4511.8 106.257 6.12888
4513.2 107.262 6.20013
4514.6 107.327 6.32148
4516.0 106.549 6.28913
4517.4 106.369 5.92857
4518.8 105.276 6.24643
4520.2 101.174 6.17748
4521.6 108.359 6.05922
4523.0 105.687 6.30983
4524.4 108.584 6.19605
4525.8 106.522 5.95945
4527.2 104.936 5.93750
4528.6 105.294 5.92824
4530.0 106.782 6.26555
4531.4 101.308 5.97504
4532.8 99.842 5.81919
4534.2 106.691 5.80572
4535.6 108.446 5.99833
4537.0 106.002 6.22178
4538.4 105.258 6.10660
4539.8 106.535 6.02004
4541.2 107.392 6.11248
4542.6 105.783 6.31679
4544.0 103.084 6.32075
4545.4 103.308 6.04355
4546.8 97.209 5.73384
4548.2 99.572 5.88317
4549.6 108.702 5.95545
4551.0 105.353 5.97707
4552.4 103.382 6.17358
4553.8 101.445 6.22145
4555.2 104.638 6.16961
4556.6 101.871 5.92412
4558.0 103.486 5.79448
4559.4 105.602 6.00479
4560.8 103.451 5.92215
4562.2 99.782 5.61313
4563.6 103.745 5.69023
4565.0 106.181 5.98880
4566.4 105.533 5.95517
4567.8 106.069 6.02824
4569.2 100.154 5.78295
4570.6 100.182 5.78046
4572.0 104.777 5.87772
4573.4 107.109 6.08023
4574.8 105.529 5.86892
4576.2 102.401 5.84916
4577.6 103.694 5.75805
4579.0 97.966 5.73815
4580.4 100.901 5.45066
4581.8 101.575 5.83802
4583.2 100.763 5.98836
4584.6 106.506 5.98694
4586.0 101.208 5.72296
4587.4 100.535 5.65471
4588.8 102.196 5.92035
4590.2 105.782 6.00285
4591.6 100.950 5.85133
4593.0 104.957 5.92829
4594.4 99.950 5.75698
4595.8 106.496 6.20534
4597.2 105.063 5.86147
4598.6 103.955 5.87065
4600.0 105.473 6.01410
4601.4 102.819 5.69923
4602.8 104.252 5.80597
4604.2 101.507 5.72664
4605.6 99.026 5.68481
4607.0 103.295 5.91263
4608.4 102.338 5.54851
4609.8 103.465 5.67436
4611.2 98.076 5.58975
4612.6 104.078 5.72128
4614.0 99.462 5.72389
4615.4 104.622 5.80908
4616.8 98.052 5.57201
4618.2 103.462 5.59330
4619.6 102.789 5.83630
4621.0 99.965 5.61610
4622.4 101.133 5.61653
4623.8 100.002 5.51131
4625.2 100.078 5.65840
4626.6 101.865 5.66203
4628.0 102.419 5.68666
4629.4 103.881 5.75250
4630.8 102.636 5.95020
4632.2 101.791 6.07735
4633.6 106.369 5.90908
4635.0 104.109 5.63849
4636.4 104.803 5.79915
4637.8 101.303 5.52183
4639.2 99.007 5.59220
4640.6 101.746 5.75836
4642.0 103.309 5.72830
4643.4 100.331 5.72973
4644.8 100.074 5.61627
4646.2 100.263 5.72451
4647.6 102.430 5.78996
4649.0 99.499 5.72652
4650.4 103.731 5.62336
4651.8 101.294 5.53346
4653.2 100.638 5.67120
4654.6 103.066 5.67232
4656.0 98.390 5.58054
4657.4 104.628 5.71322
4658.8 97.340 5.59785
4660.2 98.618 5.61303
4661.6 100.277 5.62155
4663.0 101.148 5.64875
4664.4 99.385 5.45812
4665.8 98.306 5.31785
4667.2 96.649 5.46727
4668.6 101.407 5.65485
4670.0 97.105 5.52320
4671.4 96.895 5.89451
4672.8 98.887 5.83387
4674.2 101.504 5.84366
4675.6 99.422 5.70705
4677.0 98.270 5.48840
4678.4 99.511 5.59552
4679.8 101.763 5.90527
4681.2 97.324 5.75325
4682.6 99.102 5.63160
4684.0 99.666 5.72323
4685.4 103.633 5.85823
4686.8 103.498 5.71410
4688.2 97.002 5.36142
4689.6 99.229 5.46290
4691.0 100.755 5.65483
4692.4 98.824 5.69613
4693.8 98.487 5.43112
4695.2 97.467 5.34435
4696.6 95.239 5.49704
4698.0 98.759 5.49077
4699.4 93.466 5.56472
4700.8 98.064 5.45391
4702.2 97.028 5.55557
4703.6 101.046 5.65916
4705.0 99.174 5.39744
4706.4 101.846 5.57341
4707.8 98.287 5.50799
4709.2 99.503 5.73941
4710.6 102.032 5.47931
4712.0 98.407 5.62902
4713.4 96.891 5.32826
4714.8 93.481 5.35004
4716.2 101.182 5.75733
4717.6 98.677 5.65415
4719.0 100.748 5.48824
4720.4 100.371 5.56822
4721.8 97.463 5.32148
4723.2 97.742 5.48126
4724.6 98.083 5.24276
4726.0 94.041 5.34105
4727.4 95.295 5.37708
4728.8 97.155 5.40748
4730.2 96.135 5.16320
4731.6 97.701 5.23598
4733.0 97.166 5.36394
4734.4 95.876 5.21292
4735.8 97.478 5.29695
4737.2 95.282 5.49629
4738.6 95.649 5.31515
4740.0 98.549 5.31055
4741.4 95.269 5.34693
4742.8 97.749 5.50702
4744.2 98.716 5.31682
4745.6 96.806 5.32458
4747.0 97.039 5.47498
4748.4 95.884 5.49305
4749.8 93.959 5.48579
4751.2 97.056 5.45497
4752.6 99.210 5.36625
4754.0 94.586 5.31637
4755.4 96.219 5.33631
4756.8 95.582 5.22708
4758.2 96.880 5.31987
4759.6 95.722 5.45744
4761.0 97.629 5.38614
4762.4 97.246 5.35892
4763.8 94.153 5.17434
4765.2 99.626 5.38568
4766.6 90.580 5.08802
4768.0 97.429 5.45519
4769.4 91.727 5.20662
4770.8 94.958 5.31671
4772.2 94.945 5.23008
4773.6 92.794 5.09186
4775.0 94.247 5.06328
4776.4 93.801 5.20722
4777.8 94.665 5.26059
4779.2 96.992 5.43051
4780.6 94.810 5.03240
4782.0 96.097 5.17029
4783.4 94.367 5.06126
4784.8 93.229 5.02452
4786.2 94.755 5.22957
4787.6 93.597 5.11236
4789.0 92.690 5.09794
4790.4 94.217 5.10662
4791.8 93.315 5.17923
4793.2 91.533 5.09252
4794.6 94.538 5.26929
4796.0 93.538 5.14727
4797.4 90.694 5.10983
4798.8 95.177 5.48065
4800.2 88.997 5.14993
4801.6 93.906 5.22081
4803.0 90.804 5.26065
4804.4 97.394 5.13343
4805.8 91.959 5.05270
4807.2 94.528 5.20507
4808.6 90.817 5.27313
4810.0 93.129 5.30467
4811.4 90.069 5.25937
4812.8 92.710 5.07374
4814.2 92.276 5.21484
4815.6 93.736 5.04944
4817.0 91.950 5.02059
4818.4 90.530 4.92079
4819.8 91.341 5.18509
4821.2 88.570 5.10776
4822.6 91.179 5.07532
4824.0 90.749 4.99537
4825.4 90.323 4.93977
4826.8 90.859 4.86665
4828.2 88.553 5.02237
4829.6 87.212 4.95649
4831.0 86.888 5.06716
4832.4 85.731 4.85003
4833.8 85.903 4.96667
4835.2 87.319 5.12278
4836.6 87.969 4.94966
4838.0 86.466 4.96607
4839.4 84.637 4.89700
4840.8 82.513 4.83192
4842.2 80.905 4.79791
4843.6 77.559 4.64627
4845.0 77.266 4.58693
4846.4 75.610 4.40282
4847.8 72.087 4.33230
4849.2 70.822 4.28374
4850.6 69.028 4.21951
4852.0 60.870 4.03243
4853.4 62.094 4.05673
4854.8 55.461 3.93110
4856.2 50.335 3.55353
4857.6 41.178 3.39070
4859.0 31.736 3.26360
4860.4 37.231 3.34586
4861.8 49.685 3.55926
4863.2 56.963 3.99859
4864.6 60.940 3.97394
4866.0 63.562 4.08186
4867.4 67.253 4.59903
4868.8 72.204 4.44352
4870.2 72.937 4.42518
4871.6 71.223 4.43621
4873.0 77.448 4.42940
4874.4 77.047 4.71297
4875.8 80.826 4.73317
4877.2 82.656 4.82723
4878.6 81.079 4.80155
4880.0 82.700 5.18211
4881.4 83.190 4.80809
4882.8 84.240 5.22063
4884.2 86.652 5.19275
4885.6 85.796 5.07027
4887.0 85.023 4.93025
4888.4 85.322 4.83713
4889.8 86.471 4.95005
4891.2 87.486 5.12358
4892.6 86.991 5.08968
4894.0 87.225 4.95497
4895.4 89.154 4.96346
4896.8 89.447 5.10105
4898.2 87.244 4.95555
4899.6 87.713 5.09471
4901.0 87.723 5.11629
4902.4 88.830 5.03683
4903.8 88.605 5.26215
4905.2 85.735 4.85128
4906.6 88.412 4.96825
4908.0 83.691 4.96183
4909.4 88.896 5.11868
4910.8 89.631 4.94309
4912.2 89.255 4.88190
4913.6 89.169 4.88366
4915.0 87.799 4.84368
4916.4 87.379 4.88910
4917.8 86.291 4.85576
4919.2 85.750 4.79334
4920.6 85.472 4.69514
4922.0 81.281 4.56702
4923.4 86.190 4.91795
4924.8 89.463 4.77094
4926.2 87.216 4.69897
4927.6 87.490 4.72259
4929.0 87.978 4.94051
4930.4 90.112 4.90032
4931.8 84.172 4.74128
4933.2 87.441 4.67290
4934.6 84.279 4.68683
4936.0 88.494 4.90461
4937.4 89.154 4.75618
4938.8 87.122 4.71512
4940.2 88.547 4.92380
4941.6 85.727 4.94529
4943.0 84.981 5.03257
4944.4 90.017 5.12173
4945.8 85.073 5.00829
4947.2 87.434 4.92485
4948.6 88.085 4.96910
4950.0 92.482 5.12305
4951.4 87.698 4.85633
4952.8 85.325 4.63141
4954.2 84.812 4.67231
4955.6 81.707 4.70781
4957.0 87.393 4.86246
4958.4 86.674 4.78368
4959.8 86.760 4.93020
4961.2 87.727 4.83148
4962.6 86.017 4.90064
4964.0 85.936 4.96231
4965.4 87.580 5.08598
4966.8 86.754 4.88385
4968.2 86.058 4.69455
4969.6 88.549 4.84508
4971.0 81.956 4.79311
4972.4 86.357 4.98469
4973.8 84.802 5.00490
4975.2 90.515 5.12133
4976.6 88.185 5.18321
4978.0 84.724 4.82578
4979.4 84.187 4.76019
4980.8 83.893 4.66669
4982.2 86.618 4.88235
4983.6 86.755 4.69024
4985.0 85.150 4.81603
4986.4 88.966 4.93962
4987.8 89.863 4.75578
4989.2 84.909 4.71952
4990.6 83.429 4.64179
4992.0 87.804 4.63390
4993.4 86.415 4.68516
4994.8 84.667 4.79318
4996.2 85.842 4.69176
4997.6 83.895 4.72098
4999.0 84.175 4.52262
