3900.0 160.668 8.82265
3901.4 163.585 9.16718
3902.8 162.936 9.01055
3904.2 171.962 9.29344
3905.6 177.316 9.19297
3907.0 169.279 9.12915
3908.4 172.531 9.39419
3909.8 190.281 10.41810
3911.2 180.445 9.50203
3912.6 179.513 9.82462
3914.0 178.986 9.90533
3915.4 180.989 9.69359
3916.8 184.265 9.66423
3918.2 183.309 9.36396
3919.6 190.341 9.45978
3921.0 184.682 9.18218
3922.4 182.289 9.18839
3923.8 180.427 8.86627
3925.2 187.818 9.40601
3926.6 190.204 9.29320
3928.0 189.465 9.74527
3929.4 183.771 9.02855
3930.8 189.185 9.42436
3932.2 179.580 9.15085
3933.6 166.845 8.50768
3935.0 146.127 7.69139
3936.4 160.507 8.30442
3937.8 189.537 9.29829
3939.2 182.017 9.20965
3940.6 197.917 9.65859
3942.0 178.917 9.15379
3943.4 188.317 9.14789
3944.8 182.817 9.05463
3946.2 176.118 8.91847
3947.6 175.270 9.05332
3949.0 177.501 9.49474
3950.4 177.262 9.03972
3951.8 177.783 8.83393
3953.2 177.227 8.92586
3954.6 172.662 8.45801
3956.0 167.253 8.21475
3957.4 169.610 8.43376
3958.8 163.511 8.39098
3960.2 160.081 8.44318
3961.6 149.169 7.88699
3963.0 149.660 7.88506
3964.4 141.022 7.46780
3965.8 132.006 7.50591
3967.2 119.126 7.27203
3968.6 100.349 6.36704
3970.0 75.981 6.26569
3971.4 59.564 5.25681
3972.8 62.400 4.81871
3974.2 90.154 5.78635
3975.6 108.550 6.42018
3977.0 129.194 7.22414
3978.4 135.761 7.51606
3979.8 141.544 7.95908
3981.2 148.561 7.99172
3982.6 152.479 8.23829
3984.0 153.097 7.90671
3985.4 164.348 8.34448
3986.8 168.186 8.38732
3988.2 163.117 8.06375
3989.6 166.754 8.03210
3991.0 169.863 8.25389
3992.4 173.239 8.26779
3993.8 172.545 8.27462
3995.2 176.681 8.37446
3996.6 169.926 8.36465
3998.0 179.944 8.65383
3999.4 177.306 8.42949
4000.8 185.962 8.52866
4002.2 173.291 8.16261
4003.6 184.349 8.45681
4005.0 180.328 8.41691
4006.4 177.296 8.57875
4007.8 184.273 8.76472
4009.2 180.124 8.73818
4010.6 185.078 8.54381
4012.0 181.127 8.47200
4013.4 181.591 8.44173
4014.8 177.886 8.38653
4016.2 182.724 8.66703
4017.6 173.394 8.27029
4019.0 179.967 8.57092
4020.4 180.367 8.46509
4021.8 170.193 8.29446
4023.2 185.764 8.48076
4024.6 178.072 8.24287
4026.0 183.528 8.41999
4027.4 181.337 8.39648
4028.8 179.552 8.41135
4030.2 182.015 8.60082
4031.6 184.129 8.64671
4033.0 177.776 8.27970
4034.4 184.327 8.40097
4035.8 180.348 8.59820
4037.2 182.774 8.39695
4038.6 181.576 8.34926
4040.0 186.178 8.65944
4041.4 180.616 8.37306
4042.8 176.221 8.34747
4044.2 182.949 8.27737
4045.6 178.530 8.20786
4047.0 173.701 8.37445
4048.4 175.269 8.37076
4049.8 181.100 8.22294
4051.2 176.432 8.25449
4052.6 182.825 8.34789
4054.0 178.770 8.75259
4055.4 179.764 8.49861
4056.8 175.175 8.37949
4058.2 182.039 8.25949
4059.6 178.390 8.22863
4061.0 178.737 8.39799
4062.4 180.507 8.52385
4063.8 174.665 8.03363
4065.2 172.337 8.29333
4066.6 177.023 8.96078
4068.0 174.695 9.18136
4069.4 178.761 8.85965
4070.8 181.553 8.50445
4072.2 182.273 8.27338
4073.6 171.068 7.78111
4075.0 170.001 7.95403
4076.4 170.054 7.83191
4077.8 170.292 8.03584
4079.2 174.893 7.74573
4080.6 170.975 7.84004
4082.0 173.372 8.00644
4083.4 170.686 7.83004
4084.8 157.940 7.48006
4086.2 164.446 7.60352
4087.6 160.812 7.59727
4089.0 162.996 7.98682
4090.4 152.273 7.63120
4091.8 160.642 7.64916
4093.2 141.818 7.15989
4094.6 149.050 7.18670
4096.0 137.816 7.09232
4097.4 128.071 6.61147
4098.8 120.555 6.71651
4100.2 112.414 6.25719
4101.6 90.555 5.64498
4103.0 66.762 4.56418
4104.4 65.964 4.51411
4105.8 87.564 5.33460
4107.2 106.554 6.06326
4108.6 121.243 6.38388
4110.0 129.815 6.32052
4111.4 137.156 6.73169
4112.8 144.228 6.80343
4114.2 147.269 7.20685
4115.6 147.807 7.10696
4117.0 157.524 7.40438
4118.4 158.944 7.39332
4119.8 168.142 7.55519
4121.2 164.184 7.70609
4122.6 167.186 7.52320
4124.0 162.626 7.45146
4125.4 165.217 7.49620
4126.8 171.252 7.56303
4128.2 169.562 7.55307
4129.6 172.279 inf
4131.0 174.997 10.68420
4132.4 174.084 7.88527
4133.8 170.005 7.65210
4135.2 174.457 7.88447
4136.6 171.521 7.79848
4138.0 166.996 7.53097
4139.4 176.339 7.91373
4140.8 171.920 7.84037
4142.2 172.849 7.34010
4143.6 167.319 7.40677
4145.0 174.859 7.86957
4146.4 169.850 7.62112
4147.8 167.220 7.52360
4149.2 175.029 7.50415
4150.6 171.558 7.59926
4152.0 174.362 7.59265
4153.4 174.453 8.01150
4154.8 172.417 7.58453
4156.2 174.791 9.60512
4157.6 174.086 7.64771
4159.0 171.838 7.59578
4160.4 170.831 7.67831
4161.8 174.697 7.66566
4163.2 170.922 7.60032
4164.6 173.266 7.87391
4166.0 167.422 7.38596
4167.4 174.871 7.57655
4168.8 168.996 7.65873
4170.2 173.399 7.54546
4171.6 170.481 7.63990
4173.0 169.941 7.32250
4174.4 173.066 7.83789
4175.8 171.001 7.47996
4177.2 166.474 7.51169
4178.6 174.477 7.63285
4180.0 170.774 7.57276
4181.4 169.662 7.27343
4182.8 167.538 7.29855
4184.2 169.664 7.26091
4185.6 166.736 7.38293
4187.0 166.821 7.21530
4188.4 169.662 7.41082
4189.8 171.286 7.48912
4191.2 171.316 7.37930
4192.6 170.111 7.35512
4194.0 175.348 7.51390
4195.4 174.727 7.32825
4196.8 172.887 7.57088
4198.2 165.904 7.31499
4199.6 175.023 7.56924
4201.0 167.204 7.27858
4202.4 173.132 7.47760
4203.8 166.383 7.57023
4205.2 168.961 7.44175
4206.6 172.662 7.59493
4208.0 172.789 7.74203
4209.4 169.105 7.43865
4210.8 164.637 7.29323
4212.2 166.616 7.32954
4213.6 170.923 7.28505
4215.0 167.925 7.19375
4216.4 166.528 7.18588
4217.8 165.435 6.97998
4219.2 175.033 7.24315
4220.6 165.100 6.98016
4222.0 170.291 7.12587
4223.4 169.310 7.36289
4224.8 163.155 7.06291
4226.2 170.216 7.49889
4227.6 168.527 7.29484
4229.0 169.582 7.18822
4230.4 167.312 6.99464
4231.8 165.823 7.24104
4233.2 165.567 7.06203
4234.6 166.355 6.98830
4236.0 166.119 7.24474
4237.4 167.735 7.51096
4238.8 167.098 7.64090
4240.2 167.055 7.23457
4241.6 164.294 7.04886
4243.0 170.249 7.15549
4244.4 166.032 7.23558
4245.8 174.172 7.14651
4247.2 167.625 7.09685
4248.6 169.239 7.41309
4250.0 165.555 7.14186
4251.4 168.543 7.19908
4252.8 162.775 7.13262
4254.2 166.262 7.16771
4255.6 169.498 7.18043
4257.0 171.793 7.23625
4258.4 171.598 7.12292
4259.8 168.940 7.16493
4261.2 170.298 7.16700
4262.6 166.964 7.10944
4264.0 162.925 6.89261
4265.4 172.314 7.30506
4266.8 172.735 7.40030
4268.2 169.869 7.16700
4269.6 173.086 7.46539
4271.0 170.065 7.36694
4272.4 168.718 7.21314
4273.8 163.614 7.11838
4275.2 163.023 7.05720
4276.6 171.440 7.41157
4278.0 166.782 7.28286
4279.4 174.134 7.48354
4280.8 169.372 7.37772
4282.2 170.204 7.20038
4283.6 160.107 7.02158
4285.0 165.192 6.99142
4286.4 171.719 7.42004
4287.8 168.468 7.23555
4289.2 169.539 7.28665
4290.6 172.797 7.41624
4292.0 165.736 7.16823
4293.4 161.899 7.05305
4294.8 168.987 7.13952
4296.2 168.326 7.22814
4297.6 167.915 7.20711
4299.0 169.778 7.09398
4300.4 169.551 6.99468
4301.8 163.723 6.87588
4303.2 162.026 6.91823
4304.6 163.163 6.85678
4306.0 167.273 7.08624
4307.4 165.373 6.86250
4308.8 164.420 6.97518
4310.2 159.247 7.09447
4311.6 160.074 6.94105
4313.0 159.118 7.02225
4314.4 160.810 7.10894
4315.8 161.224 6.90424
4317.2 159.600 6.81564
4318.6 158.637 6.91026
4320.0 158.868 7.01236
4321.4 154.563 6.80266
4322.8 162.002 6.87419
4324.2 156.563 6.79726
4325.6 154.341 6.59594
4327.0 149.224 6.38946
4328.4 146.764 6.49128
4329.8 146.201 6.52403
4331.2 146.845 6.93337
4332.6 144.400 6.80644
4334.0 140.119 6.23399
4335.4 134.517 6.08958
4336.8 123.850 5.89247
4338.2 113.777 5.53367
4339.6 99.015 5.03067
4341.0 82.802 4.50924
4342.4 61.536 3.80296
4343.8 67.585 3.88068
4345.2 91.519 4.54934
4346.6 110.054 5.32914
4348.0 118.546 5.50054
4349.4 123.222 5.63391
4350.8 131.007 5.89552
4352.2 131.977 5.98882
4353.6 143.308 6.17583
4355.0 144.944 6.37127
4356.4 151.079 6.62862
4357.8 146.786 6.93649
4359.2 149.579 7.77685
4360.6 155.563 7.23689
4362.0 150.621 6.87244
4363.4 158.896 6.80428
4364.8 158.892 6.60811
4366.2 156.770 6.75472
4367.6 158.824 6.63122
4369.0 161.285 6.85210
4370.4 154.289 6.61450
4371.8 159.640 6.64617
4373.2 162.252 6.78431
4374.6 159.076 6.86799
4376.0 162.842 6.73014
4377.4 156.825 6.65387
4378.8 162.937 6.76744
4380.2 160.829 6.68391
4381.6 165.561 6.92461
4383.0 159.387 6.84601
4384.4 159.539 6.83659
4385.8 152.265 6.57088
4387.2 156.006 6.40636
4388.6 159.615 6.71552
4390.0 159.532 6.57557
4391.4 159.799 6.61652
4392.8 165.228 6.70621
4394.2 159.451 6.88989
4395.6 156.304 6.76014
4397.0 158.354 6.69255
4398.4 157.986 6.80600
4399.8 163.992 6.84859
4401.2 160.736 6.64856
4402.6 160.403 6.72393
4404.0 157.228 6.72724
4405.4 159.206 6.86356
4406.8 160.846 6.79301
4408.2 164.285 6.62094
4409.6 155.325 6.52628
4411.0 158.401 6.62298
4412.4 157.129 6.53091
4413.8 153.560 6.27248
4415.2 158.973 6.69395
4416.6 155.066 6.46194
4418.0 154.904 6.44778
4419.4 154.170 6.56566
4420.8 152.994 6.43156
4422.2 159.107 6.49063
4423.6 156.900 6.45919
4425.0 151.798 6.47894
4426.4 160.541 6.67963
4427.8 154.468 6.40438
4429.2 150.735 6.33073
4430.6 152.283 6.43771
4432.0 151.133 6.35055
4433.4 153.777 6.47262
4434.8 155.052 6.44890
4436.2 153.594 6.48403
4437.6 154.614 6.66402
4439.0 156.798 6.75604
4440.4 154.096 6.60480
4441.8 160.268 6.50694
4443.2 158.358 6.52450
4444.6 155.975 6.60151
4446.0 156.891 6.48475
4447.4 152.768 6.24384
4448.8 153.049 6.32824
4450.2 151.843 6.32047
4451.6 152.830 6.41208
4453.0 151.975 6.34399
4454.4 155.099 6.29648
4455.8 151.545 6.20944
4457.2 150.945 6.23865
4458.6 157.918 6.37963
4460.0 156.640 6.43136
4461.4 156.491 6.25236
4462.8 151.100 6.10957
4464.2 152.343 6.10886
4465.6 151.002 6.28687
4467.0 151.312 6.33094
4468.4 153.604 6.41587
4469.8 149.805 6.24437
4471.2 154.843 6.38868
4472.6 147.854 6.11424
4474.0 150.047 6.35082
4475.4 148.554 6.17935
4476.8 152.300 6.19695
4478.2 150.466 6.36234
4479.6 153.776 6.28816
4481.0 150.234 6.32656
4482.4 153.016 6.23751
4483.8 153.563 6.33153
4485.2 150.766 6.21891
4486.6 148.979 6.37321
4488.0 150.058 6.27959
4489.4 154.098 6.30905
4490.8 149.943 6.18552
4492.2 147.899 6.14781
4493.6 150.940 6.22876
4495.0 150.984 6.20555
4496.4 146.893 6.09032
4497.8 153.103 6.40260
4499.2 152.726 6.21465
4500.6 149.762 6.27915
4502.0 149.443 6.07349
4503.4 149.219 6.19382
4504.8 152.278 6.22484
4506.2 148.969 6.16428
4507.6 150.955 6.11258
4509.0 144.017 5.97246
4510.4 151.075 6.47100
4511.8 145.364 6.23827
4513.2 153.120 6.24489
4514.6 151.720 6.12945
4516.0 150.496 6.06310
4517.4 148.053 6.17100
4518.8 153.314 6.44073
4520.2 148.586 6.34323
4521.6 148.674 6.16914
4523.0 154.183 6.32169
4524.4 148.926 6.34543
4525.8 149.482 6.04730
4527.2 150.216 6.11857
4528.6 155.330 6.27446
4530.0 148.398 6.19693
4531.4 150.784 6.17588
4532.8 148.126 5.98253
4534.2 143.978 5.99504
4535.6 147.579 6.13894
4537.0 144.496 5.98422
4538.4 146.832 6.09905
4539.8 146.970 6.01832
4541.2 151.140 6.18773
4542.6 151.485 6.07114
4544.0 149.690 6.18003
4545.4 147.818 6.05681
4546.8 147.965 6.16277
4548.2 148.381 6.01353
4549.6 146.658 6.11963
4551.0 147.679 6.13343
4552.4 147.728 6.10929
4553.8 148.879 5.98893
4555.2 149.773 6.23261
4556.6 146.472 5.97878
4558.0 149.580 6.09208
4559.4 152.016 6.22871
4560.8 149.063 6.11833
4562.2 148.428 6.10327
4563.6 149.397 5.99021
4565.0 145.958 5.99253
4566.4 146.021 6.19355
4567.8 148.124 6.04555
4569.2 149.123 5.95494
4570.6 148.356 6.02693
4572.0 144.618 5.92949
4573.4 144.675 5.85773
4574.8 143.836 5.82170
4576.2 144.519 5.78860
4577.6 145.290 5.95926
4579.0 144.890 5.98379
4580.4 145.793 6.10166
4581.8 147.546 6.14325
4583.2 148.914 5.90262
4584.6 149.138 6.06270
4586.0 143.823 5.97634
4587.4 145.556 5.88090
4588.8 148.878 6.08108
4590.2 150.252 6.05342
4591.6 148.968 5.80609
4593.0 145.644 5.79867
4594.4 154.549 5.98634
4595.8 148.006 5.91325
4597.2 145.394 5.88119
4598.6 146.919 5.95629
4600.0 143.826 5.96375
4601.4 145.434 6.11164
4602.8 152.932 6.07263
4604.2 146.065 6.04390
4605.6 151.467 6.26279
4607.0 147.606 5.90629
4608.4 148.013 6.02844
4609.8 145.813 5.93276
4611.2 149.215 5.96649
4612.6 143.585 5.81289
4614.0 142.604 6.11670
4615.4 147.977 5.82275
4616.8 140.014 5.76220
4618.2 149.040 6.04922
4619.6 144.200 5.96364
4621.0 146.829 5.85341
4622.4 143.504 5.76771
4623.8 149.364 6.05980
4625.2 146.747 5.94476
4626.6 144.988 5.92264
4628.0 146.531 5.88187
4629.4 149.186 5.94847
4630.8 148.089 5.88253
4632.2 142.659 5.76069
4633.6 143.467 5.74586
4635.0 142.933 5.79552
4636.4 149.854 5.96748
4637.8 139.248 5.57621
4639.2 146.414 5.59973
4640.6 141.201 5.86705
4642.0 147.538 5.93197
4643.4 145.846 6.00859
4644.8 146.426 5.79753
4646.2 144.582 5.84309
4647.6 141.310 5.74901
4649.0 142.021 5.96195
4650.4 141.934 5.66760
4651.8 146.169 5.66158
4653.2 141.790 5.58051
4654.6 144.094 5.83661
4656.0 143.552 5.77475
4657.4 145.385 5.81928
4658.8 143.154 5.70554
4660.2 143.495 5.72943
4661.6 145.881 5.81723
4663.0 146.650 5.77152
4664.4 143.997 5.84953
4665.8 142.546 5.75793
4667.2 148.485 5.80920
4668.6 145.142 5.72345
4670.0 144.703 5.83061
4671.4 141.217 5.79904
4672.8 145.044 5.79581
4674.2 148.938 5.87222
4675.6 142.079 5.78879
4677.0 145.926 5.86526
4678.4 143.321 5.76185
4679.8 143.126 5.85530
4681.2 143.486 5.76010
4682.6 143.529 5.85561
4684.0 140.415 5.64839
4685.4 141.347 5.82264
4686.8 142.007 5.70691
4688.2 138.223 5.76452
4689.6 143.624 5.75506
4691.0 141.512 5.80313
4692.4 143.937 5.68800
4693.8 143.626 5.86182
4695.2 143.798 5.84738
4696.6 144.938 5.94935
4698.0 147.386 5.87569
4699.4 144.694 5.74719
4700.8 142.497 5.64173
4702.2 144.242 5.89931
4703.6 143.008 5.81682
4705.0 143.890 5.63129
4706.4 141.455 5.64574
4707.8 141.230 5.68911
4709.2 144.323 5.86088
4710.6 142.000 5.60761
4712.0 143.753 5.79791
4713.4 139.417 5.59344
4714.8 138.581 5.71314
4716.2 145.290 5.74178
4717.6 140.052 5.81724
4719.0 143.379 5.84306
4720.4 141.780 5.61230
4721.8 142.759 5.72453
4723.2 142.593 5.77302
4724.6 141.773 5.73977
4726.0 140.514 5.73444
4727.4 138.558 5.62928
4728.8 139.207 5.61667
4730.2 143.823 5.70169
4731.6 133.051 5.45244
4733.0 140.228 5.48986
4734.4 140.736 5.55156
4735.8 142.614 5.76331
4737.2 142.462 5.84466
4738.6 143.944 5.77834
4740.0 142.077 5.70016
4741.4 141.268 5.70125
4742.8 143.255 5.63915
4744.2 141.969 5.80693
4745.6 140.355 5.59845
4747.0 141.230 6.23151
4748.4 143.700 5.92163
4749.8 139.791 5.71614
4751.2 139.656 5.60324
4752.6 138.282 5.63692
4754.0 143.405 5.75077
4755.4 138.315 5.54425
4756.8 139.862 5.65579
4758.2 141.436 5.55008
4759.6 141.105 5.58908
4761.0 138.460 5.50449
4762.4 141.239 5.61460
4763.8 140.465 5.71518
4765.2 138.261 5.70683
4766.6 140.657 5.50560
4768.0 141.950 5.66998
4769.4 139.552 5.68792
4770.8 138.772 5.60315
4772.2 141.927 5.61107
4773.6 139.910 5.61039
4775.0 141.029 5.74051
4776.4 141.312 5.70942
4777.8 137.054 5.62470
4779.2 138.370 5.48999
4780.6 138.410 5.38847
4782.0 136.621 5.48255
4783.4 137.676 5.52657
4784.8 137.850 5.61832
4786.2 140.254 5.53171
4787.6 142.660 5.77913
4789.0 142.084 5.56494
4790.4 138.716 5.51349
4791.8 136.211 5.52178
4793.2 139.545 5.45648
4794.6 140.070 5.50613
4796.0 135.901 5.47747
4797.4 140.371 5.53042
4798.8 139.675 5.59424
4800.2 138.329 5.36855
4801.6 136.157 5.37782
4803.0 136.891 5.32904
4804.4 139.412 5.47320
4805.8 139.309 5.46140
4807.2 134.357 5.37551
4808.6 136.583 5.48247
4810.0 139.808 5.30457
4811.4 136.466 5.32583
4812.8 137.615 5.38125
4814.2 138.496 5.51926
4815.6 136.453 5.31386
4817.0 136.762 5.51731
4818.4 138.825 5.51145
4819.8 132.186 5.37587
4821.2 135.001 5.32112
4822.6 132.653 5.36200
4824.0 137.470 5.39335
4825.4 135.776 5.50752
4826.8 136.266 5.55934
4828.2 134.694 5.34708
4829.6 134.734 5.36166
4831.0 134.218 5.36353
4832.4 134.973 5.39986
4833.8 133.374 5.33115
4835.2 132.419 5.23557
4836.6 134.162 5.30944
4838.0 132.406 5.20376
4839.4 131.040 5.13840
4840.8 127.873 5.07998
4842.2 129.787 5.22237
4843.6 130.937 5.19865
4845.0 125.383 5.02430
4846.4 124.783 5.05419
4847.8 125.408 4.97596
4849.2 122.347 5.01877
4850.6 123.264 5.03118
4852.0 118.977 4.87146
4853.4 115.973 4.80521
4854.8 115.028 4.69618
4856.2 111.088 4.64499
4857.6 113.257 4.66265
4859.0 105.388 4.47624
4860.4 93.790 4.13303
4861.8 81.344 3.88040
4863.2 59.322 3.11324
4864.6 58.832 2.99679
4866.0 76.431 3.47996
4867.4 92.563 4.04516
4868.8 101.043 4.40455
4870.2 105.971 4.64439
4871.6 109.558 4.72176
4873.0 115.204 4.86593
4874.4 118.274 4.88272
4875.8 119.268 4.92685
4877.2 124.075 4.92849
4878.6 122.744 5.05326
4880.0 120.809 5.05706
4881.4 124.812 4.93928
4882.8 124.441 5.09452
4884.2 127.962 5.12105
4885.6 127.904 5.14170
4887.0 131.245 5.25452
4888.4 131.747 5.22311
4889.8 126.945 5.28854
4891.2 130.721 5.24186
4892.6 131.804 5.38353
4894.0 131.199 5.31747
4895.4 135.324 5.49179
4896.8 132.911 5.49412
4898.2 129.954 5.42953
4899.6 131.710 5.47424
4901.0 130.394 5.22335
4902.4 127.991 5.17273
4903.8 130.403 5.23022
4905.2 132.161 5.23133
4906.6 132.975 5.35128
4908.0 134.912 5.36511
4909.4 130.282 5.17197
4910.8 133.486 5.54941
4912.2 135.902 5.45001
4913.6 134.333 5.30571
4915.0 133.888 5.35827
4916.4 131.292 5.25728
4917.8 132.675 5.37928
4919.2 130.815 5.19291
4920.6 133.526 5.26050
4922.0 129.882 5.09125
4923.4 129.144 5.17412
4924.8 131.948 5.34077
4926.2 131.133 5.08070
4927.6 131.772 5.15334
4929.0 130.051 5.16672
4930.4 133.015 5.40385
4931.8 133.443 5.33128
4933.2 130.795 5.33804
4934.6 131.036 5.19185
4936.0 134.049 5.25300
4937.4 130.098 5.18410
4938.8 133.231 5.37919
4940.2 134.359 5.17472
4941.6 129.248 5.13493
4943.0 129.162 5.18846
4944.4 131.217 5.16430
4945.8 130.839 5.18034
4947.2 132.191 5.08299
4948.6 133.494 5.22838
4950.0 130.902 5.28012
4951.4 130.649 5.17940
4952.8 133.706 5.28575
4954.2 134.473 5.37638
4955.6 130.266 5.28670
4957.0 134.358 5.32059
4958.4 131.192 5.29179
4959.8 133.504 5.27722
4961.2 134.774 5.41941
4962.6 130.585 5.29447
4964.0 131.025 5.20099
4965.4 131.359 5.18682
4966.8 131.808 5.36154
4968.2 131.250 5.26962
4969.6 130.449 5.07635
4971.0 131.048 5.17824
4972.4 128.706 5.24161
4973.8 129.851 5.32833
4975.2 130.592 5.27562
4976.6 130.334 5.14036
4978.0 132.349 5.20164
4979.4 133.063 5.25558
4980.8 131.238 5.28367
4982.2 125.453 5.13958
4983.6 128.010 5.14133
4985.0 127.869 5.12491
4986.4 130.051 5.14449
4987.8 131.766 5.29926
4989.2 129.853 5.30444
4990.6 132.212 5.10374
4992.0 133.381 5.23333
4993.4 127.722 5.33894
4994.8 129.306 5.02903
4996.2 129.479 5.20479
4997.6 129.716 5.03403
4999.0 130.046 5.15421
