3900.0 210.792 10.83040
3901.4 221.761 11.32150
3902.8 236.981 11.83690
3904.2 230.398 11.62570
3905.6 242.971 12.39670
3907.0 233.057 11.99990
3908.4 251.439 12.67280
3909.8 250.912 12.33870
3911.2 267.401 12.93930
3912.6 248.507 12.35160
3914.0 250.098 12.39790
3915.4 250.252 12.20880
3916.8 257.103 12.14930
3918.2 262.548 13.00760
3919.6 245.570 11.97370
3921.0 261.319 12.44840
3922.4 255.996 12.27960
3923.8 248.773 12.33090
3925.2 267.829 12.67940
3926.6 260.699 12.24610
3928.0 253.114 12.00160
3929.4 251.452 12.34960
3930.8 243.920 12.17300
3932.2 217.083 10.66900
3933.6 138.865 8.67523
3935.0 88.866 6.98854
3936.4 156.318 8.59304
3937.8 238.352 11.54590
3939.2 248.668 11.85600
3940.6 255.891 12.09170
3942.0 252.635 12.07770
3943.4 264.562 12.14140
3944.8 251.524 11.93340
3946.2 251.828 12.08820
3947.6 265.895 12.29150
3949.0 252.291 11.65470
3950.4 253.401 11.36900
3951.8 249.446 12.13770
3953.2 246.229 11.61970
3954.6 247.957 11.71850
3956.0 245.378 11.36630
3957.4 238.714 11.09640
3958.8 229.783 11.03620
3960.2 234.460 11.11870
3961.6 223.348 10.75940
3963.0 216.753 10.47450
3964.4 207.746 10.23710
3965.8 197.553 9.88957
3967.2 169.121 8.92891
3968.6 115.869 7.18149
3970.0 66.142 5.32436
3971.4 81.112 6.00802
3972.8 116.254 7.37180
3974.2 171.024 8.98905
3975.6 185.750 9.46158
3977.0 196.326 10.11540
3978.4 211.778 10.39070
3979.8 224.303 10.82330
3981.2 239.709 11.14790
3982.6 224.342 10.93850
3984.0 235.613 11.12030
3985.4 246.605 11.51010
3986.8 243.257 11.39290
3988.2 247.960 11.37190
3989.6 251.147 11.55620
3991.0 241.563 11.26450
3992.4 255.096 11.71950
3993.8 257.917 11.73420
3995.2 254.367 11.49430
3996.6 254.600 11.85060
3998.0 259.864 11.32030
3999.4 241.294 11.18980
4000.8 247.120 11.45720
4002.2 258.968 11.93220
4003.6 262.791 11.79710
4005.0 257.812 11.33340
4006.4 249.620 11.31580
4007.8 252.150 11.62420
4009.2 262.172 11.72960
4010.6 264.606 11.85530
4012.0 258.587 11.54700
4013.4 258.623 11.89690
4014.8 258.430 11.69510
4016.2 273.990 11.96340
4017.6 265.188 12.08810
4019.0 268.050 11.78740
4020.4 261.828 12.05350
4021.8 267.363 11.93550
4023.2 265.384 11.90630
4024.6 259.353 11.57070
4026.0 266.603 11.48270
4027.4 248.378 11.04460
4028.8 263.498 11.54100
4030.2 256.456 11.49910
4031.6 252.756 11.72900
4033.0 265.479 11.66560
4034.4 261.614 11.42920
4035.8 262.330 11.66130
4037.2 265.602 11.72910
4038.6 267.112 11.84120
4040.0 270.325 11.53700
4041.4 264.047 11.75980
4042.8 269.475 11.51070
4044.2 266.480 11.56650
4045.6 266.684 11.37720
4047.0 234.683 11.02890
4048.4 260.227 11.72400
4049.8 263.348 11.91820
4051.2 267.045 11.87250
4052.6 262.119 11.72580
4054.0 260.417 11.56730
4055.4 268.210 11.82330
4056.8 260.142 11.33550
4058.2 262.211 11.36750
4059.6 254.832 11.41750
4061.0 264.646 11.75140
4062.4 262.262 11.64840
4063.8 257.005 11.09670
4065.2 244.004 11.14280
4066.6 263.597 11.52510
4068.0 262.518 11.39050
4069.4 253.866 11.19710
4070.8 263.322 11.19860
4072.2 251.074 11.09740
4073.6 248.051 11.16610
4075.0 251.344 10.79910
4076.4 259.280 10.92710
4077.8 238.267 10.69570
4079.2 231.970 10.44250
4080.6 246.727 10.84890
4082.0 246.743 10.88710
4083.4 242.097 10.79260
4084.8 253.781 10.98450
4086.2 241.262 11.06160
4087.6 248.523 11.44600
4089.0 236.108 10.69250
4090.4 238.227 10.57950
4091.8 236.133 10.44950
4093.2 234.356 10.45250
4094.6 221.188 9.90927
4096.0 207.055 9.44569
4097.4 204.701 9.37585
4098.8 188.008 8.99154
4100.2 171.292 8.49889
4101.6 137.621 7.16012
4103.0 103.326 6.31120
4104.4 125.995 7.01706
4105.8 166.084 8.35366
4107.2 188.527 8.86305
4108.6 203.491 9.58332
4110.0 205.679 9.75506
4111.4 221.787 10.06640
4112.8 221.675 10.01200
4114.2 220.639 10.25360
4115.6 238.640 10.49260
4117.0 240.027 10.75060
4118.4 232.256 10.19300
4119.8 236.509 10.49510
4121.2 243.328 10.63800
4122.6 237.700 10.56800
4124.0 242.273 10.40930
4125.4 242.868 10.91120
4126.8 252.366 10.82850
4128.2 244.122 10.69860
4129.6 253.599 11.17120
4131.0 247.500 10.70330
4132.4 244.215 10.58450
4133.8 242.360 10.76030
4135.2 256.410 11.07310
4136.6 252.729 10.90200
4138.0 249.638 10.98450
4139.4 259.298 10.83600
4140.8 247.603 10.94160
4142.2 259.659 10.93900
4143.6 250.284 10.79830
4145.0 239.327 10.35010
4146.4 254.592 10.38450
4147.8 257.181 10.93350
4149.2 254.993 10.91880
4150.6 260.561 11.17090
4152.0 262.883 11.13120
4153.4 254.687 10.85460
4154.8 258.529 10.77940
4156.2 241.915 10.38070
4157.6 253.734 10.76760
4159.0 249.882 10.77300
4160.4 255.267 10.64510
4161.8 251.452 10.91520
4163.2 252.108 10.84060
4164.6 259.319 11.16190
4166.0 247.545 10.69360
4167.4 255.138 10.83240
4168.8 249.809 10.71030
4170.2 250.345 10.76780
4171.6 252.428 10.57460
4173.0 249.379 10.88140
4174.4 234.528 10.23020
4175.8 243.981 10.64080
4177.2 240.632 10.22990
4178.6 249.641 10.41700
4180.0 238.081 10.32770
4181.4 245.983 10.63390
4182.8 250.456 10.52140
4184.2 248.358 10.33600
4185.6 248.796 10.56120
4187.0 247.314 10.52080
4188.4 240.263 10.28500
4189.8 257.816 10.69820
4191.2 252.759 10.58300
4192.6 254.715 10.93940
4194.0 254.097 10.42120
4195.4 253.269 10.41480
4196.8 253.626 10.40980
4198.2 247.309 10.47970
4199.6 246.358 10.26790
4201.0 251.901 10.54420
4202.4 255.284 10.82180
4203.8 250.757 10.78500
4205.2 245.952 10.28690
4206.6 252.517 10.92740
4208.0 245.784 10.46050
4209.4 249.197 10.55950
4210.8 252.431 10.69410
4212.2 254.250 10.63600
4213.6 256.545 10.52670
4215.0 248.888 10.12630
4216.4 239.776 10.08800
4217.8 239.153 10.26670
4219.2 248.192 10.38240
4220.6 241.779 10.22910
4222.0 249.825 10.14990
4223.4 255.117 10.43850
4224.8 245.059 10.17310
4226.2 245.268 10.50780
4227.6 239.016 10.31950
4229.0 229.648 9.91351
4230.4 249.365 10.62000
4231.8 253.362 10.46040
4233.2 248.881 10.33300
4234.6 240.905 10.34180
4236.0 245.487 10.28970
4237.4 254.277 10.41600
4238.8 247.241 10.26270
4240.2 251.473 10.34700
4241.6 249.379 10.33510
4243.0 250.754 10.71650
4244.4 252.921 10.44830
4245.8 248.447 10.27580
4247.2 240.138 10.23530
4248.6 240.684 10.28600
4250.0 249.783 10.37610
4251.4 234.767 10.13270
4252.8 240.293 10.06370
4254.2 253.945 10.73080
4255.6 248.794 10.33720
4257.0 251.865 10.45440
4258.4 253.914 10.30360
4259.8 256.462 10.53810
4261.2 243.927 10.26030
4262.6 247.176 10.37960
4264.0 257.654 10.51320
4265.4 253.288 10.36310
4266.8 257.829 10.67040
4268.2 253.017 10.36560
4269.6 244.739 10.26740
4271.0 251.703 10.17030
4272.4 232.697 11.53610
4273.8 237.644 9.86315
4275.2 244.889 10.17620
4276.6 253.233 10.22960
4278.0 258.443 10.48690
4279.4 253.647 10.33100
4280.8 256.675 10.66440
4282.2 252.311 10.45610
4283.6 250.237 10.11530
4285.0 240.128 10.17660
4286.4 253.075 10.45670
4287.8 255.028 10.50320
4289.2 244.036 10.00590
4290.6 234.843 9.79143
4292.0 232.070 9.83854
4293.4 245.913 10.08950
4294.8 242.800 9.90937
4296.2 238.727 10.02330
4297.6 251.036 10.30650
4299.0 246.386 10.11080
4300.4 231.808 9.78070
4301.8 230.348 9.84296
4303.2 227.804 9.74187
4304.6 237.193 9.92346
4306.0 247.063 10.20270
4307.4 247.863 10.25560
4308.8 233.852 9.80966
4310.2 234.716 9.51230
4311.6 241.982 10.10370
4313.0 252.205 10.24390
4314.4 231.942 9.65664
4315.8 217.242 9.47454
4317.2 230.320 9.72744
4318.6 246.258 10.09560
4320.0 238.741 10.02420
4321.4 235.135 9.89721
4322.8 228.045 9.83071
4324.2 238.514 10.07460
4325.6 221.344 9.38079
4327.0 212.279 9.38080
4328.4 223.468 9.37537
4329.8 230.481 9.48827
4331.2 223.190 9.31134
4332.6 210.995 9.20222
4334.0 209.963 8.79309
4335.4 203.920 9.14687
4336.8 195.219 8.57577
4338.2 176.684 7.98800
4339.6 153.974 7.16001
4341.0 118.645 6.14230
4342.4 108.379 5.89343
4343.8 144.792 7.38016
4345.2 174.872 7.90499
4346.6 185.359 8.27469
4348.0 202.499 8.80920
4349.4 211.350 9.38368
4350.8 210.329 8.86804
4352.2 211.829 8.78572
4353.6 209.936 8.93982
4355.0 215.524 9.03008
4356.4 222.588 9.24482
4357.8 230.862 9.68186
4359.2 230.894 9.82582
4360.6 236.309 10.04720
4362.0 234.957 10.00860
4363.4 247.330 9.93325
4364.8 233.019 9.71462
4366.2 236.677 9.50604
4367.6 237.233 9.77458
4369.0 243.093 9.79511
4370.4 236.250 9.91043
4371.8 240.792 9.85287
4373.2 237.959 9.79344
4374.6 240.549 9.63682
4376.0 233.453 9.54409
4377.4 230.626 9.72838
4378.8 230.957 9.66313
4380.2 241.786 9.84006
4381.6 238.887 9.96915
4383.0 235.857 9.85672
4384.4 233.881 9.63188
4385.8 223.846 9.30072
4387.2 236.644 9.56524
4388.6 234.115 9.72298
4390.0 235.079 9.54588
4391.4 238.906 9.91734
4392.8 255.308 10.04040
4394.2 236.508 9.78561
4395.6 230.268 9.52746
4397.0 219.197 9.03365
4398.4 235.040 9.68632
4399.8 238.181 9.59117
4401.2 231.084 9.60368
4402.6 232.531 9.42115
4404.0 239.872 9.64366
4405.4 231.892 9.75048
4406.8 234.484 9.40085
4408.2 240.326 9.83975
4409.6 240.434 9.73518
4411.0 239.754 9.91867
4412.4 230.460 9.52297
4413.8 242.488 9.58636
4415.2 230.820 9.27416
4416.6 223.732 9.12898
4418.0 221.142 9.09555
4419.4 226.547 9.27252
4420.8 229.906 9.39482
4422.2 246.494 9.82478
4423.6 237.809 9.34688
4425.0 227.038 9.52325
4426.4 232.685 9.54152
4427.8 234.461 9.57419
4429.2 236.305 9.79082
4430.6 239.098 9.49930
4432.0 239.902 9.55991
4433.4 236.850 9.66964
4434.8 237.744 9.25073
4436.2 235.519 9.44310
4437.6 230.981 9.26252
4439.0 240.499 9.54379
4440.4 235.899 9.69646
4441.8 236.833 9.64677
4443.2 234.948 9.49636
4444.6 223.244 9.18717
4446.0 223.600 9.12697
4447.4 231.868 9.36073
4448.8 237.273 9.35464
4450.2 229.361 9.48724
4451.6 228.691 9.29796
4453.0 234.603 9.41414
4454.4 238.311 9.44649
4455.8 237.355 9.49849
4457.2 227.722 9.23124
4458.6 235.363 9.37966
4460.0 234.308 9.50138
4461.4 225.659 9.70204
4462.8 229.211 9.23715
4464.2 235.657 9.58013
4465.6 233.081 9.38511
4467.0 236.297 9.53552
4468.4 234.110 9.49004
4469.8 220.142 9.08262
4471.2 223.018 9.22291
4472.6 233.110 9.40098
4474.0 234.619 9.37491
4475.4 229.870 9.36153
4476.8 229.712 9.48296
4478.2 233.980 9.41483
4479.6 232.913 9.33680
4481.0 227.980 9.13787
4482.4 215.318 8.78417
4483.8 219.283 9.01605
4485.2 235.767 9.30928
4486.6 232.152 9.49414
4488.0 235.209 9.47630
4489.4 228.363 9.31978
4490.8 234.987 9.27360
4492.2 228.794 9.19959
4493.6 222.205 9.26490
4495.0 230.563 9.26281
4496.4 227.053 9.12515
4497.8 224.154 9.11799
4499.2 235.046 9.38087
4500.6 233.954 9.60735
4502.0 222.327 9.11011
4503.4 225.362 8.85437
4504.8 234.623 9.43423
4506.2 238.571 9.45403
4507.6 232.789 9.20335
4509.0 223.638 8.91348
4510.4 228.636 9.06081
4511.8 235.180 9.43692
4513.2 236.482 9.46953
4514.6 233.161 9.23055
4516.0 225.131 9.00079
4517.4 227.510 9.34640
4518.8 236.107 9.41726
4520.2 230.723 9.23237
4521.6 223.794 9.07709
4523.0 229.359 9.31540
4524.4 222.610 9.17184
4525.8 227.784 9.11487
4527.2 224.122 8.98359
4528.6 228.149 8.90305
4530.0 223.680 9.01570
4531.4 228.936 9.18996
4532.8 225.316 8.93039
4534.2 222.010 9.15829
4535.6 215.524 8.73865
4537.0 218.781 8.86508
4538.4 229.176 9.07981
4539.8 228.995 9.35637
4541.2 233.859 9.15869
4542.6 227.847 9.37146
4544.0 230.195 9.38613
4545.4 232.901 9.46630
4546.8 229.611 9.15741
4548.2 231.320 9.22974
4549.6 225.307 8.84086
4551.0 209.563 8.59685
4552.4 223.082 8.91543
4553.8 228.079 9.32035
4555.2 218.073 8.59525
4556.6 224.979 8.68390
4558.0 216.862 8.78447
4559.4 233.380 9.40159
4560.8 221.655 8.77937
4562.2 224.366 9.10296
4563.6 231.800 9.10399
4565.0 224.030 9.02269
4566.4 221.135 8.84809
4567.8 226.162 9.07742
4569.2 230.094 9.24190
4570.6 235.022 9.27785
4572.0 225.994 8.99866
4573.4 214.317 8.62789
4574.8 225.085 8.92698
4576.2 232.751 9.32746
4577.6 227.724 8.85022
4579.0 227.219 9.36147
4580.4 228.878 9.24339
4581.8 227.582 9.03395
4583.2 223.968 8.84994
4584.6 221.350 8.97684
4586.0 221.074 8.74133
4587.4 232.806 8.93882
4588.8 228.917 8.87351
4590.2 224.405 9.07331
4591.6 226.244 8.96585
4593.0 224.185 8.90715
4594.4 221.585 8.89257
4595.8 221.782 8.84848
4597.2 227.184 9.00882
4598.6 228.021 9.24445
4600.0 227.423 8.94919
4601.4 228.740 9.02426
4602.8 229.812 9.03411
4604.2 228.202 9.10664
4605.6 225.472 9.08563
4607.0 225.930 9.05158
4608.4 230.316 9.08460
4609.8 227.632 8.87333
4611.2 229.268 8.83475
4612.6 225.489 8.65767
4614.0 226.022 9.03636
4615.4 229.677 9.01009
4616.8 232.693 9.20632
4618.2 224.015 8.94790
4619.6 217.458 8.64184
4621.0 219.505 8.67645
4622.4 223.241 8.92758
4623.8 227.413 9.04166
4625.2 225.334 8.70228
4626.6 226.244 9.10776
4628.0 224.984 8.87167
4629.4 224.781 8.80433
4630.8 212.285 8.54873
4632.2 222.853 8.86578
4633.6 224.426 8.93985
4635.0 218.134 8.66697
4636.4 224.145 8.82513
4637.8 224.452 9.21275
4639.2 226.116 9.08089
4640.6 226.091 9.09652
4642.0 232.700 9.13510
4643.4 230.520 9.19465
4644.8 223.434 9.00092
4646.2 224.290 9.05850
4647.6 226.859 8.99607
4649.0 223.198 8.78830
4650.4 223.944 8.83232
4651.8 223.811 8.78555
4653.2 225.050 8.89399
4654.6 223.578 9.10746
4656.0 222.239 8.80284
4657.4 221.642 8.71907
4658.8 220.708 8.61869
4660.2 221.071 8.68979
4661.6 222.959 8.83029
4663.0 219.949 8.79109
4664.4 218.451 8.69499
4665.8 224.925 8.57743
4667.2 221.495 8.67857
4668.6 218.478 8.61894
4670.0 224.390 8.96827
4671.4 221.356 8.76162
4672.8 219.902 8.71616
4674.2 222.153 8.79048
4675.6 221.486 8.94148
4677.0 216.647 8.66573
4678.4 215.845 8.71386
4679.8 226.274 8.92173
4681.2 222.645 9.00216
4682.6 218.085 8.64140
4684.0 219.914 8.69521
4685.4 223.893 8.69438
4686.8 220.940 8.80987
4688.2 223.566 8.99365
4689.6 222.976 8.80168
4691.0 221.511 8.69941
4692.4 221.688 8.84807
4693.8 224.350 9.00016
4695.2 226.642 8.80279
4696.6 220.615 8.78370
4698.0 219.897 8.69022
4699.4 217.200 8.46455
4700.8 219.673 8.61680
4702.2 221.512 8.65133
4703.6 217.887 8.73213
4705.0 213.000 8.33665
4706.4 220.191 8.49621
4707.8 224.698 8.78220
4709.2 225.456 8.71097
4710.6 214.347 8.46056
4712.0 225.476 8.68256
4713.4 215.625 8.56047
4714.8 223.509 8.78741
4716.2 222.109 8.60543
4717.6 222.645 8.83229
4719.0 219.253 8.49988
4720.4 220.510 8.67558
4721.8 223.395 8.74011
4723.2 218.578 8.67733
4724.6 220.000 8.74716
4726.0 221.369 8.57586
4727.4 219.793 8.77543
4728.8 221.677 8.74144
4730.2 221.096 8.81745
4731.6 218.201 8.50267
4733.0 219.679 8.51336
4734.4 218.413 8.76481
4735.8 220.552 8.79119
4737.2 218.440 8.46689
4738.6 221.168 8.50620
4740.0 214.657 8.50042
4741.4 222.190 8.53623
4742.8 220.202 8.76678
4744.2 217.445 8.51610
4745.6 222.381 8.45016
4747.0 220.256 8.43065
4748.4 217.905 8.42624
4749.8 218.402 8.70996
4751.2 212.996 8.43027
4752.6 211.916 8.56732
4754.0 215.175 8.56358
4755.4 214.970 8.50713
4756.8 220.819 8.59268
4758.2 223.616 8.86113
4759.6 218.615 8.55239
4761.0 215.260 8.58921
4762.4 216.727 8.62162
4763.8 216.963 8.62837
4765.2 208.561 8.14749
4766.6 218.281 8.56132
4768.0 210.057 8.35560
4769.4 217.514 8.59637
4770.8 224.057 8.76593
4772.2 216.328 8.64501
4773.6 216.634 8.46406
4775.0 220.533 8.55078
4776.4 214.783 8.58930
4777.8 214.136 8.47283
4779.2 219.060 8.59170
4780.6 217.029 8.60432
4782.0 213.275 8.63787
4783.4 223.967 8.97301
4784.8 216.947 8.70175
4786.2 218.308 8.69412
4787.6 213.968 8.61792
4789.0 212.272 8.50525
4790.4 214.307 8.73486
4791.8 214.139 8.71375
4793.2 213.731 8.69974
4794.6 216.887 8.50555
4796.0 218.561 8.65229
4797.4 216.735 8.35312
4798.8 213.875 8.60402
4800.2 211.125 8.35529
4801.6 211.898 8.43718
4803.0 213.647 8.20926
4804.4 213.945 8.54043
4805.8 214.324 8.52251
4807.2 208.567 8.43164
4808.6 209.744 8.37270
4810.0 214.161 8.47963
4811.4 218.285 8.71042
4812.8 214.091 8.50591
4814.2 216.189 8.66693
4815.6 214.534 8.58349
4817.0 207.687 8.46563
4818.4 212.905 8.47786
4819.8 211.547 8.57733
4821.2 213.293 8.49119
4822.6 209.330 8.60614
4824.0 213.526 8.50287
4825.4 210.141 8.21734
4826.8 207.691 8.16980
4828.2 206.940 8.07014
4829.6 210.424 8.36405
4831.0 209.672 8.11582
4832.4 209.540 8.34369
4833.8 211.452 8.31605
4835.2 209.256 8.27813
4836.6 207.294 8.11962
4838.0 208.825 8.27031
4839.4 212.876 8.34087
4840.8 212.773 8.37936
4842.2 208.523 8.26795
4843.6 205.584 8.06719
4845.0 204.242 8.13196
4846.4 198.393 7.94847
4847.8 198.211 7.78490
4849.2 194.543 7.63918
4850.6 194.493 7.73921
4852.0 192.822 7.55808
4853.4 185.281 7.60569
4854.8 187.077 7.66732
4856.2 174.672 7.25995
4857.6 170.880 7.18267
4859.0 164.654 6.91356
4860.4 148.868 6.37913
4861.8 116.483 5.45865
4863.2 97.517 4.87157
4864.6 118.932 5.57976
4866.0 153.127 6.48497
4867.4 166.769 6.83157
4868.8 171.795 7.06576
4870.2 182.588 7.38402
4871.6 181.910 7.50281
4873.0 181.290 7.05729
4874.4 185.405 7.56697
4875.8 193.280 7.71953
4877.2 197.919 7.67495
4878.6 193.107 7.66824
4880.0 193.007 7.67374
4881.4 198.203 7.86784
4882.8 198.798 7.84581
4884.2 197.347 7.87782
4885.6 198.017 7.77457
4887.0 201.519 8.22325
4888.4 202.876 8.14584
4889.8 200.002 7.90685
4891.2 199.436 7.93615
4892.6 195.146 7.59144
4894.0 198.245 7.89317
4895.4 208.027 8.21945
4896.8 201.707 8.06176
4898.2 206.365 8.13041
4899.6 202.128 7.98949
4901.0 198.824 7.85712
4902.4 210.214 8.25377
4903.8 200.535 8.17015
4905.2 205.348 8.22935
4906.6 211.970 8.33337
4908.0 209.615 8.18348
4909.4 209.876 8.25552
4910.8 201.250 7.92743
4912.2 207.225 8.09805
4913.6 210.096 8.37082
4915.0 208.167 8.30605
4916.4 210.012 8.37357
4917.8 208.180 8.31915
4919.2 204.290 8.13795
4920.6 204.864 8.13106
4922.0 202.195 7.92130
4923.4 199.802 7.91305
4924.8 201.186 8.02014
4926.2 195.523 7.86485
4927.6 204.860 8.03195
4929.0 208.654 8.31372
4930.4 208.689 8.33283
4931.8 198.768 8.12600
4933.2 213.745 8.64575
4934.6 204.566 9.93855
4936.0 195.754 7.98993
4937.4 200.645 8.01978
4938.8 203.881 8.08796
4940.2 203.546 7.88989
4941.6 205.241 8.28787
4943.0 206.444 8.21181
4944.4 203.870 8.09550
4945.8 201.271 8.29853
4947.2 201.003 8.07345
4948.6 198.496 7.91312
4950.0 204.466 8.11832
4951.4 206.106 8.05782
4952.8 200.831 7.82511
4954.2 202.432 8.06255
4955.6 199.906 8.06198
4957.0 206.662 8.09156
4958.4 197.743 7.81760
4959.8 195.037 7.69314
4961.2 203.960 8.11290
4962.6 203.809 8.11153
4964.0 200.963 8.12091
4965.4 202.436 8.05252
4966.8 199.131 7.75408
4968.2 204.426 8.13672
4969.6 196.759 8.00191
4971.0 200.127 8.10988
4972.4 202.716 7.85628
4973.8 206.441 8.17155
4975.2 205.733 8.06419
4976.6 208.259 8.30927
4978.0 202.319 7.96435
4979.4 198.979 8.00676
4980.8 202.577 8.28124
4982.2 201.588 7.98167
4983.6 196.446 7.69557
4985.0 196.486 7.77481
4986.4 198.169 7.77874
4987.8 198.830 7.93441
4989.2 202.830 8.00915
4990.6 198.347 7.83098
4992.0 202.143 7.80994
4993.4 200.947 7.72868
4994.8 200.213 7.80542
4996.2 200.232 8.02799
4997.6 199.632 7.86952
4999.0 197.580 7.80570
