3900.0 55.411 5.58104
3901.4 55.953 5.20034
3902.8 61.326 5.45222
3904.2 60.484 5.47749
3905.6 60.563 5.61628
3907.0 63.294 5.81703
3908.4 61.538 6.47517
3909.8 69.228 6.20809
3911.2 68.915 5.97001
3912.6 68.804 6.04509
3914.0 69.329 5.81481
3915.4 65.895 5.68500
3916.8 63.380 5.64379
3918.2 70.281 5.97881
3919.6 63.848 5.95449
3921.0 70.565 6.13030
3922.4 63.404 5.87042
3923.8 70.252 5.78365
3925.2 66.138 5.43629
3926.6 70.918 5.65098
3928.0 67.827 5.55100
3929.4 65.724 5.35964
3930.8 59.936 5.04566
3932.2 51.116 4.88979
3933.6 43.478 4.80238
3935.0 21.647 3.80070
3936.4 22.982 4.00945
3937.8 41.786 4.70548
3939.2 54.955 5.24118
3940.6 62.515 5.29983
3942.0 71.056 5.41680
3943.4 64.365 5.30179
3944.8 67.343 5.41421
3946.2 62.348 5.38215
3947.6 63.411 5.38936
3949.0 67.046 5.43329
3950.4 70.726 5.66467
3951.8 69.633 5.34999
3953.2 64.310 5.27097
3954.6 65.482 5.26579
3956.0 67.192 5.24997
3957.4 61.893 5.08288
3958.8 58.475 5.06925
3960.2 61.538 4.92184
3961.6 61.253 5.00542
3963.0 58.296 4.78626
3964.4 59.411 4.87209
3965.8 54.991 4.83027
3967.2 48.882 4.59246
3968.6 41.291 4.16124
3970.0 21.527 3.48746
3971.4 19.866 3.24758
3972.8 25.260 3.63798
3974.2 37.968 3.87327
3975.6 46.257 4.43209
3977.0 52.790 4.92712
3978.4 57.202 5.44827
3979.8 61.280 5.66104
3981.2 62.943 5.55285
3982.6 63.558 5.16459
3984.0 64.065 5.29222
3985.4 69.288 5.23430
3986.8 69.751 5.23772
3988.2 61.437 4.86925
3989.6 70.020 5.17922
3991.0 71.894 5.34666
3992.4 68.501 5.23035
3993.8 62.183 4.88817
3995.2 69.465 4.89794
3996.6 68.088 4.98175
3998.0 65.544 5.02506
3999.4 65.714 5.00224
4000.8 63.744 5.18936
4002.2 68.682 5.14758
4003.6 67.514 5.23900
4005.0 70.230 5.31664
4006.4 70.451 5.28971
4007.8 64.760 5.26000
4009.2 70.460 5.32444
4010.6 69.533 5.10242
4012.0 71.814 4.88784
4013.4 67.109 4.97825
4014.8 68.179 4.75247
4016.2 74.827 5.15275
4017.6 69.281 5.04164
4019.0 73.881 5.43615
4020.4 69.443 5.45561
4021.8 76.731 5.40754
4023.2 69.114 4.93464
4024.6 71.796 5.17836
4026.0 71.247 5.15368
4027.4 72.310 5.12642
4028.8 70.847 5.11837
4030.2 71.485 5.11587
4031.6 71.407 5.10505
4033.0 67.504 5.29796
4034.4 66.685 5.08132
4035.8 65.819 4.76406
4037.2 66.717 4.68118
4038.6 66.129 4.73852
4040.0 72.571 4.99226
4041.4 72.881 4.80032
4042.8 71.678 4.86216
4044.2 72.451 5.20032
4045.6 68.060 4.89740
4047.0 61.981 4.78510
4048.4 65.341 4.79801
4049.8 72.664 4.95453
4051.2 69.993 4.84045
4052.6 71.252 4.85960
4054.0 67.569 4.75268
4055.4 70.371 4.85521
4056.8 66.839 4.78195
4058.2 68.306 4.63695
4059.6 70.110 4.79527
4061.0 68.761 4.73150
4062.4 70.129 4.96491
4063.8 72.396 5.71436
4065.2 69.171 inf
4066.6 65.945 4.87782
4068.0 70.922 5.01133
4069.4 68.316 4.86014
4070.8 72.424 4.83881
4072.2 70.676 4.75837
4073.6 72.130 4.63668
4075.0 72.642 4.54266
4076.4 72.147 4.87377
4077.8 66.488 4.61232
4079.2 60.783 4.45922
4080.6 59.469 4.49902
4082.0 66.380 4.58961
4083.4 70.368 4.81838
4084.8 65.292 4.50364
4086.2 62.696 4.52949
4087.6 64.585 4.63732
4089.0 67.604 4.60735
4090.4 65.114 4.61634
4091.8 64.533 4.46324
4093.2 61.142 4.30011
4094.6 61.976 4.40620
4096.0 63.020 4.43435
4097.4 57.651 3.93289
4098.8 56.161 4.18750
4100.2 48.599 3.97874
4101.6 48.946 3.90571
4103.0 31.072 3.40652
4104.4 31.068 3.30571
4105.8 42.199 3.78781
4107.2 50.737 3.88854
4108.6 53.305 3.92169
4110.0 58.254 4.05968
4111.4 59.294 4.40207
4112.8 60.282 4.42139
4114.2 64.652 4.28522
4115.6 61.401 4.19472
4117.0 65.603 4.46068
4118.4 65.160 4.59742
4119.8 63.557 4.60915
4121.2 65.148 4.79964
4122.6 67.903 4.67538
4124.0 64.136 4.27500
4125.4 61.964 4.24644
4126.8 65.498 4.30704
4128.2 68.403 4.52129
4129.6 66.104 4.33879
4131.0 65.996 4.52400
4132.4 69.874 4.45205
4133.8 63.710 4.45192
4135.2 61.625 4.22792
4136.6 66.054 4.28535
4138.0 66.059 4.30498
4139.4 70.612 4.67302
4140.8 71.791 4.70813
4142.2 70.496 4.73985
4143.6 68.598 4.55828
4145.0 65.290 4.29980
4146.4 59.023 4.14464
4147.8 68.733 4.38867
4149.2 70.713 4.49830
4150.6 67.586 4.41519
4152.0 70.121 4.24435
4153.4 68.910 4.58986
4154.8 68.548 4.46861
4156.2 67.503 4.36041
4157.6 66.324 4.32732
4159.0 67.585 4.44662
4160.4 66.135 4.44700
4161.8 70.906 4.50967
4163.2 68.305 4.38562
4164.6 66.574 4.27072
4166.0 66.457 4.24907
4167.4 70.500 4.29292
4168.8 69.596 4.29406
4170.2 68.182 4.52320
4171.6 70.355 4.34824
4173.0 67.153 4.16418
4174.4 64.758 4.30330
4175.8 65.020 4.42963
4177.2 64.859 4.43631
4178.6 64.195 4.17522
4180.0 64.733 4.11023
4181.4 64.465 4.20735
4182.8 72.331 4.39639
4184.2 69.719 4.32900
4185.6 69.064 4.27546
4187.0 63.112 4.12642
4188.4 67.716 4.13644
4189.8 66.254 4.16838
4191.2 65.021 4.09741
4192.6 67.322 4.17726
4194.0 70.185 4.30493
4195.4 71.944 4.37770
4196.8 68.063 4.15992
4198.2 66.418 4.01444
4199.6 64.396 4.15395
4201.0 65.412 4.29588
4202.4 62.066 4.24228
4203.8 69.257 4.20707
4205.2 63.860 4.02137
4206.6 66.873 4.02274
4208.0 64.910 4.05026
4209.4 70.124 4.21592
4210.8 67.198 4.29140
4212.2 65.182 4.11440
4213.6 65.830 4.19182
4215.0 67.107 4.32171
4216.4 66.513 4.15132
4217.8 63.308 4.06155
4219.2 63.774 3.98651
4220.6 65.224 4.09352
4222.0 69.061 4.32926
4223.4 68.699 4.33892
4224.8 66.822 4.24146
4226.2 66.491 4.08354
4227.6 63.737 3.91325
4229.0 62.786 4.00043
4230.4 62.177 3.98949
4231.8 68.753 4.28995
4233.2 66.418 4.20181
4234.6 63.540 4.00501
4236.0 62.763 3.90499
4237.4 68.282 4.14455
4238.8 63.692 4.07060
4240.2 67.557 4.14942
4241.6 62.676 3.90720
4243.0 67.828 3.98067
4244.4 69.293 4.12107
4245.8 64.840 4.09510
4247.2 69.530 4.30237
4248.6 61.717 4.18806
4250.0 61.502 4.26380
4251.4 62.912 3.96602
4252.8 64.647 3.97144
4254.2 64.369 4.00540
4255.6 64.457 inf
4257.0 64.545 inf
4258.4 64.632 inf
4259.8 64.720 inf
4261.2 64.808 inf
4262.6 64.896 4.06917
4264.0 63.792 4.01700
4265.4 70.714 4.23740
4266.8 69.807 4.29907
4268.2 69.357 4.23387
4269.6 69.925 4.17508
4271.0 66.903 4.13686
4272.4 62.832 3.93362
4273.8 58.261 4.01114
4275.2 62.651 4.09271
4276.6 62.885 4.01165
4278.0 64.814 3.98015
4279.4 67.747 4.05138
4280.8 65.723 4.01018
4282.2 65.762 4.00998
4283.6 64.930 4.01484
4285.0 62.886 3.95014
4286.4 66.479 4.09343
4287.8 66.837 4.16518
4289.2 67.205 4.13102
4290.6 60.737 3.95146
4292.0 59.247 3.93523
4293.4 61.533 3.91429
4294.8 68.857 4.11850
4296.2 62.451 4.02453
4297.6 64.022 4.12527
4299.0 68.031 4.26721
4300.4 60.894 3.98021
4301.8 57.144 3.69942
4303.2 58.650 3.71168
4304.6 58.223 3.64620
4306.0 61.235 3.80086
4307.4 67.923 3.95928
4308.8 65.019 4.24173
4310.2 59.292 3.90662
4311.6 62.622 3.94838
4313.0 69.409 4.08376
4314.4 62.476 3.98411
4315.8 60.081 3.79980
4317.2 55.873 3.83914
4318.6 62.587 4.06915
4320.0 63.977 4.05457
4321.4 65.556 3.90350
4322.8 62.819 4.03553
4324.2 60.773 3.95017
4325.6 65.804 3.95879
4327.0 61.644 3.83653
4328.4 59.404 3.59438
4329.8 62.038 3.73739
4331.2 64.013 3.78754
4332.6 60.717 3.79125
4334.0 59.975 3.64803
4335.4 58.113 3.48748
4336.8 54.846 3.61218
4338.2 53.364 3.40873
4339.6 48.490 3.37212
4341.0 40.069 3.02930
4342.4 31.959 2.73997
4343.8 33.658 2.89929
4345.2 45.342 3.35811
4346.6 51.417 3.43009
4348.0 53.042 3.58499
4349.4 59.133 3.77823
4350.8 58.284 3.85489
4352.2 59.947 3.77404
4353.6 56.545 3.54038
4355.0 56.685 3.56515
4356.4 62.773 3.84069
4357.8 61.685 3.98870
4359.2 66.152 4.34730
4360.6 60.792 4.19314
4362.0 65.897 3.99269
4363.4 67.546 4.06511
4364.8 69.272 3.98821
4366.2 66.014 3.96127
4367.6 64.807 3.75408
4369.0 63.450 3.87507
4370.4 64.941 3.85388
4371.8 66.897 4.03251
4373.2 68.893 4.05213
4374.6 66.646 3.84253
4376.0 61.375 3.85165
4377.4 59.876 3.66234
4378.8 66.968 3.92636
4380.2 63.779 3.80911
4381.6 66.442 3.93541
4383.0 68.662 3.93458
4384.4 62.706 3.69576
4385.8 59.918 3.75742
4387.2 58.333 3.67732
4388.6 61.539 3.71796
4390.0 62.417 3.72538
4391.4 65.011 3.86858
4392.8 61.915 3.91889
4394.2 62.375 3.82672
4395.6 65.523 3.77427
4397.0 60.992 3.71541
4398.4 62.707 3.92762
4399.8 67.309 4.88381
4401.2 65.488 4.09892
4402.6 61.188 3.62445
4404.0 63.787 3.59615
4405.4 63.821 3.63505
4406.8 62.322 3.71595
4408.2 59.627 3.55029
4409.6 62.897 3.88674
4411.0 65.001 3.76978
4412.4 66.017 3.82960
4413.8 62.694 3.82713
4415.2 66.856 3.80102
4416.6 64.660 3.64236
4418.0 58.187 3.56246
4419.4 61.623 3.61442
4420.8 59.810 3.74033
4422.2 62.767 3.86910
4423.6 65.713 3.79206
4425.0 64.209 3.75904
4426.4 62.970 3.87771
4427.8 61.949 3.92477
4429.2 64.660 4.15006
4430.6 65.379 3.89477
4432.0 67.426 3.88278
4433.4 65.727 3.82871
4434.8 64.595 3.80319
4436.2 60.599 3.64158
4437.6 62.747 3.70826
4439.0 63.417 3.78466
4440.4 65.922 3.89871
4441.8 65.944 3.85203
4443.2 64.253 3.94406
4444.6 60.400 3.46378
4446.0 58.280 3.55759
4447.4 60.884 3.52973
4448.8 63.828 3.65413
4450.2 66.211 3.83398
4451.6 63.733 3.82084
4453.0 64.716 3.82927
4454.4 64.940 3.80078
4455.8 59.605 3.46047
4457.2 60.644 3.56298
4458.6 63.742 3.68051
4460.0 62.371 3.65563
4461.4 62.175 3.43721
4462.8 61.092 3.58791
4464.2 61.532 3.63662
4465.6 65.513 3.75077
4467.0 61.078 3.54451
4468.4 62.189 3.59393
4469.8 60.001 3.47864
4471.2 56.406 3.46621
4472.6 60.947 3.58045
4474.0 60.417 3.68161
4475.4 63.801 3.80432
4476.8 65.087 3.93100
4478.2 65.952 3.69812
4479.6 63.860 3.64173
4481.0 61.651 3.82907
4482.4 60.526 3.58877
4483.8 62.007 3.51228
4485.2 61.448 3.58939
4486.6 66.513 3.66409
4488.0 61.260 3.45542
4489.4 62.951 3.79501
4490.8 61.673 3.79828
4492.2 64.557 3.99362
4493.6 61.500 3.66979
4495.0 64.650 3.78013
4496.4 62.336 3.78860
4497.8 63.022 3.49794
4499.2 62.804 3.67046
4500.6 65.325 3.57823
4502.0 63.693 3.63432
4503.4 60.184 3.58742
4504.8 60.354 3.40164
4506.2 65.167 3.56178
4507.6 64.730 3.67201
4509.0 64.388 3.70029
4510.4 62.650 3.39795
4511.8 63.565 3.56014
4513.2 64.335 3.52497
4514.6 65.295 3.50027
4516.0 59.838 3.56146
4517.4 60.905 3.64513
4518.8 60.468 3.61061
4520.2 64.623 3.73548
4521.6 63.047 3.53092
4523.0 63.857 3.54962
4524.4 63.804 3.51904
4525.8 61.489 3.39423
4527.2 65.979 3.60505
4528.6 58.977 3.51334
4530.0 64.323 3.77180
4531.4 58.583 3.65528
4532.8 59.875 3.58971
4534.2 62.525 3.87849
4535.6 59.256 3.82056
4537.0 58.101 3.51528
4538.4 59.767 3.48575
4539.8 62.900 3.62760
4541.2 60.125 3.53566
4542.6 64.554 3.58690
4544.0 60.182 3.42283
4545.4 64.871 3.52105
4546.8 62.141 3.43563
4548.2 61.486 3.40194
4549.6 63.786 3.42799
4551.0 60.785 3.43632
4552.4 56.696 3.40698
4553.8 62.203 3.45306
4555.2 61.181 3.39944
4556.6 61.127 3.48253
4558.0 60.518 3.50607
4559.4 62.761 3.42494
4560.8 61.943 3.56516
4562.2 64.684 3.57975
4563.6 63.016 3.53258
4565.0 65.241 3.58876
4566.4 59.994 3.40702
4567.8 61.384 3.47479
4569.2 63.543 3.52827
4570.6 64.613 3.63960
4572.0 63.980 3.50942
4573.4 61.690 3.59566
4574.8 59.118 3.52166
4576.2 63.366 3.46875
4577.6 63.235 3.51623
4579.0 62.233 3.51078
4580.4 61.190 3.48335
4581.8 61.553 3.57770
4583.2 64.614 3.58723
4584.6 61.140 3.38744
4586.0 58.763 3.38770
4587.4 60.050 3.38915
4588.8 62.314 3.44335
4590.2 62.743 3.41790
4591.6 59.465 3.42425
4593.0 61.923 3.40709
4594.4 61.458 3.41665
4595.8 60.434 3.42385
4597.2 61.477 3.44356
4598.6 64.081 3.49018
4600.0 61.842 3.41787
4601.4 60.105 3.40148
4602.8 62.309 3.43417
4604.2 60.114 3.24462
4605.6 64.798 3.42878
4607.0 64.942 3.49452
4608.4 62.402 3.43666
4609.8 63.193 3.58044
4611.2 62.852 3.48902
4612.6 62.528 3.52010
4614.0 62.713 3.43822
4615.4 62.987 3.42902
4616.8 64.457 3.62957
4618.2 64.926 3.75320
4619.6 60.665 3.67207
4621.0 61.722 3.47704
4622.4 61.088 3.38739
4623.8 63.565 3.57817
4625.2 63.661 4.29009
4626.6 61.895 3.55965
4628.0 63.962 3.61469
4629.4 63.963 3.66053
4630.8 60.126 3.51062
4632.2 58.666 3.21508
4633.6 63.602 3.41474
4635.0 66.282 3.48747
4636.4 63.809 3.51208
4637.8 60.347 3.34127
4639.2 60.584 3.50993
4640.6 60.870 3.53932
4642.0 63.026 3.57640
4643.4 62.371 3.53834
4644.8 62.848 3.52228
4646.2 62.952 3.49559
4647.6 62.179 3.54522
4649.0 61.447 3.55424
4650.4 60.933 3.65001
4651.8 63.325 3.58858
4653.2 60.936 3.59975
4654.6 61.448 3.56052
4656.0 62.254 3.41708
4657.4 60.244 3.35626
4658.8 62.135 3.46298
4660.2 62.372 3.44860
4661.6 61.140 3.68504
4663.0 61.051 3.47689
4664.4 63.584 3.45790
4665.8 63.334 3.46420
4667.2 61.319 3.26397
4668.6 61.707 3.58224
4670.0 60.544 3.38838
4671.4 58.418 3.22443
4672.8 57.229 3.31022
4674.2 61.403 3.39157
4675.6 63.966 3.56026
4677.0 62.424 3.44351
4678.4 62.531 3.35366
4679.8 62.592 3.37076
4681.2 63.317 3.47552
4682.6 59.616 3.38724
4684.0 64.730 3.42027
4685.4 64.655 3.42039
4686.8 60.880 3.32819
4688.2 63.482 3.42407
4689.6 63.389 3.47612
4691.0 59.914 3.47101
4692.4 63.057 3.41154
4693.8 63.355 3.61635
4695.2 62.087 3.42702
4696.6 63.367 3.42118
4698.0 59.915 3.38726
4699.4 64.501 3.40700
4700.8 64.560 3.85367
4702.2 62.279 3.43497
4703.6 60.570 3.29097
4705.0 59.935 3.36944
4706.4 57.819 3.32812
4707.8 63.473 3.52592
4709.2 62.192 3.42895
4710.6 61.507 3.36550
4712.0 61.496 3.28274
4713.4 61.681 3.35969
4714.8 62.516 3.45445
4716.2 61.799 3.42414
4717.6 59.464 3.30355
4719.0 59.836 3.39182
4720.4 60.510 3.25754
4721.8 62.238 3.36698
4723.2 60.759 3.32455
4724.6 59.761 3.38256
4726.0 64.587 3.40911
4727.4 62.547 3.51148
4728.8 63.411 3.59721
4730.2 60.238 3.48104
4731.6 59.818 3.36605
4733.0 62.523 3.32395
4734.4 61.997 3.38414
4735.8 62.795 3.40020
4737.2 60.738 3.40267
4738.6 60.637 3.46876
4740.0 61.508 3.57961
4741.4 60.041 3.37123
4742.8 60.076 3.36845
4744.2 59.976 3.22228
4745.6 61.742 3.33269
4747.0 62.260 3.47002
4748.4 62.526 3.58329
4749.8 60.906 3.35469
4751.2 60.438 3.50917
4752.6 62.266 3.43321
4754.0 62.333 3.37920
4755.4 59.725 3.36717
4756.8 64.087 3.44561
4758.2 59.737 3.27417
4759.6 62.178 3.25892
4761.0 60.660 3.25274
4762.4 60.835 3.25530
4763.8 60.058 3.21508
4765.2 62.438 3.30823
4766.6 57.499 3.27063
4768.0 60.098 3.29426
4769.4 58.738 3.12413
4770.8 64.304 3.28485
4772.2 59.497 3.32161
4773.6 61.610 3.45186
4775.0 58.937 3.36930
4776.4 58.930 3.28758
4777.8 62.179 3.19747
4779.2 58.881 3.25096
4780.6 59.858 3.40219
4782.0 58.461 3.24005
4783.4 58.323 3.26703
4784.8 62.153 3.25496
4786.2 59.977 3.14902
4787.6 57.063 3.17285
4789.0 60.027 3.38555
4790.4 61.170 3.46744
4791.8 59.175 3.30183
4793.2 58.874 3.32256
4794.6 59.852 3.27800
4796.0 61.113 3.26994
4797.4 60.599 3.26998
4798.8 61.177 3.23727
4800.2 59.761 3.31701
4801.6 61.768 3.33316
4803.0 60.471 3.29158
4804.4 59.901 3.45101
4805.8 58.981 3.26280
4807.2 61.396 3.22490
4808.6 57.736 3.21351
4810.0 59.151 3.20859
4811.4 59.060 3.20440
4812.8 58.445 3.18970
4814.2 60.518 3.26030
4815.6 59.992 3.25430
4817.0 59.923 3.31429
4818.4 59.140 3.44278
4819.8 59.720 3.22870
4821.2 61.820 3.21920
4822.6 60.582 3.33867
4824.0 57.618 3.23893
4825.4 56.408 3.23620
4826.8 56.126 3.22419
4828.2 56.229 3.20033
4829.6 56.730 3.25825
4831.0 58.692 3.24151
4832.4 58.851 3.16826
4833.8 61.705 3.32974
4835.2 59.115 3.39230
4836.6 58.224 3.26379
4838.0 57.490 3.12757
4839.4 60.176 3.21901
4840.8 57.525 3.19705
4842.2 54.746 3.19641
4843.6 56.402 3.28881
4845.0 58.596 3.14459
4846.4 55.010 3.09897
4847.8 59.117 3.31304
4849.2 58.040 3.46972
4850.6 56.129 3.30673
4852.0 54.821 3.29418
4853.4 54.422 3.12074
4854.8 55.457 3.00314
4856.2 54.992 2.94722
4857.6 52.193 2.97096
4859.0 49.580 2.94919
4860.4 49.058 2.78999
4861.8 37.986 2.53181
4863.2 31.648 2.22055
4864.6 26.980 2.13817
4866.0 37.611 2.54833
4867.4 44.110 2.79397
4868.8 48.593 2.92785
4870.2 50.855 2.90827
4871.6 53.345 3.01184
4873.0 53.491 2.94192
4874.4 50.725 3.09931
4875.8 54.023 3.24145
4877.2 55.703 3.12914
4878.6 55.899 3.18505
4880.0 52.577 2.92871
4881.4 54.170 3.13555
4882.8 57.794 3.33035
4884.2 55.434 3.27068
4885.6 56.331 3.29665
4887.0 57.313 3.22003
4888.4 56.942 3.27075
4889.8 55.866 3.15367
4891.2 55.138 3.13946
4892.6 53.305 3.06659
4894.0 57.264 3.21576
4895.4 54.938 3.23999
4896.8 55.390 3.18579
4898.2 59.763 3.25867
4899.6 56.079 3.26519
4901.0 57.543 3.32982
4902.4 60.346 3.34372
4903.8 60.383 3.29323
4905.2 58.603 3.22790
4906.6 57.295 3.15164
4908.0 58.401 3.27854
4909.4 59.456 3.28603
4910.8 59.376 3.15828
4912.2 59.857 3.20745
4913.6 56.768 3.16781
4915.0 57.756 3.15491
4916.4 59.497 3.18767
4917.8 58.564 3.11080
4919.2 58.691 3.19072
4920.6 56.647 3.07529
4922.0 54.668 3.08762
4923.4 55.444 3.06904
4924.8 56.184 3.09239
4926.2 53.680 3.17347
4927.6 56.650 3.24718
4929.0 57.688 3.26576
4930.4 58.118 3.13651
4931.8 59.926 3.18925
4933.2 57.253 3.10924
4934.6 59.085 3.26993
4936.0 56.617 3.13550
4937.4 52.810 3.05038
4938.8 55.449 3.05206
4940.2 57.438 3.16644
4941.6 54.884 3.16303
4943.0 58.235 3.25776
4944.4 54.677 2.94309
4945.8 59.620 3.11332
4947.2 57.518 3.05123
4948.6 58.308 3.19682
4950.0 58.453 3.21711
4951.4 57.819 3.30728
4952.8 59.920 3.22117
4954.2 58.864 3.13432
4955.6 57.474 3.09298
4957.0 59.129 3.18470
4958.4 60.467 3.15413
4959.8 53.641 3.06075
4961.2 52.595 2.95372
4962.6 55.936 2.99401
4964.0 57.319 2.98631
4965.4 58.846 3.06432
4966.8 60.307 3.18692
4968.2 56.390 3.17898
4969.6 57.545 3.08638
4971.0 58.341 3.08299
4972.4 55.403 3.05572
4973.8 56.568 3.12223
4975.2 59.358 3.13281
4976.6 58.568 3.13793
4978.0 57.484 3.10797
4979.4 55.283 3.02571
4980.8 55.160 3.05924
4982.2 55.850 3.05246
4983.6 56.646 3.09896
4985.0 55.223 3.09608
4986.4 56.008 3.07290
4987.8 56.247 2.98080
4989.2 56.627 3.03311
4990.6 58.569 3.21737
4992.0 57.981 3.15432
4993.4 55.785 3.04473
4994.8 56.480 3.06831
4996.2 55.788 3.14883
4997.6 57.091 3.04066
4999.0 56.617 2.98216
