3900.0 736.797 27.87890
3901.4 744.555 27.92240
3902.8 792.692 29.65790
3904.2 775.716 29.44540
3905.6 812.910 29.83420
3907.0 837.311 30.01520
3908.4 874.110 31.67580
3909.8 865.745 31.84200
3911.2 877.754 31.61340
3912.6 875.202 31.66520
3914.0 881.761 31.84290
3915.4 895.320 32.47120
3916.8 891.425 32.05620
3918.2 911.844 32.98590
3919.6 902.683 32.66780
3921.0 899.980 32.80600
3922.4 909.437 33.03820
3923.8 920.066 32.31640
3925.2 918.691 33.01720
3926.6 906.136 32.15780
3928.0 907.558 32.03640
3929.4 889.972 32.57080
3930.8 889.877 31.83940
3932.2 770.243 28.46270
3933.6 716.394 26.92810
3935.0 816.520 28.82820
3936.4 883.929 31.74210
3937.8 896.549 32.19800
3939.2 904.839 31.99510
3940.6 889.156 32.42550
3942.0 890.736 32.09130
3943.4 869.782 30.87940
3944.8 877.037 31.22040
3946.2 880.878 31.56610
3947.6 860.950 30.61300
3949.0 848.966 30.86010
3950.4 836.403 30.44270
3951.8 815.906 29.44000
3953.2 810.565 29.87070
3954.6 775.042 28.57910
3956.0 749.785 27.30340
3957.4 718.043 25.90710
3958.8 689.360 25.94640
3960.2 657.470 24.91060
3961.6 604.452 23.02920
3963.0 562.988 21.69010
3964.4 502.061 19.41610
3965.8 431.889 17.62410
3967.2 320.833 14.50620
3968.6 231.559 11.88590
3970.0 229.850 11.70130
3971.4 332.386 14.52180
3972.8 414.163 16.89100
3974.2 495.505 19.76390
3975.6 557.971 21.37440
3977.0 599.166 22.93350
3978.4 630.713 23.84130
3979.8 666.985 24.78000
3981.2 715.815 26.35770
3982.6 724.132 25.97360
3984.0 749.552 27.44310
3985.4 775.929 28.17400
3986.8 780.571 28.11490
3988.2 796.894 28.94180
3989.6 808.088 28.89280
3991.0 810.768 28.57120
3992.4 829.210 29.37270
3993.8 841.368 30.34400
3995.2 839.191 29.84980
3996.6 841.363 29.51760
3998.0 856.203 29.69590
3999.4 844.185 30.17710
4000.8 860.006 30.52780
4002.2 860.634 30.83680
4003.6 864.548 30.24610
4005.0 852.457 30.24330
4006.4 884.934 31.23500
4007.8 865.922 31.08730
4009.2 881.317 31.38060
4010.6 882.260 31.71820
4012.0 883.436 31.40430
4013.4 881.381 31.35600
4014.8 885.322 31.56230
4016.2 886.772 30.95860
4017.6 877.424 31.13690
4019.0 871.347 30.90600
4020.4 880.597 31.26280
4021.8 866.111 30.65230
4023.2 869.818 30.71650
4024.6 876.849 31.25510
4026.0 864.658 30.60810
4027.4 878.710 31.79870
4028.8 881.161 30.74270
4030.2 876.368 31.37910
4031.6 872.440 30.54820
4033.0 866.682 30.78400
4034.4 876.808 30.40760
4035.8 874.148 30.38820
4037.2 873.955 30.27470
4038.6 875.559 30.68080
4040.0 880.300 30.89440
4041.4 863.852 30.69820
4042.8 867.682 30.62860
4044.2 862.532 30.70090
4045.6 857.429 30.08020
4047.0 864.257 30.61010
4048.4 875.384 30.61120
4049.8 867.963 30.31040
4051.2 877.371 30.73500
4052.6 869.756 30.77910
4054.0 869.371 31.03970
4055.4 860.337 30.28870
4056.8 859.902 29.45080
4058.2 855.612 29.90860
4059.6 866.350 30.29420
4061.0 866.164 29.87400
4062.4 840.725 29.60600
4063.8 833.833 28.84360
4065.2 850.251 30.13210
4066.6 845.257 29.97590
4068.0 841.759 29.26260
4069.4 839.654 30.04710
4070.8 826.517 28.93790
4072.2 814.130 28.59570
4073.6 828.291 28.97200
4075.0 801.307 28.29840
4076.4 804.364 27.68520
4077.8 789.537 28.25020
4079.2 799.179 27.64060
4080.6 790.460 27.80650
4082.0 770.305 26.82410
4083.4 759.154 27.26150
4084.8 753.282 27.16790
4086.2 727.476 26.15330
4087.6 710.790 25.40220
4089.0 689.378 24.65250
4090.4 659.005 24.14870
4091.8 630.005 23.08780
4093.2 589.926 21.82440
4094.6 541.218 20.52430
4096.0 491.663 18.75730
4097.4 441.898 17.48070
4098.8 352.583 14.61510
4100.2 255.868 11.69520
4101.6 241.339 11.17640
4103.0 324.534 13.48370
4104.4 402.833 15.79520
4105.8 471.383 17.83680
4107.2 529.365 19.45760
4108.6 579.939 21.70910
4110.0 609.670 22.16240
4111.4 647.351 23.33240
4112.8 667.175 24.10840
4114.2 700.739 25.23010
4115.6 709.488 25.40430
4117.0 722.924 25.87560
4118.4 748.702 26.64710
4119.8 758.710 26.72760
4121.2 763.686 26.81610
4122.6 777.136 27.07360
4124.0 791.546 27.79850
4125.4 785.658 27.75360
4126.8 801.835 28.45610
4128.2 801.689 27.48420
4129.6 803.354 27.98030
4131.0 797.325 27.65970
4132.4 804.141 28.11550
4133.8 826.311 28.96210
4135.2 820.890 28.70870
4136.6 807.864 28.05240
4138.0 820.008 28.48160
4139.4 819.306 28.39500
4140.8 830.587 28.62610
4142.2 805.130 28.14500
4143.6 807.142 27.45090
4145.0 826.146 28.82760
4146.4 813.802 27.90190
4147.8 828.711 28.38850
4149.2 804.128 27.82740
4150.6 829.601 28.31720
4152.0 805.782 27.96130
4153.4 811.911 27.85280
4154.8 815.664 28.62350
4156.2 821.305 28.26310
4157.6 821.455 28.48050
4159.0 812.384 27.99830
4160.4 817.350 27.90810
4161.8 814.935 28.12460
4163.2 803.882 27.71420
4164.6 820.202 28.47900
4166.0 813.056 27.86770
4167.4 819.553 28.61870
4168.8 825.938 28.31560
4170.2 815.602 28.63540
4171.6 806.995 27.98380
4173.0 800.919 27.39460
4174.4 820.956 28.28400
4175.8 812.776 28.36900
4177.2 824.433 28.28730
4178.6 813.363 28.53520
4180.0 812.446 28.03800
4181.4 820.883 28.94340
4182.8 820.137 28.56820
4184.2 806.790 28.33440
4185.6 813.855 27.67110
4187.0 804.230 27.57520
4188.4 809.968 27.73100
4189.8 809.853 27.83600
4191.2 808.590 27.38480
4192.6 810.057 27.71440
4194.0 802.747 27.98480
4195.4 797.485 28.08560
4196.8 798.422 27.25550
4198.2 795.242 27.61110
4199.6 804.717 27.61360
4201.0 796.812 27.62240
4202.4 792.577 27.32310
4203.8 786.597 27.88680
4205.2 807.251 27.19020
4206.6 803.250 27.28240
4208.0 792.846 27.30080
4209.4 798.125 27.69210
4210.8 798.545 27.61150
4212.2 800.442 27.68120
4213.6 797.001 28.30040
4215.0 788.274 27.16110
4216.4 790.854 27.42560
4217.8 792.778 27.84590
4219.2 817.145 28.04390
4220.6 786.176 27.11390
4222.0 785.048 27.50270
4223.4 787.934 27.02250
4224.8 783.240 27.15880
4226.2 774.414 26.50950
4227.6 781.232 26.76680
4229.0 786.721 27.43230
4230.4 794.501 27.53520
4231.8 780.527 26.77320
4233.2 774.928 26.58790
4234.6 790.441 26.89820
4236.0 790.195 27.61770
4237.4 787.163 27.30620
4238.8 782.596 27.16720
4240.2 779.328 26.66250
4241.6 781.799 26.49350
4243.0 784.431 27.21770
4244.4 791.745 27.81450
4245.8 782.699 27.00000
4247.2 774.725 26.77090
4248.6 783.928 26.94710
4250.0 787.235 27.33430
4251.4 786.183 27.17930
4252.8 783.728 26.82040
4254.2 784.723 27.30220
4255.6 785.701 26.78710
4257.0 787.269 27.03730
4258.4 782.763 27.05530
4259.8 793.768 26.88060
4261.2 781.350 26.75350
4262.6 786.257 26.88750
4264.0 765.342 26.20520
4265.4 772.576 26.15320
4266.8 779.660 26.56010
4268.2 784.615 27.16940
4269.6 781.424 26.76080
4271.0 772.482 26.36170
4272.4 756.335 26.22810
4273.8 773.029 26.56010
4275.2 787.171 26.68790
4276.6 769.018 26.69500
4278.0 780.938 26.57460
4279.4 781.948 27.22750
4280.8 768.038 26.67600
4282.2 785.790 26.98320
4283.6 772.434 26.85590
4285.0 778.133 26.74030
4286.4 767.145 26.54860
4287.8 780.384 26.62440
4289.2 772.746 26.98830
4290.6 759.911 26.60500
4292.0 755.448 26.06570
4293.4 765.347 26.21550
4294.8 761.382 26.00750
4296.2 747.723 25.59660
4297.6 752.180 25.82530
4299.0 750.204 25.73280
4300.4 747.626 25.48220
4301.8 755.805 26.52640
4303.2 743.280 26.19750
4304.6 757.387 26.12120
4306.0 740.634 25.35490
4307.4 722.949 25.01090
4308.8 730.281 25.06500
4310.2 735.595 25.37630
4311.6 732.874 25.28690
4313.0 722.301 25.44450
4314.4 723.688 25.10220
4315.8 710.253 24.54080
4317.2 715.679 24.99650
4318.6 690.119 24.11680
4320.0 701.114 24.04650
4321.4 675.931 23.66310
4322.8 673.440 23.06780
4324.2 645.371 22.23720
4325.6 627.609 21.68940
4327.0 627.116 22.20750
4328.4 609.876 21.51050
4329.8 585.751 20.71620
4331.2 557.074 19.68190
4332.6 521.284 18.68400
4334.0 482.679 17.68700
4335.4 443.775 16.47470
4336.8 380.478 14.39100
4338.2 300.592 11.73180
4339.6 217.396 9.47851
4341.0 255.158 10.70190
4342.4 347.176 13.54050
4343.8 415.893 15.85570
4345.2 458.650 17.24670
4346.6 506.987 18.62240
4348.0 535.816 19.47690
4349.4 564.097 20.14940
4350.8 583.287 21.13340
4352.2 607.264 21.10470
4353.6 615.541 21.75180
4355.0 646.004 22.80250
4356.4 656.075 23.00470
4357.8 654.003 23.09610
4359.2 677.426 23.57600
4360.6 680.331 23.80690
4362.0 691.705 23.92570
4363.4 701.613 24.07230
4364.8 693.867 24.38830
4366.2 704.218 24.29350
4367.6 708.592 24.32720
4369.0 708.266 24.50250
4370.4 711.258 24.42090
4371.8 719.886 24.50890
4373.2 710.826 24.78960
4374.6 712.073 24.37300
4376.0 729.438 24.72560
4377.4 723.286 24.83780
4378.8 718.828 24.57370
4380.2 727.014 24.77040
4381.6 717.590 24.70350
4383.0 700.815 24.27910
4384.4 719.419 24.75480
4385.8 723.200 24.77720
4387.2 726.511 24.88840
4388.6 717.029 24.46920
4390.0 724.289 24.86480
4391.4 736.597 25.61860
4392.8 712.355 24.43750
4394.2 715.552 24.87660
4395.6 717.090 24.82860
4397.0 728.548 25.32930
4398.4 723.355 24.75270
4399.8 728.031 25.04640
4401.2 724.627 24.54180
4402.6 715.764 24.41250
4404.0 710.520 24.26100
4405.4 715.038 24.85560
4406.8 726.070 24.73990
4408.2 725.705 25.30530
4409.6 723.730 24.73800
4411.0 716.271 24.71050
4412.4 712.224 24.58610
4413.8 716.720 24.88740
4415.2 722.352 24.78300
4416.6 707.064 24.22300
4418.0 721.476 24.87480
4419.4 721.949 24.67680
4420.8 725.013 24.77770
4422.2 727.124 24.66720
4423.6 718.721 24.78890
4425.0 723.913 25.46630
4426.4 733.280 25.95940
4427.8 716.225 24.80120
4429.2 713.172 24.35550
4430.6 700.579 23.83770
4432.0 720.240 24.19990
4433.4 726.349 24.92780
4434.8 705.864 24.48150
4436.2 704.905 23.95950
4437.6 721.988 24.26660
4439.0 712.735 24.42660
4440.4 703.410 24.12560
4441.8 703.594 24.11650
4443.2 697.722 24.00340
4444.6 701.400 24.00090
4446.0 705.284 24.45900
4447.4 706.819 23.74600
4448.8 704.510 24.13370
4450.2 706.031 24.38710
4451.6 700.370 24.07760
4453.0 696.405 23.61510
4454.4 693.171 24.17210
4455.8 695.819 23.80270
4457.2 695.444 23.61310
4458.6 699.858 24.23020
4460.0 700.961 23.63870
4461.4 707.359 23.79420
4462.8 700.360 24.03490
4464.2 705.356 23.84100
4465.6 699.870 23.82590
4467.0 703.323 23.72540
4468.4 693.106 23.71730
4469.8 699.872 24.18740
4471.2 703.788 24.28070
4472.6 698.822 24.04910
4474.0 693.036 23.77480
4475.4 707.995 24.11160
4476.8 694.973 23.84440
4478.2 691.168 23.33820
4479.6 685.221 23.62450
4481.0 669.295 23.14060
4482.4 689.428 23.24360
4483.8 689.979 23.54680
4485.2 695.344 23.62270
4486.6 687.441 23.36640
4488.0 697.848 23.79290
4489.4 687.849 23.72700
4490.8 693.444 23.56540
4492.2 689.082 23.70650
4493.6 690.417 23.55100
4495.0 689.649 23.66490
4496.4 691.789 23.97670
4497.8 690.575 23.77920
4499.2 690.836 23.69270
4500.6 688.420 23.33710
4502.0 684.009 23.22750
4503.4 688.325 23.48840
4504.8 698.098 23.56820
4506.2 688.022 23.23840
4507.6 684.008 23.74150
4509.0 683.885 23.44630
4510.4 679.474 22.99130
4511.8 690.976 23.36610
4513.2 680.105 22.76140
4514.6 703.154 23.68030
4516.0 691.222 23.61600
4517.4 683.265 22.92660
4518.8 687.956 23.40250
4520.2 675.998 22.97040
4521.6 679.006 22.88920
4523.0 678.871 22.79300
4524.4 693.063 23.67060
4525.8 674.194 23.19020
4527.2 688.537 23.10110
4528.6 679.784 22.95060
4530.0 680.796 23.36850
4531.4 668.521 22.96760
4532.8 665.093 22.68130
4534.2 669.617 22.82690
4535.6 676.220 22.67970
4537.0 680.976 23.04630
4538.4 680.137 23.25750
4539.8 680.508 22.82650
4541.2 683.861 23.29220
4542.6 672.883 22.86490
4544.0 680.790 23.34020
4545.4 668.884 23.04370
4546.8 666.766 22.52440
4548.2 659.996 22.66550
4549.6 653.889 22.59880
4551.0 663.522 22.99850
4552.4 674.341 22.98750
4553.8 665.493 22.68850
4555.2 660.607 22.54460
4556.6 668.022 22.59820
4558.0 664.525 22.86510
4559.4 658.887 22.45120
4560.8 671.865 22.79190
4562.2 669.360 22.84710
4563.6 664.380 22.43310
4565.0 671.287 22.44100
4566.4 669.441 22.90180
4567.8 668.104 22.60200
4569.2 659.768 22.20730
4570.6 655.728 22.13690
4572.0 657.482 22.39160
4573.4 671.050 22.71940
4574.8 665.937 22.97040
4576.2 663.562 22.91630
4577.6 666.262 22.67990
4579.0 662.183 22.58280
4580.4 653.864 22.20740
4581.8 661.392 22.33220
4583.2 645.699 22.20100
4584.6 656.404 22.21950
4586.0 665.171 22.52100
4587.4 661.954 22.39250
4588.8 651.748 22.07740
4590.2 654.812 22.28100
4591.6 652.260 22.21040
4593.0 661.557 22.54400
4594.4 662.776 22.62510
4595.8 657.969 22.43010
4597.2 649.456 22.34620
4598.6 664.361 22.32920
4600.0 654.949 22.08130
4601.4 658.970 22.29030
4602.8 662.227 22.83990
4604.2 657.732 22.12750
4605.6 652.995 22.33320
4607.0 655.684 22.32830
4608.4 657.678 22.47800
4609.8 656.385 22.18530
4611.2 659.113 22.75790
4612.6 661.629 22.43820
4614.0 659.654 22.29100
4615.4 656.461 22.38820
4616.8 656.925 22.34760
4618.2 647.573 22.18450
4619.6 660.763 22.50590
4621.0 643.488 21.76140
4622.4 654.870 22.04380
4623.8 645.740 21.63150
4625.2 651.600 21.86640
4626.6 654.559 22.12090
4628.0 646.913 22.27390
4629.4 644.615 21.77800
4630.8 646.234 22.04470
4632.2 641.702 21.73320
4633.6 647.855 22.11240
4635.0 648.800 22.09360
4636.4 644.098 22.18250
4637.8 649.436 21.98430
4639.2 637.241 21.88870
4640.6 644.210 21.85040
4642.0 640.121 21.59290
4643.4 640.443 21.79960
4644.8 637.657 21.52040
4646.2 644.681 21.70560
4647.6 640.967 21.38150
4649.0 642.650 21.85090
4650.4 648.250 21.80150
4651.8 640.951 22.36290
4653.2 641.173 21.94790
4654.6 640.915 21.61300
4656.0 636.714 21.49140
4657.4 637.671 21.22640
4658.8 637.975 21.61920
4660.2 642.514 21.69280
4661.6 630.843 21.32270
4663.0 634.057 21.82140
4664.4 638.704 21.72340
4665.8 632.408 21.63110
4667.2 640.051 21.71010
4668.6 633.698 21.76070
4670.0 637.471 21.46630
4671.4 638.213 21.50450
4672.8 638.965 21.53880
4674.2 633.396 21.39800
4675.6 623.704 21.12010
4677.0 638.247 21.48230
4678.4 636.472 21.68910
4679.8 629.052 21.35980
4681.2 634.231 21.59900
4682.6 633.765 21.23290
4684.0 624.006 21.26500
4685.4 628.359 21.36190
4686.8 635.767 21.66700
4688.2 632.465 21.14530
4689.6 634.933 21.65670
4691.0 632.557 21.71130
4692.4 629.866 21.47370
4693.8 631.957 21.61920
4695.2 637.345 21.44250
4696.6 634.897 21.36700
4698.0 630.435 21.24710
4699.4 629.499 21.05730
4700.8 629.278 21.68000
4702.2 623.523 21.20120
4703.6 627.204 21.21170
4705.0 639.302 21.56890
4706.4 629.429 21.25080
4707.8 621.538 21.17830
4709.2 625.480 21.26430
4710.6 627.596 21.09150
4712.0 628.397 20.99190
4713.4 626.518 21.35370
4714.8 634.407 21.60070
4716.2 623.999 21.44950
4717.6 617.905 21.41970
4719.0 623.630 21.25530
4720.4 618.817 21.00930
4721.8 609.974 20.82780
4723.2 618.742 20.91940
4724.6 616.305 21.19750
4726.0 624.248 21.23660
4727.4 612.585 20.76560
4728.8 622.095 20.71680
4730.2 611.804 20.77910
4731.6 614.663 20.99120
4733.0 611.173 20.78670
4734.4 619.748 21.12160
4735.8 615.697 20.79500
4737.2 602.847 20.69660
4738.6 618.832 20.99470
4740.0 608.495 20.68340
4741.4 618.246 21.20140
4742.8 612.860 20.99670
4744.2 614.768 20.52890
4745.6 609.090 20.83700
4747.0 618.094 20.83130
4748.4 611.109 21.02220
4749.8 607.724 20.62520
4751.2 607.947 20.53920
4752.6 644.694 22.96790
4754.0 615.164 21.12070
4755.4 607.158 20.82020
4756.8 617.613 20.91650
4758.2 602.652 20.91940
4759.6 601.146 20.04230
4761.0 606.606 20.81650
4762.4 607.745 20.68560
4763.8 609.347 20.69470
4765.2 602.173 20.11780
4766.6 599.655 20.42220
4768.0 607.975 20.17310
4769.4 602.992 20.44280
4770.8 594.154 20.33280
4772.2 595.780 20.33980
4773.6 597.325 20.50520
4775.0 606.038 20.47290
4776.4 600.792 20.15070
4777.8 602.236 20.67720
4779.2 599.840 20.49080
4780.6 608.869 20.37200
4782.0 599.181 20.20670
4783.4 594.918 20.18660
4784.8 609.435 20.88770
4786.2 613.297 20.89790
4787.6 589.755 20.05710
4789.0 599.230 20.23830
4790.4 595.664 20.33310
4791.8 592.022 19.87900
4793.2 594.199 20.04790
4794.6 590.730 20.25230
4796.0 597.513 20.27870
4797.4 590.914 20.32000
4798.8 592.216 19.54660
4800.2 603.053 20.38500
4801.6 594.345 20.39450
4803.0 587.041 20.05390
4804.4 587.300 19.76270
4805.8 587.134 19.87430
4807.2 585.637 19.78310
4808.6 588.633 20.02410
4810.0 590.595 20.06210
4811.4 583.374 19.85260
4812.8 579.173 19.81820
4814.2 580.077 19.77620
4815.6 585.494 19.87500
4817.0 591.270 20.11130
4818.4 574.817 19.47750
4819.8 585.134 19.74850
4821.2 582.413 20.01270
4822.6 573.895 19.57820
4824.0 563.319 19.07080
4825.4 570.848 19.57940
4826.8 567.549 19.09820
4828.2 559.040 19.08090
4829.6 561.036 19.26410
4831.0 569.705 19.51710
4832.4 570.024 19.52600
4833.8 556.380 19.05780
4835.2 554.218 19.00810
4836.6 557.618 19.26230
4838.0 548.308 18.72860
4839.4 549.360 18.82910
4840.8 547.208 18.95590
4842.2 532.885 18.42850
4843.6 518.495 17.99810
4845.0 510.931 17.75780
4846.4 506.667 17.44850
4847.8 491.830 17.21080
4849.2 476.221 16.68450
4850.6 463.135 16.19080
4852.0 447.192 16.11850
4853.4 419.328 15.21060
4854.8 392.466 14.13450
4856.2 363.079 13.44900
4857.6 326.224 11.92770
4859.0 260.029 10.21600
4860.4 204.765 8.78850
4861.8 234.959 9.28103
4863.2 303.687 11.43280
4864.6 350.988 12.86980
4866.0 374.297 13.70290
4867.4 405.082 14.58940
4868.8 430.324 15.18950
4870.2 457.373 16.06380
4871.6 467.978 16.25060
4873.0 480.953 17.12250
4874.4 499.773 17.10700
4875.8 498.784 17.27900
4877.2 505.255 17.23620
4878.6 516.003 17.91540
4880.0 532.057 18.38240
4881.4 524.773 18.15570
4882.8 529.688 18.35110
4884.2 535.567 18.17820
4885.6 546.466 18.59340
4887.0 534.603 18.13610
4888.4 539.330 18.27500
4889.8 540.289 18.38340
4891.2 544.415 18.29340
4892.6 548.319 18.60620
4894.0 553.517 18.80900
4895.4 552.656 18.88430
4896.8 552.173 18.97250
4898.2 557.505 18.66300
4899.6 559.469 18.81530
4901.0 562.717 18.77550
4902.4 567.049 19.50380
4903.8 560.494 19.00400
4905.2 562.438 19.29890
4906.6 566.054 19.15880
4908.0 557.317 19.01350
4909.4 559.649 18.86030
4910.8 557.159 18.66130
4912.2 559.182 18.86320
4913.6 567.093 19.07540
4915.0 560.801 19.24340
4916.4 568.252 19.31710
4917.8 560.871 19.14970
4919.2 555.087 19.35530
4920.6 555.773 19.09690
4922.0 549.884 18.59830
4923.4 555.885 19.04500
4924.8 563.484 19.36140
4926.2 559.785 19.10590
4927.6 566.520 19.09800
4929.0 564.052 18.92340
4930.4 553.989 18.61750
4931.8 561.855 19.04830
4933.2 568.597 19.22340
4934.6 556.572 18.86740
4936.0 563.030 19.22900
4937.4 552.723 18.37040
4938.8 560.410 18.84040
4940.2 562.523 19.17170
4941.6 560.019 19.03540
4943.0 560.651 19.06790
4944.4 557.711 18.75130
4945.8 560.850 19.16880
4947.2 564.553 19.10530
4948.6 561.265 19.10990
4950.0 559.923 19.11650
4951.4 555.513 18.52540
4952.8 555.573 18.82840
4954.2 548.235 18.61270
4955.6 549.092 18.68120
4957.0 550.471 18.68740
4958.4 553.535 18.70410
4959.8 552.353 19.07440
4961.2 553.003 18.70290
4962.6 552.909 18.72350
4964.0 543.808 18.55890
4965.4 547.167 18.86730
4966.8 549.270 18.62850
4968.2 547.555 18.55530
4969.6 549.820 18.63290
4971.0 548.284 18.70510
4972.4 548.482 18.60400
4973.8 540.791 18.44040
4975.2 545.474 18.31280
4976.6 535.916 18.12820
4978.0 539.709 18.29030
4979.4 542.671 18.53670
4980.8 537.571 18.36920
4982.2 548.316 18.45140
4983.6 549.297 18.92390
4985.0 549.238 18.77230
4986.4 549.071 18.62520
4987.8 540.386 18.40210
4989.2 540.386 18.73590
4990.6 547.329 18.51700
4992.0 540.384 18.65000
4993.4 547.002 18.53010
4994.8 542.559 18.76480
4996.2 550.204 18.80280
4997.6 541.026 18.63950
4999.0 543.623 18.45110
