3900.0 30.715 5.02752
3901.4 24.759 4.87874
3902.8 21.970 4.58815
3904.2 26.371 4.62427
3905.6 27.882 4.40135
3907.0 27.850 4.52547
3908.4 30.145 4.60551
3909.8 30.033 4.78575
3911.2 34.545 inf
3912.6 39.057 inf
3914.0 43.569 6.18249
3915.4 38.555 4.59316
3916.8 25.114 3.89377
3918.2 26.971 3.97466
3919.6 22.750 3.91844
3921.0 14.341 3.53602
3922.4 25.718 3.70323
3923.8 30.429 3.85966
3925.2 31.166 3.81697
3926.6 26.043 3.90451
3928.0 22.345 3.86644
3929.4 18.464 3.67902
3930.8 21.688 3.64408
3932.2 15.601 3.39145
3933.6 11.670 2.99009
3935.0 15.932 3.20292
3936.4 27.918 3.52357
3937.8 27.331 3.55463
3939.2 27.539 3.57755
3940.6 26.677 3.60358
3942.0 26.932 3.58228
3943.4 26.693 3.50665
3944.8 22.192 3.48290
3946.2 28.266 3.83275
3947.6 26.241 3.95733
3949.0 25.405 3.80466
3950.4 19.952 3.52880
3951.8 28.473 3.65667
3953.2 31.386 3.65880
3954.6 30.727 3.57600
3956.0 23.588 3.37819
3957.4 25.956 3.54181
3958.8 31.549 3.67918
3960.2 22.143 3.43679
3961.6 21.091 3.34607
3963.0 17.319 3.23141
3964.4 19.838 3.32307
3965.8 18.663 3.32078
3967.2 13.004 3.17390
3968.6 4.107 2.91430
3970.0 9.195 3.06269
3971.4 10.519 3.10739
3972.8 19.209 3.59534
3974.2 25.580 3.73945
3975.6 23.716 3.74161
3977.0 22.005 3.71937
3978.4 23.085 3.76630
3979.8 33.168 4.01549
3981.2 26.385 3.81330
3982.6 33.627 4.22696
3984.0 29.203 4.08758
3985.4 35.536 4.21642
3986.8 33.480 4.22623
3988.2 26.828 3.87942
3989.6 29.987 3.86567
3991.0 28.207 3.72604
3992.4 35.596 3.58403
3993.8 30.177 3.41781
3995.2 24.053 3.16332
3996.6 26.658 3.36622
3998.0 32.407 3.44968
3999.4 26.954 3.35834
4000.8 26.222 3.25571
4002.2 32.285 3.47836
4003.6 26.884 3.30659
4005.0 27.866 3.17272
4006.4 31.023 3.31352
4007.8 29.376 3.33861
4009.2 29.705 3.26703
4010.6 29.977 3.34167
4012.0 27.462 3.27033
4013.4 28.528 3.24947
4014.8 26.258 3.15536
4016.2 30.373 3.29005
4017.6 29.818 3.34813
4019.0 29.175 3.30983
4020.4 36.092 3.83796
4021.8 28.180 4.20346
4023.2 31.698 4.58578
4024.6 32.162 4.38087
4026.0 34.168 4.03146
4027.4 22.992 3.20835
4028.8 28.437 3.19249
4030.2 35.793 3.38523
4031.6 30.750 3.19157
4033.0 26.398 3.15887
4034.4 19.981 3.25911
4035.8 27.301 3.51318
4037.2 28.366 3.41650
4038.6 21.833 3.11566
4040.0 34.516 3.50457
4041.4 31.247 3.84052
4042.8 30.993 4.09754
4044.2 26.494 3.58800
4045.6 29.589 3.36455
4047.0 25.524 3.44333
4048.4 32.633 3.44229
4049.8 25.133 3.13053
4051.2 32.145 3.39308
4052.6 27.743 3.20386
4054.0 30.077 3.23585
4055.4 30.829 3.48865
4056.8 33.969 3.47557
4058.2 27.401 3.27160
4059.6 25.234 3.23206
4061.0 30.525 3.32021
4062.4 26.849 3.17291
4063.8 25.691 3.14720
4065.2 31.373 3.34856
4066.6 29.794 3.48314
4068.0 30.617 3.83332
4069.4 34.055 4.13635
4070.8 28.608 4.10870
4072.2 27.959 4.01470
4073.6 32.606 3.87278
4075.0 25.529 3.59587
4076.4 33.778 3.53205
4077.8 29.316 3.47317
4079.2 27.617 3.73018
4080.6 36.010 4.03038
4082.0 30.203 3.89877
4083.4 29.568 3.71372
4084.8 25.287 3.54162
4086.2 27.523 3.57896
4087.6 24.610 3.48838
4089.0 28.510 3.35250
4090.4 29.794 3.08797
4091.8 29.442 3.05402
4093.2 28.261 3.17568
4094.6 25.447 3.23448
4096.0 29.647 3.30851
4097.4 27.644 3.01078
4098.8 19.101 2.64787
4100.2 17.128 2.59382
4101.6 13.826 2.41105
4103.0 16.798 2.55573
4104.4 25.904 3.04804
4105.8 17.306 3.06507
4107.2 24.982 3.21302
4108.6 22.628 3.05885
4110.0 22.405 2.84154
4111.4 25.076 2.89965
4112.8 30.041 3.03359
4114.2 25.554 2.87951
4115.6 27.612 3.10461
4117.0 28.085 3.30888
4118.4 25.082 3.41669
4119.8 35.879 3.67134
4121.2 26.574 3.46068
4122.6 29.321 3.47389
4124.0 22.923 3.28210
4125.4 25.430 3.22323
4126.8 26.668 3.07636
4128.2 28.138 3.00331
4129.6 28.908 2.98896
4131.0 27.950 2.98862
4132.4 25.778 3.14891
4133.8 24.985 3.31519
4135.2 24.344 3.42650
4136.6 28.784 3.40792
4138.0 34.075 3.26384
4139.4 31.168 3.08252
4140.8 34.984 3.26106
4142.2 20.804 3.35068
4143.6 25.960 3.41450
4145.0 26.262 3.05465
4146.4 26.195 2.85647
4147.8 26.876 2.84477
4149.2 32.193 2.94672
4150.6 28.215 2.98803
4152.0 32.336 3.06128
4153.4 31.549 2.94009
4154.8 28.810 2.86945
4156.2 25.747 2.85230
4157.6 29.394 3.00374
4159.0 32.825 3.15077
4160.4 27.345 3.16088
4161.8 29.674 3.28122
4163.2 28.504 3.20285
4164.6 28.224 3.07021
4166.0 25.974 2.90492
4167.4 30.065 2.92927
4168.8 28.473 2.79552
4170.2 26.229 2.87325
4171.6 30.523 2.89195
4173.0 27.676 2.71964
4174.4 22.702 2.58008
4175.8 23.490 2.71595
4177.2 31.986 3.25083
4178.6 24.037 3.24954
4180.0 28.160 3.16082
4181.4 26.712 2.89363
4182.8 29.162 2.82281
4184.2 29.061 2.73430
4185.6 27.535 2.66180
4187.0 30.429 2.91712
4188.4 21.130 2.88730
4189.8 31.715 3.03528
4191.2 25.742 2.84264
4192.6 25.965 2.86553
4194.0 26.884 3.01361
4195.4 26.592 3.01406
4196.8 28.681 3.09340
4198.2 22.453 2.93970
4199.6 25.995 2.90844
4201.0 25.057 2.70043
4202.4 27.982 2.60755
4203.8 26.373 2.53363
4205.2 26.844 2.67588
4206.6 27.722 2.78233
4208.0 23.003 2.43184
4209.4 28.694 2.67118
4210.8 29.277 2.68511
4212.2 25.697 2.59347
4213.6 25.949 2.70518
4215.0 30.240 2.80883
4216.4 23.720 2.57197
4217.8 26.399 2.69057
4219.2 27.188 2.86473
4220.6 24.016 2.86626
4222.0 26.209 2.89203
4223.4 26.762 2.75566
4224.8 27.525 2.63286
4226.2 22.331 2.47956
4227.6 22.435 2.54399
4229.0 29.812 2.84207
4230.4 29.731 2.82260
4231.8 24.805 2.57215
4233.2 20.335 2.38040
4234.6 26.401 2.55890
4236.0 28.422 2.67667
4237.4 25.225 2.78692
4238.8 26.924 3.02107
4240.2 28.977 3.07270
4241.6 25.435 2.72532
4243.0 30.413 2.60651
4244.4 24.558 2.47668
4245.8 23.659 2.41114
4247.2 22.540 2.44550
4248.6 29.205 2.55175
4250.0 25.022 2.50744
4251.4 27.734 2.57872
4252.8 28.711 2.71370
4254.2 24.854 2.65406
4255.6 29.879 2.76160
4257.0 30.545 2.77500
4258.4 28.778 2.60208
4259.8 29.243 2.54592
4261.2 24.773 2.43762
4262.6 26.734 2.46748
4264.0 28.080 2.53896
4265.4 26.451 2.66606
4266.8 30.479 2.67238
4268.2 30.581 2.70163
4269.6 25.145 2.35885
4271.0 24.898 2.43544
4272.4 28.721 2.67479
4273.8 24.119 2.89959
4275.2 21.122 2.95639
4276.6 30.115 2.86246
4278.0 24.846 2.39220
4279.4 29.701 2.51504
4280.8 29.997 2.75675
4282.2 28.410 3.12742
4283.6 29.190 3.21765
4285.0 30.614 2.97894
4286.4 33.657 2.82238
4287.8 32.452 2.72141
4289.2 27.500 2.52723
4290.6 28.479 2.56178
4292.0 22.419 2.69218
4293.4 24.998 2.77961
4294.8 29.497 2.62106
4296.2 28.619 2.48222
4297.6 30.666 2.50673
4299.0 29.160 2.58777
4300.4 24.050 2.64997
4301.8 25.556 2.52462
4303.2 26.951 2.51660
4304.6 27.214 2.43996
4306.0 30.201 2.53727
4307.4 26.471 2.42485
4308.8 29.396 2.50223
4310.2 25.896 2.47316
4311.6 29.422 2.50243
4313.0 22.250 2.32261
4314.4 26.771 2.42611
4315.8 26.912 2.47216
4317.2 25.302 2.53256
4318.6 22.099 2.73022
4320.0 30.397 3.15530
4321.4 26.274 3.07393
4322.8 23.391 2.62022
4324.2 23.582 2.24789
4325.6 24.402 2.24989
4327.0 23.169 2.36217
4328.4 30.288 2.58704
4329.8 29.369 2.46313
4331.2 26.013 2.36854
4332.6 23.377 2.35040
4334.0 19.088 2.13478
4335.4 22.757 2.26629
4336.8 22.193 2.21969
4338.2 21.095 2.17957
4339.6 14.389 1.93462
4341.0 14.817 1.91239
4342.4 22.210 2.19532
4343.8 24.441 2.27965
4345.2 23.075 2.42415
4346.6 22.640 2.73192
4348.0 25.237 2.85930
4349.4 25.784 2.69034
4350.8 21.845 2.34020
4352.2 22.209 2.28594
4353.6 25.245 2.51152
4355.0 27.835 2.55697
4356.4 28.195 2.70018
4357.8 18.684 2.77331
4359.2 17.483 3.19144
4360.6 24.835 3.03007
4362.0 27.733 2.84109
4363.4 24.227 2.80546
4364.8 26.516 2.77188
4366.2 27.256 2.64604
4367.6 25.930 2.50371
4369.0 28.741 2.48023
4370.4 28.871 2.41138
4371.8 25.357 2.32191
4373.2 27.249 2.33975
4374.6 25.732 2.37554
4376.0 24.342 2.46275
4377.4 23.446 2.63666
4378.8 27.038 2.80981
4380.2 26.430 2.60139
4381.6 26.401 2.52944
4383.0 27.898 2.65701
4384.4 25.561 2.82318
4385.8 29.274 2.84488
4387.2 24.550 2.46540
4388.6 27.360 2.35914
4390.0 26.309 2.31634
4391.4 25.207 2.45801
4392.8 27.070 2.47708
4394.2 27.268 2.33098
4395.6 27.314 2.34479
4397.0 24.513 2.30622
4398.4 26.848 2.28210
4399.8 24.471 2.25491
4401.2 27.059 2.32565
4402.6 25.700 2.36523
4404.0 27.130 2.67117
4405.4 31.259 2.65871
4406.8 25.880 2.34951
4408.2 23.141 2.23490
4409.6 26.667 2.49543
4411.0 28.002 2.75990
4412.4 28.175 2.66044
4413.8 26.837 2.50814
4415.2 26.194 2.69886
4416.6 21.439 2.73610
4418.0 32.440 2.52616
4419.4 24.750 2.21431
4420.8 26.282 2.32215
4422.2 23.915 2.49263
4423.6 27.256 2.44256
4425.0 24.581 2.20719
4426.4 27.654 2.30385
4427.8 27.881 2.36981
4429.2 28.881 2.65859
4430.6 27.988 3.03793
4432.0 28.322 2.94975
4433.4 27.277 2.56352
4434.8 26.044 2.19578
4436.2 25.180 2.21699
4437.6 27.794 2.27478
4439.0 28.502 2.52319
4440.4 23.209 2.54393
4441.8 28.193 2.53260
4443.2 26.485 2.30258
4444.6 23.669 2.17163
4446.0 29.885 2.36043
4447.4 25.080 2.41969
4448.8 31.027 2.58795
4450.2 22.929 2.39387
4451.6 25.919 2.24800
4453.0 28.742 2.29493
4454.4 26.357 2.26411
4455.8 25.238 2.31474
4457.2 22.104 2.18023
4458.6 22.385 2.06290
4460.0 25.803 2.19491
4461.4 27.129 2.23046
4462.8 27.796 2.24140
4464.2 25.513 2.15695
4465.6 26.693 2.38163
4467.0 29.433 2.51121
4468.4 24.205 2.51506
4469.8 25.582 2.63673
4471.2 28.357 2.69529
4472.6 27.556 2.52411
4474.0 25.180 2.24124
4475.4 27.658 2.22803
4476.8 25.384 2.21469
4478.2 27.140 2.35451
4479.6 28.806 2.60697
4481.0 26.452 2.60575
4482.4 24.329 2.32420
4483.8 25.608 2.17955
4485.2 23.975 2.15886
4486.6 23.686 2.36275
4488.0 22.526 2.48575
4489.4 23.621 2.52293
4490.8 26.954 2.61102
4492.2 27.048 2.54523
4493.6 29.739 2.53000
4495.0 29.145 2.48526
4496.4 23.649 2.27449
4497.8 24.251 2.25690
4499.2 25.282 2.31305
4500.6 25.951 2.41653
4502.0 25.732 2.47847
4503.4 28.428 2.48881
4504.8 30.557 2.48410
4506.2 26.962 2.31669
4507.6 24.082 2.35428
4509.0 25.627 2.29675
4510.4 24.472 2.13106
4511.8 23.881 2.13002
4513.2 25.421 2.24158
4514.6 28.306 2.29936
4516.0 27.398 2.21220
4517.4 28.986 2.22932
4518.8 27.535 2.19517
4520.2 25.476 2.19932
4521.6 26.407 2.35760
4523.0 26.027 2.41284
4524.4 24.826 2.36641
4525.8 30.392 2.44366
4527.2 26.686 2.39156
4528.6 28.596 2.41940
4530.0 24.059 2.29704
4531.4 25.416 2.18660
4532.8 22.666 2.10093
4534.2 20.560 2.09575
4535.6 22.994 2.24380
4537.0 28.361 2.48739
4538.4 25.989 2.44913
4539.8 24.729 2.37820
4541.2 25.231 2.37096
4542.6 28.743 2.40014
4544.0 27.383 2.32176
4545.4 22.666 2.09632
4546.8 26.401 2.24777
4548.2 28.179 2.64617
4549.6 24.797 2.70232
4551.0 28.943 2.37306
4552.4 26.079 2.13451
4553.8 25.906 2.16487
4555.2 23.929 2.46962
4556.6 27.614 2.52030
4558.0 28.190 2.37654
4559.4 25.797 2.31091
4560.8 27.669 2.37522
4562.2 25.367 2.18090
4563.6 25.636 2.14791
4565.0 24.849 2.07193
4566.4 27.704 2.20339
4567.8 28.662 2.19371
4569.2 26.551 2.12388
4570.6 22.174 2.00704
4572.0 28.921 2.12048
4573.4 25.647 2.09279
4574.8 27.683 2.15809
4576.2 26.772 2.10839
4577.6 26.697 2.12561
4579.0 27.410 2.16940
4580.4 29.859 2.34838
4581.8 29.079 2.33035
4583.2 26.912 2.29896
4584.6 26.426 2.21531
4586.0 28.862 2.14182
4587.4 26.809 2.12993
4588.8 27.598 2.11151
4590.2 24.562 2.06558
4591.6 25.143 2.13651
4593.0 27.252 2.19892
4594.4 23.023 2.05561
4595.8 27.564 2.02648
4597.2 26.360 2.07340
4598.6 25.563 2.09582
4600.0 27.160 2.11840
4601.4 27.663 2.18797
4602.8 30.877 2.46435
4604.2 25.267 2.53949
4605.6 28.512 2.69475
4607.0 27.593 2.68949
4608.4 23.729 2.45441
4609.8 28.173 2.28261
4611.2 24.778 2.05879
4612.6 28.775 2.21313
4614.0 26.546 2.43764
4615.4 26.343 2.51749
4616.8 26.500 2.26872
4618.2 26.930 2.13635
4619.6 29.976 2.30344
4621.0 22.316 2.26695
4622.4 26.104 2.38654
4623.8 27.822 2.33450
4625.2 26.122 2.17884
4626.6 25.254 2.03070
4628.0 24.507 2.00056
4629.4 24.368 2.04093
4630.8 26.021 2.09045
4632.2 28.884 2.22033
4633.6 28.311 2.26612
4635.0 28.042 2.36681
4636.4 25.722 2.45310
4637.8 25.640 2.52528
4639.2 27.612 2.60724
4640.6 28.029 2.66755
4642.0 27.513 2.71900
4643.4 27.487 2.46378
4644.8 27.592 2.13885
4646.2 25.326 2.03623
4647.6 28.819 2.19717
4649.0 27.408 2.34929
4650.4 23.348 2.18207
4651.8 25.238 2.09854
4653.2 26.464 2.05563
4654.6 24.335 1.99560
4656.0 20.817 1.90668
4657.4 23.039 2.03591
4658.8 27.991 2.35266
4660.2 27.468 2.22225
4661.6 29.733 2.31244
4663.0 30.783 2.37905
4664.4 28.773 2.30696
4665.8 27.452 2.35610
4667.2 24.731 2.16327
4668.6 26.573 2.11286
4670.0 28.557 2.06449
4671.4 25.612 2.08262
4672.8 28.505 2.21978
4674.2 27.401 2.16347
4675.6 21.425 1.93407
4677.0 26.662 2.13246
4678.4 25.779 2.10286
4679.8 26.791 2.06987
4681.2 24.018 1.95333
4682.6 25.463 2.00454
4684.0 25.602 1.97888
4685.4 23.341 2.00925
4686.8 30.150 2.25050
4688.2 26.736 2.55481
4689.6 25.770 2.40055
4691.0 31.670 2.36259
4692.4 23.902 2.21648
4693.8 25.889 2.25039
4695.2 25.220 2.25926
4696.6 28.072 2.24843
4698.0 25.099 2.17149
4699.4 25.150 2.23219
4700.8 24.582 2.18587
4702.2 21.406 2.13358
4703.6 24.233 2.21104
4705.0 28.364 2.29458
4706.4 23.194 2.22785
4707.8 28.902 2.32951
4709.2 27.262 2.33749
4710.6 26.507 2.39730
4712.0 23.591 2.39698
4713.4 29.092 2.42433
4714.8 26.634 2.18087
4716.2 26.374 2.07687
4717.6 23.514 2.03471
4719.0 24.185 2.15643
4720.4 24.814 2.23540
4721.8 30.263 2.31949
4723.2 27.323 2.25056
4724.6 33.483 2.36051
4726.0 21.312 2.09898
4727.4 27.644 2.09590
4728.8 24.918 2.15192
4730.2 26.446 2.33400
4731.6 25.277 2.32705
4733.0 26.281 2.26306
4734.4 26.669 2.10391
4735.8 28.964 2.10021
4737.2 25.654 2.07973
4738.6 26.549 2.16872
4740.0 22.877 1.99371
4741.4 25.980 2.03771
4742.8 33.127 2.20961
4744.2 27.932 2.09186
4745.6 24.768 1.97776
4747.0 28.381 2.02249
4748.4 28.526 2.18712
4749.8 28.010 2.20277
4751.2 27.647 2.14284
4752.6 26.853 2.03955
4754.0 27.281 2.11763
4755.4 27.166 2.08073
4756.8 25.821 1.99144
4758.2 24.050 1.88984
4759.6 26.779 2.09801
4761.0 27.265 2.06964
4762.4 22.346 1.90732
4763.8 25.814 1.92493
4765.2 24.539 1.89774
4766.6 26.182 1.95803
4768.0 28.404 2.16365
4769.4 26.631 2.28079
4770.8 27.349 2.30576
4772.2 24.064 2.14517
4773.6 25.954 2.02570
4775.0 26.937 1.98949
4776.4 25.761 1.97492
4777.8 25.940 2.13287
4779.2 22.960 2.17678
4780.6 26.318 2.30597
4782.0 29.621 2.36822
4783.4 28.603 2.29070
4784.8 26.663 2.18001
4786.2 27.834 2.04836
4787.6 23.965 1.90423
4789.0 27.552 1.93920
4790.4 26.869 1.99275
4791.8 26.413 2.10869
4793.2 26.898 2.17522
4794.6 26.505 2.13837
4796.0 27.680 2.07303
4797.4 26.813 1.96171
4798.8 26.086 1.96385
4800.2 27.536 2.00838
4801.6 28.215 2.00830
4803.0 22.666 1.88045
4804.4 27.855 1.90114
4805.8 27.264 1.97204
4807.2 22.038 1.86854
4808.6 26.021 1.95182
4810.0 23.967 2.01342
4811.4 26.122 2.15385
4812.8 26.770 2.17962
4814.2 27.415 2.10888
4815.6 26.547 1.95751
4817.0 27.415 1.98047
4818.4 25.646 1.91046
4819.8 26.164 1.95169
4821.2 25.885 1.91346
4822.6 24.916 1.89394
4824.0 24.540 1.86580
4825.4 24.509 1.90433
4826.8 25.297 2.08396
4828.2 24.522 2.10935
4829.6 29.662 2.05250
4831.0 25.880 1.94225
4832.4 26.718 2.03606
4833.8 21.702 2.09884
4835.2 25.004 2.04735
4836.6 25.331 2.01291
4838.0 23.411 2.05723
4839.4 21.611 2.07174
4840.8 24.945 1.95311
4842.2 26.421 1.96285
4843.6 25.408 1.94544
4845.0 24.652 2.03653
4846.4 23.757 1.93520
4847.8 24.553 1.89267
4849.2 26.423 2.11696
4850.6 27.696 2.30144
4852.0 24.741 2.06602
4853.4 25.971 1.94912
4854.8 21.340 1.83821
4856.2 24.417 2.26594
4857.6 20.467 2.13850
4859.0 20.686 1.76684
4860.4 13.728 1.55542
4861.8 13.864 1.65625
4863.2 20.579 1.97747
4864.6 21.250 2.03684
4866.0 22.774 1.99532
4867.4 22.177 1.88838
4868.8 22.637 1.84324
4870.2 21.571 1.85826
4871.6 21.375 1.88960
4873.0 22.052 1.98725
4874.4 24.607 2.02437
4875.8 28.775 2.14074
4877.2 28.588 2.01089
4878.6 24.863 1.96277
4880.0 24.828 2.11740
4881.4 26.329 2.26677
4882.8 25.794 2.09723
4884.2 24.968 1.85865
4885.6 22.704 1.84985
4887.0 30.883 2.08684
4888.4 26.605 2.01321
4889.8 25.211 1.91251
4891.2 26.164 2.06608
4892.6 26.902 2.33720
4894.0 25.719 2.22902
4895.4 26.757 1.94282
4896.8 24.309 1.90043
4898.2 24.311 2.08273
4899.6 24.554 2.17659
4901.0 23.452 1.75940
4902.4 23.812 1.83078
4903.8 24.894 1.87019
4905.2 26.502 2.04589
4906.6 24.460 1.93613
4908.0 22.398 1.92078
4909.4 26.319 2.03068
4910.8 25.179 1.93260
4912.2 23.912 1.84420
4913.6 24.559 1.87463
4915.0 25.207 1.90506
4916.4 25.854 1.93549
4917.8 26.501 1.96592
4919.2 22.991 1.93377
4920.6 26.362 2.07199
4922.0 24.654 2.08184
4923.4 23.322 1.86641
4924.8 24.661 1.80644
4926.2 26.656 2.00206
4927.6 24.159 2.03297
4929.0 25.770 1.97942
4930.4 26.383 1.86229
4931.8 24.840 1.95869
4933.2 26.593 2.11832
4934.6 25.937 2.19212
4936.0 26.543 2.01595
4937.4 25.483 1.92847
4938.8 23.770 1.79660
4940.2 22.253 1.78022
4941.6 23.095 1.73983
4943.0 26.058 1.84897
4944.4 24.755 1.83726
4945.8 27.361 1.90790
4947.2 23.463 1.92627
4948.6 23.852 1.94211
4950.0 26.498 1.92242
4951.4 25.673 1.87735
4952.8 23.303 1.84633
4954.2 23.967 1.89186
4955.6 25.911 1.96713
4957.0 25.009 1.94861
4958.4 24.027 1.99144
4959.8 25.003 1.98564
4961.2 24.419 1.85099
4962.6 26.174 1.85566
4964.0 26.767 2.06290
4965.4 25.274 2.18541
4966.8 22.454 1.99163
4968.2 24.521 1.89991
4969.6 24.817 1.96989
4971.0 25.983 2.14791
4972.4 26.575 1.97744
4973.8 26.052 1.88238
4975.2 22.970 1.79215
4976.6 23.617 2.22485
4978.0 27.028 2.64593
4979.4 26.641 2.49109
4980.8 25.847 1.94939
4982.2 22.231 1.79544
4983.6 24.613 2.06143
4985.0 20.682 1.92053
4986.4 27.116 1.97274
4987.8 40.025 2.51950
4989.2 25.838 1.85031
4990.6 25.848 1.91221
4992.0 22.956 1.78816
4993.4 22.035 1.85765
4994.8 21.846 1.90172
4996.2 24.155 2.01953
4997.6 25.755 2.15117
4999.0 22.765 1.98190
