3900.0 46.510 12.56540
3901.4 48.318 6.57636
3902.8 41.736 6.17833
3904.2 46.783 6.65192
3905.6 45.424 6.76571
3907.0 47.675 6.85590
3908.4 48.836 7.04430
3909.8 54.438 6.73323
3911.2 50.836 6.56196
3912.6 53.281 6.46807
3914.0 50.353 6.67516
3915.4 47.793 6.47730
3916.8 47.741 6.30841
3918.2 50.322 6.73832
3919.6 51.112 6.09353
3921.0 53.991 5.91555
3922.4 51.937 6.06347
3923.8 50.530 6.03413
3925.2 49.793 5.73430
3926.6 47.916 6.02412
3928.0 49.068 5.69898
3929.4 57.816 6.13527
3930.8 43.929 5.35760
3932.2 45.356 5.52330
3933.6 39.100 5.03753
3935.0 30.135 4.69299
3936.4 17.620 4.58404
3937.8 33.904 5.19926
3939.2 44.129 6.04470
3940.6 50.816 5.99501
3942.0 55.549 6.03256
3943.4 54.363 5.71560
3944.8 50.098 5.85077
3946.2 49.541 5.98639
3947.6 53.332 5.93366
3949.0 49.518 5.79496
3950.4 50.248 5.73799
3951.8 51.001 5.57603
3953.2 52.124 5.66946
3954.6 51.500 6.17904
3956.0 51.058 6.39158
3957.4 53.353 6.42867
3958.8 47.571 5.61010
3960.2 44.983 6.13508
3961.6 49.974 6.43018
3963.0 46.665 6.21507
3964.4 39.551 5.91442
3965.8 43.898 6.77787
3967.2 40.392 6.11004
3968.6 30.804 5.15597
3970.0 19.282 4.78515
3971.4 13.005 4.07552
3972.8 15.726 4.53199
3974.2 26.113 4.73647
3975.6 31.346 5.10696
3977.0 36.894 5.05682
3978.4 41.968 5.30051
3979.8 39.076 5.13701
3981.2 44.728 5.25468
3982.6 48.999 5.15541
3984.0 49.877 5.50189
3985.4 44.639 5.27207
3986.8 46.271 5.42881
3988.2 47.271 5.50985
3989.6 47.247 5.02779
3991.0 49.925 4.97022
3992.4 52.685 5.30331
3993.8 54.509 5.43202
3995.2 56.441 5.15734
3996.6 53.591 5.52690
3998.0 53.019 5.19091
3999.4 51.338 5.04854
4000.8 46.844 5.14037
4002.2 55.637 5.71630
4003.6 49.603 5.92603
4005.0 50.539 5.39153
4006.4 52.426 5.19138
4007.8 49.986 5.15406
4009.2 56.407 5.28511
4010.6 57.373 5.58247
4012.0 53.226 5.39427
4013.4 50.676 5.49909
4014.8 52.142 5.23574
4016.2 53.117 5.28807
4017.6 53.722 5.20461
4019.0 55.909 5.63439
4020.4 50.609 5.48943
4021.8 52.568 5.63998
4023.2 49.591 5.23687
4024.6 52.080 5.20952
4026.0 52.520 5.26593
4027.4 52.689 5.31412
4028.8 53.741 5.32660
4030.2 50.080 5.01226
4031.6 49.218 4.87488
4033.0 50.060 5.16945
4034.4 51.777 5.13054
4035.8 54.318 5.24716
4037.2 54.037 5.30006
4038.6 52.953 5.02924
4040.0 53.644 5.21687
4041.4 55.947 5.59013
4042.8 54.671 5.54856
4044.2 53.189 5.68515
4045.6 59.017 5.89747
4047.0 51.022 5.87628
4048.4 48.899 5.67870
4049.8 47.202 5.14516
4051.2 45.655 5.20748
4052.6 50.672 5.77727
4054.0 53.059 6.05935
4055.4 54.809 6.02860
4056.8 48.707 5.55792
4058.2 52.617 5.55143
4059.6 51.772 5.42976
4061.0 48.931 5.23109
4062.4 50.828 5.55410
4063.8 53.405 5.31951
4065.2 51.417 5.55083
4066.6 46.440 5.61624
4068.0 52.658 5.76302
4069.4 49.710 5.43702
4070.8 53.768 5.12443
4072.2 52.020 5.29961
4073.6 53.224 5.27703
4075.0 49.846 4.95276
4076.4 51.678 5.01685
4077.8 48.362 4.79356
4079.2 43.887 4.66650
4080.6 50.131 5.12070
4082.0 50.129 5.05842
4083.4 50.352 5.10691
4084.8 49.302 5.00147
4086.2 46.449 4.98499
4087.6 47.961 4.58156
4089.0 52.754 4.86615
4090.4 49.459 4.80634
4091.8 47.246 4.85104
4093.2 48.111 4.46612
4094.6 43.481 4.41929
4096.0 45.696 4.74104
4097.4 46.865 4.93803
4098.8 39.415 4.60138
4100.2 39.671 4.63634
4101.6 35.668 4.17949
4103.0 27.078 3.90667
4104.4 20.848 3.62162
4105.8 24.108 3.70299
4107.2 33.670 4.15641
4108.6 37.920 4.28448
4110.0 39.361 4.21904
4111.4 41.436 4.19241
4112.8 38.651 4.13818
4114.2 50.354 4.55999
4115.6 44.184 4.38760
4117.0 48.265 4.72628
4118.4 47.267 4.47885
4119.8 46.008 4.60876
4121.2 48.901 4.39574
4122.6 46.706 4.56112
4124.0 49.120 4.82839
4125.4 50.765 5.19593
4126.8 50.393 5.36152
4128.2 49.437 4.93286
4129.6 51.748 5.00776
4131.0 47.594 4.87493
4132.4 49.727 4.79040
4133.8 48.549 5.04971
4135.2 51.072 4.71232
4136.6 48.788 4.43806
4138.0 49.609 4.66429
4139.4 48.667 4.68815
4140.8 58.259 4.96693
4142.2 51.669 4.75624
4143.6 50.275 4.68243
4145.0 51.770 4.82022
4146.4 48.242 4.69219
4147.8 52.319 4.70329
4149.2 53.425 4.75301
4150.6 52.051 4.64839
4152.0 51.625 4.73665
4153.4 47.477 4.48353
4154.8 50.666 4.64144
4156.2 52.088 4.51142
4157.6 49.340 4.41405
4159.0 51.044 4.46947
4160.4 50.709 4.48926
4161.8 51.802 4.43777
4163.2 50.477 4.47637
4164.6 51.672 4.23849
4166.0 47.220 4.25741
4167.4 49.036 4.44023
4168.8 50.028 4.52665
4170.2 52.628 4.53037
4171.6 51.154 4.45878
4173.0 51.725 4.33045
4174.4 44.680 4.21332
4175.8 49.754 4.55692
4177.2 47.435 4.24249
4178.6 51.692 4.50835
4180.0 50.236 4.59807
4181.4 44.700 4.23655
4182.8 47.443 4.12952
4184.2 52.693 4.33028
4185.6 50.522 4.22401
4187.0 52.788 4.40887
4188.4 46.773 4.27738
4189.8 46.804 4.57582
4191.2 48.042 4.60456
4192.6 50.751 4.60766
4194.0 52.016 4.47386
4195.4 49.904 4.30616
4196.8 45.422 3.87639
4198.2 53.038 4.17956
4199.6 48.724 4.08670
4201.0 48.141 4.15257
4202.4 48.668 4.02334
4203.8 46.638 3.79709
4205.2 45.919 4.01273
4206.6 49.154 4.03544
4208.0 50.940 4.14724
4209.4 50.086 4.28605
4210.8 48.321 3.92954
4212.2 52.052 4.27014
4213.6 51.523 4.15024
4215.0 55.643 4.40480
4216.4 49.494 4.24085
4217.8 47.713 4.40295
4219.2 45.201 4.04493
4220.6 50.101 4.15308
4222.0 49.711 4.07430
4223.4 51.103 4.32651
4224.8 50.212 4.19855
4226.2 50.685 4.07599
4227.6 48.396 4.06136
4229.0 47.415 3.85405
4230.4 44.745 3.80518
4231.8 47.870 4.00893
4233.2 48.180 4.02335
4234.6 50.252 3.92632
4236.0 47.122 3.90573
4237.4 44.290 3.78876
4238.8 49.744 4.23625
4240.2 48.993 4.36816
4241.6 51.421 4.34924
4243.0 51.804 4.27641
4244.4 52.288 4.13072
4245.8 51.422 4.16384
4247.2 48.786 3.81323
4248.6 48.393 4.23516
4250.0 47.218 4.09371
4251.4 47.152 4.00985
4252.8 49.977 3.90468
4254.2 44.284 3.63917
4255.6 49.472 4.03325
4257.0 46.282 4.24546
4258.4 46.876 4.66449
4259.8 49.588 4.47945
4261.2 51.318 4.24908
4262.6 46.270 4.09478
4264.0 48.623 4.01279
4265.4 46.514 4.22662
4266.8 52.855 4.28327
4268.2 48.682 4.16942
4269.6 55.474 4.24621
4271.0 46.590 3.87049
4272.4 52.870 4.25124
4273.8 45.557 3.85591
4275.2 46.191 4.01315
4276.6 47.073 3.78506
4278.0 45.247 4.08169
4279.4 48.032 3.84404
4280.8 50.735 4.20578
4282.2 51.343 4.18027
4283.6 51.033 3.83104
4285.0 51.690 4.18648
4286.4 50.024 4.01799
4287.8 48.429 3.72157
4289.2 49.803 3.84628
4290.6 47.551 3.81287
4292.0 46.489 4.06510
4293.4 45.260 4.12731
4294.8 48.120 3.99359
4296.2 48.867 3.79278
4297.6 46.607 3.58368
4299.0 49.056 3.85887
4300.4 47.560 3.79737
4301.8 45.928 3.98584
4303.2 45.373 4.15521
4304.6 45.260 4.02018
4306.0 45.871 3.75556
4307.4 47.413 3.73713
4308.8 46.770 3.67840
4310.2 43.688 3.51718
4311.6 43.667 3.56897
4313.0 43.924 3.74307
4314.4 47.121 3.56675
4315.8 43.047 3.62124
4317.2 42.168 3.72879
4318.6 43.622 3.70927
4320.0 47.793 3.70288
4321.4 47.386 3.70834
4322.8 46.855 3.71503
4324.2 46.300 3.64433
4325.6 47.401 3.73379
4327.0 41.629 3.32264
4328.4 45.782 3.50676
4329.8 43.607 3.49889
4331.2 49.255 3.61764
4332.6 41.428 3.78325
4334.0 45.791 3.76070
4335.4 37.140 3.27314
4336.8 40.264 3.28141
4338.2 40.262 3.37316
4339.6 36.179 3.43071
4341.0 29.697 2.89861
4342.4 20.884 2.68361
4343.8 21.025 2.63722
4345.2 27.191 3.02541
4346.6 35.772 3.58793
4348.0 38.306 3.75036
4349.4 38.634 3.63694
4350.8 41.842 3.44369
4352.2 44.268 3.50041
4353.6 43.781 3.45963
4355.0 42.126 3.63498
4356.4 42.409 3.82591
4357.8 47.276 4.31095
4359.2 47.121 4.76903
4360.6 45.835 4.11601
4362.0 47.845 3.87426
4363.4 45.973 3.65951
4364.8 47.309 3.64880
4366.2 50.794 3.87417
4367.6 47.941 4.45271
4369.0 49.689 4.14056
4370.4 47.924 3.69739
4371.8 49.857 3.76930
4373.2 50.385 3.75289
4374.6 44.617 3.52351
4376.0 46.616 3.70071
4377.4 46.989 3.57988
4378.8 44.291 3.59160
4380.2 47.966 3.76791
4381.6 48.393 3.78731
4383.0 46.663 3.67517
4384.4 50.618 3.72159
4385.8 42.941 3.47405
4387.2 43.094 3.37424
4388.6 49.809 3.69865
4390.0 47.981 3.64191
4391.4 48.557 3.63744
4392.8 48.182 3.66517
4394.2 49.815 4.02276
4395.6 48.535 4.09339
4397.0 43.260 3.82152
4398.4 42.337 3.48961
4399.8 45.816 3.60878
4401.2 46.315 3.65893
4402.6 47.062 3.61369
4404.0 48.102 3.57765
4405.4 43.384 3.56247
4406.8 47.957 3.50887
4408.2 47.500 3.67123
4409.6 49.237 3.59604
4411.0 46.827 3.40092
4412.4 49.646 3.64530
4413.8 46.924 3.54550
4415.2 50.276 3.57670
4416.6 48.134 3.57055
4418.0 45.879 3.55920
4419.4 43.068 3.55195
4420.8 45.151 3.52289
4422.2 45.099 3.47619
4423.6 48.870 3.58869
4425.0 47.436 3.78410
4426.4 49.215 3.73437
4427.8 46.354 3.54440
4429.2 47.691 3.57644
4430.6 46.246 3.44600
4432.0 47.609 3.50634
4433.4 48.074 3.47339
4434.8 47.197 3.47024
4436.2 44.613 3.54844
4437.6 45.925 3.76130
4439.0 46.248 3.85565
4440.4 51.849 3.74158
4441.8 47.816 3.52340
4443.2 47.789 3.50011
4444.6 44.231 3.35744
4446.0 42.539 3.41002
4447.4 44.496 3.39946
4448.8 48.032 3.73206
4450.2 47.936 3.96869
4451.6 50.108 3.92590
4453.0 46.338 3.26966
4454.4 46.197 3.43867
4455.8 48.449 3.45031
4457.2 44.444 3.26450
4458.6 45.929 3.52261
4460.0 47.354 3.91028
4461.4 43.989 5.96316
4462.8 43.334 5.62622
4464.2 46.627 3.54735
4465.6 46.925 3.34295
4467.0 46.469 3.46453
4468.4 45.825 3.69788
4469.8 44.146 3.54625
4471.2 44.740 3.36354
4472.6 45.782 3.27484
4474.0 45.960 3.59121
4475.4 45.822 3.81914
4476.8 45.755 3.83307
4478.2 48.017 3.50554
4479.6 50.312 3.57424
4481.0 45.195 3.33711
4482.4 45.493 3.32556
4483.8 45.813 3.16119
4485.2 45.322 3.22585
4486.6 47.794 3.26357
4488.0 45.167 3.19920
4489.4 47.237 3.29082
4490.8 44.750 3.17385
4492.2 44.740 3.13421
4493.6 47.422 3.39679
4495.0 41.504 3.20664
4496.4 46.070 3.75789
4497.8 43.612 3.88152
4499.2 46.905 3.56806
4500.6 47.318 3.36866
4502.0 49.545 3.37218
4503.4 46.411 3.25721
4504.8 44.944 3.24950
4506.2 45.291 3.30263
4507.6 47.918 3.36629
4509.0 45.811 3.34898
4510.4 44.312 3.16230
4511.8 44.671 3.40114
4513.2 50.602 3.28764
4514.6 47.961 3.36036
4516.0 47.086 3.43451
4517.4 48.437 3.66819
4518.8 44.059 3.76650
4520.2 45.806 3.56654
4521.6 46.864 3.31016
4523.0 47.307 3.19191
4524.4 46.730 3.20368
4525.8 46.953 3.25750
4527.2 45.775 3.22533
4528.6 44.804 3.17446
4530.0 46.230 3.35897
4531.4 46.492 3.48392
4532.8 42.775 3.21834
4534.2 45.347 3.25588
4535.6 46.477 3.36632
4537.0 44.657 3.35313
4538.4 45.278 3.27713
4539.8 47.478 3.37374
4541.2 47.120 3.33422
4542.6 45.330 3.51596
4544.0 45.937 inf
4545.4 46.543 inf
4546.8 47.149 3.50164
4548.2 45.257 3.45193
4549.6 48.666 3.43275
4551.0 46.760 3.13354
4552.4 42.441 3.23377
4553.8 44.084 3.16243
4555.2 49.181 3.46270
4556.6 45.138 3.21797
4558.0 43.918 3.26641
4559.4 47.011 3.26434
4560.8 47.716 3.31196
4562.2 44.700 3.25813
4563.6 45.481 3.24967
4565.0 44.570 3.28955
4566.4 44.559 3.30882
4567.8 47.676 3.31606
4569.2 44.809 3.21617
4570.6 44.807 3.30514
4572.0 44.372 3.23017
4573.4 45.654 3.50789
4574.8 43.073 3.27066
4576.2 44.055 3.20305
4577.6 45.684 3.13314
4579.0 43.956 3.18195
4580.4 44.475 3.30458
4581.8 44.742 3.38695
4583.2 45.520 3.24609
4584.6 43.789 3.13601
4586.0 43.260 3.10001
4587.4 43.142 3.22577
4588.8 45.464 3.31472
4590.2 45.642 3.25948
4591.6 43.367 3.12886
4593.0 43.254 3.01736
4594.4 43.976 3.18173
4595.8 45.464 2.98449
4597.2 42.961 3.03494
4598.6 46.156 3.16065
4600.0 44.231 3.21173
4601.4 45.859 3.23288
4602.8 45.555 3.03757
4604.2 46.739 3.10861
4605.6 47.528 3.22398
4607.0 46.601 3.17988
4608.4 48.548 3.15909
4609.8 45.557 3.28057
4611.2 42.804 3.06931
4612.6 48.199 3.22088
4614.0 46.727 3.02799
4615.4 46.031 3.06585
4616.8 47.224 3.24579
4618.2 44.353 3.16433
4619.6 46.167 3.34961
4621.0 44.883 3.22235
4622.4 43.362 2.97382
4623.8 40.904 2.92387
4625.2 46.047 3.17025
4626.6 45.888 3.13710
4628.0 45.803 3.09812
4629.4 47.139 3.18100
4630.8 44.408 3.11279
4632.2 42.725 2.99520
4633.6 42.515 3.07862
4635.0 45.943 3.13250
4636.4 43.688 3.15136
4637.8 45.679 3.15177
4639.2 46.851 3.23480
4640.6 44.834 3.07461
4642.0 44.421 3.05733
4643.4 45.352 3.03938
4644.8 44.845 3.31001
4646.2 44.078 3.00466
4647.6 46.284 3.04873
4649.0 46.053 3.09350
4650.4 44.277 3.07805
4651.8 42.819 3.12759
4653.2 44.942 3.14925
4654.6 49.047 3.18369
4656.0 47.540 3.14284
4657.4 44.971 3.24576
4658.8 43.111 3.11837
4660.2 42.915 3.00555
4661.6 45.173 3.15314
4663.0 45.048 3.10014
4664.4 44.202 3.12221
4665.8 44.334 3.19610
4667.2 44.680 3.39899
4668.6 43.499 3.15122
4670.0 43.586 3.20568
4671.4 42.637 3.04200
4672.8 42.964 3.06203
4674.2 42.706 3.14976
4675.6 44.227 3.60306
4677.0 44.437 3.48129
4678.4 44.886 3.07463
4679.8 46.325 3.16255
4681.2 43.714 2.97310
4682.6 45.403 3.05543
4684.0 45.138 3.07338
4685.4 42.349 3.03163
4686.8 44.806 3.22291
4688.2 45.457 3.12682
4689.6 42.986 3.30798
4691.0 47.415 3.33065
4692.4 44.511 3.17411
4693.8 47.151 3.18738
4695.2 43.675 3.09521
4696.6 43.933 3.05174
4698.0 44.495 3.11477
4699.4 40.490 3.20283
4700.8 43.519 3.12344
4702.2 44.345 3.06354
4703.6 43.775 3.11289
4705.0 44.440 3.04807
4706.4 40.214 3.04475
4707.8 45.850 3.12887
4709.2 46.873 3.17803
4710.6 42.479 3.12788
4712.0 42.962 3.02632
4713.4 46.506 3.23763
4714.8 43.794 3.34461
4716.2 43.547 3.21387
4717.6 42.496 3.10707
4719.0 42.685 3.23498
4720.4 46.421 3.30961
4721.8 44.113 3.16014
4723.2 43.498 3.11277
4724.6 44.595 3.07128
4726.0 43.899 3.20832
4727.4 44.043 3.08843
4728.8 43.482 3.04453
4730.2 42.629 3.08803
4731.6 42.300 2.99775
4733.0 42.195 3.07467
4734.4 43.017 3.01054
4735.8 43.640 3.09384
4737.2 43.735 3.10422
4738.6 42.676 3.19117
4740.0 42.174 3.10616
4741.4 43.339 3.03077
4742.8 44.490 2.95759
4744.2 43.546 3.13208
4745.6 43.895 3.03366
4747.0 41.996 2.92070
4748.4 43.087 3.02468
4749.8 41.323 3.03129
4751.2 43.725 3.11914
4752.6 44.835 3.13161
4754.0 43.060 3.11496
4755.4 45.631 2.94444
4756.8 44.554 3.03826
4758.2 43.480 3.03996
4759.6 43.482 2.88374
4761.0 43.800 2.97440
4762.4 43.146 2.93457
4763.8 42.648 2.82252
4765.2 44.942 2.91988
4766.6 41.900 2.85816
4768.0 43.090 3.04253
4769.4 43.436 2.73341
4770.8 42.433 2.97600
4772.2 44.104 2.94833
4773.6 44.662 2.94698
4775.0 42.964 2.91240
4776.4 41.966 2.97320
4777.8 43.469 2.87781
4779.2 43.020 2.92447
4780.6 44.421 3.05028
4782.0 43.559 3.04450
4783.4 42.180 3.13785
4784.8 41.954 2.98978
4786.2 44.149 2.95133
4787.6 43.028 2.98339
4789.0 45.051 2.99543
4790.4 42.746 2.95219
4791.8 41.699 2.92800
4793.2 44.211 3.07707
4794.6 45.274 3.21263
4796.0 43.792 3.09461
4797.4 45.405 3.04341
4798.8 40.007 2.86708
4800.2 43.358 2.97096
4801.6 43.983 2.97733
4803.0 41.847 2.92553
4804.4 43.733 3.02589
4805.8 44.463 2.94031
4807.2 43.358 2.92520
4808.6 42.986 2.84035
4810.0 42.311 2.95560
4811.4 43.373 2.89047
4812.8 44.366 2.85247
4814.2 41.147 2.83413
4815.6 41.365 2.76363
4817.0 42.428 2.93525
4818.4 43.285 2.92581
4819.8 43.846 2.97271
4821.2 44.418 3.03382
4822.6 44.461 2.92729
4824.0 43.213 2.92490
4825.4 41.064 2.91109
4826.8 43.848 3.13715
4828.2 45.407 3.03407
4829.6 42.821 2.97517
4831.0 43.131 2.99989
4832.4 41.793 2.96543
4833.8 42.520 3.09512
4835.2 42.112 2.98609
4836.6 43.192 2.94811
4838.0 43.001 3.05809
4839.4 42.899 3.10276
4840.8 43.721 3.11414
4842.2 40.634 2.84423
4843.6 43.306 3.13674
4845.0 43.257 3.07290
4846.4 41.768 2.85597
4847.8 39.272 2.74672
4849.2 40.497 2.81671
4850.6 39.786 2.96107
4852.0 41.622 2.93277
4853.4 40.320 2.88820
4854.8 40.879 2.85219
4856.2 38.090 2.79912
4857.6 36.276 2.83031
4859.0 35.136 2.70001
4860.4 32.852 2.65799
4861.8 31.279 2.78045
4863.2 24.428 2.45490
4864.6 19.456 2.25292
4866.0 24.055 2.30019
4867.4 30.528 2.52225
4868.8 33.118 2.58166
4870.2 34.618 2.58206
4871.6 37.584 2.73348
4873.0 37.379 2.73258
4874.4 39.907 2.78485
4875.8 39.079 2.73819
4877.2 39.631 2.96261
4878.6 40.085 2.91384
4880.0 41.405 2.83507
4881.4 40.602 2.85933
4882.8 42.737 3.02833
4884.2 40.599 3.12233
4885.6 41.235 3.13804
4887.0 41.643 2.96436
4888.4 43.365 2.94592
4889.8 43.185 2.73942
4891.2 41.631 2.78170
4892.6 43.452 2.99060
4894.0 41.169 3.00604
4895.4 39.017 2.97538
4896.8 43.952 3.32057
4898.2 46.668 3.21068
4899.6 39.920 2.88718
4901.0 43.413 2.83879
4902.4 42.669 2.90438
4903.8 41.788 2.65573
4905.2 41.943 2.62827
4906.6 43.336 2.83028
4908.0 43.266 2.89647
4909.4 43.878 2.92720
4910.8 43.440 3.06817
4912.2 42.878 3.11373
4913.6 43.087 2.86340
4915.0 42.880 2.86071
4916.4 43.192 2.82636
4917.8 43.062 2.75894
4919.2 43.723 2.82513
4920.6 45.171 2.82114
4922.0 42.007 2.74156
4923.4 40.982 2.71067
4924.8 41.202 2.73765
4926.2 42.136 2.73322
4927.6 43.051 2.77303
4929.0 41.147 2.88716
4930.4 43.082 2.96684
4931.8 44.165 2.88748
4933.2 44.130 2.79094
4934.6 44.901 2.92620
4936.0 42.702 2.83580
4937.4 40.311 2.86512
4938.8 42.184 2.75786
4940.2 40.918 3.02169
4941.6 42.386 3.10610
4943.0 42.362 2.91575
4944.4 42.541 2.80446
4945.8 43.078 2.88214
4947.2 44.802 2.81172
4948.6 44.205 2.86210
4950.0 44.860 2.79807
4951.4 42.110 2.77055
4952.8 42.760 2.75475
4954.2 43.785 2.98177
4955.6 42.790 2.62998
4957.0 44.479 2.96051
4958.4 43.207 2.93857
4959.8 42.705 2.79180
4961.2 38.381 2.73994
4962.6 42.795 2.71390
4964.0 44.670 2.78989
4965.4 43.218 2.74370
4966.8 43.216 2.76549
4968.2 42.500 2.72771
4969.6 42.848 2.67048
4971.0 42.132 2.74840
4972.4 42.008 2.68308
4973.8 42.769 2.76784
4975.2 43.133 2.91946
4976.6 43.046 3.17209
4978.0 41.328 2.89998
4979.4 42.574 2.98645
4980.8 40.325 2.71850
4982.2 39.354 2.72722
4983.6 41.610 2.66101
4985.0 38.583 2.67566
4986.4 41.000 2.69195
4987.8 40.546 2.72394
4989.2 41.261 2.74726
4990.6 42.138 2.88847
4992.0 41.794 2.74850
4993.4 42.167 2.77916
4994.8 42.247 2.74517
4996.2 43.175 2.74791
4997.6 42.062 2.67975
4999.0 40.823 2.66890
