3900.0 83.266 6.87887
3901.4 87.292 6.86895
3902.8 90.628 6.83950
3904.2 88.242 6.99594
3905.6 88.257 7.00835
3907.0 90.053 6.99814
3908.4 98.904 7.50695
3909.8 97.831 7.16560
3911.2 98.841 7.21336
3912.6 98.442 7.39416
3914.0 92.715 7.32469
3915.4 98.610 7.69477
3916.8 93.845 7.46768
3918.2 96.502 7.00825
3919.6 96.093 6.82675
3921.0 96.772 7.13425
3922.4 93.536 7.35579
3923.8 97.448 8.40353
3925.2 91.561 9.48500
3926.6 86.421 10.19010
3928.0 90.829 6.74561
3929.4 89.731 6.36444
3930.8 88.342 6.34620
3932.2 63.566 5.76021
3933.6 33.339 4.71397
3935.0 42.166 4.53433
3936.4 72.242 5.53579
3937.8 85.695 5.81387
3939.2 93.801 6.54515
3940.6 95.614 6.41417
3942.0 96.121 6.47117
3943.4 97.274 6.75604
3944.8 96.912 7.16033
3946.2 95.327 6.85214
3947.6 101.413 7.04257
3949.0 93.782 7.13628
3950.4 97.590 7.09579
3951.8 97.784 7.17223
3953.2 95.899 7.11547
3954.6 96.110 6.85975
3956.0 93.536 6.96891
3957.4 89.004 6.73113
3958.8 85.473 6.41615
3960.2 89.700 6.54497
3961.6 85.125 6.64271
3963.0 86.767 6.44600
3964.4 79.953 6.31460
3965.8 76.976 5.82842
3967.2 57.207 5.18767
3968.6 33.174 4.59663
3970.0 27.211 4.20168
3971.4 45.646 4.61101
3972.8 63.279 5.12123
3974.2 74.409 5.59716
3975.6 82.682 5.99107
3977.0 86.432 6.01341
3978.4 82.807 5.98000
3979.8 89.354 6.13664
3981.2 90.594 6.49301
3982.6 91.440 6.61707
3984.0 89.330 6.62334
3985.4 94.719 6.60050
3986.8 93.105 6.15139
3988.2 94.923 6.42718
3989.6 94.897 6.54065
3991.0 96.999 6.52183
3992.4 94.060 6.34945
3993.8 95.649 6.55967
3995.2 95.611 6.06110
3996.6 94.552 6.35040
3998.0 95.712 6.32334
3999.4 100.276 6.49309
4000.8 95.379 6.75478
4002.2 98.584 6.61891
4003.6 96.395 6.41792
4005.0 99.701 6.59433
4006.4 92.759 6.34261
4007.8 99.161 6.49302
4009.2 106.314 6.87071
4010.6 97.699 6.29010
4012.0 98.624 6.87772
4013.4 92.729 6.29580
4014.8 100.239 6.71015
4016.2 99.213 6.42180
4017.6 102.653 6.19628
4019.0 100.525 6.40692
4020.4 96.183 6.55067
4021.8 102.774 6.55341
4023.2 99.677 6.39133
4024.6 99.910 6.16298
4026.0 97.064 6.29561
4027.4 98.968 6.35234
4028.8 92.967 6.27916
4030.2 99.899 6.27135
4031.6 94.037 6.14075
4033.0 94.908 6.10312
4034.4 97.701 6.35118
4035.8 104.336 6.45939
4037.2 100.641 6.25994
4038.6 97.981 6.26491
4040.0 101.759 6.35841
4041.4 98.672 6.12999
4042.8 102.626 6.47517
4044.2 100.486 6.63741
4045.6 94.897 6.54539
4047.0 94.539 6.25220
4048.4 93.844 6.22357
4049.8 98.288 6.01502
4051.2 102.385 6.54405
4052.6 100.331 6.33048
4054.0 100.742 5.98563
4055.4 101.501 6.19857
4056.8 97.335 6.12382
4058.2 97.574 5.93244
4059.6 101.966 6.27793
4061.0 102.430 6.19938
4062.4 95.639 6.06292
4063.8 88.981 5.86286
4065.2 99.952 6.11405
4066.6 100.266 6.56173
4068.0 97.188 6.27097
4069.4 99.724 6.26876
4070.8 99.613 6.23380
4072.2 91.102 6.11563
4073.6 100.122 6.17158
4075.0 95.238 5.80823
4076.4 95.106 5.86018
4077.8 89.884 6.12781
4079.2 92.164 5.85061
4080.6 95.067 6.22391
4082.0 95.893 6.14660
4083.4 93.964 5.92319
4084.8 95.658 5.81172
4086.2 97.091 6.05263
4087.6 92.761 5.74288
4089.0 93.804 6.08027
4090.4 96.187 5.97189
4091.8 96.471 5.96328
4093.2 89.891 5.55521
4094.6 86.578 5.83762
4096.0 83.561 5.49721
4097.4 83.472 5.40725
4098.8 75.440 5.30108
4100.2 68.713 5.13653
4101.6 51.740 4.73577
4103.0 49.366 4.45597
4104.4 67.222 4.82611
4105.8 78.921 5.29783
4107.2 81.963 5.32649
4108.6 84.978 5.50739
4110.0 86.667 5.62930
4111.4 88.586 5.57071
4112.8 94.225 5.74126
4114.2 91.899 5.74643
4115.6 96.016 6.09264
4117.0 96.263 6.24429
4118.4 95.932 6.72782
4119.8 94.742 6.19182
4121.2 94.569 5.60425
4122.6 95.916 5.88448
4124.0 98.359 6.09022
4125.4 98.945 6.08999
4126.8 98.907 6.03978
4128.2 95.441 5.69464
4129.6 95.491 5.92149
4131.0 97.537 5.98536
4132.4 93.083 5.72520
4133.8 94.214 5.50394
4135.2 97.384 5.83390
4136.6 96.696 5.80096
4138.0 100.248 6.20378
4139.4 99.665 5.88167
4140.8 100.709 6.06137
4142.2 98.852 6.15620
4143.6 95.994 6.08891
4145.0 90.250 5.70428
4146.4 94.089 5.88144
4147.8 100.954 6.15748
4149.2 102.442 6.10162
4150.6 97.756 5.59261
4152.0 99.230 5.96395
4153.4 95.888 5.95785
4154.8 100.328 5.99654
4156.2 95.341 6.05613
4157.6 96.281 5.67335
4159.0 94.466 5.61243
4160.4 95.688 5.77030
4161.8 96.692 5.81401
4163.2 94.308 5.86194
4164.6 97.133 5.79419
4166.0 97.317 5.87010
4167.4 99.394 5.76908
4168.8 99.166 5.68159
4170.2 98.265 5.64613
4171.6 98.154 5.85198
4173.0 93.610 5.65910
4174.4 89.893 5.45088
4175.8 94.077 5.57891
4177.2 97.017 5.61947
4178.6 88.584 5.27616
4180.0 91.846 5.53047
4181.4 93.542 5.55511
4182.8 93.918 5.69579
4184.2 94.225 5.84206
4185.6 98.172 5.67996
4187.0 93.003 5.45422
4188.4 90.329 5.55891
4189.8 96.798 5.60261
4191.2 95.182 5.64871
4192.6 96.894 5.43928
4194.0 99.795 6.00943
4195.4 95.427 5.91537
4196.8 95.410 5.62067
4198.2 94.013 5.49146
4199.6 88.912 5.36350
4201.0 93.618 5.86433
4202.4 95.085 5.67585
4203.8 94.436 5.47197
4205.2 94.977 5.69961
4206.6 93.547 5.53878
4208.0 93.769 5.56055
4209.4 98.523 5.73218
4210.8 92.106 5.79052
4212.2 95.910 5.76161
4213.6 96.989 5.81840
4215.0 93.602 5.41614
4216.4 87.253 5.08586
4217.8 92.921 5.32735
4219.2 96.918 5.62151
4220.6 95.996 5.72386
4222.0 96.244 5.53053
4223.4 99.942 5.69375
4224.8 95.082 5.49827
4226.2 91.332 5.44005
4227.6 85.568 4.91257
4229.0 89.764 5.29736
4230.4 98.015 5.25506
4231.8 95.165 5.63901
4233.2 94.954 5.56181
4234.6 91.333 5.30978
4236.0 93.198 5.49848
4237.4 92.015 5.25751
4238.8 94.796 5.44432
4240.2 94.607 5.58003
4241.6 98.025 5.82146
4243.0 98.329 5.83607
4244.4 96.570 5.58858
4245.8 94.161 5.49091
4247.2 92.088 5.49028
4248.6 92.832 5.33814
4250.0 94.648 5.34422
4251.4 88.613 5.09285
4252.8 94.598 5.16149
4254.2 91.573 5.29684
4255.6 94.037 5.36356
4257.0 97.716 5.47016
4258.4 97.515 5.80934
4259.8 95.076 5.46247
4261.2 93.225 5.35408
4262.6 96.876 5.14901
4264.0 93.836 5.37611
4265.4 98.171 5.49947
4266.8 98.083 5.54309
4268.2 94.346 5.23966
4269.6 98.636 5.62436
4271.0 93.955 5.71868
4272.4 85.711 5.11932
4273.8 93.326 5.12150
4275.2 92.014 5.28671
4276.6 96.760 5.30384
4278.0 99.243 5.74072
4279.4 97.891 5.67730
4280.8 90.661 5.15713
4282.2 96.719 5.58204
4283.6 91.889 5.47262
4285.0 96.939 5.60638
4286.4 95.362 5.81639
4287.8 97.579 5.60633
4289.2 90.636 5.18605
4290.6 87.774 5.41360
4292.0 93.048 5.34946
4293.4 93.083 5.59916
4294.8 90.863 5.29010
4296.2 93.890 5.31967
4297.6 96.780 5.33274
4299.0 89.520 5.24390
4300.4 84.360 5.21787
4301.8 86.595 5.05094
4303.2 90.479 5.31309
4304.6 91.641 4.91967
4306.0 94.221 5.23693
4307.4 90.375 5.07516
4308.8 89.639 5.18158
4310.2 93.244 5.24264
4311.6 97.394 5.44059
4313.0 90.698 5.43900
4314.4 86.671 5.09820
4315.8 88.486 4.91552
4317.2 92.855 5.04973
4318.6 93.904 5.11553
4320.0 89.743 5.04767
4321.4 88.650 5.19415
4322.8 91.442 5.03478
4324.2 94.319 5.29332
4325.6 86.157 5.03886
4327.0 84.328 4.68995
4328.4 90.800 5.12243
4329.8 89.807 5.09857
4331.2 88.101 5.06220
4332.6 87.121 4.99413
4334.0 85.333 4.90890
4335.4 85.550 4.88853
4336.8 79.150 4.93191
4338.2 67.649 4.65074
4339.6 58.170 4.37488
4341.0 46.785 3.93936
4342.4 55.843 3.89792
4343.8 70.938 4.46014
4345.2 77.747 4.84727
4346.6 83.708 5.14507
4348.0 86.735 5.05027
4349.4 88.282 5.10815
4350.8 90.787 5.26648
4352.2 85.664 4.83717
4353.6 83.787 5.09091
4355.0 92.735 5.18551
4356.4 90.377 5.05364
4357.8 96.486 5.69967
4359.2 95.000 5.95297
4360.6 91.557 5.47042
4362.0 92.228 5.47639
4363.4 95.530 5.42664
4364.8 96.070 5.50586
4366.2 100.277 5.35584
4367.6 92.095 5.20176
4369.0 95.858 5.15956
4370.4 96.485 5.13633
4371.8 96.114 5.14259
4373.2 93.827 5.30139
4374.6 92.072 5.11460
4376.0 88.335 4.97824
4377.4 93.079 5.10121
4378.8 94.941 5.46682
4380.2 98.080 5.44735
4381.6 91.559 5.11729
4383.0 91.609 5.03656
4384.4 89.601 5.04856
4385.8 89.725 5.08019
4387.2 91.154 5.06189
4388.6 92.781 5.11047
4390.0 94.047 5.17520
4391.4 92.781 5.08816
4392.8 92.628 5.23066
4394.2 90.798 5.10396
4395.6 86.814 5.10322
4397.0 90.312 5.03957
4398.4 94.608 4.96229
4399.8 90.008 5.02318
4401.2 90.596 4.91858
4402.6 94.562 5.29734
4404.0 91.988 5.06380
4405.4 87.407 4.99426
4406.8 95.668 5.10112
4408.2 91.913 5.48066
4409.6 96.100 5.33879
4411.0 96.432 5.23662
4412.4 94.867 5.08802
4413.8 92.415 5.11302
4415.2 89.443 4.87919
4416.6 85.602 4.88610
4418.0 86.465 4.92228
4419.4 90.362 5.08549
4420.8 91.113 5.17658
4422.2 94.220 5.19387
4423.6 94.750 4.97423
4425.0 97.020 5.19291
4426.4 95.734 5.29291
4427.8 92.840 5.13911
4429.2 95.052 5.08890
4430.6 95.475 4.97606
4432.0 93.360 4.80779
4433.4 92.326 5.13749
4434.8 96.407 5.02932
4436.2 89.823 4.77062
4437.6 91.158 4.77688
4439.0 93.008 5.09315
4440.4 91.945 5.10542
4441.8 90.812 4.96150
4443.2 89.471 4.92467
4444.6 86.538 5.23890
4446.0 89.788 4.89560
4447.4 95.013 5.06069
4448.8 94.147 4.86957
4450.2 91.325 4.95988
4451.6 91.173 5.06545
4453.0 94.067 5.25266
4454.4 92.445 5.35630
4455.8 89.976 4.82424
4457.2 93.062 4.92573
4458.6 94.551 4.93742
4460.0 91.975 4.78873
4461.4 92.301 4.78319
4462.8 93.429 5.08534
4464.2 90.749 5.07885
4465.6 94.206 4.98487
4467.0 88.697 4.75679
4468.4 92.674 4.89077
4469.8 88.704 4.89052
4471.2 92.037 4.83411
4472.6 91.997 4.90442
4474.0 94.768 5.13901
4475.4 93.510 5.06334
4476.8 93.606 5.13012
4478.2 94.664 5.05381
4479.6 91.582 4.71180
4481.0 91.755 5.02782
4482.4 88.102 5.02030
4483.8 91.884 4.98924
4485.2 91.639 5.00756
4486.6 95.411 4.98340
4488.0 96.861 5.09015
4489.4 90.269 5.09550
4490.8 91.835 4.87965
4492.2 88.766 4.70007
4493.6 92.631 4.96474
4495.0 88.928 4.76084
4496.4 93.512 5.09371
4497.8 92.041 4.96460
4499.2 94.758 5.05410
4500.6 92.450 4.69398
4502.0 85.947 4.80732
4503.4 87.827 4.81343
4504.8 93.547 4.93710
4506.2 93.881 4.88000
4507.6 92.980 4.99623
4509.0 89.893 4.87642
4510.4 90.627 4.68406
4511.8 94.427 5.05592
4513.2 93.400 4.92881
4514.6 93.837 4.96261
4516.0 91.116 4.91395
4517.4 91.699 5.01239
4518.8 90.267 4.76580
4520.2 91.949 4.81776
4521.6 86.981 4.88409
4523.0 89.630 4.62542
4524.4 90.494 4.75984
4525.8 91.165 4.76137
4527.2 89.243 4.74742
4528.6 92.631 4.96254
4530.0 88.394 4.80567
4531.4 88.863 4.73515
4532.8 90.805 4.94583
4534.2 88.179 4.73828
4535.6 86.437 4.61324
4537.0 92.007 4.67377
4538.4 95.667 4.97228
4539.8 93.158 4.95356
4541.2 91.836 4.77885
4542.6 88.576 4.79665
4544.0 89.731 4.62892
4545.4 92.948 4.77543
4546.8 93.215 4.75919
4548.2 91.013 4.66840
4549.6 88.489 5.03290
4551.0 85.492 5.28927
4552.4 87.676 4.79081
4553.8 91.651 4.85839
4555.2 85.863 4.72487
4556.6 88.233 4.61747
4558.0 89.092 4.86043
4559.4 91.607 5.16087
4560.8 90.269 4.95717
4562.2 89.851 4.79392
4563.6 88.919 4.80339
4565.0 87.556 4.73133
4566.4 94.089 4.82809
4567.8 91.865 4.82877
4569.2 94.154 4.81602
4570.6 90.657 4.74905
4572.0 87.785 4.42023
4573.4 86.008 4.61487
4574.8 93.372 4.77042
4576.2 90.898 4.68434
4577.6 88.697 4.58234
4579.0 91.549 4.72251
4580.4 92.291 4.81374
4581.8 90.799 4.63358
4583.2 89.593 4.62809
4584.6 88.332 4.55454
4586.0 87.491 4.46472
4587.4 89.874 4.83459
4588.8 93.643 4.88329
4590.2 87.245 4.68476
4591.6 88.206 4.58542
4593.0 89.550 4.65864
4594.4 91.574 4.68031
4595.8 93.379 4.85591
4597.2 89.971 4.76878
4598.6 92.784 4.91239
4600.0 92.219 4.58834
4601.4 91.428 4.79173
4602.8 91.329 5.61434
4604.2 93.970 9.08992
4605.6 91.152 5.25132
4607.0 91.611 4.56265
4608.4 90.675 4.49395
4609.8 90.371 4.59462
4611.2 91.119 4.74619
4612.6 92.631 4.67081
4614.0 91.806 4.56834
4615.4 90.736 4.84388
4616.8 87.975 4.96047
4618.2 91.263 4.92957
4619.6 90.709 4.69386
4621.0 90.360 4.69967
4622.4 88.121 4.76820
4623.8 90.717 4.67146
4625.2 91.261 4.70547
4626.6 92.034 4.82532
4628.0 93.627 4.92570
4629.4 88.247 4.69914
4630.8 87.628 4.44475
4632.2 89.627 4.57690
4633.6 91.724 4.57150
4635.0 90.774 4.52223
4636.4 90.559 4.55968
4637.8 91.513 4.62248
4639.2 91.015 4.85138
4640.6 90.247 inf
4642.0 89.479 inf
4643.4 88.712 4.61500
4644.8 89.143 4.62358
4646.2 89.002 4.56921
4647.6 88.772 4.68397
4649.0 91.422 4.64085
4650.4 90.529 4.51912
4651.8 90.506 4.54099
4653.2 87.753 4.42216
4654.6 90.238 4.41321
4656.0 88.950 4.50019
4657.4 89.761 4.69506
4658.8 89.580 4.50695
4660.2 90.503 4.65980
4661.6 93.120 4.81448
4663.0 90.184 4.61388
4664.4 91.865 4.70292
4665.8 88.200 4.56661
4667.2 91.548 4.51198
4668.6 89.772 4.61148
4670.0 91.795 4.56110
4671.4 88.737 4.77768
4672.8 88.124 4.61050
4674.2 92.061 4.56452
4675.6 87.921 4.61517
4677.0 90.608 4.67387
4678.4 90.990 4.64944
4679.8 91.966 4.57759
4681.2 92.922 4.71730
4682.6 89.868 4.82052
4684.0 90.435 4.96483
4685.4 91.110 4.68750
4686.8 90.418 4.57408
4688.2 89.202 4.61722
4689.6 92.453 4.60425
4691.0 89.902 4.48290
4692.4 90.580 4.54902
4693.8 90.462 4.58150
4695.2 89.133 4.54773
4696.6 88.162 4.49051
4698.0 88.475 4.54267
4699.4 89.264 4.62987
4700.8 90.628 4.54719
4702.2 90.594 4.48217
4703.6 85.866 4.33869
4705.0 85.844 4.40225
4706.4 89.108 4.43381
4707.8 88.636 4.43539
4709.2 89.291 4.75755
4710.6 88.816 4.41512
4712.0 89.518 4.62636
4713.4 91.622 4.65243
4714.8 89.275 4.52733
4716.2 91.388 4.57449
4717.6 90.309 4.38509
4719.0 89.771 4.43186
4720.4 87.792 4.32807
4721.8 90.710 4.55493
4723.2 89.862 4.68094
4724.6 87.567 4.58508
4726.0 88.752 4.59565
4727.4 90.955 4.39584
4728.8 89.744 4.63732
4730.2 89.070 4.68049
4731.6 89.358 4.59093
4733.0 91.720 4.61580
4734.4 88.887 4.79227
4735.8 89.985 4.56005
4737.2 87.702 4.38326
4738.6 86.296 4.47320
4740.0 92.409 4.64543
4741.4 92.148 4.91484
4742.8 90.517 4.47145
4744.2 91.031 4.50501
4745.6 89.582 4.49438
4747.0 87.769 4.40905
4748.4 88.381 4.47258
4749.8 90.013 4.42536
4751.2 91.043 4.45190
4752.6 89.984 4.67624
4754.0 86.561 4.47251
4755.4 87.540 4.51366
4756.8 90.948 4.62273
4758.2 91.877 4.43519
4759.6 90.543 4.48946
4761.0 88.909 4.48805
4762.4 89.701 4.46938
4763.8 86.719 4.58286
4765.2 88.786 4.48751
4766.6 89.101 4.39217
4768.0 89.054 4.42604
4769.4 89.168 4.54391
4770.8 89.329 4.52970
4772.2 87.862 4.44955
4773.6 88.949 4.38515
4775.0 87.694 4.35169
4776.4 90.320 4.49960
4777.8 90.611 4.53505
4779.2 85.796 4.37746
4780.6 88.063 4.43050
4782.0 89.788 4.52817
4783.4 86.780 4.28765
4784.8 88.850 4.36767
4786.2 86.800 4.39311
4787.6 88.202 4.40308
4789.0 88.278 4.51022
4790.4 86.894 4.29560
4791.8 89.122 4.33624
4793.2 90.779 4.36101
4794.6 88.713 4.43780
4796.0 90.227 4.75903
4797.4 89.313 4.58406
4798.8 88.972 4.48724
4800.2 88.422 4.44607
4801.6 86.558 4.42918
4803.0 88.737 4.42994
4804.4 88.738 4.71088
4805.8 87.089 4.63344
4807.2 87.300 4.47221
4808.6 88.318 4.45217
4810.0 89.408 4.45817
4811.4 88.591 4.54190
4812.8 87.246 4.39105
4814.2 87.101 4.31254
4815.6 87.616 4.40920
4817.0 88.188 4.46555
4818.4 88.544 4.41963
4819.8 87.451 4.37296
4821.2 86.790 4.37194
4822.6 88.396 4.57471
4824.0 87.893 4.49342
4825.4 86.283 4.27514
4826.8 86.919 4.30279
4828.2 89.749 4.47417
4829.6 84.990 4.47079
4831.0 87.094 4.34141
4832.4 88.504 4.38454
4833.8 87.557 4.51920
4835.2 85.928 4.42728
4836.6 85.279 4.30907
4838.0 86.012 4.21681
4839.4 85.832 4.37785
4840.8 85.876 4.39062
4842.2 86.054 4.41094
4843.6 84.259 4.24788
4845.0 84.637 4.21399
4846.4 85.928 4.32677
4847.8 82.215 4.06721
4849.2 85.212 4.35891
4850.6 82.070 4.43338
4852.0 80.901 4.42159
4853.4 82.028 4.46399
4854.8 80.995 4.51959
4856.2 77.113 4.17038
4857.6 73.747 4.26217
4859.0 69.199 4.35367
4860.4 56.713 4.19954
4861.8 45.294 3.44918
4863.2 50.938 3.30770
4864.6 65.724 3.64007
4866.0 73.339 4.00250
4867.4 75.856 4.12481
4868.8 77.627 4.20591
4870.2 78.838 4.20207
4871.6 79.569 4.12201
4873.0 78.751 4.20633
4874.4 80.174 4.13370
4875.8 81.463 4.27038
4877.2 82.915 4.20625
4878.6 84.992 4.34842
4880.0 84.719 4.58096
4881.4 83.326 4.60477
4882.8 85.339 4.47460
4884.2 82.419 4.41127
4885.6 85.004 4.34479
4887.0 86.184 4.33233
4888.4 85.112 4.46971
4889.8 85.545 4.42770
4891.2 83.556 4.46412
4892.6 82.378 4.42543
4894.0 84.193 4.28910
4895.4 84.645 4.47747
4896.8 84.010 4.33501
4898.2 85.245 4.47208
4899.6 85.917 4.58887
4901.0 84.551 4.42864
4902.4 85.651 4.38185
4903.8 86.623 4.48982
4905.2 84.752 4.42851
4906.6 85.656 4.48498
4908.0 87.764 4.56257
4909.4 88.000 4.39580
4910.8 86.068 4.39784
4912.2 86.601 4.43279
4913.6 85.435 4.49935
4915.0 88.391 4.38308
4916.4 88.015 4.56568
4917.8 84.258 4.31880
4919.2 85.492 4.33369
4920.6 85.892 4.26115
4922.0 84.461 4.35662
4923.4 83.305 4.16119
4924.8 82.276 4.35761
4926.2 82.607 4.11150
4927.6 85.704 4.37263
4929.0 87.002 4.03026
4930.4 85.372 4.43885
4931.8 89.658 4.57981
4933.2 86.755 4.38369
4934.6 84.812 4.17185
4936.0 87.089 4.34681
4937.4 87.575 4.37281
4938.8 86.311 4.18016
4940.2 86.269 4.19113
4941.6 85.007 4.21277
4943.0 85.070 4.13201
4944.4 88.120 4.39306
4945.8 87.167 4.55871
4947.2 85.919 4.51937
4948.6 85.487 4.43995
4950.0 87.125 4.16599
4951.4 88.557 4.30419
4952.8 86.546 4.28447
4954.2 86.021 4.29154
4955.6 87.161 4.32270
4957.0 83.118 3.88680
4958.4 81.301 4.12113
4959.8 83.116 4.08188
4961.2 85.894 4.13818
4962.6 84.721 4.19245
4964.0 86.667 4.23404
4965.4 86.165 4.39294
4966.8 85.099 4.26964
4968.2 83.603 4.13779
4969.6 86.277 4.19358
4971.0 85.010 4.13222
4972.4 83.986 4.29004
4973.8 85.267 4.25530
4975.2 86.252 4.28547
4976.6 86.088 4.19859
4978.0 85.672 4.25905
4979.4 85.019 4.17060
4980.8 83.986 4.20138
4982.2 84.608 4.33786
4983.6 84.586 4.27641
4985.0 83.744 4.29962
4986.4 81.790 4.17361
4987.8 83.997 4.10350
4989.2 84.484 4.14079
4990.6 85.716 4.31088
4992.0 84.460 4.39513
4993.4 82.698 4.30539
4994.8 83.557 4.26701
4996.2 83.653 4.08544
4997.6 85.379 4.00409
4999.0 84.257 4.10920
