3900.0 66.851 6.56014
3901.4 64.411 6.18443
3902.8 66.949 5.89621
3904.2 67.123 6.05227
3905.6 72.748 6.19738
3907.0 69.580 6.57441
3908.4 70.944 6.63569
3909.8 71.646 6.65092
3911.2 81.592 6.57650
3912.6 79.924 6.42832
3914.0 79.872 6.61501
3915.4 75.028 6.84924
3916.8 80.990 7.20001
3918.2 74.534 6.36416
3919.6 76.569 6.24788
3921.0 77.914 6.77361
3922.4 71.548 6.88854
3923.8 77.031 6.95167
3925.2 75.204 6.63902
3926.6 71.698 6.18443
3928.0 77.710 6.33969
3929.4 73.930 6.03434
3930.8 65.976 5.78451
3932.2 56.770 5.20373
3933.6 44.120 4.68209
3935.0 26.081 4.02448
3936.4 18.032 4.00650
3937.8 36.087 4.39126
3939.2 60.447 5.16887
3940.6 68.352 5.50930
3942.0 71.082 5.53541
3943.4 79.641 5.86129
3944.8 72.630 5.90134
3946.2 72.671 5.92754
3947.6 72.393 5.85028
3949.0 75.719 5.65778
3950.4 76.280 6.09343
3951.8 72.350 6.37831
3953.2 71.044 6.17905
3954.6 71.012 5.80808
3956.0 77.612 5.99959
3957.4 72.224 5.48497
3958.8 71.047 5.50157
3960.2 67.760 5.14510
3961.6 69.134 5.21812
3963.0 69.894 5.16057
3964.4 64.538 4.98467
3965.8 66.436 4.82342
3967.2 61.916 4.81583
3968.6 49.217 4.00222
3970.0 24.197 3.20777
3971.4 18.769 3.29266
3972.8 26.549 3.88268
3974.2 42.323 4.40001
3975.6 56.162 4.79062
3977.0 59.669 4.97455
3978.4 67.495 5.18516
3979.8 72.708 5.35933
3981.2 66.297 5.50711
3982.6 72.070 5.78236
3984.0 70.307 6.16775
3985.4 74.465 6.41151
3986.8 67.215 6.38495
3988.2 75.454 6.03919
3989.6 70.889 5.66834
3991.0 68.938 5.84922
3992.4 70.231 6.21888
3993.8 68.987 6.71332
3995.2 69.182 6.48175
3996.6 72.866 6.37876
3998.0 71.382 6.50039
3999.4 73.045 6.34613
4000.8 68.921 6.06412
4002.2 75.451 5.93474
4003.6 76.753 5.73730
4005.0 80.150 5.63453
4006.4 76.378 5.86595
4007.8 67.384 8.26802
4009.2 74.063 5.65033
4010.6 75.161 5.65023
4012.0 75.664 5.94270
4013.4 76.675 5.53214
4014.8 79.443 5.46998
4016.2 72.664 5.23363
4017.6 72.456 5.48546
4019.0 76.276 5.79005
4020.4 76.790 5.93342
4021.8 75.312 5.57349
4023.2 75.849 5.29948
4024.6 72.776 5.30109
4026.0 76.459 5.16217
4027.4 73.414 5.27085
4028.8 71.875 5.27723
4030.2 76.693 5.12916
4031.6 77.284 5.19023
4033.0 73.037 5.24467
4034.4 71.311 5.03015
4035.8 73.398 5.23184
4037.2 74.562 5.43509
4038.6 71.513 5.04368
4040.0 75.533 5.09390
4041.4 75.404 5.11971
4042.8 77.643 5.20482
4044.2 74.510 5.19520
4045.6 78.866 5.22641
4047.0 71.942 4.95655
4048.4 71.532 4.92809
4049.8 76.403 4.97447
4051.2 81.349 5.21448
4052.6 77.135 5.37558
4054.0 73.418 5.02242
4055.4 78.399 5.15627
4056.8 70.875 4.84386
4058.2 79.979 5.32196
4059.6 73.730 5.21575
4061.0 72.372 5.10318
4062.4 76.782 4.94799
4063.8 76.904 4.96913
4065.2 76.121 5.09356
4066.6 68.474 5.07466
4068.0 69.707 5.16142
4069.4 73.601 5.30477
4070.8 70.895 5.50846
4072.2 75.049 5.23597
4073.6 66.965 4.78742
4075.0 70.232 4.74550
4076.4 73.103 4.86633
4077.8 74.230 5.16489
4079.2 66.635 4.93813
4080.6 66.028 4.85802
4082.0 69.703 5.06440
4083.4 74.555 5.14682
4084.8 70.514 5.20829
4086.2 68.133 5.58198
4087.6 69.811 5.30952
4089.0 72.105 5.11822
4090.4 66.679 5.86152
4091.8 70.624 6.35550
4093.2 71.368 5.70649
4094.6 70.740 5.18352
4096.0 66.517 5.02023
4097.4 68.688 5.24369
4098.8 62.852 4.67145
4100.2 63.290 4.36092
4101.6 57.319 4.20837
4103.0 45.804 4.08301
4104.4 38.834 3.93246
4105.8 43.793 3.99813
4107.2 55.713 4.33788
4108.6 59.343 4.52095
4110.0 58.759 4.34090
4111.4 62.085 4.43129
4112.8 66.577 4.53850
4114.2 66.400 4.60413
4115.6 70.495 4.70635
4117.0 71.705 4.77536
4118.4 71.241 4.97255
4119.8 72.443 4.60776
4121.2 64.268 4.40459
4122.6 71.296 4.75070
4124.0 70.533 4.75312
4125.4 68.928 4.51701
4126.8 71.752 4.61533
4128.2 75.358 4.75644
4129.6 70.773 4.90946
4131.0 73.660 4.87835
4132.4 69.484 4.64262
4133.8 72.743 4.86149
4135.2 70.905 4.85615
4136.6 75.084 4.95811
4138.0 71.391 4.95230
4139.4 76.115 4.93958
4140.8 74.823 4.74254
4142.2 72.681 4.65257
4143.6 72.109 4.53309
4145.0 67.093 4.67427
4146.4 66.220 4.90863
4147.8 71.909 4.85472
4149.2 73.253 4.73734
4150.6 73.893 5.16589
4152.0 68.728 5.13299
4153.4 74.469 4.91553
4154.8 71.694 4.71745
4156.2 67.435 4.49353
4157.6 70.790 4.47536
4159.0 71.231 4.46122
4160.4 71.209 4.49631
4161.8 69.925 4.45113
4163.2 72.545 4.59421
4164.6 75.495 4.90792
4166.0 70.155 4.95140
4167.4 72.393 4.84243
4168.8 72.834 4.69096
4170.2 70.439 4.62700
4171.6 70.510 4.81005
4173.0 70.560 4.73313
4174.4 68.213 4.54176
4175.8 67.205 4.44954
4177.2 68.018 4.35218
4178.6 69.034 4.38781
4180.0 70.203 4.32717
4181.4 67.835 4.23159
4182.8 71.720 4.33050
4184.2 69.296 4.35366
4185.6 71.461 4.59920
4187.0 69.086 4.37865
4188.4 71.072 4.23172
4189.8 68.707 4.16339
4191.2 70.378 4.40156
4192.6 72.268 4.33153
4194.0 71.271 4.31631
4195.4 73.276 4.36157
4196.8 75.238 4.40708
4198.2 73.512 4.34939
4199.6 70.241 4.12760
4201.0 68.808 4.07834
4202.4 66.140 4.05808
4203.8 70.365 4.26324
4205.2 66.854 4.70181
4206.6 71.327 4.82346
4208.0 73.971 5.88928
4209.4 73.446 4.72141
4210.8 70.601 4.70660
4212.2 69.658 4.76314
4213.6 74.978 4.90801
4215.0 72.309 4.69911
4216.4 71.061 4.14677
4217.8 70.282 4.01168
4219.2 67.460 4.10996
4220.6 70.374 4.27177
4222.0 69.761 4.21473
4223.4 71.092 4.28477
4224.8 70.629 4.41893
4226.2 70.621 4.15039
4227.6 68.197 3.92382
4229.0 66.665 3.87106
4230.4 64.037 4.17904
4231.8 72.974 4.35748
4233.2 68.801 4.47666
4234.6 71.930 4.46154
4236.0 65.298 4.32641
4237.4 65.995 4.22430
4238.8 68.148 4.12263
4240.2 72.774 4.22639
4241.6 72.084 4.35150
4243.0 70.753 4.93516
4244.4 71.138 4.37132
4245.8 71.378 4.12278
4247.2 73.380 4.18041
4248.6 70.748 4.21113
4250.0 63.475 4.04030
4251.4 68.081 3.95439
4252.8 66.574 4.01448
4254.2 64.965 4.28657
4255.6 70.946 4.11860
4257.0 67.974 4.10893
4258.4 70.818 4.06245
4259.8 70.937 4.06503
4261.2 72.716 4.15515
4262.6 67.541 3.99691
4264.0 68.043 4.12366
4265.4 74.004 4.23148
4266.8 71.858 4.33899
4268.2 71.771 4.15358
4269.6 70.775 3.97579
4271.0 69.347 4.23659
4272.4 71.014 4.00422
4273.8 67.004 3.98386
4275.2 65.464 4.01525
4276.6 69.479 4.08572
4278.0 68.550 4.00233
4279.4 69.869 4.01534
4280.8 76.794 4.23021
4282.2 74.703 4.15724
4283.6 69.955 3.96646
4285.0 75.244 4.18174
4286.4 67.652 3.81413
4287.8 71.104 3.89562
4289.2 71.291 3.92920
4290.6 68.909 3.96798
4292.0 64.614 3.80262
4293.4 63.995 3.75570
4294.8 69.518 3.77052
4296.2 66.975 3.84765
4297.6 66.905 4.05818
4299.0 69.596 4.17583
4300.4 67.650 3.85021
4301.8 63.549 3.75697
4303.2 64.996 3.77934
4304.6 61.144 3.80251
4306.0 62.142 3.97426
4307.4 76.841 4.01431
4308.8 62.008 3.57355
4310.2 68.059 3.81544
4311.6 65.597 3.90774
4313.0 68.860 3.96806
4314.4 70.274 3.92712
4315.8 65.418 3.93479
4317.2 64.190 4.00018
4318.6 65.658 3.88707
4320.0 66.880 3.97636
4321.4 68.121 3.93811
4322.8 65.133 3.84403
4324.2 67.582 3.68703
4325.6 67.523 3.74054
4327.0 68.899 3.69216
4328.4 62.827 3.71987
4329.8 64.266 3.79692
4331.2 68.655 3.89829
4332.6 65.816 3.76966
4334.0 66.480 3.78143
4335.4 63.136 3.74359
4336.8 65.511 3.81563
4338.2 61.482 3.65602
4339.6 55.790 3.46543
4341.0 51.353 3.23244
4342.4 40.431 2.95911
4343.8 36.127 2.86799
4345.2 45.849 3.35745
4346.6 55.653 3.73875
4348.0 60.245 4.02425
4349.4 61.177 4.04834
4350.8 62.528 4.06995
4352.2 65.170 3.97099
4353.6 64.447 3.72421
4355.0 60.286 3.57235
4356.4 65.528 3.79146
4357.8 68.397 4.26237
4359.2 69.105 4.71007
4360.6 70.095 4.62171
4362.0 68.856 4.31856
4363.4 71.570 3.88148
4364.8 67.755 3.82769
4366.2 69.383 3.84076
4367.6 69.389 3.94773
4369.0 66.549 3.91704
4370.4 69.847 4.12078
4371.8 66.725 3.93018
4373.2 66.094 3.96158
4374.6 70.538 3.77320
4376.0 67.990 3.71260
4377.4 64.421 3.67545
4378.8 63.629 3.96427
4380.2 67.001 3.98496
4381.6 70.545 3.98226
4383.0 67.424 3.80418
4384.4 70.063 3.84915
4385.8 68.091 3.65358
4387.2 64.483 3.52478
4388.6 64.405 3.67238
4390.0 72.008 4.19306
4391.4 68.799 4.20209
4392.8 69.188 3.85095
4394.2 70.407 3.75015
4395.6 69.903 3.75979
4397.0 64.816 3.93909
4398.4 66.695 3.92094
4399.8 70.120 3.82138
4401.2 68.273 3.72690
4402.6 64.887 3.64971
4404.0 65.477 3.68923
4405.4 68.547 3.82706
4406.8 65.988 3.92205
4408.2 64.469 4.08346
4409.6 66.258 3.89906
4411.0 68.384 3.88045
4412.4 68.104 3.90847
4413.8 68.797 3.80798
4415.2 68.135 3.79121
4416.6 67.504 3.64751
4418.0 65.475 3.63304
4419.4 63.251 3.84159
4420.8 64.432 3.79534
4422.2 67.707 3.79129
4423.6 68.481 3.79482
4425.0 68.435 3.71943
4426.4 69.197 3.95834
4427.8 70.328 4.10555
4429.2 66.209 3.71807
4430.6 66.512 3.86054
4432.0 67.602 3.83217
4433.4 69.096 3.73790
4434.8 66.355 3.67198
4436.2 67.217 3.78242
4437.6 67.058 3.81582
4439.0 66.139 3.64806
4440.4 67.452 3.84300
4441.8 68.112 3.86872
4443.2 68.181 3.70602
4444.6 67.416 3.62812
4446.0 60.456 3.82035
4447.4 63.975 4.06390
4448.8 64.386 4.02158
4450.2 67.465 3.94732
4451.6 68.246 3.64512
4453.0 64.715 3.58921
4454.4 69.156 3.75254
4455.8 68.708 3.59250
4457.2 62.720 3.39805
4458.6 64.214 3.44269
4460.0 66.692 3.77282
4461.4 65.562 3.82720
4462.8 65.671 3.72019
4464.2 68.485 3.70855
4465.6 64.875 3.62607
4467.0 65.738 3.67579
4468.4 68.274 3.65588
4469.8 62.823 3.61911
4471.2 60.730 3.59595
4472.6 62.157 3.68892
4474.0 66.171 3.59099
4475.4 66.917 3.63901
4476.8 67.559 3.69260
4478.2 69.074 3.74854
4479.6 69.539 3.72832
4481.0 66.060 3.68917
4482.4 67.967 3.84885
4483.8 66.147 3.59212
4485.2 63.545 3.52971
4486.6 67.827 3.68369
4488.0 66.467 3.49193
4489.4 67.575 3.77580
4490.8 66.236 3.52002
4492.2 63.735 3.45751
4493.6 62.462 3.62883
4495.0 62.502 3.66612
4496.4 65.892 3.66008
4497.8 64.192 3.46882
4499.2 64.275 3.57900
4500.6 66.096 3.57161
4502.0 67.564 3.59139
4503.4 64.109 3.45194
4504.8 63.559 3.54083
4506.2 68.561 3.58594
4507.6 65.441 3.52505
4509.0 65.077 3.65109
4510.4 64.768 3.76218
4511.8 67.279 3.83425
4513.2 64.246 3.59438
4514.6 64.051 3.64567
4516.0 67.290 3.73770
4517.4 67.088 3.66607
4518.8 65.450 3.54995
4520.2 66.001 3.64006
4521.6 65.641 4.12221
4523.0 65.183 3.94750
4524.4 65.839 3.50797
4525.8 65.322 3.47271
4527.2 63.136 3.55154
4528.6 64.370 3.49577
4530.0 66.212 3.44955
4531.4 64.546 3.36803
4532.8 65.100 3.41123
4534.2 65.318 3.37765
4535.6 64.451 3.39282
4537.0 60.318 3.22747
4538.4 62.321 3.49974
4539.8 63.837 3.68324
4541.2 66.671 3.93421
4542.6 63.297 3.81216
4544.0 66.719 3.94058
4545.4 67.547 3.79582
4546.8 68.036 3.68185
4548.2 68.623 3.62239
4549.6 68.593 3.50755
4551.0 65.942 3.60641
4552.4 62.337 3.66834
4553.8 62.651 3.67251
4555.2 65.555 3.52254
4556.6 60.533 3.36928
4558.0 65.272 3.51729
4559.4 62.580 3.98323
4560.8 65.575 4.29079
4562.2 65.453 3.99693
4563.6 64.807 3.69506
4565.0 68.402 3.53276
4566.4 63.623 3.39539
4567.8 65.438 3.49272
4569.2 62.426 3.55186
4570.6 67.880 3.47817
4572.0 64.496 3.57830
4573.4 64.791 3.55068
4574.8 64.284 3.56679
4576.2 62.544 3.45849
4577.6 67.210 3.65715
4579.0 64.491 3.76661
4580.4 66.622 3.95009
4581.8 67.579 3.70728
4583.2 66.657 3.65460
4584.6 63.991 3.61117
4586.0 62.061 3.71008
4587.4 63.578 3.43135
4588.8 63.581 3.38776
4590.2 66.764 3.56551
4591.6 64.499 3.60998
4593.0 64.508 3.79812
4594.4 62.507 3.82385
4595.8 65.526 3.53406
4597.2 65.793 3.50916
4598.6 66.130 3.47009
4600.0 65.032 3.43269
4601.4 65.899 3.51246
4602.8 64.531 3.44158
4604.2 65.550 3.66199
4605.6 62.778 3.65746
4607.0 65.878 3.62134
4608.4 64.359 3.59205
4609.8 67.197 3.47558
4611.2 66.141 3.36278
4612.6 64.701 3.32753
4614.0 68.011 3.44177
4615.4 63.414 3.30414
4616.8 64.174 3.34787
4618.2 67.078 3.65935
4619.6 65.010 4.05405
4621.0 64.448 3.72762
4622.4 64.528 3.40085
4623.8 64.361 3.28347
4625.2 64.931 3.60699
4626.6 64.196 3.41972
4628.0 65.874 3.41379
4629.4 64.540 3.21458
4630.8 64.394 3.41658
4632.2 64.185 3.42426
4633.6 63.022 3.50740
4635.0 65.994 3.45165
4636.4 62.769 3.32694
4637.8 63.509 3.29293
4639.2 63.919 3.33507
4640.6 63.197 3.36414
4642.0 67.498 3.62109
4643.4 64.764 3.57903
4644.8 65.971 3.51566
4646.2 63.631 3.35531
4647.6 62.538 3.49707
4649.0 65.391 3.60801
4650.4 63.911 3.45236
4651.8 61.788 3.38587
4653.2 65.854 3.37369
4654.6 64.739 3.37577
4656.0 64.692 3.54689
4657.4 63.532 3.40377
4658.8 63.748 3.33892
4660.2 64.945 3.28801
4661.6 63.686 3.32052
4663.0 64.574 3.43980
4664.4 66.109 3.50589
4665.8 63.612 3.29364
4667.2 62.976 3.26545
4668.6 64.927 3.57578
4670.0 64.006 3.78697
4671.4 62.580 3.57935
4672.8 62.392 3.36911
4674.2 63.107 3.42262
4675.6 63.428 3.49437
4677.0 64.077 3.45501
4678.4 64.228 3.28141
4679.8 63.469 3.35941
4681.2 64.394 3.39372
4682.6 63.041 3.42713
4684.0 61.964 3.23097
4685.4 62.576 3.38115
4686.8 63.955 3.45880
4688.2 67.087 3.52054
4689.6 62.119 3.39341
4691.0 62.464 3.32776
4692.4 67.275 3.37983
4693.8 64.584 3.34411
4695.2 64.021 3.22813
4696.6 62.299 3.30196
4698.0 62.373 3.28833
4699.4 63.508 3.27770
4700.8 63.083 3.32228
4702.2 62.595 3.33813
4703.6 63.973 3.17857
4705.0 61.091 3.33510
4706.4 61.091 3.38984
4707.8 59.555 3.27358
4709.2 62.740 3.17307
4710.6 61.190 3.14621
4712.0 62.142 3.25311
4713.4 61.720 3.26747
4714.8 63.028 3.38355
4716.2 61.704 3.36296
4717.6 64.530 3.34431
4719.0 61.506 3.23102
4720.4 63.942 3.42199
4721.8 63.285 3.24946
4723.2 62.170 3.39853
4724.6 64.191 3.35877
4726.0 63.143 3.25941
4727.4 61.771 3.28344
4728.8 63.294 3.35060
4730.2 62.396 3.50007
4731.6 63.493 3.60524
4733.0 62.026 3.52024
4734.4 60.722 3.31520
4735.8 62.672 3.32386
4737.2 61.589 3.23652
4738.6 62.122 3.34497
4740.0 63.359 3.39918
4741.4 61.348 3.29577
4742.8 61.993 3.34376
4744.2 61.321 3.31672
4745.6 61.647 3.41229
4747.0 62.792 3.40538
4748.4 59.763 3.22639
4749.8 61.616 3.25921
4751.2 63.624 3.40352
4752.6 62.330 3.33250
4754.0 60.105 3.29301
4755.4 62.331 3.37011
4756.8 61.892 3.52964
4758.2 63.410 3.64406
4759.6 61.786 3.45517
4761.0 60.848 3.43442
4762.4 61.754 3.30238
4763.8 59.713 3.24491
4765.2 63.487 3.32295
4766.6 62.143 3.30203
4768.0 61.001 3.22467
4769.4 61.601 3.24738
4770.8 60.164 3.17754
4772.2 61.259 3.22161
4773.6 60.998 3.12994
4775.0 59.621 3.11610
4776.4 61.728 3.12346
4777.8 62.005 3.18252
4779.2 60.277 3.21936
4780.6 60.803 3.10297
4782.0 60.354 3.40083
4783.4 58.971 3.49748
4784.8 60.821 3.18969
4786.2 61.930 3.15765
4787.6 59.799 3.30139
4789.0 60.059 3.34955
4790.4 60.522 3.28860
4791.8 60.727 3.28861
4793.2 61.379 3.21957
4794.6 63.162 3.30107
4796.0 62.049 3.24615
4797.4 59.993 3.14726
4798.8 60.071 3.07967
4800.2 59.614 3.13186
4801.6 61.185 3.17602
4803.0 59.155 3.09580
4804.4 59.880 3.18764
4805.8 62.775 3.22804
4807.2 60.155 3.17392
4808.6 59.953 3.29671
4810.0 60.514 3.29924
4811.4 60.115 3.12388
4812.8 60.897 3.18419
4814.2 61.654 3.22310
4815.6 60.760 3.16520
4817.0 59.751 3.14415
4818.4 59.772 3.13503
4819.8 60.048 3.21465
4821.2 61.088 3.30007
4822.6 59.340 3.14248
4824.0 58.419 2.95702
4825.4 57.736 3.04538
4826.8 57.656 3.08379
4828.2 58.567 3.29708
4829.6 63.882 3.27056
4831.0 58.416 3.01711
4832.4 61.950 3.13612
4833.8 58.150 3.17727
4835.2 60.315 3.25767
4836.6 61.273 3.17540
4838.0 61.229 3.17613
4839.4 58.335 3.24346
4840.8 59.124 3.15105
4842.2 59.260 3.13939
4843.6 59.210 3.15227
4845.0 59.798 3.13928
4846.4 57.561 3.01662
4847.8 57.741 2.97746
4849.2 57.992 2.98115
4850.6 57.705 3.03211
4852.0 55.386 3.01049
4853.4 60.641 3.03261
4854.8 57.303 2.99208
4856.2 56.723 2.92942
4857.6 55.705 2.83757
4859.0 53.146 3.04354
4860.4 51.479 2.94324
4861.8 49.457 2.73097
4863.2 41.983 2.58374
4864.6 33.247 2.39895
4866.0 37.166 2.47195
4867.4 46.043 2.65880
4868.8 51.199 2.82620
4870.2 54.397 2.88004
4871.6 55.464 2.91501
4873.0 54.639 2.86908
4874.4 55.274 2.89251
4875.8 56.549 2.93994
4877.2 58.640 3.01668
4878.6 59.682 3.02497
4880.0 57.031 2.96098
4881.4 59.613 3.10252
4882.8 58.946 3.06154
4884.2 59.750 3.07875
4885.6 60.769 3.16979
4887.0 59.420 3.27983
4888.4 60.159 3.13648
4889.8 60.620 3.06936
4891.2 60.429 3.02328
4892.6 60.420 2.93432
4894.0 59.437 3.04064
4895.4 57.417 3.02086
4896.8 57.444 3.10702
4898.2 59.943 3.17717
4899.6 60.967 3.31528
4901.0 61.451 3.38244
4902.4 60.338 3.24915
4903.8 58.457 3.12352
4905.2 59.884 3.05118
4906.6 60.937 3.08504
4908.0 58.962 2.97644
4909.4 60.280 3.09112
4910.8 62.043 3.19747
4912.2 63.005 3.08782
4913.6 60.836 2.96362
4915.0 59.916 3.01298
4916.4 62.172 3.17399
4917.8 61.706 3.05768
4919.2 60.296 2.99310
4920.6 61.529 2.94193
4922.0 57.899 2.86673
4923.4 57.537 2.81216
4924.8 59.552 3.03314
4926.2 59.654 2.91737
4927.6 55.373 2.85711
4929.0 59.162 3.01056
4930.4 58.990 3.06944
4931.8 60.464 2.99060
4933.2 61.669 2.96914
4934.6 60.231 3.01506
4936.0 59.281 2.98848
4937.4 61.971 3.03088
4938.8 60.636 2.88047
4940.2 57.658 2.86398
4941.6 61.494 2.97543
4943.0 59.951 2.92596
4944.4 61.623 3.06374
4945.8 60.635 3.03955
4947.2 62.108 3.09232
4948.6 61.337 3.04110
4950.0 60.396 3.01278
4951.4 64.268 3.12762
4952.8 62.883 3.08834
4954.2 62.026 3.02728
4955.6 61.149 2.99298
4957.0 60.597 2.97201
4958.4 61.229 2.92423
4959.8 60.170 2.83725
4961.2 58.407 2.82471
4962.6 60.340 2.99082
4964.0 62.962 3.02480
4965.4 59.700 2.86302
4966.8 61.794 2.94736
4968.2 60.905 2.90348
4969.6 60.303 2.92432
4971.0 60.117 2.97404
4972.4 60.483 3.19993
4973.8 61.852 3.01690
4975.2 62.792 2.96090
4976.6 60.530 3.01445
4978.0 58.915 3.06989
4979.4 60.747 3.15347
4980.8 60.089 3.30287
4982.2 58.681 3.12275
4983.6 59.219 2.96377
4985.0 58.033 2.84057
4986.4 57.779 2.75458
4987.8 59.437 2.89630
4989.2 59.195 3.15086
4990.6 60.313 3.08886
4992.0 61.263 2.94818
4993.4 61.541 2.93280
4994.8 60.687 2.93625
4996.2 59.741 2.89994
4997.6 59.919 2.85173
4999.0 59.573 2.95284
