3900.0 32.570 4.45357
3901.4 37.283 4.89418
3902.8 41.308 4.83895
3904.2 39.265 5.04774
3905.6 38.134 5.36447
3907.0 44.264 5.75318
3908.4 41.694 6.19622
3909.8 45.626 5.34844
3911.2 48.869 5.66661
3912.6 52.254 5.34380
3914.0 50.903 5.67754
3915.4 50.745 5.97352
3916.8 48.639 6.02511
3918.2 48.075 5.86452
3919.6 49.633 5.53035
3921.0 49.678 5.60926
3922.4 51.922 5.72457
3923.8 51.281 5.41575
3925.2 49.258 5.38897
3926.6 46.607 5.32929
3928.0 57.580 5.39008
3929.4 54.783 5.41029
3930.8 49.957 5.10695
3932.2 48.825 4.75967
3933.6 49.054 4.98673
3935.0 37.849 4.82536
3936.4 36.626 4.53916
3937.8 24.636 4.14510
3939.2 43.603 4.55413
3940.6 44.933 4.79705
3942.0 52.431 5.05326
3943.4 48.523 4.98045
3944.8 49.981 5.14729
3946.2 49.727 5.24983
3947.6 50.140 4.98415
3949.0 47.865 4.96415
3950.4 49.344 4.87476
3951.8 51.503 5.16819
3953.2 48.831 4.69509
3954.6 44.115 4.77507
3956.0 46.481 5.03724
3957.4 44.598 4.94788
3958.8 42.252 4.51628
3960.2 40.354 4.82003
3961.6 41.282 4.83201
3963.0 42.056 4.84265
3964.4 33.600 4.34240
3965.8 32.082 4.46407
3967.2 30.548 4.18869
3968.6 26.725 3.76311
3970.0 22.084 3.49198
3971.4 19.530 3.56402
3972.8 12.032 3.43593
3974.2 11.086 3.62720
3975.6 20.277 4.39902
3977.0 23.733 4.64605
3978.4 28.634 4.90013
3979.8 31.097 5.09003
3981.2 34.274 5.04964
3982.6 37.912 5.26296
3984.0 36.231 5.05910
3985.4 42.754 5.34856
3986.8 46.553 5.12775
3988.2 45.162 4.93479
3989.6 46.389 4.74558
3991.0 45.858 4.50328
3992.4 45.574 4.58073
3993.8 47.196 4.99508
3995.2 49.812 4.68761
3996.6 46.373 4.73461
3998.0 48.413 4.47917
3999.4 46.945 4.38151
4000.8 51.648 4.66668
4002.2 49.094 4.54208
4003.6 49.974 4.93471
4005.0 53.913 4.79939
4006.4 47.745 4.58658
4007.8 45.942 4.43272
4009.2 50.119 4.62968
4010.6 51.043 4.64357
4012.0 51.685 4.48507
4013.4 51.865 4.40914
4014.8 49.147 4.37034
4016.2 47.156 4.48675
4017.6 51.595 4.82253
4019.0 50.439 4.34397
4020.4 49.792 4.66815
4021.8 54.695 4.81454
4023.2 51.830 4.62765
4024.6 52.394 4.71050
4026.0 53.384 4.38684
4027.4 48.958 4.73922
4028.8 50.906 4.98233
4030.2 52.302 4.58683
4031.6 47.880 4.23366
4033.0 50.460 4.46380
4034.4 50.024 4.41388
4035.8 49.259 4.42401
4037.2 49.101 4.35673
4038.6 48.830 4.26322
4040.0 47.494 4.30568
4041.4 52.563 4.41184
4042.8 50.456 4.29662
4044.2 53.716 4.50764
4045.6 52.850 4.87639
4047.0 48.266 4.48882
4048.4 45.780 4.48593
4049.8 49.239 4.39320
4051.2 49.939 4.61703
4052.6 53.285 4.74352
4054.0 48.509 4.36386
4055.4 51.877 4.55884
4056.8 51.554 4.40690
4058.2 49.777 4.32569
4059.6 48.104 4.76553
4061.0 52.225 5.01222
4062.4 50.058 4.73347
4063.8 51.224 4.80491
4065.2 51.376 4.66511
4066.6 49.691 4.39153
4068.0 47.998 4.40659
4069.4 47.056 4.15952
4070.8 51.720 4.60503
4072.2 48.821 4.59077
4073.6 51.928 4.75635
4075.0 44.637 4.48594
4076.4 46.555 4.33408
4077.8 50.601 4.60007
4079.2 46.849 4.50782
4080.6 46.945 4.24347
4082.0 42.892 4.36923
4083.4 46.854 4.23982
4084.8 45.756 4.39674
4086.2 42.171 4.34863
4087.6 40.737 4.18804
4089.0 41.032 4.16889
4090.4 43.426 4.26392
4091.8 41.645 4.06319
4093.2 39.751 3.87839
4094.6 37.903 3.84985
4096.0 37.798 3.80384
4097.4 34.792 3.62512
4098.8 33.650 3.59626
4100.2 31.768 3.74679
4101.6 28.799 3.69820
4103.0 20.362 3.51796
4104.4 12.826 3.15060
4105.8 15.812 2.70941
4107.2 13.860 2.67729
4108.6 23.560 3.27927
4110.0 25.041 3.51834
4111.4 28.445 3.57349
4112.8 31.376 3.46390
4114.2 36.782 3.65381
4115.6 37.128 3.78479
4117.0 36.046 3.79314
4118.4 37.907 3.69596
4119.8 42.806 3.80381
4121.2 41.701 3.76023
4122.6 43.369 3.82334
4124.0 43.961 4.07344
4125.4 46.212 4.06417
4126.8 41.772 3.80706
4128.2 46.297 3.89697
4129.6 42.588 3.77076
4131.0 46.811 4.01826
4132.4 48.725 4.08106
4133.8 46.171 3.81936
4135.2 43.429 3.93161
4136.6 43.076 3.98819
4138.0 43.248 3.93740
4139.4 43.463 3.97343
4140.8 48.072 4.12339
4142.2 44.355 3.76502
4143.6 47.215 4.01814
4145.0 44.149 3.99170
4146.4 45.853 4.01006
4147.8 48.565 4.34344
4149.2 45.783 4.20928
4150.6 49.280 4.07908
4152.0 48.361 4.12479
4153.4 44.520 3.88294
4154.8 45.124 4.05301
4156.2 48.510 3.84417
4157.6 48.182 4.01819
4159.0 48.012 3.93224
4160.4 48.269 3.94638
4161.8 47.511 3.82072
4163.2 47.602 4.02269
4164.6 48.437 4.07638
4166.0 46.426 3.86466
4167.4 46.324 4.08655
4168.8 44.887 3.89796
4170.2 47.710 3.98592
4171.6 50.658 4.54029
4173.0 52.875 4.89512
4174.4 45.444 3.67227
4175.8 44.316 3.73938
4177.2 45.664 3.87685
4178.6 43.673 3.98263
4180.0 45.045 3.76779
4181.4 44.593 3.66707
4182.8 46.040 3.79733
4184.2 45.830 3.71373
4185.6 43.500 3.48318
4187.0 44.400 3.58646
4188.4 47.835 3.69153
4189.8 48.276 3.77229
4191.2 46.738 3.85736
4192.6 42.704 3.77605
4194.0 49.857 3.95067
4195.4 45.363 3.77140
4196.8 46.193 3.66371
4198.2 45.889 3.50506
4199.6 49.271 3.58941
4201.0 46.573 3.57396
4202.4 48.024 3.80493
4203.8 46.572 3.63374
4205.2 47.444 3.60052
4206.6 43.261 3.53364
4208.0 48.183 3.58905
4209.4 44.982 3.68167
4210.8 47.313 3.79365
4212.2 44.744 3.61040
4213.6 46.165 3.67198
4215.0 46.856 3.67114
4216.4 47.989 3.90806
4217.8 49.080 3.68957
4219.2 46.443 3.64217
4220.6 47.910 3.58127
4222.0 48.819 3.62544
4223.4 47.025 3.72448
4224.8 44.983 3.65430
4226.2 45.554 3.66205
4227.6 46.300 3.69387
4229.0 47.004 3.38195
4230.4 44.453 3.56575
4231.8 45.263 3.55761
4233.2 48.808 3.80666
4234.6 48.753 3.88953
4236.0 43.637 3.90698
4237.4 46.633 3.57297
4238.8 46.954 3.69961
4240.2 43.594 3.66676
4241.6 46.858 3.66752
4243.0 43.620 3.60040
4244.4 46.490 3.75453
4245.8 44.809 3.69747
4247.2 44.072 3.80920
4248.6 46.295 3.64816
4250.0 47.129 3.59599
4251.4 41.225 3.50453
4252.8 47.235 3.41642
4254.2 45.563 3.53624
4255.6 43.944 3.36275
4257.0 44.076 3.54015
4258.4 47.583 3.54381
4259.8 47.805 3.69525
4261.2 43.303 3.53647
4262.6 47.395 3.55270
4264.0 45.274 3.59247
4265.4 46.546 3.61197
4266.8 45.414 3.53834
4268.2 44.918 3.50509
4269.6 46.064 3.55769
4271.0 48.245 3.43848
4272.4 45.722 3.55397
4273.8 46.385 3.38152
4275.2 43.705 3.62910
4276.6 44.456 3.69033
4278.0 45.358 3.77580
4279.4 43.650 3.39861
4280.8 46.114 3.43674
4282.2 43.432 3.33551
4283.6 46.724 3.60600
4285.0 47.669 3.64140
4286.4 41.642 3.34576
4287.8 45.264 3.48440
4289.2 45.511 3.65095
4290.6 44.487 3.70417
4292.0 42.282 3.52961
4293.4 42.447 3.45128
4294.8 41.316 3.48806
4296.2 45.723 3.56132
4297.6 43.953 3.48101
4299.0 43.727 3.55603
4300.4 44.279 3.40656
4301.8 45.563 3.36967
4303.2 40.153 3.13761
4304.6 40.861 3.29713
4306.0 43.371 3.32051
4307.4 40.410 3.25835
4308.8 44.724 3.42562
4310.2 40.437 3.30578
4311.6 40.576 3.08715
4313.0 41.693 3.22664
4314.4 44.062 3.31841
4315.8 41.087 3.21416
4317.2 39.046 3.14127
4318.6 37.445 3.07614
4320.0 39.181 3.29241
4321.4 40.232 3.18146
4322.8 41.718 3.34017
4324.2 40.434 3.31767
4325.6 39.518 3.05335
4327.0 36.969 2.94567
4328.4 34.143 2.88681
4329.8 34.183 3.00862
4331.2 34.684 3.16079
4332.6 36.145 3.13011
4334.0 33.146 3.05143
4335.4 32.807 2.95049
4336.8 31.061 2.85977
4338.2 29.262 2.75111
4339.6 24.581 2.49059
4341.0 22.075 2.29958
4342.4 17.619 2.28979
4343.8 16.085 2.34616
4345.2 14.158 2.41861
4346.6 16.311 2.60423
4348.0 23.627 2.73781
4349.4 23.761 2.60417
4350.8 29.266 2.64750
4352.2 31.153 2.77021
4353.6 29.183 2.87817
4355.0 33.287 2.93420
4356.4 33.033 2.99499
4357.8 32.095 3.06493
4359.2 34.908 3.68055
4360.6 36.767 4.09395
4362.0 40.391 3.79442
4363.4 36.530 3.23893
4364.8 42.562 3.10928
4366.2 38.740 3.07600
4367.6 41.902 3.13224
4369.0 37.507 3.14082
4370.4 40.408 3.29508
4371.8 39.039 3.13215
4373.2 40.921 3.05721
4374.6 43.339 3.12899
4376.0 41.216 3.21586
4377.4 39.732 3.12105
4378.8 40.008 3.13946
4380.2 42.615 3.21797
4381.6 42.920 3.19559
4383.0 40.653 3.25431
4384.4 43.485 3.38536
4385.8 42.587 3.42725
4387.2 40.007 3.10102
4388.6 41.499 3.09266
4390.0 38.521 3.13285
4391.4 41.241 3.29777
4392.8 40.943 3.44502
4394.2 43.057 3.22570
4395.6 41.373 3.27402
4397.0 44.988 3.21199
4398.4 43.307 3.46192
4399.8 40.287 3.44594
4401.2 41.648 3.24044
4402.6 41.807 3.20018
4404.0 41.340 3.25085
4405.4 40.165 3.12530
4406.8 42.780 3.18336
4408.2 39.121 3.16160
4409.6 39.219 3.02944
4411.0 43.325 3.30679
4412.4 41.787 3.25883
4413.8 44.065 3.51246
4415.2 43.097 3.36661
4416.6 41.183 3.18037
4418.0 44.975 3.32464
4419.4 39.111 3.28628
4420.8 41.402 3.13923
4422.2 34.994 2.97275
4423.6 39.954 3.14261
4425.0 43.787 3.35015
4426.4 42.487 3.24174
4427.8 40.296 3.23731
4429.2 42.547 3.23257
4430.6 37.886 3.08576
4432.0 42.977 3.17235
4433.4 38.407 3.33800
4434.8 43.549 3.40062
4436.2 40.591 3.32963
4437.6 42.819 3.31346
4439.0 42.496 3.13466
4440.4 42.077 3.03100
4441.8 43.730 3.08290
4443.2 40.235 3.02372
4444.6 39.623 2.99280
4446.0 40.685 3.11892
4447.4 42.714 3.13134
4448.8 39.391 2.90248
4450.2 41.910 3.15721
4451.6 42.109 3.16675
4453.0 41.686 3.15643
4454.4 40.163 3.06603
4455.8 40.644 3.08763
4457.2 42.879 2.96927
4458.6 37.263 2.88718
4460.0 39.037 2.97529
4461.4 39.285 3.15776
4462.8 42.480 3.18407
4464.2 42.763 3.04463
4465.6 43.926 3.17893
4467.0 43.361 2.96364
4468.4 38.743 3.00759
4469.8 41.722 3.20462
4471.2 41.441 3.40276
4472.6 40.403 3.26537
4474.0 43.938 2.99404
4475.4 42.005 3.01019
4476.8 40.626 2.90051
4478.2 40.779 3.03935
4479.6 39.181 2.90191
4481.0 41.940 3.02413
4482.4 40.340 3.08518
4483.8 40.584 3.24530
4485.2 38.781 3.16277
4486.6 37.808 3.06939
4488.0 42.134 3.00182
4489.4 39.572 2.98816
4490.8 42.465 3.06773
4492.2 42.265 2.92853
4493.6 40.496 2.94474
4495.0 38.596 2.86235
4496.4 40.403 2.91292
4497.8 39.973 3.02609
4499.2 42.848 3.00608
4500.6 39.888 2.88421
4502.0 45.614 3.11036
4503.4 41.890 3.05496
4504.8 35.303 2.88971
4506.2 39.632 3.01567
4507.6 38.283 2.95340
4509.0 41.359 3.03854
4510.4 43.814 3.16789
4511.8 42.030 3.07381
4513.2 40.123 2.92463
4514.6 42.200 3.17408
4516.0 37.341 3.02465
4517.4 41.181 3.13921
4518.8 37.031 2.80053
4520.2 41.978 3.09870
4521.6 38.271 2.95525
4523.0 41.772 3.10410
4524.4 41.864 2.89037
4525.8 40.136 2.90556
4527.2 37.458 2.86297
4528.6 40.281 2.92932
4530.0 38.694 2.86910
4531.4 39.261 2.99226
4532.8 40.741 2.87391
4534.2 40.214 2.95447
4535.6 37.500 2.80173
4537.0 40.182 2.89730
4538.4 40.895 2.93136
4539.8 38.738 2.82244
4541.2 41.372 2.91085
4542.6 38.779 2.96670
4544.0 37.885 2.82440
4545.4 40.820 2.96814
4546.8 38.661 3.01690
4548.2 39.227 2.90902
4549.6 38.323 2.84355
4551.0 39.102 2.90269
4552.4 39.017 3.03223
4553.8 36.760 2.96310
4555.2 35.317 2.91922
4556.6 38.232 2.86669
4558.0 40.511 3.04058
4559.4 39.002 2.99164
4560.8 39.499 2.86654
4562.2 35.514 2.77155
4563.6 40.789 2.90570
4565.0 42.105 2.91230
4566.4 39.796 2.93746
4567.8 37.588 2.98769
4569.2 42.119 3.20282
4570.6 40.834 3.10543
4572.0 40.434 3.08167
4573.4 38.580 2.97449
4574.8 39.995 3.00843
4576.2 40.376 3.05075
4577.6 38.177 2.88887
4579.0 38.543 2.86134
4580.4 37.485 2.81481
4581.8 37.888 2.81843
4583.2 39.944 2.82407
4584.6 40.006 2.92016
4586.0 39.842 2.82618
4587.4 36.604 2.79226
4588.8 38.881 2.86653
4590.2 39.203 2.89271
4591.6 37.834 2.83390
4593.0 38.483 2.73110
4594.4 40.115 2.79170
4595.8 37.514 2.79441
4597.2 38.727 2.98897
4598.6 39.209 2.89735
4600.0 38.657 2.80649
4601.4 38.316 2.68319
4602.8 39.158 2.89994
4604.2 39.778 3.11232
4605.6 37.206 2.79550
4607.0 38.059 2.76539
4608.4 34.981 2.64526
4609.8 40.135 2.77775
4611.2 39.618 2.75076
4612.6 38.059 2.79941
4614.0 38.706 2.79254
4615.4 39.438 2.73659
4616.8 40.873 2.95367
4618.2 39.390 2.86748
4619.6 37.148 2.58266
4621.0 38.428 2.74955
4622.4 35.569 2.81469
4623.8 39.950 2.90222
4625.2 38.018 2.81212
4626.6 37.638 2.81779
4628.0 36.501 2.74050
4629.4 38.617 2.71601
4630.8 37.062 2.74898
4632.2 39.943 2.84654
4633.6 37.776 2.79227
4635.0 34.550 2.79490
4636.4 37.998 2.81447
4637.8 36.654 2.79475
4639.2 36.745 2.81396
4640.6 38.222 2.79103
4642.0 37.740 2.81927
4643.4 39.481 2.79367
4644.8 38.410 2.82279
4646.2 38.288 2.84181
4647.6 36.352 2.75944
4649.0 37.812 2.87122
4650.4 35.517 2.68465
4651.8 37.677 2.82325
4653.2 38.218 2.83336
4654.6 39.440 2.90271
4656.0 40.559 3.02363
4657.4 38.957 2.78549
4658.8 37.274 2.70674
4660.2 33.531 2.75541
4661.6 37.327 2.65659
4663.0 34.014 2.61285
4664.4 39.083 2.78350
4665.8 36.587 2.70665
4667.2 37.829 2.68281
4668.6 37.446 2.78644
4670.0 35.840 2.77242
4671.4 35.753 2.65492
4672.8 33.898 2.75568
4674.2 36.032 2.80277
4675.6 35.345 2.79247
4677.0 38.584 2.79462
4678.4 37.479 2.70660
4679.8 38.318 2.77476
4681.2 36.621 2.75656
4682.6 34.938 2.74601
4684.0 37.579 2.73058
4685.4 37.319 2.65740
4686.8 36.408 2.68916
4688.2 37.048 2.75164
4689.6 35.908 2.64971
4691.0 37.242 2.78323
4692.4 37.293 2.74789
4693.8 38.185 3.23756
4695.2 39.590 3.04419
4696.6 38.104 2.84641
4698.0 35.830 2.69240
4699.4 37.107 2.69365
4700.8 37.105 2.71430
4702.2 33.522 2.47527
4703.6 36.490 2.87339
4705.0 37.071 2.83725
4706.4 34.222 2.71823
4707.8 35.673 2.65569
4709.2 35.184 2.76169
4710.6 38.241 2.77031
4712.0 35.993 2.71709
4713.4 37.511 2.66000
4714.8 38.718 2.87647
4716.2 36.129 2.71813
4717.6 36.397 2.92333
4719.0 36.504 2.89066
4720.4 37.195 2.91438
4721.8 34.214 2.71328
4723.2 35.385 2.86875
4724.6 41.670 3.09711
4726.0 35.481 2.99635
4727.4 33.366 2.89006
4728.8 38.401 2.78353
4730.2 37.029 2.77035
4731.6 39.508 2.90711
4733.0 37.541 2.92312
4734.4 37.744 2.76614
4735.8 39.304 2.85074
4737.2 38.124 2.87295
4738.6 38.523 2.99408
4740.0 36.550 2.69810
4741.4 33.864 2.57412
4742.8 35.067 2.58817
4744.2 37.111 2.81273
4745.6 36.916 2.80741
4747.0 36.547 2.66532
4748.4 36.770 2.92936
4749.8 36.435 2.73630
4751.2 37.966 2.69656
4752.6 36.971 2.93430
4754.0 37.154 2.92641
4755.4 35.723 2.84760
4756.8 34.863 2.65103
4758.2 35.368 2.58444
4759.6 35.541 2.52022
4761.0 35.731 2.59377
4762.4 35.882 2.72370
4763.8 35.250 2.64351
4765.2 35.783 2.71566
4766.6 36.381 2.75849
4768.0 33.936 2.65418
4769.4 35.659 2.73532
4770.8 35.567 2.84155
4772.2 34.012 2.67724
4773.6 35.042 2.52794
4775.0 35.356 2.56558
4776.4 33.433 2.67891
4777.8 35.314 2.93340
4779.2 39.250 2.83242
4780.6 36.067 2.61881
4782.0 37.464 2.63973
4783.4 36.027 2.63624
4784.8 38.531 2.71393
4786.2 37.280 2.68900
4787.6 35.717 2.62692
4789.0 33.482 2.51805
4790.4 36.486 2.69875
4791.8 34.070 2.72277
4793.2 34.757 2.76559
4794.6 37.046 2.77134
4796.0 36.363 2.70969
4797.4 35.214 2.46006
4798.8 34.104 2.50262
4800.2 35.456 2.57276
4801.6 36.673 2.84370
4803.0 34.593 2.65695
4804.4 32.778 2.40412
4805.8 33.943 2.46723
4807.2 35.382 2.71904
4808.6 33.826 2.62019
4810.0 33.488 2.44847
4811.4 34.118 2.49827
4812.8 31.131 2.36125
4814.2 35.280 2.50593
4815.6 37.500 2.62518
4817.0 35.623 2.57348
4818.4 31.789 2.55392
4819.8 33.346 2.71032
4821.2 34.489 2.63104
4822.6 35.343 2.75925
4824.0 35.670 2.67522
4825.4 32.153 2.52053
4826.8 34.605 2.44861
4828.2 34.196 2.44568
4829.6 31.877 2.34120
4831.0 33.294 2.39183
4832.4 33.120 2.46311
4833.8 32.049 2.41750
4835.2 32.831 2.37861
4836.6 32.203 2.38119
4838.0 30.680 2.40895
4839.4 31.124 2.38355
4840.8 31.891 2.50199
4842.2 32.442 2.56801
4843.6 31.724 2.43427
4845.0 29.419 2.33513
4846.4 30.288 2.28599
4847.8 30.570 2.36331
4849.2 30.978 2.45113
4850.6 29.493 2.53509
4852.0 29.979 2.56315
4853.4 29.029 2.34243
4854.8 27.437 2.31363
4856.2 24.777 2.31244
4857.6 24.054 2.24391
4859.0 24.343 2.11378
4860.4 21.429 2.03305
4861.8 19.455 1.96914
4863.2 17.967 1.99250
4864.6 15.169 1.85838
4866.0 11.577 1.79352
4867.4 13.384 1.75154
4868.8 18.756 1.88899
4870.2 19.370 1.95083
4871.6 22.979 2.23439
4873.0 24.991 2.12895
4874.4 25.317 2.10089
4875.8 24.457 2.14022
4877.2 26.073 2.27899
4878.6 27.178 2.33853
4880.0 27.319 2.33646
4881.4 28.975 2.36304
4882.8 29.375 2.25963
4884.2 27.002 2.36076
4885.6 30.845 2.35190
4887.0 29.803 2.34802
4888.4 31.355 2.41794
4889.8 31.382 2.54374
4891.2 30.709 2.62571
4892.6 32.753 2.61489
4894.0 32.657 2.56194
4895.4 30.794 2.36663
4896.8 30.479 2.31276
4898.2 32.029 2.41988
4899.6 33.257 2.40786
4901.0 33.280 2.40228
4902.4 34.659 2.42797
4903.8 31.423 2.40981
4905.2 33.359 2.62501
4906.6 33.873 2.56737
4908.0 31.916 2.43312
4909.4 31.954 2.42867
4910.8 33.470 2.37608
4912.2 32.362 2.36820
4913.6 32.337 2.46803
4915.0 32.245 2.61608
4916.4 33.233 2.57986
4917.8 34.429 2.52141
4919.2 32.745 2.31759
4920.6 32.895 2.38487
4922.0 32.722 2.39351
4923.4 30.280 2.38716
4924.8 30.068 2.28835
4926.2 31.922 2.38939
4927.6 29.649 2.34283
4929.0 29.369 2.46272
4930.4 32.319 2.47582
4931.8 31.097 2.40821
4933.2 30.445 2.48647
4934.6 33.287 2.40916
4936.0 33.600 2.45869
4937.4 33.150 2.48661
4938.8 31.694 2.37788
4940.2 30.527 2.37172
4941.6 32.788 2.36323
4943.0 32.346 2.37759
4944.4 30.499 2.32218
4945.8 32.099 2.35406
4947.2 33.204 2.38254
4948.6 31.779 2.38122
4950.0 31.107 2.33810
4951.4 32.011 2.34297
4952.8 32.954 2.39703
4954.2 32.929 2.35172
4955.6 32.181 2.36908
4957.0 31.115 2.29238
4958.4 31.741 2.44385
4959.8 31.730 2.42548
4961.2 31.541 2.38849
4962.6 32.671 2.32745
4964.0 30.087 2.24715
4965.4 28.482 2.11027
4966.8 28.860 2.13734
4968.2 29.239 2.16441
4969.6 29.617 2.19148
4971.0 29.996 2.21855
4972.4 30.374 2.24562
4973.8 30.753 2.27269
4975.2 31.131 2.29976
4976.6 31.453 2.38278
4978.0 32.338 2.37063
4979.4 32.037 2.41682
4980.8 30.315 2.48481
4982.2 30.614 2.34173
4983.6 31.459 2.50533
4985.0 32.153 2.40800
4986.4 32.825 2.45762
4987.8 32.490 2.40319
4989.2 29.768 2.30221
4990.6 32.627 2.35155
4992.0 29.623 2.38876
4993.4 30.516 2.39921
4994.8 29.351 2.31941
4996.2 31.297 2.32283
4997.6 32.295 2.35952
4999.0 31.257 2.30019
