3900.0 164.396 8.00938
3901.4 163.718 8.26240
3902.8 171.027 8.35108
3904.2 181.831 8.60102
3905.6 188.986 8.92201
3907.0 196.002 9.18080
3908.4 198.540 9.15549
3909.8 203.790 9.64164
3911.2 211.837 9.89188
3912.6 216.085 9.92754
3914.0 222.450 10.09020
3915.4 225.100 10.06890
3916.8 211.857 9.85729
3918.2 221.276 9.82969
3919.6 225.698 10.53770
3921.0 223.377 10.14850
3922.4 225.404 9.96083
3923.8 223.981 9.75766
3925.2 230.647 10.04370
3926.6 223.200 9.64370
3928.0 228.517 9.66234
3929.4 228.776 9.91137
3930.8 226.255 9.51253
3932.2 213.444 9.40593
3933.6 210.662 9.21423
3935.0 171.936 8.02777
3936.4 149.116 7.26757
3937.8 172.498 inf
3939.2 195.880 inf
3940.6 219.263 9.53889
3942.0 228.723 9.58868
3943.4 221.481 9.62898
3944.8 228.568 9.42913
3946.2 222.010 9.41025
3947.6 217.315 9.23623
3949.0 214.484 9.26249
3950.4 214.415 9.25392
3951.8 216.965 8.94549
3953.2 208.040 8.78995
3954.6 207.754 8.78622
3956.0 204.308 8.91974
3957.4 202.318 8.83510
3958.8 189.013 8.24551
3960.2 188.431 8.26879
3961.6 181.159 8.24702
3963.0 173.815 8.02602
3964.4 164.640 7.47408
3965.8 148.758 6.99812
3967.2 144.553 6.76022
3968.6 120.466 6.23955
3970.0 101.155 5.40541
3971.4 73.938 4.75432
3972.8 51.575 4.64208
3974.2 69.370 5.08510
3975.6 90.882 5.87594
3977.0 114.008 6.50566
3978.4 127.885 7.12630
3979.8 142.712 7.27001
3981.2 153.120 7.58427
3982.6 158.268 8.08527
3984.0 164.498 8.08240
3985.4 172.366 8.05957
3986.8 174.638 8.19086
3988.2 184.451 8.22904
3989.6 185.481 8.55669
3991.0 199.718 8.61226
3992.4 199.317 8.63716
3993.8 205.978 8.83783
3995.2 210.468 8.79128
3996.6 204.923 8.85291
3998.0 211.357 8.87007
3999.4 205.658 8.75244
4000.8 213.775 8.88419
4002.2 212.358 8.72149
4003.6 209.501 8.63101
4005.0 221.195 9.05541
4006.4 211.904 8.70896
4007.8 211.019 8.75121
4009.2 215.105 8.72065
4010.6 216.923 8.95344
4012.0 222.031 8.74866
4013.4 217.280 8.71869
4014.8 223.504 9.00483
4016.2 214.702 8.89469
4017.6 219.626 8.80121
4019.0 219.125 8.75671
4020.4 218.827 8.94225
4021.8 219.652 8.89223
4023.2 218.487 8.84557
4024.6 225.743 9.34865
4026.0 218.985 8.96844
4027.4 223.339 9.41379
4028.8 217.480 8.96664
4030.2 221.318 9.11120
4031.6 218.510 8.70776
4033.0 223.577 8.76124
4034.4 215.341 8.55918
4035.8 216.881 8.81349
4037.2 218.489 8.74032
4038.6 212.115 8.60745
4040.0 215.589 8.75386
4041.4 223.507 8.90438
4042.8 213.826 8.77460
4044.2 223.900 8.87247
4045.6 217.873 8.69869
4047.0 214.035 8.60559
4048.4 221.479 8.54288
4049.8 205.899 8.59798
4051.2 220.438 8.93791
4052.6 218.742 8.75886
4054.0 214.479 8.62043
4055.4 218.150 9.00102
4056.8 208.437 8.71139
4058.2 216.063 8.78146
4059.6 210.845 8.47628
4061.0 215.046 8.80220
4062.4 211.959 8.80199
4063.8 211.049 8.45865
4065.2 215.810 8.84421
4066.6 208.647 8.50045
4068.0 205.318 8.47805
4069.4 206.809 8.42622
4070.8 206.650 8.59845
4072.2 213.645 8.66767
4073.6 204.995 8.44707
4075.0 205.896 8.40373
4076.4 197.215 8.16756
4077.8 197.813 8.38043
4079.2 195.999 8.48047
4080.6 197.086 7.99320
4082.0 192.032 8.16888
4083.4 195.752 8.01548
4084.8 185.023 7.71932
4086.2 190.169 7.79192
4087.6 188.206 7.79891
4089.0 176.684 7.40250
4090.4 176.392 7.42027
4091.8 178.476 7.31365
4093.2 162.948 7.00641
4094.6 161.936 6.87403
4096.0 155.238 6.77951
4097.4 139.966 6.17098
4098.8 134.798 5.87462
4100.2 122.806 5.61627
4101.6 109.849 5.22408
4103.0 86.159 4.52026
4104.4 64.331 3.84620
4105.8 60.314 3.70610
4107.2 84.437 4.35388
4108.6 104.884 5.04045
4110.0 118.820 5.37062
4111.4 128.628 5.67308
4112.8 140.433 6.02061
4114.2 148.268 6.36247
4115.6 155.937 6.52701
4117.0 162.578 6.59289
4118.4 164.401 7.00313
4119.8 178.815 7.17823
4121.2 180.503 7.32826
4122.6 179.053 7.29214
4124.0 182.756 7.44699
4125.4 187.421 7.53027
4126.8 187.649 7.46367
4128.2 187.340 7.42150
4129.6 191.432 7.59799
4131.0 196.429 7.84017
4132.4 196.415 7.92149
4133.8 197.318 8.16472
4135.2 190.256 7.69000
4136.6 197.367 7.90480
4138.0 192.915 7.82308
4139.4 196.461 7.74417
4140.8 195.342 7.71716
4142.2 197.707 8.12313
4143.6 198.997 7.81897
4145.0 200.943 7.89068
4146.4 192.948 7.62801
4147.8 198.418 7.73339
4149.2 196.856 7.99441
4150.6 199.842 7.94553
4152.0 201.573 7.83138
4153.4 203.108 7.79567
4154.8 196.392 7.71570
4156.2 197.886 7.92365
4157.6 195.620 7.90273
4159.0 200.422 7.79673
4160.4 196.245 7.67909
4161.8 196.756 7.73874
4163.2 195.520 7.66378
4164.6 198.529 7.78768
4166.0 196.014 7.62076
4167.4 192.736 7.45512
4168.8 194.247 7.61377
4170.2 197.725 7.55678
4171.6 196.768 7.74118
4173.0 197.473 7.75848
4174.4 196.025 7.80310
4175.8 196.207 7.69234
4177.2 194.342 7.64908
4178.6 191.812 7.51654
4180.0 198.540 7.72793
4181.4 197.662 7.46889
4182.8 194.078 7.39432
4184.2 193.013 7.42635
4185.6 191.323 7.47665
4187.0 196.489 7.69065
4188.4 197.092 7.70171
4189.8 196.138 7.42361
4191.2 194.306 7.53084
4192.6 198.928 7.54725
4194.0 194.934 7.38199
4195.4 194.201 7.40544
4196.8 199.804 7.64799
4198.2 198.088 7.68604
4199.6 191.943 7.45570
4201.0 193.345 7.41155
4202.4 196.236 7.43419
4203.8 187.821 7.24586
4205.2 191.037 7.43019
4206.6 193.032 7.46556
4208.0 198.207 7.71324
4209.4 195.280 7.50222
4210.8 197.693 7.55763
4212.2 189.527 7.39172
4213.6 196.451 7.81813
4215.0 199.743 7.83268
4216.4 197.243 7.53574
4217.8 193.116 7.48711
4219.2 196.117 7.51417
4220.6 199.123 7.58017
4222.0 191.780 7.43446
4223.4 193.404 7.36480
4224.8 196.237 7.31260
4226.2 192.965 7.54712
4227.6 196.634 7.42561
4229.0 188.707 7.40727
4230.4 183.781 7.17702
4231.8 192.819 7.50165
4233.2 195.352 7.49649
4234.6 194.814 7.47782
4236.0 187.011 7.25222
4237.4 185.078 7.12444
4238.8 182.839 7.16645
4240.2 191.623 7.43847
4241.6 195.422 7.51274
4243.0 197.520 7.64923
4244.4 190.845 7.38921
4245.8 192.215 7.31449
4247.2 192.639 7.38669
4248.6 195.475 7.42879
4250.0 184.651 7.27360
4251.4 190.833 7.30890
4252.8 193.167 7.40601
4254.2 186.147 7.22586
4255.6 189.325 7.23866
4257.0 190.672 7.24318
4258.4 191.775 7.30679
4259.8 191.960 7.26086
4261.2 192.488 7.31307
4262.6 193.819 7.54740
4264.0 191.763 7.31920
4265.4 191.079 7.43952
4266.8 193.801 7.43259
4268.2 188.073 7.18364
4269.6 192.912 7.27480
4271.0 190.296 7.35604
4272.4 190.497 7.14693
4273.8 187.148 7.23837
4275.2 186.220 7.15019
4276.6 185.621 7.07803
4278.0 186.590 7.04889
4279.4 189.618 7.23421
4280.8 191.778 7.30276
4282.2 190.859 7.44490
4283.6 195.860 7.41601
4285.0 189.395 7.20196
4286.4 179.590 7.06925
4287.8 195.158 7.27571
4289.2 189.694 7.30929
4290.6 184.479 7.10871
4292.0 186.168 6.96773
4293.4 179.048 7.02980
4294.8 184.291 6.95963
4296.2 180.632 6.97557
4297.6 180.250 7.04184
4299.0 184.202 7.03984
4300.4 185.114 6.95389
4301.8 183.184 6.81485
4303.2 177.383 6.72096
4304.6 176.570 6.72648
4306.0 180.646 6.84611
4307.4 175.029 6.79103
4308.8 184.017 6.88962
4310.2 175.418 6.84314
4311.6 173.584 6.63671
4313.0 174.825 6.66268
4314.4 178.203 6.82681
4315.8 179.717 6.84723
4317.2 169.785 6.62992
4318.6 171.054 6.45860
4320.0 172.979 6.53835
4321.4 170.043 6.51353
4322.8 164.305 6.46273
4324.2 166.336 6.41589
4325.6 167.039 6.43917
4327.0 161.997 6.34164
4328.4 158.021 6.35826
4329.8 148.566 5.84262
4331.2 151.530 5.94996
4332.6 151.489 5.96675
4334.0 141.194 5.59164
4335.4 132.069 5.32340
4336.8 123.311 4.96560
4338.2 115.317 4.89301
4339.6 110.028 4.66509
4341.0 93.615 4.16424
4342.4 70.657 3.49620
4343.8 57.710 3.11257
4345.2 66.186 3.42559
4346.6 84.593 3.96251
4348.0 101.005 4.43111
4349.4 111.347 4.55309
4350.8 118.614 4.87462
4352.2 129.973 5.12741
4353.6 135.065 5.46875
4355.0 133.058 5.48933
4356.4 147.806 5.86117
4357.8 151.755 5.83158
4359.2 154.066 6.10307
4360.6 161.905 6.32844
4362.0 161.931 6.17841
4363.4 164.498 6.34680
4364.8 166.468 6.32939
4366.2 172.506 6.57367
4367.6 168.209 6.43850
4369.0 174.009 6.29538
4370.4 171.860 6.31324
4371.8 173.337 6.50621
4373.2 175.146 6.55802
4374.6 174.544 6.62589
4376.0 173.722 6.69418
4377.4 179.367 6.89092
4378.8 172.920 7.59915
4380.2 178.173 6.67286
4381.6 177.583 6.70349
4383.0 181.523 6.84337
4384.4 174.184 6.55745
4385.8 174.817 6.45779
4387.2 161.937 6.32409
4388.6 178.938 6.84771
4390.0 176.349 6.67815
4391.4 179.236 6.62604
4392.8 172.596 6.63865
4394.2 176.701 6.67159
4395.6 175.039 6.58856
4397.0 172.930 6.57967
4398.4 167.715 6.24164
4399.8 169.570 6.41990
4401.2 176.510 6.62124
4402.6 176.059 6.71883
4404.0 171.045 6.57777
4405.4 175.690 6.52391
4406.8 174.368 6.53409
4408.2 172.208 6.56981
4409.6 170.694 6.56558
4411.0 174.553 6.54498
4412.4 174.934 6.51840
4413.8 174.438 6.66675
4415.2 177.833 6.61256
4416.6 171.696 6.51194
4418.0 171.773 6.28908
4419.4 168.312 6.40148
4420.8 169.739 6.39031
4422.2 167.340 6.38353
4423.6 176.717 6.60807
4425.0 168.678 6.36126
4426.4 171.411 6.46243
4427.8 171.107 6.39202
4429.2 173.166 6.37185
4430.6 168.730 6.31310
4432.0 170.044 6.38644
4433.4 171.735 6.40786
4434.8 172.161 6.41735
4436.2 174.473 6.35779
4437.6 170.056 6.43163
4439.0 170.380 6.40555
4440.4 168.685 6.26091
4441.8 165.547 6.28126
4443.2 173.662 6.45642
4444.6 170.390 6.45324
4446.0 168.841 6.11530
4447.4 162.061 6.19016
4448.8 168.458 6.18632
4450.2 167.083 6.21265
4451.6 170.751 6.22882
4453.0 166.317 6.26183
4454.4 170.776 6.31141
4455.8 167.975 6.44744
4457.2 167.137 6.19037
4458.6 165.837 6.26239
4460.0 166.097 6.33033
4461.4 170.081 6.45489
4462.8 174.216 6.43455
4464.2 171.247 6.45326
4465.6 171.765 6.37438
4467.0 165.206 6.16843
4468.4 168.232 6.24603
4469.8 167.220 6.22249
4471.2 160.415 8.13041
4472.6 144.751 8.25535
4474.0 158.322 6.90508
4475.4 170.050 6.35703
4476.8 170.318 6.37168
4478.2 168.419 6.26956
4479.6 165.725 6.18524
4481.0 168.606 6.33183
4482.4 165.754 6.16499
4483.8 159.495 5.98251
4485.2 155.679 5.89714
4486.6 161.695 6.13341
4488.0 166.324 6.10709
4489.4 166.181 6.17163
4490.8 164.283 6.10982
4492.2 163.402 6.12651
4493.6 162.197 6.08326
4495.0 164.625 6.01527
4496.4 164.299 6.14216
4497.8 165.865 6.10665
4499.2 164.558 6.21215
4500.6 165.315 6.04399
4502.0 160.906 6.08771
4503.4 161.288 6.00476
4504.8 162.389 6.00559
4506.2 160.319 6.07248
4507.6 163.784 6.12858
4509.0 167.929 6.26019
4510.4 164.003 6.15143
4511.8 157.398 5.91070
4513.2 163.001 6.10746
4514.6 163.358 6.23235
4516.0 168.276 6.35500
4517.4 163.717 6.56246
4518.8 163.930 6.02686
4520.2 156.840 5.86380
4521.6 164.424 6.10858
4523.0 162.859 5.95498
4524.4 159.522 6.01358
4525.8 161.132 5.96399
4527.2 156.028 5.89623
4528.6 166.745 6.10665
4530.0 159.433 6.05094
4531.4 164.329 6.01486
4532.8 160.109 5.90523
4534.2 163.375 6.00847
4535.6 163.384 6.11333
4537.0 157.519 5.73639
4538.4 154.800 5.85629
4539.8 156.785 5.85263
4541.2 160.872 5.95954
4542.6 160.742 5.95140
4544.0 165.317 6.20983
4545.4 163.219 6.03511
4546.8 163.658 6.17122
4548.2 163.080 6.11171
4549.6 165.096 6.05548
4551.0 159.834 6.05114
4552.4 156.678 5.81974
4553.8 150.856 5.75950
4555.2 158.487 5.95829
4556.6 163.695 6.30851
4558.0 162.056 6.27252
4559.4 159.820 5.92555
4560.8 155.580 6.00646
4562.2 158.242 5.98178
4563.6 162.078 6.02489
4565.0 160.521 6.11550
4566.4 161.061 5.97448
4567.8 157.482 5.94453
4569.2 161.849 6.11871
4570.6 161.435 5.99507
4572.0 159.326 5.96465
4573.4 161.301 5.97790
4574.8 152.822 5.85983
4576.2 153.220 5.83566
4577.6 154.359 5.78151
4579.0 159.546 5.93680
4580.4 155.891 5.77829
4581.8 157.139 5.76161
4583.2 162.506 6.13149
4584.6 158.835 5.87014
4586.0 159.405 5.85282
4587.4 150.296 5.65224
4588.8 154.043 5.75556
4590.2 157.249 5.87468
4591.6 155.333 5.77408
4593.0 154.243 5.84220
4594.4 155.652 5.69760
4595.8 154.181 5.71100
4597.2 154.505 5.82757
4598.6 158.716 5.92037
4600.0 158.995 5.78784
4601.4 156.831 5.82005
4602.8 157.963 5.86891
4604.2 157.877 5.86984
4605.6 160.455 5.99244
4607.0 158.567 5.91239
4608.4 154.528 5.83225
4609.8 153.549 5.81917
4611.2 158.666 5.92583
4612.6 158.582 5.95539
4614.0 154.660 5.75442
4615.4 154.104 5.70095
4616.8 154.337 5.76470
4618.2 155.600 5.80041
4619.6 152.788 5.66822
4621.0 155.408 5.77672
4622.4 154.016 5.82236
4623.8 154.880 5.73210
4625.2 154.356 5.75200
4626.6 156.171 5.89088
4628.0 156.042 5.81473
4629.4 152.376 5.70441
4630.8 151.279 5.75297
4632.2 155.767 5.90852
4633.6 149.936 5.63671
4635.0 151.359 5.74569
4636.4 154.207 5.69463
4637.8 153.776 5.71302
4639.2 148.162 5.55523
4640.6 155.194 5.75569
4642.0 153.093 5.78013
4643.4 148.676 5.57276
4644.8 150.996 5.59197
4646.2 150.864 5.72198
4647.6 150.112 5.60076
4649.0 150.889 5.52992
4650.4 151.915 5.60169
4651.8 150.632 5.60013
4653.2 153.652 5.67180
4654.6 147.458 5.53405
4656.0 147.938 5.47926
4657.4 152.476 5.62990
4658.8 148.787 5.62220
4660.2 152.222 5.65712
4661.6 145.770 5.47931
4663.0 146.253 5.56944
4664.4 154.829 5.65238
4665.8 150.950 5.66073
4667.2 152.071 5.69686
4668.6 150.769 5.68791
4670.0 148.230 5.55508
4671.4 147.556 5.50755
4672.8 148.414 5.53180
4674.2 147.566 5.58036
4675.6 150.575 5.64007
4677.0 153.070 5.62188
4678.4 150.446 5.58226
4679.8 150.466 5.59007
4681.2 147.088 5.57959
4682.6 153.612 5.70437
4684.0 147.792 5.63055
4685.4 146.758 5.40967
4686.8 149.077 5.55087
4688.2 146.221 5.49504
4689.6 148.207 5.39316
4691.0 147.770 5.60886
4692.4 147.782 5.56805
4693.8 147.793 5.56703
4695.2 149.468 5.60975
4696.6 147.913 5.60620
4698.0 142.556 5.25815
4699.4 148.502 5.41814
4700.8 154.285 5.47829
4702.2 150.988 5.83675
4703.6 148.845 5.59076
4705.0 145.324 5.48060
4706.4 144.882 5.47520
4707.8 146.145 5.54225
4709.2 148.564 5.51521
4710.6 147.165 5.55084
4712.0 146.585 5.57845
4713.4 153.090 5.70154
4714.8 150.011 5.58419
4716.2 147.178 5.45501
4717.6 148.597 5.56996
4719.0 145.358 5.50686
4720.4 147.928 5.51366
4721.8 147.951 5.56702
4723.2 144.619 5.47141
4724.6 146.486 5.56622
4726.0 140.867 5.41938
4727.4 146.881 5.63272
4728.8 144.593 5.59633
4730.2 148.221 5.69534
4731.6 143.898 5.58643
4733.0 144.313 5.47507
4734.4 143.068 5.45357
4735.8 142.819 5.62652
4737.2 143.771 5.46168
4738.6 147.863 5.56862
4740.0 145.565 5.52795
4741.4 146.380 5.53371
4742.8 145.212 5.49534
4744.2 145.309 5.41415
4745.6 143.798 5.41432
4747.0 142.151 5.40089
4748.4 143.174 5.42284
4749.8 141.844 5.34236
4751.2 143.981 5.48395
4752.6 145.587 5.44067
4754.0 140.477 5.23965
4755.4 142.630 5.35003
4756.8 142.985 5.29732
4758.2 139.052 5.25590
4759.6 140.100 5.19201
4761.0 142.559 5.25698
4762.4 144.787 5.38040
4763.8 142.144 5.24274
4765.2 141.999 5.42837
4766.6 144.352 5.43018
4768.0 141.877 5.28385
4769.4 140.756 5.23096
4770.8 140.052 5.34702
4772.2 137.336 5.13243
4773.6 143.049 5.24050
4775.0 141.136 5.22539
4776.4 136.618 5.40865
4777.8 151.729 6.24907
4779.2 144.895 6.17046
4780.6 142.598 5.50012
4782.0 140.119 5.28165
4783.4 140.235 5.31276
4784.8 140.688 5.22803
4786.2 138.662 5.33571
4787.6 140.754 5.29666
4789.0 140.918 5.19701
4790.4 141.040 5.24323
4791.8 142.461 5.34850
4793.2 139.897 5.12840
4794.6 138.661 5.17517
4796.0 138.677 5.14572
4797.4 139.499 5.14097
4798.8 140.234 5.20703
4800.2 144.938 5.34207
4801.6 137.487 5.11748
4803.0 140.026 5.13602
4804.4 139.178 5.05570
4805.8 134.381 5.09655
4807.2 139.464 5.06348
4808.6 136.763 5.29569
4810.0 136.126 5.24748
4811.4 136.337 5.08552
4812.8 134.856 5.02102
4814.2 136.672 5.18966
4815.6 137.763 5.12703
4817.0 136.462 5.14949
4818.4 136.020 5.04697
4819.8 136.718 5.17356
4821.2 137.252 5.15638
4822.6 137.419 5.19457
4824.0 136.287 5.07544
4825.4 133.460 4.99139
4826.8 135.720 5.03914
4828.2 131.824 4.94124
4829.6 131.961 4.95911
4831.0 133.977 5.01107
4832.4 132.542 4.97732
4833.8 131.048 4.90269
4835.2 130.523 4.94140
4836.6 129.770 4.95350
4838.0 131.934 4.98543
4839.4 128.382 4.87365
4840.8 128.452 4.89989
4842.2 130.744 4.86221
4843.6 127.754 4.71234
4845.0 121.433 4.59112
4846.4 119.175 4.61268
4847.8 118.915 4.52553
4849.2 120.678 4.52921
4850.6 122.672 4.44460
4852.0 112.792 4.43813
4853.4 112.063 4.31760
4854.8 108.848 4.25304
4856.2 106.819 4.15272
4857.6 102.723 3.97919
4859.0 94.155 3.74629
4860.4 91.781 3.75247
4861.8 80.570 3.30468
4863.2 67.521 2.96124
4864.6 50.846 2.61760
4866.0 50.431 2.55884
4867.4 63.828 2.81251
4868.8 77.500 3.25735
4870.2 84.492 3.47246
4871.6 91.022 3.69507
4873.0 98.126 3.97400
4874.4 101.819 4.08980
4875.8 105.861 4.25867
4877.2 108.358 4.28244
4878.6 112.397 4.32645
4880.0 111.505 4.36920
4881.4 116.484 4.39405
4882.8 118.421 4.53959
4884.2 121.561 4.57188
4885.6 122.039 4.62817
4887.0 122.925 4.68271
4888.4 123.639 4.63778
4889.8 121.030 4.59233
4891.2 124.674 4.70788
4892.6 127.903 4.81039
4894.0 128.127 4.85568
4895.4 127.278 4.80711
4896.8 125.017 4.65743
4898.2 128.521 4.82079
4899.6 133.647 4.93873
4901.0 126.990 4.78772
4902.4 131.355 4.96631
4903.8 127.467 4.78449
4905.2 130.815 4.76960
4906.6 130.180 4.82639
4908.0 130.227 4.87286
4909.4 130.015 4.76401
4910.8 134.554 4.91288
4912.2 131.687 4.85378
4913.6 131.709 4.88058
4915.0 131.202 4.78183
4916.4 131.712 4.98542
4917.8 134.308 4.84354
4919.2 131.937 4.81261
4920.6 131.988 4.86899
4922.0 134.867 4.93863
4923.4 128.625 4.65008
4924.8 131.521 4.85241
4926.2 130.813 4.77915
4927.6 126.247 4.70419
4929.0 127.942 4.69548
4930.4 132.041 4.89076
4931.8 134.443 4.92702
4933.2 133.706 4.81030
4934.6 131.590 4.91560
4936.0 131.990 4.89558
4937.4 134.377 5.03186
4938.8 133.141 4.86927
4940.2 130.461 4.80722
4941.6 133.881 4.92559
4943.0 135.311 4.84803
4944.4 132.568 4.80007
4945.8 132.275 4.81837
4947.2 129.970 4.72692
4948.6 132.515 4.79631
4950.0 132.245 4.81458
4951.4 131.111 4.76897
4952.8 132.745 4.92179
4954.2 134.675 4.86610
4955.6 133.792 4.88438
4957.0 132.279 4.83146
4958.4 132.650 4.85410
4959.8 131.676 4.88529
4961.2 128.091 4.78281
4962.6 129.065 4.81507
4964.0 131.626 4.85341
4965.4 129.616 4.73405
4966.8 130.802 4.74449
4968.2 128.205 4.80129
4969.6 130.533 4.85548
4971.0 130.068 4.71362
4972.4 129.487 4.77227
4973.8 130.109 4.78969
4975.2 129.669 4.80459
4976.6 130.906 4.88135
4978.0 133.097 4.83821
4979.4 130.399 4.79916
4980.8 129.564 4.82276
4982.2 130.228 4.78718
4983.6 131.262 4.76882
4985.0 128.295 4.66145
4986.4 128.678 4.67728
4987.8 128.612 4.73792
4989.2 127.686 4.64132
4990.6 127.171 4.61326
4992.0 129.540 4.73129
4993.4 129.229 4.75176
4994.8 125.862 4.63510
4996.2 126.059 4.68494
4997.6 126.597 4.58047
4999.0 132.166 4.86069
