3900.0 61.947 6.93016
3901.4 71.770 6.66006
3902.8 71.570 6.25057
3904.2 77.469 6.59940
3905.6 80.511 6.43497
3907.0 83.973 6.97861
3908.4 78.990 7.04991
3909.8 87.529 7.28018
3911.2 81.179 6.79461
3912.6 83.298 6.71009
3914.0 73.827 6.31129
3915.4 82.337 6.81777
3916.8 87.611 7.21031
3918.2 86.936 7.19100
3919.6 88.046 6.97625
3921.0 93.734 7.45843
3922.4 84.594 7.15209
3923.8 88.630 7.06141
3925.2 88.661 7.18274
3926.6 90.286 6.91342
3928.0 82.785 6.47110
3929.4 84.409 6.83552
3930.8 70.171 6.45061
3932.2 69.161 6.07604
3933.6 49.175 5.83585
3935.0 62.221 6.24261
3936.4 82.620 6.70835
3937.8 84.849 6.46053
3939.2 95.242 6.83838
3940.6 86.434 6.71703
3942.0 83.962 6.70870
3943.4 84.104 6.48244
3944.8 88.636 6.70841
3946.2 87.603 6.69749
3947.6 81.837 6.29818
3949.0 86.907 6.48062
3950.4 79.620 6.36623
3951.8 76.486 6.29714
3953.2 79.135 6.43238
3954.6 79.319 6.41746
3956.0 76.491 6.03218
3957.4 71.205 5.81095
3958.8 74.481 6.12304
3960.2 67.276 5.57108
3961.6 60.149 5.68802
3963.0 57.488 5.47077
3964.4 56.550 5.57923
3965.8 48.100 4.91873
3967.2 37.908 4.50682
3968.6 26.946 3.91738
3970.0 20.977 3.62299
3971.4 27.647 4.01374
3972.8 44.745 4.53907
3974.2 51.286 4.89220
3975.6 55.322 5.27130
3977.0 58.381 5.36961
3978.4 63.613 5.59509
3979.8 66.814 5.68460
3981.2 69.706 5.75985
3982.6 71.208 5.48824
3984.0 69.869 5.70739
3985.4 79.601 5.98221
3986.8 77.955 5.77541
3988.2 80.785 6.14573
3989.6 80.945 5.99476
3991.0 77.641 5.78120
3992.4 84.147 6.15614
3993.8 81.402 5.97626
3995.2 83.561 6.37203
3996.6 82.441 6.36249
3998.0 86.286 5.98164
3999.4 86.853 6.20097
4000.8 86.106 6.25874
4002.2 85.811 6.24686
4003.6 88.853 6.30062
4005.0 82.462 6.17339
4006.4 78.685 5.82889
4007.8 90.052 6.16893
4009.2 88.274 6.00665
4010.6 84.658 5.99788
4012.0 86.823 6.16209
4013.4 83.409 6.08743
4014.8 89.508 6.49821
4016.2 82.438 6.21298
4017.6 90.740 6.13548
4019.0 86.909 6.03886
4020.4 91.073 5.91229
4021.8 84.282 6.03318
4023.2 87.327 6.13607
4024.6 84.734 6.28764
4026.0 84.809 6.44355
4027.4 84.474 6.15305
4028.8 87.355 6.13535
4030.2 88.846 6.08986
4031.6 83.205 6.09785
4033.0 87.658 6.16575
4034.4 89.295 6.41722
4035.8 88.094 6.18029
4037.2 89.873 5.92680
4038.6 93.835 6.14590
4040.0 88.828 6.19564
4041.4 87.596 6.25592
4042.8 87.859 6.44737
4044.2 86.445 6.18502
4045.6 83.356 6.01594
4047.0 83.003 6.24988
4048.4 91.219 6.80461
4049.8 90.913 6.33578
4051.2 91.033 6.10884
4052.6 89.141 6.24343
4054.0 89.702 6.09600
4055.4 92.646 6.21659
4056.8 86.963 6.12916
4058.2 88.261 6.26568
4059.6 88.251 6.13139
4061.0 89.767 6.10823
4062.4 84.837 5.97046
4063.8 81.228 6.13707
4065.2 82.776 5.82925
4066.6 91.100 5.92284
4068.0 83.978 5.73566
4069.4 83.533 5.78696
4070.8 86.415 5.81158
4072.2 77.743 5.78133
4073.6 81.931 5.64830
4075.0 83.382 5.77978
4076.4 83.261 5.51751
4077.8 80.665 5.49783
4079.2 82.544 5.62979
4080.6 79.004 5.59807
4082.0 81.195 5.86503
4083.4 83.000 5.90765
4084.8 78.569 5.55214
4086.2 70.421 5.49366
4087.6 77.540 5.38427
4089.0 73.390 5.41716
4090.4 71.150 5.23712
4091.8 68.448 5.31171
4093.2 66.464 5.00404
4094.6 66.031 4.82671
4096.0 58.398 4.77874
4097.4 56.194 4.54124
4098.8 47.215 4.49207
4100.2 39.873 3.94394
4101.6 26.219 3.60268
4103.0 32.907 3.89670
4104.4 40.630 4.24381
4105.8 50.140 4.45322
4107.2 56.800 4.45252
4108.6 61.342 4.57408
4110.0 65.407 5.03815
4111.4 65.118 5.08994
4112.8 66.992 5.26768
4114.2 74.190 5.23298
4115.6 74.216 5.14217
4117.0 74.728 5.27822
4118.4 75.075 5.16666
4119.8 76.759 5.26275
4121.2 79.570 5.28916
4122.6 78.898 5.46249
4124.0 81.039 5.34014
4125.4 81.655 5.44844
4126.8 81.555 5.53494
4128.2 78.350 5.35428
4129.6 82.650 5.32720
4131.0 81.232 5.33763
4132.4 83.668 5.48446
4133.8 81.684 5.46306
4135.2 79.989 5.34425
4136.6 82.691 5.39034
4138.0 87.486 5.78925
4139.4 83.809 5.25007
4140.8 85.828 5.34578
4142.2 80.192 5.38317
4143.6 82.967 5.28793
4145.0 78.358 5.22043
4146.4 85.341 5.22614
4147.8 85.348 5.39911
4149.2 85.934 5.55743
4150.6 87.653 5.41761
4152.0 85.184 5.48962
4153.4 86.400 5.28017
4154.8 76.506 5.37183
4156.2 89.935 5.58156
4157.6 85.653 5.38238
4159.0 85.131 5.48205
4160.4 84.409 5.45506
4161.8 88.341 5.59712
4163.2 82.908 5.44132
4164.6 81.762 5.22424
4166.0 85.389 5.35768
4167.4 85.935 5.28433
4168.8 89.979 5.49770
4170.2 87.288 5.41941
4171.6 80.861 5.34175
4173.0 78.863 4.93422
4174.4 80.917 5.06527
4175.8 82.781 5.13412
4177.2 82.785 5.34032
4178.6 77.234 5.26419
4180.0 80.388 5.41752
4181.4 85.403 5.50422
4182.8 86.194 5.34608
4184.2 82.632 5.36766
4185.6 85.919 5.38973
4187.0 86.639 5.49896
4188.4 81.458 5.02925
4189.8 85.855 5.12480
4191.2 87.604 5.33813
4192.6 82.368 5.22386
4194.0 94.622 5.56412
4195.4 85.802 5.23102
4196.8 85.552 5.44089
4198.2 82.256 5.35523
4199.6 82.319 5.29413
4201.0 83.228 5.31701
4202.4 84.258 5.50928
4203.8 84.879 5.29427
4205.2 83.680 5.23061
4206.6 86.078 5.18428
4208.0 82.120 5.04407
4209.4 86.269 5.41784
4210.8 81.699 5.32710
4212.2 85.150 5.31083
4213.6 82.027 5.05223
4215.0 81.355 4.92421
4216.4 80.898 5.00972
4217.8 84.918 5.35259
4219.2 85.470 5.42112
4220.6 82.384 5.34824
4222.0 88.483 5.23352
4223.4 83.490 5.12356
4224.8 83.719 5.05881
4226.2 80.131 4.92754
4227.6 80.276 5.17390
4229.0 84.748 5.16278
4230.4 82.633 5.06844
4231.8 84.347 4.98971
4233.2 76.365 5.10338
4234.6 81.179 5.11258
4236.0 80.135 5.31271
4237.4 84.993 5.42571
4238.8 80.734 5.22121
4240.2 82.602 5.31259
4241.6 85.913 5.08269
4243.0 88.243 5.36129
4244.4 87.084 5.30433
4245.8 83.283 5.23458
4247.2 79.607 5.13958
4248.6 79.598 4.90956
4250.0 82.490 4.99826
4251.4 84.777 5.05943
4252.8 83.797 5.03629
4254.2 84.462 5.28554
4255.6 78.404 4.99949
4257.0 82.966 5.06322
4258.4 86.672 5.33754
4259.8 82.920 5.24496
4261.2 80.253 5.26750
4262.6 81.223 5.02149
4264.0 83.911 5.07749
4265.4 86.741 5.10713
4266.8 84.740 5.18243
4268.2 80.934 5.07660
4269.6 84.243 5.24628
4271.0 82.146 4.95026
4272.4 80.539 5.02382
4273.8 83.385 4.91298
4275.2 85.723 5.22076
4276.6 84.824 5.01492
4278.0 81.504 5.04263
4279.4 87.061 5.10239
4280.8 86.754 5.09151
4282.2 86.887 5.12784
4283.6 81.650 4.94061
4285.0 85.489 5.12284
4286.4 80.201 4.99882
4287.8 79.194 4.78136
4289.2 78.165 4.65024
4290.6 81.225 4.91924
4292.0 78.497 4.88061
4293.4 85.709 5.06223
4294.8 79.878 5.03721
4296.2 85.195 4.96104
4297.6 81.490 4.98806
4299.0 78.904 4.83396
4300.4 77.243 5.06891
4301.8 77.736 4.90746
4303.2 79.622 4.88274
4304.6 78.412 4.83165
4306.0 84.149 5.01232
4307.4 78.001 4.86350
4308.8 73.143 4.95925
4310.2 79.833 5.15839
4311.6 76.851 4.94725
4313.0 78.608 4.90446
4314.4 74.647 4.68379
4315.8 74.074 4.86493
4317.2 82.827 5.05095
4318.6 77.980 4.87545
4320.0 75.427 4.66913
4321.4 77.849 4.76196
4322.8 71.920 4.60694
4324.2 73.884 4.74974
4325.6 75.516 4.76964
4327.0 69.624 4.57009
4328.4 70.309 4.62764
4329.8 66.209 4.37779
4331.2 65.313 4.41469
4332.6 65.082 4.49490
4334.0 60.175 4.44026
4335.4 54.400 4.00530
4336.8 52.341 3.81662
4338.2 41.715 3.33579
4339.6 34.337 3.26730
4341.0 27.311 2.91278
4342.4 37.575 3.40504
4343.8 49.218 3.76189
4345.2 49.942 3.83961
4346.6 57.503 4.12951
4348.0 54.754 4.12427
4349.4 65.754 4.33506
4350.8 64.549 4.30822
4352.2 65.724 4.34876
4353.6 65.796 4.20068
4355.0 70.389 4.71138
4356.4 70.633 4.72505
4357.8 75.783 4.69529
4359.2 79.086 5.20295
4360.6 73.558 5.07085
4362.0 73.260 4.68880
4363.4 79.538 4.80760
4364.8 75.995 4.80752
4366.2 77.647 4.86518
4367.6 78.285 4.66740
4369.0 76.272 4.69945
4370.4 78.447 4.94111
4371.8 78.707 4.91460
4373.2 81.683 4.94885
4374.6 77.755 4.78938
4376.0 77.308 4.88385
4377.4 79.227 4.83588
4378.8 74.764 4.53404
4380.2 82.210 4.75079
4381.6 81.272 4.86269
4383.0 76.530 4.76525
4384.4 78.774 4.94452
4385.8 75.531 4.67836
4387.2 81.194 4.63854
4388.6 77.660 4.65422
4390.0 81.397 4.59855
4391.4 79.672 4.62341
4392.8 79.951 4.66895
4394.2 76.446 4.59008
4395.6 80.180 4.71019
4397.0 72.385 4.59123
4398.4 76.948 4.57501
4399.8 76.322 4.71394
4401.2 76.750 4.56934
4402.6 79.320 4.58993
4404.0 79.474 4.56403
4405.4 79.359 4.73789
4406.8 78.367 4.69594
4408.2 80.959 4.66993
4409.6 79.039 4.65169
4411.0 80.723 4.92028
4412.4 79.666 4.87689
4413.8 79.495 4.81635
4415.2 76.842 4.58248
4416.6 76.075 4.66964
4418.0 75.601 4.59769
4419.4 79.337 4.63854
4420.8 80.052 4.77490
4422.2 81.934 4.91869
4423.6 79.803 4.70760
4425.0 76.457 4.63954
4426.4 80.172 4.70885
4427.8 79.041 4.68437
4429.2 77.173 4.92845
4430.6 80.741 4.74195
4432.0 76.558 4.53437
4433.4 80.376 4.52245
4434.8 79.243 4.87745
4436.2 78.273 4.53481
4437.6 75.882 4.68613
4439.0 84.018 4.87860
4440.4 77.090 4.54126
4441.8 79.165 4.68066
4443.2 75.710 4.64808
4444.6 77.464 4.49904
4446.0 76.679 4.57994
4447.4 78.052 4.65045
4448.8 76.216 4.54017
4450.2 79.883 4.57979
4451.6 75.081 4.45583
4453.0 80.482 4.53275
4454.4 78.711 4.54214
4455.8 80.101 4.52401
4457.2 78.025 4.63436
4458.6 80.116 4.65441
4460.0 76.821 4.59213
4461.4 76.473 4.29885
4462.8 81.397 4.63374
4464.2 78.992 4.72031
4465.6 77.080 4.66158
4467.0 75.683 4.65910
4468.4 78.683 4.57794
4469.8 75.201 4.47947
4471.2 76.503 4.44886
4472.6 79.753 4.68630
4474.0 79.582 4.69572
4475.4 79.454 4.73066
4476.8 78.980 4.56417
4478.2 80.431 4.71151
4479.6 80.053 4.47219
4481.0 76.204 4.26056
4482.4 73.123 4.46695
4483.8 79.392 4.73896
4485.2 79.362 4.67938
4486.6 78.426 4.57156
4488.0 74.167 4.41376
4489.4 78.425 4.45525
4490.8 77.485 4.58530
4492.2 80.130 4.66045
4493.6 76.647 4.55556
4495.0 75.017 4.39876
4496.4 75.640 4.32133
4497.8 78.054 4.40170
4499.2 77.005 4.50069
4500.6 75.003 4.56016
4502.0 76.418 4.33961
4503.4 76.628 4.44343
4504.8 77.787 4.56849
4506.2 81.802 4.81726
4507.6 84.101 5.26746
4509.0 76.204 4.39651
4510.4 78.568 4.53292
4511.8 76.719 4.44172
4513.2 74.826 4.50090
4514.6 73.995 4.43996
4516.0 72.868 4.33497
4517.4 78.118 4.67760
4518.8 76.647 4.50637
4520.2 76.043 4.30986
4521.6 76.187 4.26876
4523.0 72.835 4.34220
4524.4 78.481 4.52679
4525.8 79.466 4.73678
4527.2 75.159 4.56993
4528.6 76.459 4.45041
4530.0 79.678 4.44749
4531.4 73.581 4.25066
4532.8 75.759 4.21495
4534.2 70.855 4.14217
4535.6 70.078 4.14861
4537.0 76.105 4.24431
4538.4 75.025 4.46761
4539.8 75.434 4.40473
4541.2 78.348 4.36097
4542.6 75.167 4.27921
4544.0 78.041 4.40337
4545.4 76.087 4.33535
4546.8 75.750 4.24857
4548.2 77.737 4.43911
4549.6 70.143 4.20226
4551.0 74.881 4.37349
4552.4 74.957 4.42773
4553.8 78.361 4.36573
4555.2 76.198 4.26212
4556.6 73.404 4.29435
4558.0 77.608 4.40496
4559.4 76.445 4.30198
4560.8 77.725 4.59507
4562.2 78.049 4.36633
4563.6 74.436 4.20370
4565.0 71.761 4.26376
4566.4 76.265 4.27880
4567.8 76.976 4.23637
4569.2 75.178 4.35775
4570.6 76.406 4.49523
4572.0 76.007 4.40723
4573.4 73.846 4.19816
4574.8 75.569 4.25392
4576.2 73.934 4.19908
4577.6 74.490 4.35486
4579.0 75.603 4.40090
4580.4 78.337 4.36002
4581.8 76.964 4.21343
4583.2 73.624 4.15794
4584.6 73.114 4.34651
4586.0 78.005 4.29094
4587.4 74.736 4.16537
4588.8 73.112 4.16160
4590.2 76.714 4.34451
4591.6 77.128 4.27989
4593.0 75.113 4.26097
4594.4 75.857 4.09068
4595.8 77.735 4.26656
4597.2 77.507 4.23401
4598.6 78.377 4.30032
4600.0 75.516 3.92516
4601.4 74.165 4.24189
4602.8 75.626 4.22446
4604.2 76.032 4.37993
4605.6 74.366 4.17214
4607.0 73.997 4.07591
4608.4 76.972 4.34383
4609.8 75.915 4.27389
4611.2 75.410 4.35781
4612.6 76.812 4.29909
4614.0 75.229 4.18919
4615.4 72.612 4.10282
4616.8 73.395 4.25544
4618.2 75.706 4.24788
4619.6 76.876 4.27504
4621.0 74.290 4.20889
4622.4 74.896 4.22986
4623.8 75.877 4.18833
4625.2 74.024 4.23273
4626.6 71.604 4.17067
4628.0 74.450 4.23644
4629.4 75.348 4.35300
4630.8 75.046 4.26232
4632.2 72.937 4.16751
4633.6 76.126 4.12629
4635.0 74.427 4.25892
4636.4 73.125 4.04433
4637.8 78.234 4.25943
4639.2 74.874 4.13128
4640.6 73.278 3.94531
4642.0 75.708 4.26149
4643.4 73.387 4.27305
4644.8 72.929 4.08489
4646.2 72.409 4.06892
4647.6 75.898 4.19495
4649.0 74.668 4.13205
4650.4 71.260 4.03755
4651.8 76.472 4.25302
4653.2 75.660 4.12922
4654.6 75.390 4.21123
4656.0 73.924 4.16100
4657.4 71.583 4.17831
4658.8 75.109 4.30774
4660.2 76.388 4.21959
4661.6 75.864 4.21763
4663.0 72.941 4.27592
4664.4 72.854 4.10561
4665.8 73.455 4.13947
4667.2 74.705 4.19833
4668.6 73.840 4.08892
4670.0 72.384 4.04082
4671.4 75.021 4.08076
4672.8 76.706 4.18945
4674.2 74.554 4.24245
4675.6 73.575 4.25239
4677.0 73.594 4.09140
4678.4 72.936 4.13181
4679.8 76.991 4.42614
4681.2 74.846 4.17244
4682.6 71.847 4.01404
4684.0 70.860 4.03891
4685.4 76.062 4.25505
4686.8 77.130 4.22500
4688.2 77.589 4.24954
4689.6 72.910 4.22789
4691.0 74.843 4.14921
4692.4 72.971 4.03211
4693.8 72.719 4.17196
4695.2 75.699 4.21718
4696.6 71.970 3.85032
4698.0 75.245 4.15423
4699.4 77.830 4.17275
4700.8 73.111 4.16305
4702.2 76.444 4.14917
4703.6 71.195 3.90597
4705.0 72.460 4.03472
4706.4 75.341 4.05954
4707.8 73.072 4.12409
4709.2 68.761 3.90524
4710.6 73.423 4.13079
4712.0 72.089 4.04630
4713.4 73.886 4.13569
4714.8 76.361 4.22160
4716.2 73.307 4.15280
4717.6 75.340 4.11821
4719.0 73.768 4.10449
4720.4 76.650 4.18805
4721.8 74.175 4.08882
4723.2 75.229 4.11859
4724.6 72.706 4.11779
4726.0 71.135 4.06432
4727.4 72.609 4.01442
4728.8 70.362 3.88005
4730.2 75.382 4.16637
4731.6 70.534 4.17525
4733.0 72.509 3.96948
4734.4 71.839 4.14237
4735.8 72.902 4.14564
4737.2 72.761 4.02284
4738.6 73.484 4.04504
4740.0 73.907 4.10668
4741.4 74.857 4.18985
4742.8 71.961 4.17257
4744.2 73.353 4.17777
4745.6 74.911 4.15107
4747.0 73.982 3.97665
4748.4 73.978 4.18684
4749.8 72.972 4.07526
4751.2 72.691 4.02254
4752.6 72.473 3.86416
4754.0 71.929 4.06989
4755.4 73.139 4.04181
4756.8 74.207 4.04580
4758.2 73.427 3.95045
4759.6 72.018 4.12230
4761.0 73.705 4.00588
4762.4 71.677 3.87820
4763.8 71.820 3.90235
4765.2 71.544 3.97283
4766.6 69.433 3.98449
4768.0 73.635 4.04793
4769.4 70.962 3.93141
4770.8 68.482 3.82819
4772.2 72.712 3.99670
4773.6 71.667 3.90464
4775.0 73.779 4.08895
4776.4 74.024 4.04696
4777.8 76.139 4.00823
4779.2 72.749 4.02675
4780.6 70.115 3.84488
4782.0 70.876 4.08217
4783.4 69.741 3.90228
4784.8 74.720 3.99224
4786.2 71.400 3.97041
4787.6 67.062 3.69136
4789.0 66.752 4.00021
4790.4 69.025 3.96665
4791.8 70.402 4.01992
4793.2 68.095 3.86138
4794.6 72.052 3.93053
4796.0 72.915 4.04708
4797.4 72.301 4.03233
4798.8 72.611 3.97140
4800.2 69.340 3.86137
4801.6 69.183 3.82527
4803.0 71.566 3.92270
4804.4 73.479 3.97905
4805.8 71.905 3.87172
4807.2 72.150 3.97014
4808.6 70.745 3.88850
4810.0 69.548 3.91664
4811.4 73.608 3.96144
4812.8 69.905 3.73587
4814.2 72.848 3.92913
4815.6 70.079 3.95352
4817.0 69.934 3.98692
4818.4 72.028 3.92320
4819.8 67.933 3.69502
4821.2 72.690 3.87441
4822.6 70.951 3.86279
4824.0 71.578 3.81276
4825.4 68.319 3.78048
4826.8 68.052 3.83427
4828.2 66.531 3.76393
4829.6 65.204 3.81953
4831.0 67.511 3.65421
4832.4 70.389 3.83702
4833.8 70.226 3.87942
4835.2 68.281 3.72662
4836.6 67.614 3.72884
4838.0 67.499 3.84569
4839.4 66.856 3.67015
4840.8 66.382 3.76800
4842.2 65.609 3.78630
4843.6 66.359 3.68503
4845.0 62.659 3.57779
4846.4 60.870 3.46257
4847.8 61.016 3.61778
4849.2 60.889 3.54294
4850.6 57.713 3.45553
4852.0 55.309 3.43461
4853.4 55.824 3.33803
4854.8 52.471 3.35624
4856.2 51.833 3.23920
4857.6 45.009 2.96835
4859.0 41.984 2.87999
4860.4 34.657 2.56368
4861.8 26.667 2.39447
4863.2 31.521 2.68356
4864.6 40.079 3.01306
4866.0 44.411 3.19084
4867.4 48.281 3.15447
4868.8 53.033 3.32038
4870.2 57.785 3.36533
4871.6 56.587 3.25645
4873.0 55.127 3.26340
4874.4 60.324 3.56142
4875.8 58.824 3.51060
4877.2 62.368 3.55751
4878.6 62.511 3.62994
4880.0 63.282 3.69853
4881.4 63.764 3.72606
4882.8 63.401 3.91643
4884.2 63.363 3.68311
4885.6 64.974 3.69207
4887.0 66.403 3.72556
4888.4 64.557 3.70710
4889.8 66.959 3.82864
4891.2 66.037 3.86571
4892.6 64.019 3.79712
4894.0 67.224 3.80475
4895.4 66.742 3.86245
4896.8 64.756 3.65566
4898.2 69.079 3.90132
4899.6 67.513 3.81237
4901.0 65.362 3.85259
4902.4 67.333 3.74704
4903.8 68.247 3.84408
4905.2 71.611 3.97891
4906.6 66.978 4.01605
4908.0 67.544 3.92229
4909.4 69.772 3.86863
4910.8 70.017 4.08717
4912.2 65.880 3.80851
4913.6 66.660 3.72316
4915.0 68.757 3.71215
4916.4 66.704 3.73794
4917.8 68.251 3.80360
4919.2 69.968 3.93054
4920.6 65.584 3.76604
4922.0 63.577 3.80565
4923.4 63.738 3.72622
4924.8 66.332 3.82920
4926.2 66.574 3.77413
4927.6 68.583 3.96415
4929.0 70.054 3.91811
4930.4 68.249 3.74028
4931.8 66.139 3.82887
4933.2 66.387 3.58707
4934.6 68.019 3.64909
4936.0 67.555 3.76162
4937.4 68.489 3.68224
4938.8 68.788 3.73018
4940.2 66.940 3.67082
4941.6 67.507 3.78292
4943.0 68.429 3.74521
4944.4 67.048 3.67269
4945.8 69.346 3.65025
4947.2 69.872 3.74397
4948.6 68.240 3.71685
4950.0 67.931 3.77225
4951.4 69.865 3.76316
4952.8 70.615 3.82062
4954.2 66.717 3.72969
4955.6 64.016 3.67343
4957.0 67.123 3.70881
4958.4 64.206 3.61049
4959.8 65.184 3.56202
4961.2 68.648 3.83037
4962.6 68.584 3.78670
4964.0 67.156 3.64421
4965.4 67.157 3.68055
4966.8 68.747 3.78051
4968.2 68.719 3.72653
4969.6 68.695 3.74938
4971.0 67.795 3.81184
4972.4 69.400 3.75887
4973.8 67.222 3.73696
4975.2 70.772 3.74626
4976.6 66.917 3.69630
4978.0 68.147 3.75037
4979.4 72.408 3.96411
4980.8 70.618 3.97270
4982.2 69.002 3.80827
4983.6 67.596 3.72243
4985.0 64.207 3.60541
4986.4 66.633 3.70988
4987.8 69.674 3.85029
4989.2 66.155 3.75162
4990.6 68.424 3.90323
4992.0 68.756 3.79277
4993.4 68.285 3.71043
4994.8 64.225 3.70893
4996.2 67.972 3.74820
4997.6 65.897 3.75429
4999.0 63.355 3.51965
