3900.0 107.469 7.31257
3901.4 109.286 7.22755
3902.8 110.497 7.37605
3904.2 110.858 7.45797
3905.6 120.867 7.83386
3907.0 127.729 8.14225
3908.4 127.903 8.16751
3909.8 113.740 7.78710
3911.2 107.439 7.53193
3912.6 117.876 8.08663
3914.0 114.079 8.04175
3915.4 116.464 7.87545
3916.8 111.282 7.79783
3918.2 119.205 7.92725
3919.6 124.716 8.14900
3921.0 121.012 7.87429
3922.4 119.636 7.70458
3923.8 116.578 7.64611
3925.2 114.104 7.65631
3926.6 93.942 6.76267
3928.0 83.533 6.08184
3929.4 54.639 4.98740
3930.8 29.072 4.06766
3932.2 36.143 4.30083
3933.6 73.289 5.62902
3935.0 103.856 6.49933
3936.4 104.887 6.61080
3937.8 127.711 7.25749
3939.2 120.394 7.14926
3940.6 113.854 6.87352
3942.0 123.630 7.29705
3943.4 126.625 7.51155
3944.8 122.414 7.29274
3946.2 122.092 7.23626
3947.6 108.130 6.77335
3949.0 108.502 6.66477
3950.4 113.983 6.70161
3951.8 105.997 6.73582
3953.2 119.683 6.81628
3954.6 108.766 6.72199
3956.0 112.711 6.86048
3957.4 106.551 6.75857
3958.8 99.145 6.35604
3960.2 86.223 6.04779
3961.6 93.026 6.05118
3963.0 67.927 5.39193
3964.4 56.145 4.60171
3965.8 19.834 3.42691
3967.2 29.426 3.62628
3968.6 47.703 4.20451
3970.0 72.953 5.05008
3971.4 82.814 5.65321
3972.8 102.083 6.18334
3974.2 96.768 6.24390
3975.6 106.424 6.74046
3977.0 99.711 7.09368
3978.4 104.771 7.05087
3979.8 102.317 7.37235
3981.2 107.841 7.72530
3982.6 110.118 7.94760
3984.0 112.882 8.08300
3985.4 116.672 8.07416
3986.8 112.708 7.66443
3988.2 115.073 7.43957
3989.6 133.515 7.81027
3991.0 127.916 7.56877
3992.4 121.183 7.21470
3993.8 115.113 6.93342
3995.2 114.358 6.79991
3996.6 113.713 6.74859
3998.0 132.698 7.10915
3999.4 128.202 7.07923
4000.8 136.141 7.25996
4002.2 122.011 6.91915
4003.6 119.197 6.64320
4005.0 116.085 6.57937
4006.4 118.415 6.68827
4007.8 117.588 6.63447
4009.2 129.254 6.87319
4010.6 119.452 6.68778
4012.0 122.516 6.68347
4013.4 118.665 6.70976
4014.8 125.454 6.92792
4016.2 124.648 6.61630
4017.6 120.893 6.66306
4019.0 117.698 6.49943
4020.4 118.088 6.58996
4021.8 113.851 6.45390
4023.2 116.595 6.42443
4024.6 120.498 6.54123
4026.0 117.302 6.49536
4027.4 111.236 6.19051
4028.8 121.466 6.49761
4030.2 107.028 6.17563
4031.6 113.851 6.35550
4033.0 125.558 6.75130
4034.4 128.255 6.75261
4035.8 118.526 6.53515
4037.2 122.049 6.62271
4038.6 118.116 6.54675
4040.0 126.155 6.61204
4041.4 114.462 6.30471
4042.8 112.155 6.27205
4044.2 119.625 6.45837
4045.6 116.546 6.57200
4047.0 120.478 6.92457
4048.4 122.004 6.77197
4049.8 114.326 6.36600
4051.2 119.800 6.57905
4052.6 118.620 6.49989
4054.0 113.024 6.22549
4055.4 119.147 6.73497
4056.8 121.889 6.60427
4058.2 132.778 6.88974
4059.6 112.274 6.34777
4061.0 121.012 6.45475
4062.4 122.908 6.61907
4063.8 116.571 6.53271
4065.2 128.978 6.86026
4066.6 121.439 6.58664
4068.0 125.853 6.99490
4069.4 112.458 6.63525
4070.8 111.979 6.62692
4072.2 119.931 6.72740
4073.6 113.806 6.53632
4075.0 104.631 6.38845
4076.4 110.058 6.51248
4077.8 118.662 6.89901
4079.2 117.340 6.72140
4080.6 123.544 6.76241
4082.0 106.902 6.35625
4083.4 109.131 6.34949
4084.8 123.546 6.74971
4086.2 118.369 6.74818
4087.6 109.865 6.22381
4089.0 106.077 6.10561
4090.4 108.185 6.15893
4091.8 93.475 5.66156
4093.2 108.477 5.95163
4094.6 87.579 5.42162
4096.0 83.472 5.22296
4097.4 72.174 4.78143
4098.8 52.914 4.12617
4100.2 67.998 4.63481
4101.6 86.385 5.19891
4103.0 91.521 5.37097
4104.4 95.819 5.55467
4105.8 99.906 5.63258
4107.2 99.519 5.63838
4108.6 117.970 6.08117
4110.0 103.991 5.82449
4111.4 114.805 6.23153
4112.8 109.582 5.89409
4114.2 116.849 6.15594
4115.6 117.338 6.28380
4117.0 117.190 6.15529
4118.4 114.226 5.99727
4119.8 102.671 5.69047
4121.2 118.236 6.07746
4122.6 113.903 6.04294
4124.0 117.348 6.30930
4125.4 118.202 6.18594
4126.8 109.074 5.88621
4128.2 122.517 7.27632
4129.6 115.975 6.19445
4131.0 115.482 6.14320
4132.4 126.024 6.41189
4133.8 110.782 6.11529
4135.2 130.068 6.57299
4136.6 123.713 6.25801
4138.0 123.787 6.48790
4139.4 120.072 6.33781
4140.8 109.967 6.08747
4142.2 110.649 5.99529
4143.6 118.944 6.16542
4145.0 111.634 6.01640
4146.4 113.903 6.08005
4147.8 125.383 6.33681
4149.2 119.574 6.34727
4150.6 113.722 6.05175
4152.0 119.134 6.13508
4153.4 106.412 5.80198
4154.8 120.506 5.93577
4156.2 104.000 5.80007
4157.6 125.938 6.39447
4159.0 110.236 5.93421
4160.4 114.119 5.86727
4161.8 116.365 6.00949
4163.2 115.788 6.03907
4164.6 124.234 6.31255
4166.0 123.028 6.19410
4167.4 118.585 5.98557
4168.8 112.993 5.83478
4170.2 102.556 5.52200
4171.6 111.052 5.71889
4173.0 112.016 5.69324
4174.4 105.893 5.56525
4175.8 115.419 5.77287
4177.2 116.009 5.81537
4178.6 111.145 5.57857
4180.0 113.903 5.76896
4181.4 120.855 5.91755
4182.8 108.540 5.70136
4184.2 116.520 5.84048
4185.6 116.074 5.90212
4187.0 119.471 5.87014
4188.4 108.722 5.50413
4189.8 120.187 5.85151
4191.2 119.840 5.82622
4192.6 110.284 5.63927
4194.0 111.315 5.59532
4195.4 109.188 5.54321
4196.8 105.940 5.31576
4198.2 105.265 5.44886
4199.6 116.361 5.62438
4201.0 111.574 5.55025
4202.4 120.029 5.79781
4203.8 124.380 5.90170
4205.2 117.109 5.72388
4206.6 109.589 5.51981
4208.0 114.191 5.67410
4209.4 115.410 5.74142
4210.8 117.409 5.70181
4212.2 107.180 5.51954
4213.6 111.350 5.57604
4215.0 119.536 5.86531
4216.4 118.669 5.79201
4217.8 114.803 5.69789
4219.2 121.798 5.93645
4220.6 116.894 5.72856
4222.0 105.213 5.52451
4223.4 98.831 5.11545
4224.8 105.924 5.50954
4226.2 121.109 5.81849
4227.6 118.749 5.78937
4229.0 118.765 5.77209
4230.4 112.012 5.69070
4231.8 114.536 5.80739
4233.2 118.997 5.84481
4234.6 108.215 5.51662
4236.0 113.798 5.60105
4237.4 112.941 5.49325
4238.8 120.160 5.76814
4240.2 111.515 5.54963
4241.6 117.557 5.73892
4243.0 111.167 5.48151
4244.4 105.245 5.30718
4245.8 103.574 5.30550
4247.2 110.632 5.55352
4248.6 114.471 5.72513
4250.0 118.647 5.79323
4251.4 115.134 5.66572
4252.8 113.390 5.62286
4254.2 122.561 5.83088
4255.6 120.041 5.76696
4257.0 110.315 5.48419
4258.4 115.817 5.60742
4259.8 119.992 5.72892
4261.2 113.778 5.59234
4262.6 128.538 5.87954
4264.0 115.133 5.69610
4265.4 122.312 5.86342
4266.8 108.995 5.49301
4268.2 110.757 5.37143
4269.6 109.370 5.35334
4271.0 117.506 5.54635
4272.4 104.022 5.35184
4273.8 112.069 5.54678
4275.2 112.159 5.57494
4276.6 120.000 5.72010
4278.0 114.967 5.59387
4279.4 110.684 5.33613
4280.8 110.382 5.48716
4282.2 119.013 5.61489
4283.6 111.632 5.46191
4285.0 108.171 5.24079
4286.4 95.087 5.05608
4287.8 111.788 5.45997
4289.2 107.524 5.35763
4290.6 110.345 5.38657
4292.0 109.843 5.41133
4293.4 111.752 5.41296
4294.8 111.527 5.42547
4296.2 108.793 5.36378
4297.6 101.692 5.09850
4299.0 99.618 5.22339
4300.4 105.696 5.23980
4301.8 108.095 5.30391
4303.2 108.101 5.28693
4304.6 111.465 5.39316
4306.0 111.629 5.43860
4307.4 108.979 5.36528
4308.8 117.617 5.52263
4310.2 107.590 5.33154
4311.6 104.841 5.33414
4313.0 110.374 5.53289
4314.4 109.444 5.36990
4315.8 110.070 5.49845
4317.2 111.914 5.31043
4318.6 103.067 5.17599
4320.0 112.258 5.39817
4321.4 104.394 5.11433
4322.8 95.595 4.89920
4324.2 100.946 5.01025
4325.6 104.156 5.17731
4327.0 100.722 4.93753
4328.4 88.958 4.77000
4329.8 106.481 5.10027
4331.2 99.480 4.97377
4332.6 89.807 4.61390
4334.0 78.293 4.30963
4335.4 77.902 4.20430
4336.8 49.525 3.35394
4338.2 56.546 3.58552
4339.6 68.916 3.98365
4341.0 76.795 4.35066
4342.4 81.435 4.38660
4343.8 100.708 4.94031
4345.2 105.560 5.02368
4346.6 106.594 5.22977
4348.0 94.382 4.91117
4349.4 101.801 4.98220
4350.8 96.825 4.80468
4352.2 112.802 5.22525
4353.6 107.833 5.22092
4355.0 115.843 5.37036
4356.4 109.086 5.27203
4357.8 108.099 5.56249
4359.2 114.025 5.93293
4360.6 115.476 5.83485
4362.0 114.409 5.57319
4363.4 120.139 5.56410
4364.8 110.854 5.27896
4366.2 108.394 5.15615
4367.6 113.098 5.33716
4369.0 115.176 5.34530
4370.4 111.323 5.32910
4371.8 102.361 5.01910
4373.2 110.141 5.21161
4374.6 113.923 5.31763
4376.0 112.693 5.29948
4377.4 114.572 5.34198
4378.8 115.897 5.37385
4380.2 104.580 5.08322
4381.6 109.215 5.18883
4383.0 104.296 5.07005
4384.4 113.068 5.22969
4385.8 117.252 5.39058
4387.2 109.154 5.19802
4388.6 115.897 5.30715
4390.0 110.702 5.22629
4391.4 107.636 5.10521
4392.8 108.370 5.13151
4394.2 102.685 5.01326
4395.6 106.665 5.13078
4397.0 106.106 5.19387
4398.4 106.489 5.24414
4399.8 112.636 5.43082
4401.2 110.703 5.38106
4402.6 108.343 5.28863
4404.0 117.893 5.44605
4405.4 109.700 5.29752
4406.8 103.129 5.05985
4408.2 116.206 5.35785
4409.6 108.380 5.20695
4411.0 110.828 5.26603
4412.4 107.254 5.12747
4413.8 102.569 5.01605
4415.2 106.242 5.10362
4416.6 113.711 5.29023
4418.0 118.636 5.37899
4419.4 107.702 5.17419
4420.8 113.261 5.19105
4422.2 113.176 5.27314
4423.6 109.711 5.15477
4425.0 110.571 5.15326
4426.4 116.686 5.40735
4427.8 115.682 5.33233
4429.2 105.158 5.02970
4430.6 107.457 5.10559
4432.0 101.807 4.78662
4433.4 111.645 5.23785
4434.8 115.864 5.31073
4436.2 113.717 5.29059
4437.6 107.442 5.07170
4439.0 113.791 5.17137
4440.4 100.816 4.87353
4441.8 102.897 4.86754
4443.2 107.614 4.98784
4444.6 105.309 4.97339
4446.0 109.877 5.09735
4447.4 106.575 5.06597
4448.8 116.618 5.25707
4450.2 105.646 5.00735
4451.6 104.853 4.90642
4453.0 109.093 5.02009
4454.4 113.183 5.12383
4455.8 107.066 5.03498
4457.2 109.543 5.02402
4458.6 104.422 4.88826
4460.0 106.261 4.94998
4461.4 110.206 5.02283
4462.8 105.716 4.94122
4464.2 105.400 4.90705
4465.6 100.213 4.76040
4467.0 104.310 4.86689
4468.4 110.267 5.10141
4469.8 105.739 4.88662
4471.2 108.471 4.99428
4472.6 111.185 5.02356
4474.0 107.561 5.02629
4475.4 108.341 5.04620
4476.8 99.043 4.77467
4478.2 99.897 4.77481
4479.6 106.257 4.94520
4481.0 108.530 4.97379
4482.4 112.106 5.06771
4483.8 105.230 4.94214
4485.2 108.889 4.92412
4486.6 105.584 4.96188
4488.0 105.799 4.88782
4489.4 105.578 4.92090
4490.8 101.079 4.72053
4492.2 104.481 4.88450
4493.6 109.152 5.01007
4495.0 109.526 5.09661
4496.4 111.908 4.97298
4497.8 103.087 4.92122
4499.2 116.174 5.12418
4500.6 107.451 5.01107
4502.0 110.014 5.10982
4503.4 110.169 5.07808
4504.8 106.553 4.93338
4506.2 111.123 5.03855
4507.6 108.881 4.94798
4509.0 109.564 5.00518
4510.4 108.621 5.03197
4511.8 108.059 4.96929
4513.2 110.390 4.98512
4514.6 105.929 4.89950
4516.0 110.983 4.98186
4517.4 107.379 4.87238
4518.8 101.873 4.71015
4520.2 104.180 4.75415
4521.6 105.627 4.79699
4523.0 105.842 4.82031
4524.4 106.951 4.83127
4525.8 105.190 4.77097
4527.2 100.464 4.68294
4528.6 104.021 4.74533
4530.0 100.082 4.61805
4531.4 99.654 4.60951
4532.8 104.073 4.69935
4534.2 107.427 4.87692
4535.6 108.656 4.88093
4537.0 109.169 4.94624
4538.4 109.001 4.97985
4539.8 103.222 4.87233
4541.2 112.074 5.13724
4542.6 105.518 4.92974
4544.0 108.970 4.92602
4545.4 106.836 4.80258
4546.8 95.938 4.58583
4548.2 102.414 4.77459
4549.6 111.605 4.91134
4551.0 103.131 4.78706
4552.4 100.055 4.65547
4553.8 106.657 4.86176
4555.2 105.884 4.80874
4556.6 105.196 4.87654
4558.0 112.402 5.03541
4559.4 107.831 4.91391
4560.8 102.210 4.81494
4562.2 109.068 5.01027
4563.6 108.705 4.94624
4565.0 109.778 4.97616
4566.4 108.431 4.92910
4567.8 109.590 4.98190
4569.2 102.612 4.80056
4570.6 101.191 4.78763
4572.0 112.196 4.95099
4573.4 104.927 4.84349
4574.8 105.956 4.78537
4576.2 105.474 4.76029
4577.6 106.517 4.83767
4579.0 103.119 4.60163
4580.4 99.344 4.57854
4581.8 110.256 4.86427
4583.2 109.346 4.92715
4584.6 112.048 4.99080
4586.0 110.209 4.95004
4587.4 107.063 4.83354
4588.8 108.348 4.87892
4590.2 108.751 4.92736
4591.6 106.222 4.82260
4593.0 108.727 4.88272
4594.4 110.733 4.85785
4595.8 108.929 4.90554
4597.2 105.916 4.62096
4598.6 108.956 4.83777
4600.0 107.066 4.75903
4601.4 110.933 4.87914
4602.8 107.029 4.71276
4604.2 110.955 4.86488
4605.6 115.914 5.30639
4607.0 110.209 4.98770
4608.4 108.111 4.76891
4609.8 108.472 4.87363
4611.2 114.191 5.16743
4612.6 109.653 4.85709
4614.0 108.770 4.75349
4615.4 109.243 4.86644
4616.8 110.921 4.85459
4618.2 104.308 4.70098
4619.6 108.735 4.77775
4621.0 112.749 4.91574
4622.4 103.417 4.67504
4623.8 112.967 4.86404
4625.2 108.588 4.78124
4626.6 98.253 4.41193
4628.0 111.409 4.83438
4629.4 111.338 4.82025
4630.8 105.218 4.68486
4632.2 105.939 4.68599
4633.6 107.361 4.74624
4635.0 109.920 4.85341
4636.4 108.676 4.79940
4637.8 106.547 4.77594
4639.2 105.029 4.65187
4640.6 110.963 4.79546
4642.0 106.066 4.75563
4643.4 110.112 4.83100
4644.8 104.883 4.70578
4646.2 103.632 4.64430
4647.6 103.529 4.66641
4649.0 108.805 4.88418
4650.4 110.398 4.87123
4651.8 106.314 4.72364
4653.2 104.611 4.64084
4654.6 103.913 4.73043
4656.0 109.762 4.82530
4657.4 108.940 4.83970
4658.8 104.426 4.68585
4660.2 103.698 4.63593
4661.6 101.649 4.62989
4663.0 105.499 4.80557
4664.4 105.069 4.80018
4665.8 102.017 4.68362
4667.2 109.026 4.80222
4668.6 109.338 4.82041
4670.0 106.785 4.75322
4671.4 108.343 4.82090
4672.8 116.069 4.95652
4674.2 99.167 4.51226
4675.6 102.920 4.63592
4677.0 105.298 4.74186
4678.4 109.030 4.77183
4679.8 104.932 4.61549
4681.2 105.615 4.74248
4682.6 106.827 4.66438
4684.0 108.367 4.76386
4685.4 109.147 4.75432
4686.8 104.104 4.59845
4688.2 104.559 4.60076
4689.6 107.050 4.66356
4691.0 104.974 4.64178
4692.4 108.897 4.67307
4693.8 107.344 4.75218
4695.2 107.521 4.65409
4696.6 102.807 4.56222
4698.0 101.349 4.51874
4699.4 105.602 4.60776
4700.8 102.786 4.53165
4702.2 109.003 4.73850
4703.6 110.856 4.69725
4705.0 104.935 4.66000
4706.4 107.328 4.60706
4707.8 106.670 4.63461
4709.2 107.212 4.65560
4710.6 102.781 4.54542
4712.0 103.554 4.62622
4713.4 109.648 4.76290
4714.8 109.702 4.76181
4716.2 107.532 4.68035
4717.6 102.758 4.56183
4719.0 104.873 4.61296
4720.4 100.322 4.55052
4721.8 107.413 4.67555
4723.2 102.196 4.59827
4724.6 110.543 4.82274
4726.0 107.288 4.84877
4727.4 108.057 4.79847
4728.8 104.714 4.70823
4730.2 101.073 4.61489
4731.6 109.715 4.81495
4733.0 104.428 4.72380
4734.4 110.666 4.82624
4735.8 105.592 4.66803
4737.2 103.887 4.75399
4738.6 107.682 4.75765
4740.0 110.796 4.95230
4741.4 112.336 4.96597
4742.8 110.018 4.97216
4744.2 109.382 4.88863
4745.6 111.683 4.97177
4747.0 112.272 4.93758
4748.4 108.210 4.77071
4749.8 104.356 4.68712
4751.2 106.793 4.69508
4752.6 106.415 4.67458
4754.0 103.346 4.65525
4755.4 109.779 4.75499
4756.8 111.923 4.83076
4758.2 109.194 4.69746
4759.6 102.830 4.51546
4761.0 101.176 4.47562
4762.4 108.059 4.68752
4763.8 104.421 4.60289
4765.2 109.115 4.66108
4766.6 106.160 4.60798
4768.0 107.185 4.61147
4769.4 106.160 4.60145
4770.8 105.735 4.59331
4772.2 107.233 4.63665
4773.6 110.354 4.69467
4775.0 104.493 4.53465
4776.4 106.501 4.60819
4777.8 102.979 4.58915
4779.2 106.216 4.65299
4780.6 104.524 4.57809
4782.0 103.906 4.54150
4783.4 103.431 4.50884
4784.8 105.448 4.55705
4786.2 106.360 4.57142
4787.6 107.617 4.65652
4789.0 111.443 4.72811
4790.4 104.820 4.54793
4791.8 104.783 4.52860
4793.2 108.910 4.66286
4794.6 106.233 4.52289
4796.0 97.782 4.33908
4797.4 102.260 4.47556
4798.8 104.570 4.61300
4800.2 107.232 4.65468
4801.6 102.974 4.43209
4803.0 101.690 4.43909
4804.4 98.542 4.34534
4805.8 104.624 4.48860
4807.2 99.121 4.38259
4808.6 107.425 4.65981
4810.0 107.970 4.62431
4811.4 104.416 4.55676
4812.8 105.796 4.56446
4814.2 105.839 4.48328
4815.6 104.597 4.58815
4817.0 108.365 4.63030
4818.4 108.150 4.66317
4819.8 102.608 4.45627
4821.2 100.681 4.39357
4822.6 97.279 4.28185
4824.0 101.139 4.41107
4825.4 104.019 4.47165
4826.8 93.886 4.28337
4828.2 107.161 4.61839
4829.6 104.454 4.51024
4831.0 99.130 4.37699
4832.4 107.035 4.54754
4833.8 107.251 4.58625
4835.2 106.445 4.60191
4836.6 99.465 4.30728
4838.0 97.505 4.31774
4839.4 96.641 4.28353
4840.8 98.419 4.27788
4842.2 99.046 4.37477
4843.6 94.988 4.20537
4845.0 93.475 4.16443
4846.4 95.930 4.22510
4847.8 95.690 4.16586
4849.2 94.649 4.19904
4850.6 91.883 4.13355
4852.0 82.663 3.90647
4853.4 83.255 3.83081
4854.8 77.108 3.60588
4856.2 64.407 3.19682
4857.6 50.124 2.84637
4859.0 56.739 2.97567
4860.4 70.531 3.43603
4861.8 83.938 3.86380
4863.2 82.767 3.93275
4864.6 88.714 3.98540
4866.0 91.044 4.12512
4867.4 86.243 3.99425
4868.8 88.652 4.05845
4870.2 94.423 4.22164
4871.6 98.828 4.33446
4873.0 97.290 4.29124
4874.4 90.897 4.13578
4875.8 96.961 4.36585
4877.2 99.069 4.37777
4878.6 99.893 4.43341
4880.0 100.980 4.45071
4881.4 98.400 4.38751
4882.8 97.420 4.33571
4884.2 101.245 4.50791
4885.6 97.986 4.39153
4887.0 94.277 4.32697
4888.4 97.079 4.32181
4889.8 98.691 4.39389
4891.2 97.137 4.30031
4892.6 100.484 4.39346
4894.0 101.954 4.41721
4895.4 100.445 4.39906
4896.8 103.368 4.46801
4898.2 103.576 4.45437
4899.6 99.000 4.29813
4901.0 96.607 4.29979
4902.4 107.646 4.49173
4903.8 99.415 4.32518
4905.2 100.427 4.31773
4906.6 100.311 4.34508
4908.0 102.756 4.38420
4909.4 101.658 4.33122
4910.8 103.374 4.51428
4912.2 106.487 4.39544
4913.6 104.912 4.56351
4915.0 99.675 4.30445
4916.4 97.184 4.29361
4917.8 98.964 4.20736
4919.2 99.758 4.31593
4920.6 97.006 4.18234
4922.0 97.419 4.23515
4923.4 106.508 4.45942
4924.8 102.980 4.39798
4926.2 101.121 4.41219
4927.6 103.503 4.44543
4929.0 108.736 4.53493
4930.4 97.445 4.29187
4931.8 102.724 4.30710
4933.2 101.767 4.44886
4934.6 100.847 4.21740
4936.0 101.228 4.31792
4937.4 102.147 4.36634
4938.8 105.961 4.42614
4940.2 104.216 4.39174
4941.6 106.311 4.41713
4943.0 96.885 4.25118
4944.4 102.109 4.36059
4945.8 104.676 4.46280
4947.2 102.999 4.38751
4948.6 98.912 4.27288
4950.0 101.679 4.28486
4951.4 99.976 4.26007
4952.8 101.034 4.30370
4954.2 96.538 4.14043
4955.6 95.097 4.13395
4957.0 103.690 4.36777
4958.4 105.533 4.38031
4959.8 99.629 4.35717
4961.2 99.571 4.21305
4962.6 97.572 4.24678
4964.0 98.674 4.24290
4965.4 101.644 4.33827
4966.8 102.215 4.34654
4968.2 102.292 4.32137
4969.6 102.742 4.36068
4971.0 105.844 4.42677
4972.4 103.442 4.40071
4973.8 101.263 4.35961
4975.2 102.437 4.30798
4976.6 101.857 4.38228
4978.0 99.764 4.26899
4979.4 94.556 4.16010
4980.8 94.452 4.13214
4982.2 96.267 4.21254
4983.6 97.292 4.31278
4985.0 101.982 4.39875
4986.4 99.976 4.32767
4987.8 101.216 4.31260
4989.2 99.502 4.26865
4990.6 98.622 4.34335
4992.0 101.003 4.35551
4993.4 101.453 4.34816
4994.8 99.500 4.21911
4996.2 98.673 4.24721
4997.6 97.935 4.13148
4999.0 94.947 4.10063
