3900.0 180.107 10.65370
3901.4 181.157 11.00810
3902.8 173.145 11.12860
3904.2 199.543 11.26870
3905.6 192.889 10.91450
3907.0 196.793 11.40220
3908.4 202.004 12.42060
3909.8 208.620 12.10460
3911.2 211.257 12.37240
3912.6 227.415 12.93940
3914.0 218.824 13.12450
3915.4 209.469 11.82330
3916.8 217.242 12.30760
3918.2 221.869 12.54140
3919.6 224.476 12.44710
3921.0 219.791 12.03510
3922.4 214.795 11.73230
3923.8 222.684 12.05840
3925.2 219.850 12.10270
3926.6 225.293 11.90040
3928.0 218.251 11.55300
3929.4 215.679 11.54450
3930.8 207.345 10.96910
3932.2 191.140 10.46090
3933.6 160.593 9.79600
3935.0 91.712 6.90732
3936.4 71.146 6.37769
3937.8 140.164 8.75248
3939.2 192.447 10.87000
3940.6 207.297 11.45170
3942.0 220.224 11.38060
3943.4 217.652 11.59120
3944.8 225.621 11.38390
3946.2 206.463 11.03580
3947.6 212.074 11.23260
3949.0 209.440 11.26720
3950.4 208.705 10.93600
3951.8 211.772 11.16500
3953.2 204.589 10.85080
3954.6 202.373 10.86280
3956.0 201.793 10.88700
3957.4 199.124 10.94290
3958.8 187.200 10.09440
3960.2 186.605 10.20060
3961.6 185.851 10.07220
3963.0 176.285 9.87164
3964.4 167.039 9.64375
3965.8 163.865 9.41499
3967.2 151.078 8.80761
3968.6 125.511 7.58990
3970.0 74.139 5.67592
3971.4 51.932 5.31332
3972.8 65.261 6.29009
3974.2 98.947 7.55107
3975.6 126.200 8.65661
3977.0 137.856 9.35893
3978.4 150.247 9.61455
3979.8 160.242 10.14170
3981.2 169.512 10.36180
3982.6 181.499 11.09100
3984.0 180.067 11.10900
3985.4 194.648 11.64620
3986.8 194.360 11.12210
3988.2 210.198 11.19690
3989.6 203.093 11.00660
3991.0 203.980 10.96980
3992.4 205.797 10.99550
3993.8 204.464 10.71400
3995.2 216.387 11.19150
3996.6 216.442 10.80350
3998.0 214.116 10.68860
3999.4 203.377 10.55180
4000.8 206.877 10.26680
4002.2 212.068 10.65830
4003.6 217.308 10.87970
4005.0 211.642 10.49870
4006.4 219.753 10.69980
4007.8 207.540 10.31050
4009.2 208.889 10.19590
4010.6 212.229 10.46130
4012.0 218.447 10.54130
4013.4 214.797 10.56750
4014.8 211.444 10.37600
4016.2 212.025 10.36620
4017.6 215.390 10.19050
4019.0 222.411 11.78820
4020.4 234.459 12.07970
4021.8 221.275 11.10660
4023.2 222.351 10.37310
4024.6 222.366 10.73630
4026.0 214.173 10.42500
4027.4 210.216 10.10790
4028.8 214.652 10.46120
4030.2 212.116 10.17340
4031.6 217.875 10.51440
4033.0 210.362 10.08700
4034.4 214.427 10.43340
4035.8 210.884 10.55850
4037.2 217.132 10.29150
4038.6 215.431 10.57080
4040.0 225.071 10.61610
4041.4 221.954 10.96360
4042.8 222.156 10.91730
4044.2 217.508 10.44350
4045.6 218.096 10.40650
4047.0 210.094 10.06870
4048.4 202.776 10.13760
4049.8 214.773 10.44620
4051.2 221.205 10.35730
4052.6 219.630 10.48120
4054.0 222.863 10.39510
4055.4 214.991 10.54830
4056.8 204.406 10.36720
4058.2 218.269 10.50960
4059.6 212.248 10.29950
4061.0 216.391 10.23660
4062.4 207.779 10.28710
4063.8 219.975 10.51160
4065.2 200.647 9.90103
4066.6 207.960 10.26240
4068.0 205.669 10.20790
4069.4 208.557 10.07270
4070.8 202.847 10.07320
4072.2 206.416 10.07740
4073.6 202.633 10.42500
4075.0 203.454 10.49090
4076.4 205.943 10.41180
4077.8 207.241 10.37040
4079.2 191.356 9.83650
4080.6 186.143 9.84670
4082.0 191.637 9.83572
4083.4 199.698 9.91332
4084.8 197.383 10.03910
4086.2 195.869 9.68145
4087.6 187.800 9.45208
4089.0 190.800 9.43123
4090.4 191.897 9.51509
4091.8 189.763 9.32896
4093.2 179.414 9.11762
4094.6 168.286 9.15443
4096.0 169.279 8.69726
4097.4 160.828 8.07871
4098.8 145.731 7.69065
4100.2 135.646 7.45930
4101.6 117.859 6.66872
4103.0 88.613 5.71624
4104.4 73.522 5.39938
4105.8 97.339 6.38954
4107.2 125.792 7.44415
4108.6 136.854 7.63701
4110.0 154.625 8.27605
4111.4 156.309 8.11386
4112.8 164.595 8.40057
4114.2 170.942 8.68606
4115.6 175.877 8.76116
4117.0 181.795 8.99280
4118.4 184.621 9.08934
4119.8 185.672 9.13986
4121.2 187.787 9.16959
4122.6 192.485 8.99093
4124.0 187.990 9.02516
4125.4 198.878 9.59504
4126.8 199.613 9.51247
4128.2 200.566 9.92034
4129.6 193.742 9.37673
4131.0 195.451 9.48336
4132.4 195.870 9.29506
4133.8 196.076 9.45369
4135.2 188.765 9.25894
4136.6 196.869 9.85630
4138.0 202.525 9.75276
4139.4 197.281 9.46066
4140.8 208.737 9.66851
4142.2 203.491 9.78612
4143.6 204.642 9.76494
4145.0 198.185 9.66413
4146.4 193.950 9.33317
4147.8 200.183 9.51433
4149.2 210.021 9.95022
4150.6 204.612 9.74703
4152.0 197.238 9.40667
4153.4 202.946 9.32764
4154.8 202.670 9.41264
4156.2 200.345 9.42548
4157.6 195.948 9.17228
4159.0 195.735 9.31477
4160.4 198.413 9.36159
4161.8 204.727 9.67009
4163.2 196.087 9.33636
4164.6 200.793 9.13675
4166.0 190.861 8.84577
4167.4 202.482 9.09279
4168.8 202.112 9.24096
4170.2 198.639 9.15908
4171.6 193.988 9.33613
4173.0 199.951 9.00739
4174.4 185.866 8.79310
4175.8 189.020 8.54406
4177.2 192.714 9.10287
4178.6 196.452 9.00812
4180.0 194.359 8.86882
4181.4 191.737 8.69502
4182.8 199.230 9.28105
4184.2 196.539 8.98034
4185.6 201.637 9.14480
4187.0 194.039 9.25077
4188.4 195.320 8.87563
4189.8 193.912 9.16402
4191.2 196.872 9.13237
4192.6 200.617 9.25440
4194.0 197.404 9.19917
4195.4 201.989 9.54488
4196.8 201.317 9.12712
4198.2 196.001 9.16776
4199.6 200.918 9.32856
4201.0 192.327 9.09632
4202.4 189.370 8.84608
4203.8 191.690 8.74294
4205.2 192.146 8.57130
4206.6 198.606 8.89970
4208.0 190.764 8.85492
4209.4 196.727 8.84827
4210.8 194.252 8.75228
4212.2 198.405 9.12285
4213.6 199.147 9.21967
4215.0 201.254 8.97929
4216.4 194.693 8.88419
4217.8 184.251 8.63885
4219.2 190.637 8.85468
4220.6 190.953 8.76508
4222.0 196.584 8.67458
4223.4 197.000 9.00119
4224.8 199.543 8.98242
4226.2 194.833 8.68519
4227.6 193.311 8.87239
4229.0 178.864 8.16773
4230.4 178.705 8.34162
4231.8 193.795 9.08545
4233.2 198.612 8.81269
4234.6 189.571 8.99172
4236.0 184.437 8.44828
4237.4 194.150 8.84486
4238.8 190.034 8.64483
4240.2 193.333 8.75388
4241.6 188.609 8.40301
4243.0 191.330 8.59880
4244.4 194.168 8.98664
4245.8 192.002 8.80052
4247.2 193.898 8.53617
4248.6 188.324 8.58951
4250.0 183.083 8.59805
4251.4 188.226 8.34043
4252.8 183.775 8.40667
4254.2 185.035 8.45516
4255.6 187.604 8.38813
4257.0 189.825 8.64278
4258.4 193.118 8.86426
4259.8 198.213 9.18091
4261.2 196.000 8.87531
4262.6 182.057 8.53240
4264.0 184.918 8.63448
4265.4 191.879 8.70845
4266.8 194.647 8.67787
4268.2 197.428 8.95299
4269.6 194.904 8.76369
4271.0 189.837 8.35222
4272.4 187.767 8.30073
4273.8 174.746 8.25446
4275.2 182.099 8.54066
4276.6 183.243 8.56614
4278.0 185.633 8.40676
4279.4 190.377 8.62025
4280.8 195.511 8.72732
4282.2 191.004 8.37980
4283.6 187.319 8.52005
4285.0 183.958 8.39149
4286.4 186.737 8.43793
4287.8 188.106 8.34948
4289.2 189.207 8.22356
4290.6 183.564 8.46870
4292.0 175.520 8.11368
4293.4 176.169 8.10779
4294.8 183.790 8.48484
4296.2 179.202 8.38303
4297.6 184.685 8.28776
4299.0 183.435 8.40374
4300.4 178.720 8.54649
4301.8 173.987 7.89866
4303.2 162.987 7.81835
4304.6 167.257 7.99257
4306.0 176.097 7.92151
4307.4 179.868 7.97468
4308.8 176.020 7.84204
4310.2 173.522 7.99933
4311.6 172.926 7.79008
4313.0 184.028 8.12871
4314.4 175.935 7.97089
4315.8 164.977 7.49689
4317.2 169.011 7.70820
4318.6 176.582 8.07120
4320.0 174.190 7.89980
4321.4 169.813 7.94431
4322.8 172.505 7.91047
4324.2 171.492 7.69172
4325.6 168.400 7.80713
4327.0 161.847 7.43944
4328.4 151.268 7.05564
4329.8 157.736 7.58716
4331.2 159.497 7.44174
4332.6 154.666 7.45678
4334.0 153.408 7.12805
4335.4 148.535 7.05667
4336.8 140.966 6.66008
4338.2 134.209 6.40863
4339.6 113.409 5.57379
4341.0 96.985 5.48539
4342.4 73.639 4.74549
4343.8 74.360 4.64171
4345.2 97.832 5.30578
4346.6 114.439 5.82820
4348.0 127.461 6.26585
4349.4 141.055 6.62232
4350.8 145.749 6.80320
4352.2 148.970 6.96016
4353.6 149.783 7.21945
4355.0 148.694 6.87500
4356.4 158.013 7.36097
4357.8 168.959 7.66807
4359.2 167.527 7.83919
4360.6 168.510 7.63291
4362.0 172.283 7.82963
4363.4 170.864 7.69035
4364.8 183.586 7.86883
4366.2 178.546 7.87867
4367.6 179.088 7.86502
4369.0 179.744 7.95758
4370.4 171.760 7.72334
4371.8 174.292 7.71153
4373.2 178.888 7.93779
4374.6 179.089 7.74550
4376.0 176.008 7.85019
4377.4 171.644 7.78706
4378.8 173.086 7.81662
4380.2 177.747 7.83415
4381.6 183.654 8.01620
4383.0 178.449 7.94746
4384.4 181.600 7.97602
4385.8 169.559 7.78168
4387.2 167.285 7.60568
4388.6 176.094 7.94804
4390.0 175.240 7.68390
4391.4 178.774 7.93045
4392.8 176.700 7.76513
4394.2 182.207 8.22583
4395.6 180.046 7.98832
4397.0 165.952 7.61426
4398.4 168.050 7.64597
4399.8 178.459 7.76757
4401.2 175.790 7.68058
4402.6 168.644 7.65817
4404.0 171.263 7.72308
4405.4 180.051 8.05181
4406.8 175.791 7.84266
4408.2 174.840 7.75744
4409.6 180.634 8.01395
4411.0 175.372 7.91271
4412.4 178.590 7.83547
4413.8 176.528 7.67387
4415.2 181.808 7.75548
4416.6 177.249 7.77297
4418.0 165.615 7.48581
4419.4 164.314 7.39204
4420.8 166.602 7.39105
4422.2 173.112 7.70819
4423.6 176.050 7.79371
4425.0 175.879 7.89136
4426.4 176.313 7.72227
4427.8 175.155 7.71032
4429.2 176.099 7.75963
4430.6 178.249 7.68329
4432.0 176.884 7.47738
4433.4 176.181 7.66579
4434.8 174.580 7.36980
4436.2 179.963 7.81515
4437.6 172.856 7.68968
4439.0 174.582 7.47870
4440.4 179.522 7.96088
4441.8 183.343 7.96159
4443.2 175.811 7.73477
4444.6 169.284 7.54480
4446.0 168.104 7.43369
4447.4 168.135 7.58679
4448.8 175.416 7.63640
4450.2 177.910 7.49873
4451.6 176.186 7.69099
4453.0 174.350 7.56713
4454.4 174.106 7.64795
4455.8 171.532 7.46888
4457.2 168.674 7.57458
4458.6 172.307 7.60079
4460.0 176.376 7.84709
4461.4 174.323 7.46979
4462.8 171.094 7.57729
4464.2 171.757 7.42224
4465.6 176.956 7.89718
4467.0 176.358 7.70793
4468.4 171.435 7.51380
4469.8 166.204 7.48078
4471.2 164.694 7.23889
4472.6 166.937 7.40327
4474.0 175.422 7.56517
4475.4 176.265 7.60632
4476.8 179.372 7.98354
4478.2 173.931 7.51651
4479.6 174.412 7.47043
4481.0 173.753 7.46662
4482.4 171.944 7.53064
4483.8 159.478 7.28911
4485.2 166.012 7.32746
4486.6 173.484 8.02969
4488.0 171.095 7.50586
4489.4 177.920 7.50447
4490.8 165.785 7.37497
4492.2 169.043 7.43555
4493.6 167.800 7.32225
4495.0 174.168 7.41169
4496.4 172.025 7.42703
4497.8 167.254 7.22820
4499.2 172.028 7.48053
4500.6 170.156 7.34490
4502.0 168.973 7.37108
4503.4 168.251 7.30397
4504.8 167.071 7.20678
4506.2 173.483 7.67812
4507.6 175.583 7.74798
4509.0 172.690 7.41489
4510.4 172.087 7.21535
4511.8 172.224 7.36760
4513.2 169.020 7.40680
4514.6 174.982 7.44607
4516.0 175.473 7.73770
4517.4 167.011 7.34014
4518.8 166.054 7.11877
4520.2 170.596 7.32873
4521.6 170.666 7.52217
4523.0 168.469 7.30797
4524.4 169.776 7.26629
4525.8 170.315 7.30732
4527.2 169.470 7.22781
4528.6 169.615 7.39750
4530.0 169.654 7.35552
4531.4 167.640 7.23410
4532.8 173.835 7.42730
4534.2 169.795 7.37743
4535.6 164.121 7.57068
4537.0 165.324 7.79761
4538.4 168.878 7.66003
4539.8 170.719 7.40128
4541.2 173.306 7.39949
4542.6 173.056 inf
4544.0 172.806 inf
4545.4 172.556 7.76962
4546.8 171.894 7.41546
4548.2 172.542 7.40306
4549.6 175.470 7.43685
4551.0 160.114 7.08632
4552.4 154.751 6.93714
4553.8 164.900 6.99298
4555.2 172.721 7.32375
4556.6 165.369 7.22862
4558.0 158.089 7.12842
4559.4 167.342 7.23717
4560.8 164.766 6.99886
4562.2 173.542 7.40112
4563.6 169.424 7.35367
4565.0 164.656 7.17271
4566.4 159.929 7.10678
4567.8 170.342 7.42649
4569.2 171.577 7.42191
4570.6 170.655 7.51189
4572.0 172.151 7.43551
4573.4 166.438 7.25975
4574.8 167.221 7.38915
4576.2 165.516 7.25919
4577.6 171.483 7.59735
4579.0 169.886 7.17706
4580.4 173.673 7.30215
4581.8 166.433 7.17990
4583.2 168.957 7.08632
4584.6 162.424 6.97372
4586.0 159.107 6.73667
4587.4 160.272 6.85945
4588.8 162.269 7.04516
4590.2 170.375 7.19483
4591.6 165.610 7.04729
4593.0 162.440 7.00138
4594.4 169.299 7.11862
4595.8 166.404 7.06087
4597.2 166.208 7.14185
4598.6 166.474 6.94676
4600.0 171.442 7.29427
4601.4 169.435 7.25322
4602.8 168.801 7.17797
4604.2 167.739 7.01655
4605.6 165.403 7.10825
4607.0 169.698 6.96487
4608.4 168.911 7.03881
4609.8 167.168 6.91697
4611.2 167.370 7.03361
4612.6 164.919 6.87928
4614.0 167.100 7.03175
4615.4 167.485 7.18595
4616.8 169.757 7.43162
4618.2 166.785 7.10125
4619.6 170.055 7.14694
4621.0 165.683 6.99209
4622.4 160.285 6.85497
4623.8 167.487 7.10290
4625.2 164.841 7.08407
4626.6 169.551 7.05368
4628.0 165.016 7.11737
4629.4 162.694 6.71016
4630.8 164.823 6.91951
4632.2 162.432 6.88477
4633.6 169.110 7.13897
4635.0 167.070 7.00250
4636.4 163.148 6.99846
4637.8 162.457 6.95713
4639.2 163.096 6.85490
4640.6 167.116 7.09459
4642.0 161.817 7.06461
4643.4 165.733 7.05153
4644.8 166.575 6.95934
4646.2 161.849 6.77004
4647.6 168.520 7.00843
4649.0 163.759 6.96796
4650.4 159.215 6.75028
4651.8 166.759 7.21785
4653.2 166.634 7.20859
4654.6 166.154 6.99603
4656.0 164.365 6.84035
4657.4 168.004 7.10292
4658.8 161.864 6.85192
4660.2 164.736 7.00865
4661.6 166.105 7.01822
4663.0 161.984 6.98738
4664.4 163.810 7.01703
4665.8 159.358 7.12069
4667.2 164.532 6.76316
4668.6 162.945 6.83722
4670.0 160.298 6.80525
4671.4 162.553 6.88105
4672.8 163.233 6.99346
4674.2 164.760 7.13877
4675.6 164.932 7.11170
4677.0 164.339 6.95487
4678.4 163.056 6.99152
4679.8 162.073 6.93791
4681.2 162.926 6.95456
4682.6 162.431 6.79803
4684.0 163.743 6.85944
4685.4 163.000 6.78929
4686.8 162.676 6.78359
4688.2 164.356 6.91139
4689.6 160.758 6.82426
4691.0 161.447 6.94596
4692.4 163.889 7.00541
4693.8 162.954 6.83987
4695.2 164.026 6.70611
4696.6 164.277 6.66199
4698.0 159.117 6.56998
4699.4 158.743 6.54629
4700.8 161.416 6.81805
4702.2 161.288 6.86590
4703.6 164.584 6.98040
4705.0 160.743 6.79311
4706.4 158.347 6.82023
4707.8 165.334 7.00428
4709.2 161.771 6.77903
4710.6 161.913 6.86026
4712.0 161.514 6.86528
4713.4 164.432 6.97279
4714.8 167.301 6.99035
4716.2 164.122 6.92399
4717.6 161.167 6.97129
4719.0 161.277 6.79430
4720.4 162.016 6.84806
4721.8 161.079 7.02956
4723.2 161.796 7.14832
4724.6 161.316 7.09388
4726.0 159.271 6.96953
4727.4 160.585 7.04669
4728.8 161.437 6.74757
4730.2 163.529 6.94801
4731.6 163.933 7.14756
4733.0 158.038 6.88984
4734.4 165.179 7.00055
4735.8 164.576 6.97421
4737.2 164.924 7.20397
4738.6 156.636 6.65361
4740.0 157.596 6.78965
4741.4 158.618 6.91946
4742.8 163.705 6.84888
4744.2 160.705 6.76103
4745.6 159.944 7.01710
4747.0 160.644 6.84202
4748.4 160.908 6.76309
4749.8 161.512 6.73524
4751.2 160.553 6.69950
4752.6 162.589 6.77677
4754.0 162.967 6.73818
4755.4 159.830 6.83738
4756.8 159.033 6.70090
4758.2 161.842 6.78728
4759.6 162.192 6.79324
4761.0 158.353 6.71697
4762.4 160.178 6.61886
4763.8 161.332 6.68793
4765.2 156.395 6.50063
4766.6 153.623 6.61253
4768.0 161.181 6.78486
4769.4 157.888 6.60987
4770.8 164.131 6.79474
4772.2 159.690 6.43371
4773.6 159.285 6.58490
4775.0 155.704 6.47768
4776.4 160.404 6.79580
4777.8 160.450 6.68628
4779.2 157.101 6.66065
4780.6 159.094 6.62102
4782.0 156.273 6.68178
4783.4 155.450 6.39004
4784.8 156.663 6.58382
4786.2 156.794 6.50607
4787.6 156.859 6.62456
4789.0 151.726 6.68748
4790.4 155.814 6.33067
4791.8 160.678 6.70771
4793.2 158.532 6.55759
4794.6 156.784 6.58366
4796.0 158.985 6.56964
4797.4 161.250 6.84485
4798.8 160.373 6.60413
4800.2 155.539 6.54975
4801.6 152.628 6.29619
4803.0 156.206 6.57810
4804.4 153.298 6.39495
4805.8 154.814 6.53380
4807.2 152.616 6.50382
4808.6 151.403 6.45567
4810.0 155.152 6.42619
4811.4 155.661 6.37610
4812.8 156.274 6.43827
4814.2 155.434 6.43993
4815.6 152.565 6.27986
4817.0 158.837 6.84573
4818.4 155.070 6.72619
4819.8 157.265 6.54874
4821.2 154.161 6.44356
4822.6 152.085 6.38404
4824.0 152.602 6.27842
4825.4 151.345 6.35623
4826.8 149.905 6.28776
4828.2 151.098 6.28283
4829.6 154.363 6.42382
4831.0 154.475 6.51285
4832.4 151.422 6.28910
4833.8 151.811 6.28736
4835.2 151.655 6.14720
4836.6 150.077 6.32634
4838.0 155.111 6.44044
4839.4 151.293 6.54766
4840.8 148.577 6.35245
4842.2 148.922 6.48230
4843.6 149.588 6.25467
4845.0 146.653 6.16499
4846.4 142.194 6.26537
4847.8 143.218 6.13350
4849.2 141.156 6.09538
4850.6 140.809 6.03387
4852.0 135.618 5.78600
4853.4 134.280 5.67644
4854.8 135.385 5.78663
4856.2 131.477 5.73277
4857.6 125.488 5.30396
4859.0 114.736 5.01490
4860.4 105.716 4.74397
4861.8 99.674 4.60375
4863.2 77.949 4.01882
4864.6 65.660 3.88218
4866.0 82.851 4.22628
4867.4 102.150 4.80806
4868.8 111.021 4.92564
4870.2 120.245 5.37171
4871.6 123.913 5.52329
4873.0 125.400 5.57266
4874.4 129.019 5.77404
4875.8 128.558 5.92481
4877.2 135.823 5.88000
4878.6 135.700 6.06513
4880.0 136.790 6.05151
4881.4 139.629 6.28682
4882.8 141.859 6.09552
4884.2 143.296 6.34306
4885.6 141.667 6.15478
4887.0 141.246 6.24482
4888.4 144.736 6.11573
4889.8 143.785 6.00933
4891.2 141.429 5.99513
4892.6 144.330 6.15046
4894.0 142.860 6.05810
4895.4 140.874 6.21094
4896.8 149.662 6.33521
4898.2 147.441 6.52340
4899.6 149.091 6.27386
4901.0 149.479 6.28499
4902.4 147.681 6.17123
4903.8 148.010 6.17879
4905.2 148.845 6.20738
4906.6 152.431 6.47351
4908.0 152.048 6.25621
4909.4 150.541 6.18758
4910.8 151.060 6.33454
4912.2 146.983 6.26521
4913.6 146.965 6.24947
4915.0 148.434 6.29568
4916.4 151.177 6.25345
4917.8 147.900 6.19386
4919.2 151.771 6.24160
4920.6 148.110 6.31939
4922.0 142.972 6.02697
4923.4 142.511 6.06209
4924.8 143.704 6.16732
4926.2 142.766 6.05903
4927.6 142.313 6.01911
4929.0 145.605 6.14219
4930.4 146.711 6.19856
4931.8 149.587 6.31115
4933.2 153.329 6.33769
4934.6 147.730 6.20778
4936.0 143.906 6.20491
4937.4 139.883 6.01599
4938.8 147.923 6.09560
4940.2 150.164 6.15936
4941.6 148.282 6.28101
4943.0 147.312 6.15585
4944.4 149.735 6.29242
4945.8 148.853 6.40057
4947.2 149.145 6.11897
4948.6 151.676 6.15729
4950.0 149.755 6.23866
4951.4 148.221 6.12482
4952.8 151.266 6.23460
4954.2 151.270 6.11662
4955.6 148.055 5.95438
4957.0 148.925 6.26032
4958.4 146.692 6.26505
4959.8 142.147 5.94381
4961.2 137.239 5.74715
4962.6 143.772 5.87483
4964.0 146.740 6.06251
4965.4 145.692 6.06401
4966.8 146.509 6.17366
4968.2 149.043 6.28152
4969.6 147.050 6.16358
4971.0 146.717 6.02704
4972.4 148.337 6.12931
4973.8 145.358 6.04999
4975.2 144.669 6.08068
4976.6 149.460 6.14820
4978.0 149.821 6.23611
4979.4 149.259 6.06234
4980.8 149.320 6.05183
4982.2 144.405 6.11889
4983.6 148.647 6.14056
4985.0 149.300 6.08570
4986.4 143.165 5.80045
4987.8 145.000 5.90480
4989.2 147.011 5.98815
4990.6 146.417 6.15342
4992.0 147.119 6.15609
4993.4 146.309 6.48835
4994.8 148.945 7.03781
4996.2 149.342 inf
4997.6 149.739 7.98303
4999.0 149.739 inf
