3900.0 267.057 11.71630
3901.4 255.943 11.17210
3902.8 279.803 11.95670
3904.2 284.603 12.16830
3905.6 287.495 12.60260
3907.0 283.670 12.15730
3908.4 305.373 13.00590
3909.8 309.858 13.21310
3911.2 333.316 13.73170
3912.6 331.958 13.49010
3914.0 319.352 13.13590
3915.4 307.965 12.39240
3916.8 315.243 13.27860
3918.2 325.265 13.49660
3919.6 322.097 13.60350
3921.0 327.481 13.71750
3922.4 326.638 13.58550
3923.8 338.150 14.29290
3925.2 322.868 13.83400
3926.6 339.193 13.82100
3928.0 333.705 13.39720
3929.4 320.699 13.18130
3930.8 309.962 12.40990
3932.2 269.432 11.41250
3933.6 193.458 8.85204
3935.0 105.778 6.56632
3936.4 149.749 7.95429
3937.8 252.772 11.19310
3939.2 299.238 12.13190
3940.6 313.600 12.66080
3942.0 331.373 12.95380
3943.4 324.487 12.85250
3944.8 309.334 12.50860
3946.2 303.348 12.41990
3947.6 329.138 13.06800
3949.0 311.016 12.26090
3950.4 313.729 12.20370
3951.8 304.108 12.28840
3953.2 301.450 12.29320
3954.6 309.236 12.35150
3956.0 306.570 12.09750
3957.4 292.297 11.91240
3958.8 286.640 11.43790
3960.2 277.173 11.26700
3961.6 280.513 11.02410
3963.0 263.070 10.60920
3964.4 241.838 10.10060
3965.8 231.688 9.55940
3967.2 207.840 8.52397
3968.6 151.968 6.89643
3970.0 85.365 5.05578
3971.4 78.607 5.25270
3972.8 125.457 6.42876
3974.2 182.986 8.28356
3975.6 206.028 8.97110
3977.0 227.771 9.94919
3978.4 241.858 10.28310
3979.8 257.993 10.88400
3981.2 273.580 11.51770
3982.6 278.336 11.68370
3984.0 285.036 11.80850
3985.4 292.309 12.27130
3986.8 291.233 12.15660
3988.2 301.629 13.03130
3989.6 310.574 12.90320
3991.0 319.825 12.84200
3992.4 314.090 12.68000
3993.8 318.888 12.64350
3995.2 337.509 13.45930
3996.6 329.459 12.99880
3998.0 321.122 12.88790
3999.4 311.913 12.52240
4000.8 318.187 12.60910
4002.2 329.709 13.02870
4003.6 327.009 12.71800
4005.0 329.012 12.38140
4006.4 310.754 12.07600
4007.8 310.247 12.00870
4009.2 324.094 12.61380
4010.6 323.539 12.69410
4012.0 325.108 12.33290
4013.4 319.594 12.18720
4014.8 320.792 12.13650
4016.2 325.522 12.60370
4017.6 321.448 12.05810
4019.0 330.822 12.14570
4020.4 328.352 12.66180
4021.8 342.741 13.13610
4023.2 320.513 12.02730
4024.6 326.833 12.37460
4026.0 319.949 12.07610
4027.4 317.960 12.29360
4028.8 322.915 12.34530
4030.2 311.395 12.02600
4031.6 314.533 12.11980
4033.0 309.079 12.15310
4034.4 310.058 12.43290
4035.8 320.439 12.16240
4037.2 320.260 12.22670
4038.6 318.667 12.06560
4040.0 327.919 12.15870
4041.4 323.447 12.21610
4042.8 327.584 12.46730
4044.2 318.014 12.16100
4045.6 323.163 12.07820
4047.0 299.961 11.48870
4048.4 305.153 12.13800
4049.8 320.607 12.14250
4051.2 326.362 12.23110
4052.6 326.545 12.43140
4054.0 316.643 12.10310
4055.4 314.575 11.66190
4056.8 312.460 11.84350
4058.2 310.032 11.62470
4059.6 315.554 11.99160
4061.0 313.600 12.55250
4062.4 318.863 12.01520
4063.8 305.642 11.61210
4065.2 287.140 11.57210
4066.6 305.472 11.98560
4068.0 309.084 11.98600
4069.4 314.600 12.01630
4070.8 315.147 12.01330
4072.2 296.416 11.57580
4073.6 296.554 11.31020
4075.0 306.596 11.94940
4076.4 309.848 11.79020
4077.8 291.231 11.36120
4079.2 278.747 11.06250
4080.6 292.241 11.79520
4082.0 306.424 11.92440
4083.4 310.038 11.66510
4084.8 302.632 11.77960
4086.2 295.886 11.63300
4087.6 287.243 11.15800
4089.0 294.663 11.39320
4090.4 279.590 11.19500
4091.8 291.601 11.04480
4093.2 267.937 10.35880
4094.6 268.052 10.34290
4096.0 260.657 9.94776
4097.4 241.962 9.52759
4098.8 227.938 9.09986
4100.2 200.804 8.14604
4101.6 167.039 7.09299
4103.0 128.601 5.99229
4104.4 130.722 6.32215
4105.8 184.517 7.74801
4107.2 207.241 8.35600
4108.6 227.033 9.06855
4110.0 240.254 9.31322
4111.4 250.670 9.95320
4112.8 260.291 10.01150
4114.2 268.472 10.33890
4115.6 280.926 10.61990
4117.0 278.591 10.66390
4118.4 285.180 10.83070
4119.8 283.213 11.02400
4121.2 287.136 11.23370
4122.6 289.901 11.06740
4124.0 285.973 10.96670
4125.4 298.479 11.50230
4126.8 295.071 11.26770
4128.2 300.085 11.26110
4129.6 291.958 10.95820
4131.0 288.801 11.14910
4132.4 291.061 10.89040
4133.8 289.844 10.77580
4135.2 290.317 10.88480
4136.6 307.580 11.12830
4138.0 318.442 11.31290
4139.4 307.297 11.53110
4140.8 299.541 11.40950
4142.2 305.113 11.30980
4143.6 308.105 11.60970
4145.0 284.355 10.95340
4146.4 280.202 10.95490
4147.8 300.616 11.11220
4149.2 296.702 11.36260
4150.6 300.665 11.46290
4152.0 290.788 11.27310
4153.4 297.542 11.30020
4154.8 302.099 11.41890
4156.2 294.006 11.00680
4157.6 296.459 11.34140
4159.0 285.454 10.97310
4160.4 298.844 11.26720
4161.8 303.081 11.10000
4163.2 297.215 10.97180
4164.6 294.517 11.07000
4166.0 301.261 11.06580
4167.4 303.798 11.19060
4168.8 295.296 11.11970
4170.2 301.482 11.09840
4171.6 298.360 11.14390
4173.0 287.161 10.91880
4174.4 279.626 10.53620
4175.8 281.433 10.85980
4177.2 292.859 11.00000
4178.6 287.914 10.61530
4180.0 285.772 11.84830
4181.4 291.382 11.14290
4182.8 295.102 11.06580
4184.2 290.995 10.95130
4185.6 292.087 10.92390
4187.0 291.579 10.97500
4188.4 284.978 10.61140
4189.8 288.165 10.86660
4191.2 301.442 11.06240
4192.6 296.781 11.31710
4194.0 299.371 11.68690
4195.4 306.977 11.60800
4196.8 299.725 11.11090
4198.2 291.978 11.02780
4199.6 288.435 10.77630
4201.0 278.207 10.56900
4202.4 288.964 10.76200
4203.8 278.949 10.23640
4205.2 289.776 10.71360
4206.6 292.406 10.73790
4208.0 288.613 10.74370
4209.4 289.833 10.43850
4210.8 292.141 10.83530
4212.2 294.411 11.05830
4213.6 301.648 11.07200
4215.0 296.145 10.91820
4216.4 284.938 10.23280
4217.8 273.861 10.20870
4219.2 291.053 10.60150
4220.6 294.099 10.80910
4222.0 296.677 10.78690
4223.4 295.921 10.92470
4224.8 294.847 10.95600
4226.2 293.039 10.67830
4227.6 273.133 9.89738
4229.0 265.060 9.97577
4230.4 286.672 10.52080
4231.8 298.456 10.82380
4233.2 290.416 10.76550
4234.6 281.105 10.36200
4236.0 279.784 10.42300
4237.4 286.509 10.73240
4238.8 295.836 10.86450
4240.2 290.947 10.52530
4241.6 290.378 10.89400
4243.0 296.432 10.96150
4244.4 301.410 11.02840
4245.8 293.672 10.83950
4247.2 289.228 10.52240
4248.6 279.786 10.22020
4250.0 283.185 10.32760
4251.4 285.650 10.41910
4252.8 278.803 10.40980
4254.2 288.050 10.80320
4255.6 291.739 10.69070
4257.0 288.088 10.37080
4258.4 296.252 10.82970
4259.8 300.127 10.76540
4261.2 291.359 10.72240
4262.6 286.957 10.58680
4264.0 294.828 10.61850
4265.4 296.336 10.76850
4266.8 304.365 10.70620
4268.2 297.163 10.85850
4269.6 299.475 10.86720
4271.0 294.227 10.40550
4272.4 280.046 10.22780
4273.8 269.362 9.90178
4275.2 278.306 10.07510
4276.6 288.286 10.57060
4278.0 288.664 10.42600
4279.4 292.079 10.64850
4280.8 294.255 10.46610
4282.2 295.436 10.72650
4283.6 282.212 10.35340
4285.0 277.698 10.01990
4286.4 290.802 10.56830
4287.8 293.323 10.58000
4289.2 286.122 10.44000
4290.6 270.459 10.11740
4292.0 265.584 9.84023
4293.4 285.800 10.39530
4294.8 282.716 10.19210
4296.2 274.947 10.49040
4297.6 281.897 10.28660
4299.0 287.782 10.21700
4300.4 269.649 9.76895
4301.8 255.135 9.48318
4303.2 262.501 9.66273
4304.6 265.823 9.77810
4306.0 276.250 10.31030
4307.4 280.019 10.35910
4308.8 269.514 9.84489
4310.2 261.250 9.81042
4311.6 279.105 10.16270
4313.0 281.662 10.17910
4314.4 272.077 10.05420
4315.8 253.547 9.30511
4317.2 257.304 9.39066
4318.6 272.508 9.74072
4320.0 270.390 9.79316
4321.4 264.632 9.84724
4322.8 264.774 9.80285
4324.2 264.982 9.85110
4325.6 262.068 9.47534
4327.0 254.127 9.05210
4328.4 245.372 8.99992
4329.8 250.805 9.13714
4331.2 254.634 9.15443
4332.6 243.673 9.02662
4334.0 236.285 8.78767
4335.4 229.324 8.48234
4336.8 215.029 7.81655
4338.2 204.111 7.48497
4339.6 176.222 6.55391
4341.0 136.377 5.52630
4342.4 115.144 4.93982
4343.8 142.337 5.80322
4345.2 181.340 6.92201
4346.6 202.841 7.68620
4348.0 215.224 7.93432
4349.4 228.892 8.53629
4350.8 231.319 8.59864
4352.2 234.986 8.70803
4353.6 239.026 8.82035
4355.0 245.020 9.08820
4356.4 254.398 9.40795
4357.8 254.063 9.31908
4359.2 266.637 9.82445
4360.6 264.824 10.08430
4362.0 266.437 9.95531
4363.4 265.175 9.75459
4364.8 267.621 9.83045
4366.2 266.938 9.71285
4367.6 271.727 9.82050
4369.0 271.108 9.76924
4370.4 264.336 9.55272
4371.8 268.703 9.77119
4373.2 277.987 9.82313
4374.6 270.506 9.73032
4376.0 262.572 9.49881
4377.4 262.016 9.56020
4378.8 276.100 9.89268
4380.2 272.061 9.73522
4381.6 272.635 9.89423
4383.0 271.444 9.91359
4384.4 264.051 9.43607
4385.8 244.431 8.92176
4387.2 255.375 9.11001
4388.6 268.878 9.86434
4390.0 275.094 10.12510
4391.4 273.693 9.90518
4392.8 267.602 9.81241
4394.2 271.535 9.86689
4395.6 264.665 9.66971
4397.0 251.390 9.33990
4398.4 266.964 9.82502
4399.8 269.471 9.83508
4401.2 258.027 9.74707
4402.6 259.180 9.32466
4404.0 271.880 9.78264
4405.4 265.407 9.68522
4406.8 260.398 9.63054
4408.2 268.899 9.65171
4409.6 267.393 9.98264
4411.0 268.201 9.48608
4412.4 275.888 10.15500
4413.8 273.207 9.90464
4415.2 269.071 9.90609
4416.6 252.670 9.19626
4418.0 252.325 9.01405
4419.4 253.214 9.14939
4420.8 264.389 9.57117
4422.2 269.591 9.56650
4423.6 268.801 9.74602
4425.0 274.482 9.74021
4426.4 272.571 9.77439
4427.8 269.070 9.67239
4429.2 268.702 9.73342
4430.6 268.847 9.87191
4432.0 273.002 9.59143
4433.4 271.085 9.71575
4434.8 265.147 9.60829
4436.2 258.186 9.28724
4437.6 262.966 9.51802
4439.0 267.968 9.60332
4440.4 269.215 9.78503
4441.8 266.988 9.85451
4443.2 265.811 9.53287
4444.6 251.721 9.25078
4446.0 249.138 9.11815
4447.4 261.887 9.50389
4448.8 263.756 9.49571
4450.2 267.949 10.35720
4451.6 264.064 11.21310
4453.0 258.495 9.44492
4454.4 268.032 9.64868
4455.8 253.540 9.14993
4457.2 257.093 9.18156
4458.6 261.187 9.30137
4460.0 256.155 9.23545
4461.4 258.972 9.34505
4462.8 263.920 9.32290
4464.2 263.558 9.26930
4465.6 258.731 9.30519
4467.0 259.794 9.35193
4468.4 258.460 9.19689
4469.8 250.406 9.06835
4471.2 247.200 8.94327
4472.6 256.868 9.20611
4474.0 259.850 9.25968
4475.4 261.640 9.44571
4476.8 262.617 9.54100
4478.2 265.579 9.44551
4479.6 259.242 9.32533
4481.0 266.267 9.24946
4482.4 249.606 9.02691
4483.8 245.001 8.83418
4485.2 253.471 9.25154
4486.6 264.028 9.40123
4488.0 260.457 9.28599
4489.4 260.657 9.35701
4490.8 251.508 9.04097
4492.2 255.597 9.20153
4493.6 254.082 9.05734
4495.0 261.546 9.45411
4496.4 256.683 9.14921
4497.8 257.113 9.13852
4499.2 260.485 9.50618
4500.6 261.625 9.39121
4502.0 253.367 9.09196
4503.4 250.101 9.06784
4504.8 255.822 9.17957
4506.2 262.748 9.41756
4507.6 261.026 9.40595
4509.0 257.416 9.22573
4510.4 255.985 8.94272
4511.8 260.615 9.28478
4513.2 262.836 9.32855
4514.6 258.147 9.21315
4516.0 255.943 9.06199
4517.4 256.088 9.13173
4518.8 254.592 9.17402
4520.2 256.035 9.18709
4521.6 251.411 8.92687
4523.0 250.513 8.88685
4524.4 245.737 9.00046
4525.8 246.392 8.93617
4527.2 253.515 9.10820
4528.6 257.410 9.30976
4530.0 249.307 8.91412
4531.4 248.840 8.95293
4532.8 254.001 8.92083
4534.2 249.794 8.74127
4535.6 240.904 8.44437
4537.0 243.519 8.81731
4538.4 258.693 9.23644
4539.8 261.065 9.27835
4541.2 252.761 8.99488
4542.6 255.075 9.13808
4544.0 254.771 9.17098
4545.4 252.942 9.06746
4546.8 255.085 9.13040
4548.2 254.276 9.02334
4549.6 248.424 8.90956
4551.0 232.663 8.41839
4552.4 235.416 8.58401
4553.8 250.295 9.04527
4555.2 239.782 8.94667
4556.6 239.825 8.76962
4558.0 243.205 8.75226
4559.4 250.566 8.98866
4560.8 248.603 8.93424
4562.2 252.192 9.13745
4563.6 254.104 9.23460
4565.0 243.327 8.99762
4566.4 237.191 8.65781
4567.8 250.635 8.98253
4569.2 251.805 9.17616
4570.6 256.880 9.12330
4572.0 257.103 8.87611
4573.4 243.717 8.58733
4574.8 245.456 8.68412
4576.2 256.129 9.01693
4577.6 254.192 8.95594
4579.0 252.469 8.90583
4580.4 254.744 9.07503
4581.8 250.214 9.00336
4583.2 250.319 9.08895
4584.6 242.298 8.76248
4586.0 237.139 8.73076
4587.4 250.087 8.75392
4588.8 252.499 9.03357
4590.2 248.563 8.88534
4591.6 245.326 9.07471
4593.0 250.174 8.78846
4594.4 246.319 8.78496
4595.8 248.167 8.81400
4597.2 255.832 9.06558
4598.6 253.358 8.92197
4600.0 257.325 9.03101
4601.4 254.356 9.02131
4602.8 249.608 8.88459
4604.2 252.933 8.84538
4605.6 251.102 8.76743
4607.0 249.512 8.95836
4608.4 251.537 8.92859
4609.8 252.285 9.14266
4611.2 252.122 8.92724
4612.6 253.005 9.06930
4614.0 248.491 9.11112
4615.4 252.783 9.24584
4616.8 254.018 9.09810
4618.2 248.427 8.92119
4619.6 249.947 9.06516
4621.0 252.075 8.85532
4622.4 246.565 8.79554
4623.8 249.969 8.79383
4625.2 250.619 8.90418
4626.6 247.901 8.76277
4628.0 248.012 8.80641
4629.4 247.333 8.68026
4630.8 239.776 8.72863
4632.2 241.887 8.66710
4633.6 248.330 8.85022
4635.0 247.266 8.87873
4636.4 244.153 8.61344
4637.8 247.460 8.65608
4639.2 251.419 8.92009
4640.6 246.408 8.63849
4642.0 249.190 8.77168
4643.4 248.122 8.77169
4644.8 246.852 8.76234
4646.2 246.977 8.70285
4647.6 247.310 8.79710
4649.0 245.421 8.75774
4650.4 242.843 8.76391
4651.8 243.835 8.69709
4653.2 242.777 8.58163
4654.6 241.016 8.66800
4656.0 238.595 8.52001
4657.4 244.107 8.68066
4658.8 241.026 8.53454
4660.2 243.793 8.77283
4661.6 247.723 8.81822
4663.0 246.659 8.65707
4664.4 247.442 8.89884
4665.8 253.600 8.95118
4667.2 249.266 8.75331
4668.6 239.385 8.53262
4670.0 241.356 8.58543
4671.4 240.262 8.42231
4672.8 243.113 8.62898
4674.2 244.330 8.89535
4675.6 245.002 8.76412
4677.0 250.219 8.90311
4678.4 244.731 8.78754
4679.8 243.233 8.60664
4681.2 239.078 8.68566
4682.6 237.902 8.50121
4684.0 241.868 8.62065
4685.4 243.331 8.53260
4686.8 248.492 8.79806
4688.2 245.734 8.76292
4689.6 244.491 8.70033
4691.0 246.285 8.70100
4692.4 245.640 8.64196
4693.8 244.305 8.73631
4695.2 242.475 8.68948
4696.6 244.731 8.73028
4698.0 242.231 8.53003
4699.4 240.105 8.65570
4700.8 240.863 8.58946
4702.2 243.567 8.53482
4703.6 234.335 8.37658
4705.0 238.662 8.47328
4706.4 238.617 8.49389
4707.8 241.078 8.46514
4709.2 239.795 8.30242
4710.6 235.447 8.59188
4712.0 237.889 8.52658
4713.4 243.907 8.69394
4714.8 240.921 8.56821
4716.2 237.584 8.70845
4717.6 240.400 8.66924
4719.0 238.314 8.33937
4720.4 237.272 8.37001
4721.8 237.257 8.36653
4723.2 240.503 8.63868
4724.6 241.337 8.49149
4726.0 241.398 9.00928
4727.4 239.234 inf
4728.8 237.070 8.68414
4730.2 236.657 8.56021
4731.6 236.534 8.55911
4733.0 234.291 8.47910
4734.4 236.240 8.30701
4735.8 238.967 8.55732
4737.2 241.114 8.76691
4738.6 242.738 8.67001
4740.0 241.684 8.52572
4741.4 246.082 8.56823
4742.8 243.825 8.56443
4744.2 242.038 8.63361
4745.6 238.822 8.45494
4747.0 241.929 8.76440
4748.4 245.212 8.69747
4749.8 240.134 8.45993
4751.2 238.865 8.43964
4752.6 240.395 8.56129
4754.0 241.391 8.48856
4755.4 242.274 8.49529
4756.8 245.944 8.69819
4758.2 243.060 8.41115
4759.6 244.673 8.71775
4761.0 241.612 8.41577
4762.4 241.070 8.25470
4763.8 239.510 8.39185
4765.2 234.026 8.36482
4766.6 232.894 8.32182
4768.0 235.126 8.34443
4769.4 237.899 8.28922
4770.8 238.546 8.33024
4772.2 237.697 8.37874
4773.6 235.506 8.19512
4775.0 232.274 8.18409
4776.4 233.372 8.14508
4777.8 233.660 8.15854
4779.2 233.799 8.22820
4780.6 234.118 8.17177
4782.0 230.869 8.16265
4783.4 231.258 8.28437
4784.8 232.978 8.23461
4786.2 231.838 8.08878
4787.6 233.316 8.23738
4789.0 231.668 8.45227
4790.4 237.453 8.32094
4791.8 237.735 8.37663
4793.2 229.522 8.29126
4794.6 232.054 8.20114
4796.0 232.340 8.13747
4797.4 227.665 7.95071
4798.8 234.251 8.20158
4800.2 238.242 8.47227
4801.6 225.708 8.02409
4803.0 237.900 8.12020
4804.4 236.833 8.20120
4805.8 226.320 7.96743
4807.2 224.423 8.09494
4808.6 227.284 7.98809
4810.0 227.051 7.81959
4811.4 237.682 8.40730
4812.8 238.048 8.18725
4814.2 231.163 8.25431
4815.6 229.133 8.13071
4817.0 228.251 8.16048
4818.4 228.131 8.11198
4819.8 227.306 7.97595
4821.2 226.835 7.89838
4822.6 228.252 8.10852
4824.0 224.512 8.02715
4825.4 222.414 8.00819
4826.8 224.359 8.11950
4828.2 222.582 7.76072
4829.6 228.553 7.91782
4831.0 224.486 7.86957
4832.4 226.016 8.00783
4833.8 224.363 7.88733
4835.2 222.910 7.96644
4836.6 221.055 7.71408
4838.0 218.450 7.68078
4839.4 222.060 7.68501
4840.8 219.304 7.76224
4842.2 216.477 7.81429
4843.6 213.853 7.67264
4845.0 216.555 7.62354
4846.4 214.554 7.60036
4847.8 211.120 7.41927
4849.2 211.332 7.38395
4850.6 207.463 7.37902
4852.0 202.750 7.20926
4853.4 200.687 7.16105
4854.8 195.033 6.93040
4856.2 188.523 6.81190
4857.6 180.267 6.52682
4859.0 173.396 6.14740
4860.4 154.562 5.62712
4861.8 130.904 4.77210
4863.2 100.246 4.07539
4864.6 113.482 4.58189
4866.0 150.773 5.47137
4867.4 164.348 5.96493
4868.8 177.763 6.34978
4870.2 182.977 6.37666
4871.6 189.506 6.78631
4873.0 193.218 6.93334
4874.4 195.076 6.84470
4875.8 200.650 7.26423
4877.2 205.871 7.28051
4878.6 206.225 7.42651
4880.0 205.740 7.39455
4881.4 208.091 7.43623
4882.8 211.510 7.53153
4884.2 213.943 7.54101
4885.6 212.903 7.62256
4887.0 212.634 7.60542
4888.4 216.041 7.66859
4889.8 212.656 7.43652
4891.2 216.715 7.46833
4892.6 212.574 7.48207
4894.0 212.781 7.58171
4895.4 219.338 7.70458
4896.8 217.934 7.70970
4898.2 222.842 7.87224
4899.6 226.403 7.87524
4901.0 222.240 7.75181
4902.4 217.181 7.68325
4903.8 217.251 7.82439
4905.2 219.215 7.68968
4906.6 220.035 7.83003
4908.0 221.140 7.74278
4909.4 222.009 7.85351
4910.8 223.026 8.03179
4912.2 215.272 7.73749
4913.6 219.916 7.72409
4915.0 216.790 7.61457
4916.4 220.413 7.64469
4917.8 220.338 7.70783
4919.2 219.071 7.67188
4920.6 214.302 7.54212
4922.0 211.885 7.49720
4923.4 212.233 7.61570
4924.8 210.160 7.48626
4926.2 209.660 7.43435
4927.6 212.635 7.66151
4929.0 218.627 7.58947
4930.4 223.703 7.65582
4931.8 220.016 7.72651
4933.2 216.993 7.63294
4934.6 215.277 7.61598
4936.0 209.052 7.41431
4937.4 212.378 7.49055
4938.8 219.079 7.83371
4940.2 217.561 7.57527
4941.6 219.599 7.74558
4943.0 220.707 7.77205
4944.4 215.332 7.50699
4945.8 218.407 7.70552
4947.2 221.934 7.66218
4948.6 220.056 7.78580
4950.0 220.521 7.80999
4951.4 220.470 7.86606
4952.8 216.347 7.64946
4954.2 217.340 7.69459
4955.6 218.212 7.69912
4957.0 218.488 7.51303
4958.4 209.694 7.45150
4959.8 202.657 7.16197
4961.2 213.448 7.54861
4962.6 218.479 7.55781
4964.0 217.592 7.60033
4965.4 215.344 7.53104
4966.8 217.577 7.57991
4968.2 216.657 7.61247
4969.6 214.879 7.65997
4971.0 215.639 7.61526
4972.4 216.334 7.50732
4973.8 218.844 7.78099
4975.2 215.951 7.60184
4976.6 216.571 7.58469
4978.0 216.410 7.64292
4979.4 217.189 7.73589
4980.8 214.217 7.67785
4982.2 212.570 7.53261
4983.6 212.486 7.47272
4985.0 210.121 7.39385
4986.4 210.104 7.50400
4987.8 212.964 7.51906
4989.2 215.382 7.53168
4990.6 214.238 7.51844
4992.0 210.638 7.40943
4993.4 211.164 7.43394
4994.8 213.764 7.54236
4996.2 212.330 7.39089
4997.6 214.402 7.47904
4999.0 213.668 7.44724
