3900.0 182.040 8.55424
3901.4 171.884 8.38315
3902.8 187.046 8.78873
3904.2 181.043 8.69512
3905.6 190.511 8.93805
3907.0 200.812 9.31138
3908.4 188.061 9.01884
3909.8 207.162 9.23117
3911.2 198.186 9.05741
3912.6 197.008 8.91346
3914.0 184.621 8.58638
3915.4 200.097 8.96567
3916.8 201.687 9.04471
3918.2 195.503 8.89042
3919.6 211.842 9.23270
3921.0 200.207 8.94508
3922.4 195.834 8.83047
3923.8 202.630 9.02247
3925.2 198.623 8.85627
3926.6 188.731 8.55846
3928.0 183.100 8.37631
3929.4 180.199 8.13984
3930.8 149.640 7.11075
3932.2 86.812 5.36269
3933.6 76.656 5.12156
3935.0 142.911 7.05931
3936.4 175.777 8.11755
3937.8 196.626 8.64683
3939.2 196.411 8.73507
3940.6 209.409 9.09647
3942.0 208.435 8.97298
3943.4 176.148 8.32411
3944.8 198.705 8.63967
3946.2 193.825 8.57990
3947.6 190.912 8.52106
3949.0 181.015 8.41805
3950.4 185.471 8.28545
3951.8 189.531 8.44797
3953.2 189.014 8.49100
3954.6 186.996 8.56173
3956.0 182.905 8.66960
3957.4 174.251 8.04556
3958.8 183.809 8.14069
3960.2 166.711 7.71575
3961.6 160.482 7.78560
3963.0 151.207 7.60998
3964.4 142.922 7.15604
3965.8 114.742 5.97034
3967.2 66.155 4.37038
3968.6 50.834 3.92364
3970.0 76.187 4.77364
3971.4 110.596 5.78192
3972.8 138.366 6.62433
3974.2 132.687 6.57518
3975.6 160.952 7.40389
3977.0 158.253 7.59961
3978.4 165.210 7.79291
3979.8 182.873 8.18591
3981.2 175.093 7.91113
3982.6 180.506 8.06139
3984.0 192.694 8.41861
3985.4 199.875 8.50182
3986.8 181.004 8.09749
3988.2 188.389 8.33173
3989.6 191.876 8.49387
3991.0 193.878 8.48108
3992.4 190.609 8.42564
3993.8 208.083 8.80319
3995.2 193.850 8.53679
3996.6 193.766 8.23971
3998.0 191.849 8.40353
3999.4 205.167 8.60673
4000.8 199.595 8.49029
4002.2 207.180 8.84251
4003.6 197.502 8.52846
4005.0 188.322 8.28086
4006.4 211.939 8.77505
4007.8 202.128 8.58282
4009.2 202.412 8.56414
4010.6 194.815 8.32082
4012.0 190.937 8.27199
4013.4 196.508 8.42322
4014.8 199.282 8.47763
4016.2 210.233 8.82497
4017.6 216.220 8.90939
4019.0 195.084 8.42993
4020.4 204.507 8.62937
4021.8 204.640 8.55920
4023.2 192.561 8.26260
4024.6 204.163 8.52648
4026.0 201.613 8.59531
4027.4 209.620 8.78663
4028.8 195.322 8.41406
4030.2 186.052 8.01597
4031.6 188.082 8.36397
4033.0 201.425 8.51152
4034.4 194.018 8.27983
4035.8 204.239 8.46993
4037.2 199.611 8.39194
4038.6 194.263 8.09574
4040.0 196.874 8.43258
4041.4 197.995 8.36046
4042.8 190.985 8.15979
4044.2 196.488 8.13110
4045.6 175.474 7.83988
4047.0 204.476 8.54303
4048.4 202.891 8.63638
4049.8 207.753 8.84290
4051.2 206.771 8.50259
4052.6 186.004 8.12643
4054.0 203.819 8.55376
4055.4 197.109 8.36402
4056.8 205.908 8.51692
4058.2 198.044 8.51277
4059.6 198.499 8.22728
4061.0 195.044 8.21606
4062.4 186.622 7.99279
4063.8 192.310 8.19882
4065.2 194.185 8.31750
4066.6 192.044 8.13636
4068.0 191.025 8.04315
4069.4 192.567 8.16385
4070.8 190.716 8.05369
4072.2 187.475 7.94600
4073.6 186.222 7.93360
4075.0 189.812 8.01750
4076.4 182.100 7.83446
4077.8 186.140 8.08211
4079.2 189.532 8.07451
4080.6 185.770 7.90660
4082.0 189.472 8.00215
4083.4 190.428 7.93891
4084.8 174.914 7.55642
4086.2 173.422 7.41192
4087.6 178.358 7.63139
4089.0 176.279 7.58630
4090.4 179.648 7.61569
4091.8 166.504 7.32394
4093.2 164.423 7.16601
4094.6 151.564 6.82000
4096.0 151.019 6.72301
4097.4 125.688 5.97984
4098.8 115.218 5.55377
4100.2 85.056 4.76334
4101.6 79.210 4.49109
4103.0 109.847 5.35742
4104.4 132.769 6.13766
4105.8 145.819 6.60851
4107.2 147.249 7.33733
4108.6 158.903 7.20372
4110.0 164.931 7.22449
4111.4 172.612 7.54770
4112.8 176.808 7.70431
4114.2 177.858 7.67137
4115.6 182.506 7.65615
4117.0 177.505 7.58446
4118.4 182.918 7.79091
4119.8 187.117 7.85962
4121.2 183.916 7.82883
4122.6 182.436 7.95081
4124.0 179.976 7.99085
4125.4 190.296 8.04154
4126.8 184.109 7.71330
4128.2 190.453 7.82141
4129.6 180.296 7.59973
4131.0 184.504 7.64563
4132.4 176.948 7.52622
4133.8 181.737 7.62550
4135.2 191.018 7.81776
4136.6 190.218 7.90970
4138.0 199.524 8.23774
4139.4 202.077 8.19625
4140.8 193.971 7.94742
4142.2 184.081 7.72994
4143.6 184.326 7.75034
4145.0 187.025 7.81446
4146.4 188.315 7.74492
4147.8 190.234 7.78794
4149.2 185.603 7.69159
4150.6 195.036 7.96357
4152.0 199.317 8.14525
4153.4 185.886 7.72343
4154.8 187.473 7.73175
4156.2 188.493 7.87967
4157.6 203.001 8.08509
4159.0 195.778 8.16268
4160.4 188.496 7.66704
4161.8 181.793 7.54977
4163.2 185.816 7.67361
4164.6 190.901 7.83487
4166.0 200.884 8.04485
4167.4 195.701 7.95087
4168.8 205.078 8.17422
4170.2 186.034 7.74029
4171.6 181.455 7.53410
4173.0 183.964 7.56239
4174.4 185.517 7.60320
4175.8 189.517 7.71028
4177.2 181.190 7.47853
4178.6 180.144 7.46154
4180.0 187.969 7.61874
4181.4 182.491 7.51852
4182.8 185.169 7.54052
4184.2 181.966 7.56836
4185.6 183.930 7.52128
4187.0 184.431 7.56783
4188.4 192.492 7.75364
4189.8 182.329 7.53954
4191.2 181.967 7.44496
4192.6 178.212 7.41674
4194.0 184.648 7.51673
4195.4 188.631 7.64236
4196.8 176.470 7.37479
4198.2 181.133 7.47813
4199.6 179.838 7.50539
4201.0 182.866 7.40214
4202.4 175.755 7.30098
4203.8 202.549 7.82060
4205.2 178.555 7.46272
4206.6 193.378 7.89686
4208.0 190.975 7.72629
4209.4 190.721 7.75397
4210.8 187.962 7.51756
4212.2 179.242 7.44469
4213.6 182.413 7.43152
4215.0 169.875 7.06258
4216.4 194.948 7.69222
4217.8 192.035 7.79480
4219.2 186.079 7.60751
4220.6 185.369 7.58577
4222.0 187.161 7.62368
4223.4 189.651 7.70508
4224.8 176.714 7.31501
4226.2 176.748 7.22994
4227.6 180.817 7.30990
4229.0 190.629 7.65392
4230.4 191.485 7.70144
4231.8 172.705 7.14565
4233.2 173.761 7.22695
4234.6 179.420 7.34226
4236.0 181.001 7.32761
4237.4 188.304 7.60069
4238.8 184.176 7.47599
4240.2 186.873 7.53395
4241.6 194.305 7.70658
4243.0 195.107 7.75040
4244.4 183.611 7.46129
4245.8 163.295 6.80315
4247.2 178.639 7.31086
4248.6 170.579 7.04112
4250.0 178.599 7.26121
4251.4 189.956 7.61174
4252.8 187.736 7.60787
4254.2 190.951 7.67293
4255.6 191.661 7.64627
4257.0 188.627 7.54025
4258.4 178.056 7.36359
4259.8 177.202 7.21357
4261.2 182.701 7.34626
4262.6 186.955 7.57460
4264.0 191.892 7.57186
4265.4 187.664 7.61201
4266.8 190.450 7.64058
4268.2 192.570 7.67335
4269.6 184.087 7.43502
4271.0 169.449 7.09767
4272.4 180.683 7.26973
4273.8 187.462 7.45813
4275.2 186.012 7.54103
4276.6 191.777 7.56694
4278.0 189.451 7.75605
4279.4 196.938 7.84411
4280.8 191.457 7.66337
4282.2 184.973 7.41583
4283.6 186.754 7.74600
4285.0 189.859 7.90333
4286.4 184.299 7.63325
4287.8 179.544 7.32762
4289.2 175.660 7.09738
4290.6 184.315 7.45089
4292.0 184.669 7.41457
4293.4 178.667 7.32418
4294.8 179.888 7.22325
4296.2 180.872 7.30335
4297.6 168.365 7.04841
4299.0 166.302 6.94531
4300.4 165.859 6.86717
4301.8 173.503 7.03831
4303.2 177.648 7.15267
4304.6 172.885 7.10272
4306.0 182.527 7.28325
4307.4 169.194 6.91857
4308.8 177.959 7.20108
4310.2 184.074 7.31471
4311.6 184.512 7.27866
4313.0 166.868 6.82110
4314.4 171.989 6.97928
4315.8 172.568 7.05661
4317.2 171.253 7.04399
4318.6 172.182 7.07023
4320.0 172.022 7.09113
4321.4 184.898 7.32937
4322.8 169.474 6.88913
4324.2 173.449 7.04553
4325.6 159.299 6.61774
4327.0 162.820 6.64603
4328.4 166.787 6.87999
4329.8 160.928 6.65318
4331.2 163.913 6.73756
4332.6 153.970 6.57989
4334.0 141.987 6.21221
4335.4 133.683 5.78042
4336.8 112.916 5.19787
4338.2 96.906 4.62603
4339.6 69.496 3.95884
4341.0 88.921 4.39902
4342.4 112.809 5.10310
4343.8 129.125 5.63083
4345.2 138.953 5.94426
4346.6 144.443 6.08303
4348.0 152.185 6.38730
4349.4 157.563 6.48053
4350.8 151.483 6.36260
4352.2 161.289 6.63230
4353.6 167.103 6.89307
4355.0 174.834 7.07510
4356.4 174.178 7.02175
4357.8 173.230 7.06073
4359.2 173.548 7.18713
4360.6 174.483 7.11758
4362.0 175.063 7.10385
4363.4 179.487 7.13495
4364.8 174.701 6.99816
4366.2 177.380 7.16781
4367.6 178.014 7.19561
4369.0 176.772 7.07224
4370.4 177.231 7.09343
4371.8 181.467 7.22371
4373.2 176.320 7.00809
4374.6 166.561 6.80486
4376.0 181.564 7.19648
4377.4 178.711 7.20603
4378.8 181.925 7.19626
4380.2 175.181 7.01776
4381.6 176.615 7.04933
4383.0 164.084 6.68924
4384.4 160.650 6.55584
4385.8 175.319 6.97432
4387.2 172.025 6.92273
4388.6 175.248 6.94663
4390.0 175.937 7.00540
4391.4 179.184 7.04758
4392.8 173.235 6.93714
4394.2 170.696 6.82118
4395.6 168.024 6.76230
4397.0 180.948 7.05800
4398.4 167.883 6.78469
4399.8 164.781 6.71971
4401.2 169.450 6.74336
4402.6 176.068 6.97198
4404.0 165.857 6.84383
4405.4 173.577 6.79518
4406.8 173.307 6.80030
4408.2 173.037 6.80541
4409.6 172.766 6.81053
4411.0 172.496 6.81564
4412.4 172.226 6.82075
4413.8 171.956 6.82587
4415.2 165.717 6.76866
4416.6 161.360 6.68104
4418.0 174.271 6.99044
4419.4 169.500 6.88155
4420.8 179.347 7.06933
4422.2 170.940 6.93659
4423.6 174.066 7.08517
4425.0 183.201 7.30507
4426.4 178.623 7.11129
4427.8 172.763 6.88093
4429.2 172.340 6.84504
4430.6 172.329 6.99516
4432.0 174.936 6.85067
4433.4 173.032 6.89615
4434.8 177.184 7.04825
4436.2 171.312 7.05095
4437.6 179.506 7.23847
4439.0 176.668 7.24854
4440.4 176.978 7.09235
4441.8 163.518 6.58204
4443.2 163.000 6.53040
4444.6 164.964 6.68406
4446.0 171.886 6.83902
4447.4 165.928 6.66971
4448.8 168.717 6.73043
4450.2 170.241 6.79663
4451.6 171.714 6.81762
4453.0 174.293 6.84024
4454.4 171.065 6.77081
4455.8 165.541 6.58199
4457.2 167.190 6.69392
4458.6 167.112 6.60436
4460.0 167.603 6.64705
4461.4 166.904 6.56217
4462.8 173.412 6.85893
4464.2 169.233 6.70634
4465.6 173.258 6.80664
4467.0 166.571 6.64613
4468.4 163.384 6.69757
4469.8 171.154 6.93879
4471.2 175.344 7.10917
4472.6 170.149 6.90897
4474.0 171.247 6.86666
4475.4 173.432 6.82639
4476.8 172.083 6.78637
4478.2 173.448 6.84788
4479.6 163.087 6.50568
4481.0 157.750 6.43998
4482.4 172.980 6.76165
4483.8 172.714 6.87191
4485.2 172.671 6.82129
4486.6 165.366 6.68251
4488.0 167.555 6.61767
4489.4 167.718 6.65474
4490.8 170.086 6.68674
4492.2 173.432 6.80943
4493.6 167.964 6.60242
4495.0 171.548 6.73932
4496.4 165.143 6.60850
4497.8 167.550 6.55435
4499.2 168.622 6.72936
4500.6 163.376 6.48646
4502.0 166.424 6.56786
4503.4 164.866 6.59774
4504.8 174.424 6.76069
4506.2 171.088 6.72915
4507.6 162.567 6.50505
4509.0 161.123 6.47532
4510.4 163.586 6.59070
4511.8 177.103 6.83068
4513.2 167.192 6.59734
4514.6 164.415 6.50500
4516.0 168.402 6.63883
4517.4 175.089 6.78181
4518.8 167.758 6.57669
4520.2 171.639 6.73592
4521.6 159.133 6.41040
4523.0 166.770 6.65668
4524.4 169.445 6.81705
4525.8 164.578 6.55659
4527.2 161.030 6.38858
4528.6 159.549 6.44304
4530.0 167.723 6.70995
4531.4 164.849 6.66562
4532.8 158.245 6.38568
4534.2 161.788 6.43180
4535.6 161.735 6.39059
4537.0 162.387 6.42658
4538.4 174.497 6.71271
4539.8 169.641 6.67290
4541.2 170.725 6.60279
4542.6 165.346 6.61774
4544.0 170.139 6.56530
4545.4 163.487 6.48564
4546.8 167.709 6.52788
4548.2 155.060 6.29239
4549.6 159.464 6.26881
4551.0 162.021 6.38279
4552.4 158.938 6.27241
4553.8 160.236 6.48318
4555.2 159.743 6.51201
4556.6 168.787 6.63204
4558.0 165.274 6.54720
4559.4 168.934 6.54948
4560.8 160.800 6.36434
4562.2 158.709 6.43036
4563.6 166.204 6.66600
4565.0 167.279 6.72370
4566.4 169.008 6.73615
4567.8 165.069 6.55413
4569.2 168.360 6.59232
4570.6 158.375 6.28020
4572.0 160.091 6.46027
4573.4 172.993 6.88323
4574.8 162.382 6.61663
4576.2 163.641 6.53226
4577.6 166.646 6.56003
4579.0 169.663 6.56845
4580.4 164.189 6.42932
4581.8 163.048 6.39921
4583.2 160.961 6.39069
4584.6 167.055 6.44531
4586.0 164.081 6.49634
4587.4 160.140 6.30804
4588.8 162.038 6.35237
4590.2 167.961 6.58481
4591.6 166.105 6.41399
4593.0 165.291 6.45756
4594.4 167.577 6.47796
4595.8 163.536 6.37284
4597.2 165.309 6.46907
4598.6 169.645 6.55085
4600.0 161.575 6.36352
4601.4 159.118 6.23622
4602.8 162.156 6.37737
4604.2 162.548 6.34760
4605.6 167.126 6.56993
4607.0 168.032 6.69430
4608.4 172.644 6.71944
4609.8 164.907 6.52714
4611.2 167.076 6.44481
4612.6 163.115 6.37862
4614.0 160.972 6.35289
4615.4 165.632 6.42169
4616.8 162.696 6.39167
4618.2 164.436 6.37697
4619.6 158.482 6.19530
4621.0 160.594 6.29239
4622.4 167.778 6.48418
4623.8 164.700 6.48055
4625.2 167.265 6.51383
4626.6 161.404 6.32118
4628.0 158.529 6.24075
4629.4 165.107 6.39193
4630.8 162.990 6.32544
4632.2 153.665 6.09865
4633.6 160.434 6.25266
4635.0 169.925 6.47731
4636.4 158.066 6.19908
4637.8 164.226 6.41038
4639.2 163.306 6.36896
4640.6 158.011 6.25783
4642.0 167.600 6.46326
4643.4 161.418 6.28904
4644.8 157.244 6.25180
4646.2 163.410 6.38212
4647.6 156.989 6.20111
4649.0 169.122 6.47301
4650.4 164.941 6.45070
4651.8 174.517 6.81171
4653.2 178.646 7.05316
4654.6 159.151 6.23194
4656.0 167.822 6.37672
4657.4 156.862 6.24111
4658.8 162.684 6.34646
4660.2 162.986 6.36547
4661.6 162.774 6.31640
4663.0 161.600 6.31804
4664.4 164.879 6.35322
4665.8 158.961 6.18047
4667.2 155.251 6.08336
4668.6 155.673 6.14771
4670.0 163.867 6.38510
4671.4 161.039 6.35260
4672.8 164.103 6.36205
4674.2 162.539 6.30710
4675.6 162.606 6.29424
4677.0 160.972 6.26385
4678.4 158.597 6.19093
4679.8 160.735 6.26126
4681.2 164.553 6.37355
4682.6 162.874 6.34649
4684.0 169.664 6.50695
4685.4 168.774 6.45844
4686.8 164.104 6.36866
4688.2 166.190 6.34694
4689.6 155.464 6.08490
4691.0 156.252 6.07352
4692.4 156.165 6.13452
4693.8 163.914 6.27786
4695.2 160.264 6.23028
4696.6 168.110 6.42992
4698.0 158.068 6.22906
4699.4 166.910 6.34443
4700.8 155.749 6.12271
4702.2 151.255 5.90661
4703.6 160.014 6.17803
4705.0 159.650 6.16835
4706.4 158.672 6.19667
4707.8 164.265 6.32083
4709.2 161.881 6.32940
4710.6 156.621 6.15416
4712.0 160.264 6.23700
4713.4 155.173 6.08590
4714.8 155.964 6.03739
4716.2 156.355 6.07773
4717.6 154.016 6.04954
4719.0 160.052 6.24574
4720.4 161.789 6.27714
4721.8 158.498 6.17116
4723.2 159.922 6.14389
4724.6 160.765 6.22104
4726.0 161.156 6.32025
4727.4 155.305 6.03857
4728.8 159.906 6.17773
4730.2 158.156 6.10197
4731.6 158.457 6.16469
4733.0 155.942 5.97118
4734.4 155.423 6.13196
4735.8 154.071 6.02284
4737.2 155.436 6.03221
4738.6 156.057 6.08532
4740.0 161.035 6.13270
4741.4 160.905 6.21456
4742.8 156.814 6.08115
4744.2 162.011 6.24682
4745.6 157.127 6.06627
4747.0 159.009 6.11445
4748.4 157.616 6.10374
4749.8 158.003 6.17280
4751.2 155.662 5.95692
4752.6 157.728 6.09360
4754.0 162.890 6.19079
4755.4 157.715 6.17690
4756.8 160.114 6.01631
4758.2 157.718 6.18130
4759.6 159.586 6.08910
4761.0 153.162 5.98147
4762.4 156.227 6.03140
4763.8 155.175 6.02267
4765.2 149.379 5.83091
4766.6 155.909 6.00086
4768.0 157.547 6.05654
4769.4 157.063 6.06298
4770.8 156.535 6.04562
4772.2 155.427 6.02203
4773.6 157.737 6.00729
4775.0 150.251 6.07184
4776.4 161.821 6.18358
4777.8 159.133 6.15407
4779.2 156.879 6.03065
4780.6 152.586 5.95925
4782.0 155.009 6.02539
4783.4 155.424 6.10541
4784.8 157.118 6.08614
4786.2 146.843 5.83422
4787.6 158.287 6.04019
4789.0 153.987 6.08538
4790.4 153.034 5.91344
4791.8 153.047 6.01013
4793.2 163.646 6.16236
4794.6 151.922 5.93725
4796.0 159.602 6.17250
4797.4 158.012 6.06364
4798.8 158.934 6.09669
4800.2 160.334 6.09611
4801.6 153.368 5.92485
4803.0 150.941 5.82144
4804.4 148.972 5.81699
4805.8 149.609 5.79589
4807.2 151.385 5.97572
4808.6 150.392 5.90763
4810.0 158.563 6.11959
4811.4 157.792 6.04187
4812.8 154.499 5.97455
4814.2 159.643 6.16015
4815.6 157.627 5.99397
4817.0 155.220 6.00201
4818.4 152.630 5.96560
4819.8 155.327 5.97880
4821.2 153.368 5.99690
4822.6 150.225 5.81290
4824.0 151.063 5.85781
4825.4 154.326 5.91322
4826.8 150.157 5.82621
4828.2 151.042 5.85936
4829.6 147.581 5.74935
4831.0 155.548 5.92356
4832.4 150.851 5.86797
4833.8 152.171 5.90303
4835.2 148.465 5.92956
4836.6 153.181 6.01224
4838.0 152.878 5.94202
4839.4 146.410 5.79873
4840.8 149.139 5.94367
4842.2 148.579 5.87130
4843.6 141.639 5.59239
4845.0 143.049 5.58753
4846.4 140.890 5.63873
4847.8 136.547 5.63798
4849.2 137.673 5.54731
4850.6 138.337 5.51646
4852.0 135.190 5.39248
4853.4 128.629 5.16221
4854.8 121.076 4.98401
4856.2 116.265 4.79833
4857.6 107.791 4.56997
4859.0 87.174 4.00417
4860.4 69.108 3.42130
4861.8 77.269 3.63409
4863.2 99.914 4.26472
4864.6 112.804 4.70801
4866.0 119.642 4.91561
4867.4 127.005 5.18736
4868.8 123.238 5.06233
4870.2 134.688 5.37884
4871.6 133.394 5.38477
4873.0 131.228 5.38331
4874.4 145.450 5.82624
4875.8 145.054 5.75477
4877.2 140.781 5.70327
4878.6 144.521 5.73382
4880.0 145.505 5.83342
4881.4 145.945 5.76308
4882.8 144.292 5.88874
4884.2 145.725 5.79473
4885.6 146.379 5.86186
4887.0 147.689 5.84452
4888.4 150.092 5.96756
4889.8 144.643 5.72145
4891.2 140.858 5.66484
4892.6 148.383 5.83632
4894.0 148.890 5.98379
4895.4 143.132 5.73367
4896.8 146.024 5.77638
4898.2 152.307 5.91740
4899.6 151.951 5.92083
4901.0 151.460 5.88305
4902.4 139.081 5.53188
4903.8 148.161 5.75431
4905.2 146.747 6.13066
4906.6 145.339 6.67424
4908.0 159.464 6.95413
4909.4 157.863 7.08580
4910.8 144.759 6.53715
4912.2 148.170 6.17685
4913.6 152.020 5.83478
4915.0 148.349 5.79166
4916.4 146.538 5.66851
4917.8 144.741 5.64294
4919.2 138.881 5.46751
4920.6 139.006 5.47944
4922.0 143.012 5.55280
4923.4 136.801 5.39082
4924.8 139.430 5.50590
4926.2 147.008 5.75825
4927.6 151.049 5.81962
4929.0 147.645 5.69947
4930.4 149.512 5.76892
4931.8 141.245 5.61067
4933.2 143.385 5.58481
4934.6 140.596 5.52264
4936.0 149.613 5.74866
4937.4 150.574 5.84882
4938.8 145.773 5.69404
4940.2 149.763 5.73528
4941.6 144.656 5.58399
4943.0 143.189 5.58016
4944.4 144.916 5.62179
4945.8 149.095 5.73981
4947.2 154.751 5.85935
4948.6 145.650 5.73961
4950.0 151.042 5.85243
4951.4 148.661 5.80460
4952.8 143.522 5.62782
4954.2 146.455 5.63354
4955.6 146.295 5.62521
4957.0 139.296 5.41864
4958.4 142.519 5.49851
4959.8 150.378 5.68824
4961.2 143.438 5.64136
4962.6 149.398 5.78021
4964.0 144.583 5.64007
4965.4 142.040 5.51743
4966.8 150.166 5.71004
4968.2 149.627 5.72025
4969.6 146.621 5.70357
4971.0 145.797 5.56944
4972.4 142.978 5.54554
4973.8 154.177 5.81011
4975.2 149.296 5.73140
4976.6 145.389 5.60061
4978.0 135.973 5.38267
4979.4 141.327 5.50669
4980.8 144.946 5.54541
4982.2 143.015 5.51746
4983.6 137.581 5.40075
4985.0 144.381 5.48541
4986.4 143.971 5.71995
4987.8 142.551 5.39645
4989.2 143.615 5.56716
4990.6 144.640 5.55475
4992.0 146.239 5.59218
4993.4 143.292 5.52220
4994.8 142.283 5.48440
4996.2 150.678 5.67251
4997.6 143.941 5.61955
4999.0 149.456 5.63060
