3900.0 186.315 11.95270
3901.4 181.047 11.48970
3902.8 182.551 11.78690
3904.2 198.438 12.16200
3905.6 185.319 11.91320
3907.0 209.762 12.69050
3908.4 211.706 13.21610
3909.8 201.656 12.70810
3911.2 213.529 12.76500
3912.6 196.515 12.26070
3914.0 192.371 12.16030
3915.4 194.442 12.23050
3916.8 209.538 12.30360
3918.2 198.796 12.03830
3919.6 204.745 12.00750
3921.0 184.260 11.69800
3922.4 200.844 12.06110
3923.8 214.400 12.19450
3925.2 198.104 11.80910
3926.6 185.994 11.45180
3928.0 189.887 11.21350
3929.4 155.845 10.10620
3930.8 127.752 9.20071
3932.2 159.601 10.13470
3933.6 167.647 10.35870
3935.0 180.976 10.93870
3936.4 191.451 11.38070
3937.8 209.935 11.88350
3939.2 202.285 11.77460
3940.6 195.819 11.50930
3942.0 197.094 11.62430
3943.4 195.322 11.43550
3944.8 215.056 11.77370
3946.2 183.795 11.24980
3947.6 207.313 11.79390
3949.0 193.885 11.61780
3950.4 197.182 11.36460
3951.8 163.913 10.50920
3953.2 193.925 11.13030
3954.6 180.606 10.89930
3956.0 172.867 10.66940
3957.4 171.495 10.83980
3958.8 165.036 10.85610
3960.2 125.970 9.94580
3961.6 150.459 9.93182
3963.0 129.475 8.92167
3964.4 92.645 7.60102
3965.8 53.479 6.40646
3967.2 70.356 6.63046
3968.6 82.723 7.16676
3970.0 114.830 8.08142
3971.4 128.030 8.51172
3972.8 136.482 8.84986
3974.2 148.580 9.61030
3975.6 162.674 10.39190
3977.0 167.791 10.88130
3978.4 170.020 10.96020
3979.8 170.390 10.81770
3981.2 182.705 10.94280
3982.6 175.633 10.55020
3984.0 184.776 10.69740
3985.4 178.273 10.75450
3986.8 173.189 10.58810
3988.2 186.744 10.98950
3989.6 195.002 10.91790
3991.0 195.804 11.09950
3992.4 195.808 10.96790
3993.8 205.852 11.45590
3995.2 194.049 11.09400
3996.6 188.433 10.68680
3998.0 202.737 11.13850
3999.4 205.373 11.19330
4000.8 184.513 11.01180
4002.2 193.008 10.90460
4003.6 211.952 11.44080
4005.0 200.750 11.34600
4006.4 202.417 11.27140
4007.8 193.985 10.84360
4009.2 196.074 11.02750
4010.6 197.898 11.15600
4012.0 215.607 11.95290
4013.4 215.191 12.03160
4014.8 203.372 11.30280
4016.2 187.779 10.78840
4017.6 192.111 10.77830
4019.0 201.140 10.91490
4020.4 196.414 11.19210
4021.8 200.310 10.93950
4023.2 190.852 10.71100
4024.6 201.703 11.05520
4026.0 204.613 11.11950
4027.4 199.410 11.60500
4028.8 194.814 11.30230
4030.2 195.037 10.85490
4031.6 203.061 10.95110
4033.0 208.968 10.99160
4034.4 198.894 10.83820
4035.8 208.940 11.07220
4037.2 186.170 10.50060
4038.6 203.486 10.98020
4040.0 193.662 10.83120
4041.4 195.662 10.67930
4042.8 185.661 10.45960
4044.2 188.613 10.78110
4045.6 196.349 10.80380
4047.0 204.455 10.93750
4048.4 201.341 10.85590
4049.8 208.414 11.19180
4051.2 208.008 11.14640
4052.6 203.440 11.00970
4054.0 216.070 10.97630
4055.4 187.475 10.24230
4056.8 196.045 10.64300
4058.2 186.988 10.44280
4059.6 193.746 10.91890
4061.0 187.243 11.13970
4062.4 191.082 10.92430
4063.8 193.512 10.42670
4065.2 188.641 10.28740
4066.6 195.236 10.98140
4068.0 194.297 11.35340
4069.4 193.454 10.62770
4070.8 186.936 10.32520
4072.2 207.923 11.07670
4073.6 174.239 10.29180
4075.0 169.091 9.89255
4076.4 191.119 10.25720
4077.8 194.840 10.37440
4079.2 183.286 9.98850
4080.6 180.155 10.25430
4082.0 171.252 10.02300
4083.4 190.244 10.23430
4084.8 171.570 10.02850
4086.2 176.979 10.89210
4087.6 171.232 11.21700
4089.0 157.142 10.15290
4090.4 160.952 9.46244
4091.8 150.951 9.13247
4093.2 140.725 8.83648
4094.6 133.604 8.90228
4096.0 114.318 7.99787
4097.4 86.925 7.09237
4098.8 71.495 6.59786
4100.2 95.264 7.36771
4101.6 119.188 7.92309
4103.0 130.130 8.12780
4104.4 144.534 8.67794
4105.8 152.277 9.04942
4107.2 173.316 9.63658
4108.6 175.237 9.57744
4110.0 178.895 9.76396
4111.4 172.339 9.82307
4112.8 163.354 9.52429
4114.2 183.356 9.78403
4115.6 170.035 9.76176
4117.0 178.699 10.34700
4118.4 178.881 10.38920
4119.8 181.717 9.82297
4121.2 187.028 10.02370
4122.6 187.387 10.29890
4124.0 189.049 10.28710
4125.4 192.313 10.12570
4126.8 182.816 9.86311
4128.2 187.916 9.89446
4129.6 192.231 10.17570
4131.0 188.695 10.36750
4132.4 183.232 10.02330
4133.8 202.245 10.24750
4135.2 183.265 9.89874
4136.6 184.115 9.87018
4138.0 200.658 10.29100
4139.4 185.318 9.95716
4140.8 190.546 9.96840
4142.2 196.343 10.40520
4143.6 189.658 9.81537
4145.0 183.460 9.65800
4146.4 191.179 9.80880
4147.8 189.266 10.00010
4149.2 184.948 9.79838
4150.6 178.790 9.55748
4152.0 195.067 10.16080
4153.4 188.627 9.78785
4154.8 184.887 9.96120
4156.2 173.374 9.37708
4157.6 188.215 9.87040
4159.0 188.683 10.22290
4160.4 178.698 9.64348
4161.8 177.013 9.64300
4163.2 189.734 10.38450
4164.6 202.094 10.53870
4166.0 179.922 9.93928
4167.4 181.327 9.50991
4168.8 177.356 9.89708
4170.2 176.086 9.75712
4171.6 184.761 9.66195
4173.0 191.435 9.85023
4174.4 184.334 9.91724
4175.8 188.316 9.96654
4177.2 176.952 9.48443
4178.6 178.707 9.64608
4180.0 177.668 9.67865
4181.4 192.528 9.93073
4182.8 197.966 9.92763
4184.2 187.996 9.57783
4185.6 185.899 9.54432
4187.0 178.641 9.53408
4188.4 199.481 9.98789
4189.8 193.659 9.74039
4191.2 193.706 9.70182
4192.6 180.373 9.47769
4194.0 184.788 9.47463
4195.4 183.124 9.45426
4196.8 178.826 9.27185
4198.2 182.028 9.31110
4199.6 169.076 8.99123
4201.0 184.184 9.28528
4202.4 182.991 9.39490
4203.8 190.036 9.54016
4205.2 185.766 9.34866
4206.6 175.928 9.37037
4208.0 175.246 9.25561
4209.4 186.188 9.51215
4210.8 184.670 9.36641
4212.2 170.098 9.06091
4213.6 184.644 9.29677
4215.0 179.096 9.36338
4216.4 168.442 9.19049
4217.8 184.917 9.36406
4219.2 185.769 9.32951
4220.6 180.211 9.22577
4222.0 175.128 9.09153
4223.4 172.373 8.97429
4224.8 164.059 8.86483
4226.2 190.859 9.19462
4227.6 182.388 9.21734
4229.0 182.604 9.12736
4230.4 163.720 8.79678
4231.8 183.016 9.14972
4233.2 170.631 8.89211
4234.6 180.392 9.19169
4236.0 188.237 9.40617
4237.4 177.899 9.13111
4238.8 183.971 9.10013
4240.2 187.509 9.43759
4241.6 188.934 9.30057
4243.0 166.541 8.74707
4244.4 179.962 9.07462
4245.8 173.653 8.98731
4247.2 174.591 8.94113
4248.6 180.294 9.13783
4250.0 182.888 9.06470
4251.4 179.500 9.14831
4252.8 183.471 9.23080
4254.2 186.903 9.20517
4255.6 186.964 9.26496
4257.0 171.297 8.71716
4258.4 168.497 9.05178
4259.8 197.373 9.57675
4261.2 175.017 9.02632
4262.6 172.725 8.98758
4264.0 179.610 9.22690
4265.4 171.429 9.13409
4266.8 180.642 9.32164
4268.2 170.260 8.82761
4269.6 177.458 9.01679
4271.0 184.791 9.10892
4272.4 180.856 9.03078
4273.8 187.986 9.05730
4275.2 165.577 8.54756
4276.6 182.689 9.03779
4278.0 173.106 8.95706
4279.4 174.185 8.95064
4280.8 170.246 8.99410
4282.2 185.229 9.25943
4283.6 189.231 9.52186
4285.0 170.908 8.85486
4286.4 162.899 8.96098
4287.8 167.724 9.09539
4289.2 170.786 9.09393
4290.6 180.004 8.95343
4292.0 161.135 8.51816
4293.4 185.826 9.01710
4294.8 163.053 8.54321
4296.2 176.144 8.70862
4297.6 166.079 8.57612
4299.0 174.571 8.68092
4300.4 184.212 8.92021
4301.8 187.370 8.96079
4303.2 175.205 8.69000
4304.6 172.956 8.52567
4306.0 169.576 8.54352
4307.4 173.158 8.64641
4308.8 173.095 8.64752
4310.2 153.684 8.18263
4311.6 167.859 8.25743
4313.0 156.122 8.11512
4314.4 172.904 8.58042
4315.8 167.610 8.48744
4317.2 157.139 8.47536
4318.6 166.894 9.05060
4320.0 167.855 8.85917
4321.4 165.022 8.55445
4322.8 148.082 7.82338
4324.2 148.773 8.07044
4325.6 153.898 8.05614
4327.0 150.417 8.10446
4328.4 147.847 8.14470
4329.8 139.395 7.69870
4331.2 129.563 7.52427
4332.6 139.202 7.67730
4334.0 110.561 6.87559
4335.4 89.507 6.21649
4336.8 71.268 5.72677
4338.2 80.559 5.85531
4339.6 100.510 6.39532
4341.0 129.108 7.25165
4342.4 133.911 7.24911
4343.8 139.061 7.62843
4345.2 153.189 7.93476
4346.6 140.172 8.10838
4348.0 152.047 8.70009
4349.4 152.639 8.43140
4350.8 154.913 8.31634
4352.2 165.187 8.42774
4353.6 154.874 8.18684
4355.0 166.656 8.42488
4356.4 158.364 8.34352
4357.8 162.811 8.61633
4370.4 169.664 8.46743
4371.8 165.489 8.39648
4373.2 175.467 8.60542
4374.6 174.393 8.56170
4376.0 163.880 8.31095
4377.4 172.136 8.45811
4378.8 157.763 8.13472
4380.2 170.883 8.50421
4381.6 165.471 8.82427
4383.0 158.504 8.57126
4384.4 175.505 8.49647
4385.8 168.431 8.19642
4387.2 160.173 8.40494
4388.6 181.048 8.89698
4390.0 182.341 8.69716
4391.4 156.093 8.07089
4392.8 172.114 8.73690
4394.2 173.727 9.11275
4395.6 170.040 8.48535
4397.0 152.491 7.91800
4398.4 170.804 8.33076
4399.8 173.358 8.62609
4401.2 177.442 8.55575
4402.6 170.332 8.49772
4404.0 162.368 8.56992
4405.4 173.218 8.69905
4406.8 161.767 8.26095
4408.2 172.633 8.44123
4409.6 168.881 8.34544
4411.0 165.810 8.30094
4412.4 175.956 8.60576
4413.8 166.034 8.16242
4415.2 168.253 8.44349
4416.6 159.266 8.29689
4418.0 168.334 8.23459
4419.4 169.672 8.54804
4420.8 170.807 8.53743
4422.2 168.667 8.44664
4423.6 171.562 8.41248
4425.0 170.844 8.31428
4426.4 158.133 8.10001
4427.8 167.534 8.25165
4429.2 172.944 8.40614
4430.6 161.717 8.19578
4432.0 167.172 8.45257
4433.4 161.687 8.39402
4434.8 178.324 8.52766
4436.2 163.177 8.25621
4437.6 170.311 8.42894
4439.0 147.997 7.90657
4440.4 159.561 8.00378
4441.8 165.772 8.15684
4443.2 166.103 8.24445
4444.6 180.642 8.61484
4446.0 167.386 8.38729
4447.4 168.944 8.24173
4448.8 158.099 7.85291
4450.2 160.262 8.05793
4451.6 171.709 8.38013
4453.0 162.676 8.24506
4454.4 159.485 8.06969
4455.8 165.957 8.06522
4457.2 163.150 8.04013
4458.6 168.366 8.12861
4460.0 170.932 8.20731
4461.4 167.768 8.21103
4462.8 165.150 8.30943
4464.2 169.098 8.27594
4465.6 170.863 8.25252
4467.0 160.886 7.94542
4468.4 162.007 8.02428
4469.8 169.993 8.19004
4471.2 163.367 8.07893
4472.6 167.760 8.23447
4474.0 150.182 8.03759
4475.4 166.076 8.45205
4476.8 156.326 8.13484
4478.2 150.409 7.91496
4479.6 165.927 8.11594
4481.0 169.914 8.26870
4482.4 166.214 7.94760
4483.8 161.610 7.94409
4485.2 165.906 8.01767
4486.6 164.383 8.15686
4488.0 166.461 7.97019
4489.4 162.280 8.01470
4490.8 163.200 8.13772
4492.2 168.866 8.43126
4493.6 173.325 8.22032
4495.0 163.631 8.06008
4496.4 157.547 7.98097
4497.8 156.061 8.22271
4499.2 151.123 7.56954
4500.6 168.070 8.13912
4502.0 180.733 8.52688
4503.4 160.169 8.31452
4504.8 154.753 8.30110
4506.2 159.427 8.03475
4507.6 163.610 7.96273
4509.0 158.275 7.82321
4510.4 151.929 7.87316
4511.8 155.311 8.01558
4513.2 154.292 7.79234
4514.6 162.710 7.90975
4516.0 166.263 8.03594
4517.4 161.256 8.10312
4518.8 180.041 8.54015
4520.2 146.694 7.78025
4521.6 153.669 7.86308
4523.0 159.026 8.22143
4524.4 158.245 8.29081
4525.8 159.318 7.85260
4527.2 161.906 7.81096
4528.6 162.815 7.81169
4530.0 155.863 7.60729
4531.4 147.962 7.37332
4532.8 159.564 7.79347
4534.2 158.023 7.75302
4535.6 158.465 7.84493
4537.0 167.927 7.94510
4538.4 156.377 7.73393
4539.8 142.638 7.33286
4541.2 157.269 7.69526
4542.6 164.564 7.84986
4544.0 163.234 7.95278
4545.4 151.546 7.52498
4546.8 153.204 7.59229
4548.2 156.411 7.64670
4549.6 159.276 7.81008
4551.0 152.122 7.58188
4552.4 156.011 7.78231
4553.8 151.555 7.44448
4555.2 156.032 7.70691
4556.6 168.285 7.89256
4558.0 164.491 7.98479
4559.4 155.976 7.96408
4560.8 158.895 7.85070
4562.2 156.492 7.71264
4563.6 158.488 7.83705
4565.0 166.390 8.18509
4566.4 163.019 7.74105
4567.8 163.045 7.83488
4569.2 161.215 7.75315
4570.6 154.047 7.69710
4572.0 157.253 7.63823
4573.4 151.498 7.54247
4574.8 159.777 7.75086
4576.2 154.361 7.73206
4577.6 153.603 7.48971
4579.0 154.891 7.64047
4580.4 153.615 7.67441
4581.8 153.485 7.76657
4583.2 154.656 7.56687
4584.6 162.642 7.67267
4586.0 157.556 7.68180
4587.4 162.424 7.75222
4588.8 154.056 7.64163
4590.2 162.959 7.85878
4591.6 147.581 7.35976
4593.0 155.243 7.52466
4594.4 165.628 7.78978
4595.8 153.312 7.52116
4597.2 157.717 7.50792
4598.6 150.482 7.53970
4600.0 175.837 8.10404
4601.4 152.504 7.55641
4602.8 166.184 7.90435
4604.2 161.203 7.73229
4605.6 163.491 7.73740
4607.0 164.052 7.72571
4608.4 181.998 8.38572
4609.8 156.037 7.89426
4611.2 159.867 7.63754
4612.6 165.584 7.80984
4614.0 156.129 7.55069
4615.4 148.835 7.46697
4616.8 173.354 7.94813
4618.2 159.681 7.81579
4619.6 159.138 7.92910
4621.0 157.143 8.00322
4622.4 166.480 8.00851
4623.8 160.972 7.80718
4625.2 161.289 7.79305
4626.6 156.361 7.51986
4628.0 159.639 7.57917
4629.4 147.935 7.73085
4630.8 161.528 8.20949
4632.2 160.333 7.87506
4633.6 156.494 7.50235
4635.0 153.316 7.42278
4636.4 161.913 7.60276
4637.8 144.975 7.18947
4639.2 166.157 7.58880
4640.6 156.037 7.49690
4642.0 157.852 7.53620
4643.4 161.708 7.55671
4644.8 161.850 7.65472
4646.2 154.123 7.43217
4647.6 159.977 7.50795
4649.0 160.933 7.61576
4650.4 158.820 7.46305
4651.8 153.789 7.44459
4653.2 164.337 7.62678
4654.6 161.636 7.59917
4656.0 168.069 7.71698
4657.4 163.404 7.65880
4658.8 155.184 7.47595
4660.2 157.659 7.54975
4661.6 155.624 7.67231
4663.0 152.391 7.79142
4664.4 149.819 7.78432
4665.8 160.301 7.75314
4667.2 152.946 7.51268
4668.6 161.411 7.61438
4670.0 152.920 7.49001
4671.4 165.017 7.58402
4672.8 159.064 7.50518
4674.2 160.684 7.47703
4675.6 156.612 7.48354
4677.0 162.887 7.57207
4678.4 164.175 7.67239
4679.8 155.343 7.25889
4681.2 158.616 7.56650
4682.6 155.778 7.52336
4684.0 148.888 7.23613
4685.4 159.536 7.66530
4686.8 154.440 7.19272
4688.2 151.744 7.35744
4689.6 150.057 7.31619
4691.0 157.164 7.58001
4692.4 155.144 7.55529
4693.8 150.591 7.31517
4695.2 156.325 7.37876
4696.6 149.705 7.13688
4698.0 151.375 7.31359
4699.4 152.033 7.19259
4700.8 156.759 7.36198
4702.2 156.210 7.26027
4703.6 149.271 7.30101
4705.0 151.796 7.00418
4706.4 153.346 7.34724
4707.8 153.279 7.22692
4709.2 159.502 7.51108
4710.6 155.340 7.22766
4712.0 138.542 7.09522
4713.4 153.203 7.42261
4714.8 155.495 7.34198
4716.2 148.498 7.10662
4717.6 154.707 7.42511
4719.0 154.075 7.41602
4720.4 159.268 7.48085
4721.8 164.073 7.42835
4723.2 144.359 7.06763
4724.6 154.874 7.35735
4726.0 158.299 7.61877
4727.4 150.253 7.55710
4728.8 162.897 7.55677
4730.2 156.271 7.31197
4731.6 152.882 7.20912
4733.0 154.175 7.23407
4734.4 153.188 7.23641
4735.8 155.528 7.28204
4737.2 147.932 7.15288
4738.6 154.132 7.23836
4740.0 143.831 6.99812
4741.4 147.089 7.02102
4742.8 148.813 7.10527
4744.2 152.989 7.20936
4745.6 151.200 7.19524
4747.0 146.804 7.04205
4748.4 149.528 7.10832
4749.8 157.530 7.32936
4751.2 156.920 7.31977
4752.6 156.309 7.31017
4754.0 155.699 7.30058
4755.4 155.089 7.29099
4756.8 154.478 7.28139
4758.2 153.868 7.27180
4759.6 153.257 7.26220
4761.0 152.647 7.25261
4762.4 154.400 7.18271
4763.8 146.849 7.08281
4765.2 148.994 7.27443
4766.6 152.602 7.40540
4768.0 144.233 7.00085
4769.4 146.677 6.98382
4770.8 149.920 7.08347
4772.2 143.909 6.93409
4773.6 147.085 7.01837
4775.0 137.925 6.64049
4776.4 150.589 7.16867
4777.8 156.406 7.28857
4779.2 148.535 7.35790
4780.6 145.460 7.13927
4782.0 141.893 7.05449
4783.4 144.157 6.85602
4784.8 142.158 6.84178
4786.2 144.936 6.95843
4787.6 154.844 7.20631
4789.0 153.939 7.26289
4790.4 155.553 7.19997
4791.8 155.706 7.22806
4793.2 158.197 7.26049
4794.6 153.155 7.10835
4796.0 146.833 7.03791
4797.4 156.507 7.13296
4798.8 149.410 7.15287
4800.2 145.812 6.93081
4801.6 139.464 6.74033
4803.0 138.361 6.69499
4804.4 149.574 7.22637
4805.8 148.614 7.11204
4807.2 148.205 6.98284
4808.6 149.878 7.02734
4810.0 146.085 6.89830
4811.4 147.382 6.93448
4812.8 147.008 6.95420
4814.2 149.413 7.03041
4815.6 144.650 7.04227
4817.0 137.955 6.84332
4818.4 150.305 6.98672
4819.8 142.461 6.87706
4821.2 141.024 6.75276
4822.6 137.241 6.75585
4824.0 140.328 6.86593
4825.4 142.759 6.93057
4826.8 141.834 6.89319
4828.2 141.587 6.86432
4829.6 137.027 6.54534
4831.0 138.606 6.73947
4832.4 145.459 6.75929
4833.8 134.681 6.57443
4835.2 140.709 6.80357
4836.6 141.191 6.73987
4838.0 142.401 7.06961
4839.4 138.283 6.79119
4840.8 137.490 6.72497
4842.2 141.644 6.59684
4843.6 142.485 6.84715
4845.0 136.592 6.51518
4846.4 127.772 6.36930
4847.8 132.841 6.44023
4849.2 127.715 6.29431
4850.6 116.089 5.94558
4852.0 119.568 5.96640
4853.4 101.684 5.61099
4854.8 93.308 5.44404
4856.2 83.024 5.03652
4857.6 63.508 4.36487
4859.0 66.386 4.45228
4860.4 92.283 5.09339
4861.8 105.684 5.52444
4863.2 115.250 5.80215
4864.6 121.177 6.03918
4866.0 124.176 6.27100
4867.4 130.672 6.47662
4868.8 134.459 6.50383
4870.2 135.420 6.56431
4871.6 135.804 6.40079
4873.0 131.836 6.36110
4874.4 126.225 6.16101
4875.8 127.403 6.41638
4877.2 135.339 6.30139
4878.6 141.920 6.72083
4880.0 138.620 6.53676
4881.4 133.626 6.55481
4882.8 143.939 6.66484
4884.2 132.130 6.43869
4885.6 138.236 6.54926
4887.0 149.839 6.81650
4888.4 133.977 6.58487
4889.8 150.123 7.15207
4891.2 160.093 7.67695
4892.6 149.208 6.87544
4894.0 145.320 6.82473
4895.4 151.218 6.93100
4896.8 147.073 6.82545
4898.2 142.262 6.83371
4899.6 147.416 7.06819
4901.0 152.222 7.36015
4902.4 148.346 7.02187
4903.8 141.986 6.76173
4905.2 144.778 6.78475
4906.6 138.441 6.63668
4908.0 154.311 7.07403
4909.4 135.813 6.81638
4910.8 152.931 6.98249
4912.2 137.540 6.62884
4913.6 142.939 6.70142
4915.0 140.206 6.76844
4916.4 143.883 6.76933
4917.8 145.236 6.84775
4919.2 139.099 6.60508
4920.6 139.906 6.84627
4922.0 140.089 6.77502
4923.4 142.434 6.89052
4924.8 142.698 6.70520
4926.2 134.525 6.60813
4927.6 145.170 6.78367
4929.0 152.780 7.05614
4930.4 138.877 6.86399
4931.8 144.476 6.92007
4933.2 139.778 6.69232
4934.6 130.225 6.38944
4936.0 145.301 6.77946
4937.4 144.022 6.81955
4938.8 140.040 6.80084
4940.2 140.417 6.90722
4941.6 133.112 6.49523
4943.0 140.440 6.83961
4944.4 141.416 6.71500
4945.8 140.665 6.79264
4947.2 139.238 6.50632
4948.6 131.626 6.69967
4950.0 147.135 6.71354
4951.4 139.094 6.62348
4952.8 133.119 6.46803
4954.2 140.390 6.61443
4955.6 150.447 7.08622
4957.0 139.758 6.94565
4958.4 137.884 6.63504
4959.8 142.097 6.64839
4961.2 148.039 6.78556
4962.6 149.211 6.85131
4964.0 141.694 6.64471
4965.4 136.051 6.60562
4966.8 142.497 6.70790
4968.2 142.388 6.61310
4969.6 129.736 6.32036
4971.0 133.636 6.33314
4972.4 143.127 6.64340
4973.8 144.908 6.69433
4975.2 138.426 6.59244
4976.6 142.990 6.61217
4978.0 140.540 6.58967
4979.4 132.566 6.29995
4980.8 146.595 6.70582
4982.2 138.612 6.54331
4983.6 134.473 6.46393
4985.0 140.731 6.53110
4986.4 143.088 6.67474
4987.8 139.197 6.53335
4989.2 140.953 6.63050
4990.6 145.621 6.77632
4992.0 131.073 6.64022
4993.4 139.842 6.58693
4994.8 140.861 6.89933
4996.2 148.985 7.54161
4997.6 142.520 7.44850
4999.0 144.841 6.80662
