3900.0 66.805 4.26336
3901.4 62.242 4.24955
3902.8 67.848 4.25756
3904.2 69.431 4.39952
3905.6 69.505 4.23600
3907.0 68.929 4.36438
3908.4 74.122 4.50320
3909.8 70.633 4.49174
3911.2 74.619 4.52525
3912.6 78.207 4.63661
3914.0 77.255 4.51782
3915.4 79.344 4.52017
3916.8 80.247 4.68986
3918.2 77.455 4.67128
3919.6 73.797 4.77605
3921.0 75.009 4.48134
3922.4 77.215 4.55912
3923.8 71.134 4.41758
3925.2 78.342 4.44453
3926.6 75.859 4.46658
3928.0 75.387 4.25468
3929.4 72.673 4.33962
3930.8 73.269 4.28530
3932.2 66.686 3.95828
3933.6 55.280 3.55754
3935.0 51.609 3.42877
3936.4 68.674 4.01845
3937.8 79.513 4.35317
3939.2 77.122 4.40190
3940.6 75.978 4.31779
3942.0 76.262 4.18857
3943.4 76.736 4.43334
3944.8 73.179 4.59040
3946.2 75.609 4.57080
3947.6 75.125 4.41088
3949.0 76.213 4.21573
3950.4 70.579 4.07669
3951.8 75.848 4.15341
3953.2 73.387 4.33079
3954.6 66.626 4.17534
3956.0 68.205 4.15975
3957.4 67.606 4.10108
3958.8 66.047 3.98103
3960.2 62.520 3.79521
3961.6 60.086 3.66208
3963.0 57.160 3.50218
3964.4 52.620 3.43542
3965.8 49.483 3.31593
3967.2 40.202 3.11978
3968.6 28.159 2.72764
3970.0 19.162 2.42836
3971.4 25.966 2.59626
3972.8 36.800 2.76799
3974.2 44.885 3.01821
3975.6 52.967 3.42258
3977.0 55.630 3.38154
3978.4 56.231 3.45902
3979.8 58.498 3.58458
3981.2 61.418 3.69489
3982.6 64.360 3.75528
3984.0 68.245 3.86049
3985.4 67.104 3.83191
3986.8 67.388 3.79308
3988.2 64.517 3.73517
3989.6 72.856 3.95640
3991.0 69.335 3.92080
3992.4 69.729 3.80866
3993.8 70.409 4.03770
3995.2 67.858 3.93510
3996.6 73.403 4.09554
3998.0 67.503 3.94382
3999.4 70.894 4.02555
4000.8 73.373 4.14974
4002.2 70.854 4.05071
4003.6 74.733 4.00651
4005.0 73.519 3.94596
4006.4 71.241 3.83924
4007.8 72.298 4.02792
4009.2 75.781 4.15813
4010.6 72.629 3.95736
4012.0 72.172 3.86373
4013.4 73.502 4.00053
4014.8 68.042 3.85366
4016.2 72.512 4.02397
4017.6 72.568 4.18872
4019.0 73.328 4.21350
4020.4 73.079 4.10062
4021.8 69.971 3.94169
4023.2 71.377 3.89694
4024.6 74.757 4.00561
4026.0 69.188 3.85906
4027.4 72.421 4.10019
4028.8 72.074 4.15272
4030.2 74.684 4.09365
4031.6 71.279 3.87289
4033.0 76.918 3.97164
4034.4 75.957 3.94932
4035.8 76.183 3.82779
4037.2 72.302 3.82358
4038.6 77.410 3.97045
4040.0 71.462 3.87459
4041.4 70.225 3.83011
4042.8 72.901 4.04588
4044.2 76.315 4.03103
4045.6 71.601 3.83494
4047.0 70.967 3.82044
4048.4 70.334 3.80593
4049.8 69.700 3.79143
4051.2 69.066 3.77693
4052.6 72.756 3.94976
4054.0 70.965 4.13527
4055.4 70.633 4.09315
4056.8 72.439 3.97240
4058.2 71.251 3.70447
4059.6 69.818 3.72686
4061.0 70.260 3.71066
4062.4 68.748 3.71429
4063.8 70.529 3.79091
4065.2 65.734 3.67928
4066.6 68.627 3.71429
4068.0 68.109 3.71718
4069.4 69.563 3.80488
4070.8 68.756 3.69936
4072.2 70.633 3.75789
4073.6 67.538 3.69125
4075.0 70.604 3.69519
4076.4 69.164 3.70725
4077.8 65.067 3.60241
4079.2 62.584 3.55016
4080.6 67.659 3.59924
4082.0 64.227 3.53211
4083.4 67.616 3.53600
4084.8 64.026 3.48641
4086.2 62.027 3.43748
4087.6 61.198 3.44280
4089.0 66.309 3.60193
4090.4 60.840 3.56421
4091.8 59.365 3.30613
4093.2 54.696 3.21778
4094.6 53.543 3.24684
4096.0 54.367 3.17349
4097.4 49.708 3.16891
4098.8 44.723 3.03047
4100.2 40.708 2.78382
4101.6 26.204 2.32359
4103.0 26.167 2.27335
4104.4 33.976 2.48943
4105.8 43.386 2.80310
4107.2 45.240 2.90242
4108.6 52.345 3.12945
4110.0 56.177 3.18509
4111.4 58.526 3.36122
4112.8 55.774 3.21954
4114.2 59.801 3.44632
4115.6 62.092 3.54483
4117.0 60.448 3.50405
4118.4 65.858 3.49759
4119.8 62.903 3.37179
4121.2 66.034 3.46461
4122.6 60.180 3.42184
4124.0 70.085 3.52350
4125.4 67.945 3.58864
4126.8 67.881 3.62470
4128.2 65.408 3.68083
4129.6 63.720 3.76162
4131.0 63.165 3.77097
4132.4 66.752 3.62110
4133.8 65.314 3.58084
4135.2 66.117 3.62113
4136.6 68.775 3.75475
4138.0 66.668 3.65653
4139.4 68.532 3.87012
4140.8 71.153 3.59149
4142.2 64.281 3.40364
4143.6 67.970 3.54043
4145.0 62.742 3.53250
4146.4 66.138 3.66380
4147.8 66.733 3.55566
4149.2 69.983 3.62618
4150.6 67.801 3.50732
4152.0 66.525 3.49026
4153.4 66.286 3.46734
4154.8 67.379 3.49048
4156.2 69.636 3.54312
4157.6 64.498 3.45499
4159.0 67.164 3.45901
4160.4 68.009 3.49719
4161.8 65.176 3.42590
4163.2 64.329 3.38459
4164.6 69.095 3.50216
4166.0 68.815 3.57371
4167.4 66.044 3.54079
4168.8 67.341 3.56667
4170.2 63.565 3.34757
4171.6 66.059 3.34986
4173.0 63.362 3.31147
4174.4 65.501 3.40559
4175.8 67.025 3.55805
4177.2 68.033 3.68227
4178.6 67.090 3.57501
4180.0 65.324 3.44271
4181.4 68.373 3.55984
4182.8 68.077 3.43746
4184.2 64.125 3.36249
4185.6 66.901 3.49635
4187.0 65.421 3.41353
4188.4 64.467 3.36967
4189.8 68.279 3.57921
4191.2 66.394 3.51631
4192.6 62.782 3.40452
4194.0 66.964 3.37866
4195.4 67.632 3.36014
4196.8 67.424 3.37041
4198.2 65.212 3.36414
4199.6 62.465 3.33110
4201.0 65.562 3.27658
4202.4 67.608 3.30576
4203.8 62.875 3.21559
4205.2 64.748 3.34169
4206.6 65.043 3.30616
4208.0 64.680 3.41494
4209.4 68.599 3.43815
4210.8 64.562 3.43551
4212.2 64.336 3.27100
4213.6 66.707 3.56542
4215.0 64.014 3.42435
4216.4 64.616 3.36479
4217.8 63.650 3.43050
4219.2 64.909 3.29409
4220.6 64.697 3.27411
4222.0 67.257 3.35914
4223.4 64.848 3.30436
4224.8 63.835 3.21014
4226.2 63.671 3.26591
4227.6 65.392 3.21507
4229.0 64.814 3.29225
4230.4 64.307 3.30971
4231.8 65.568 3.38486
4233.2 67.166 3.43833
4234.6 61.987 3.30621
4236.0 68.125 3.40519
4237.4 65.227 3.44514
4238.8 63.494 3.40036
4240.2 66.659 3.57449
4241.6 65.926 3.50615
4243.0 67.893 3.55963
4244.4 63.317 3.44779
4245.8 65.477 3.36034
4247.2 62.884 3.32875
4248.6 67.269 3.47234
4250.0 64.720 3.37451
4251.4 65.596 3.34317
4252.8 63.538 3.40625
4254.2 66.542 3.35675
4255.6 64.688 3.32287
4257.0 63.851 3.21636
4258.4 66.806 3.33435
4259.8 64.827 3.21736
4261.2 63.699 3.34702
4262.6 65.382 3.43054
4264.0 69.189 3.60970
4265.4 66.511 3.44369
4266.8 67.552 3.32362
4268.2 64.014 3.21030
4269.6 63.669 3.31064
4271.0 66.912 3.32855
4272.4 63.529 3.33928
4273.8 65.898 3.39183
4275.2 62.542 3.19071
4276.6 67.999 3.43865
4278.0 67.403 3.47079
4279.4 65.225 3.38108
4280.8 62.240 3.18975
4282.2 66.772 3.35891
4283.6 66.224 3.33557
4285.0 65.653 3.22252
4286.4 65.476 3.26416
4287.8 65.685 3.28640
4289.2 62.886 3.27068
4290.6 62.176 3.24529
4292.0 62.133 3.24622
4293.4 61.647 3.23457
4294.8 62.172 3.21650
4296.2 61.450 3.13816
4297.6 65.526 3.38628
4299.0 63.283 3.23049
4300.4 60.983 3.14242
4301.8 61.072 3.17995
4303.2 60.725 3.11858
4304.6 63.553 3.21150
4306.0 64.883 3.18745
4307.4 62.625 3.20306
4308.8 60.177 3.11023
4310.2 62.059 3.11704
4311.6 63.004 3.16451
4313.0 63.385 3.15456
4314.4 59.699 3.10251
4315.8 59.953 3.21816
4317.2 57.883 3.17786
4318.6 59.693 3.09820
4320.0 61.487 3.13274
4321.4 57.699 3.06220
4322.8 60.788 3.07555
4324.2 59.051 3.05180
4325.6 59.844 3.01418
4327.0 54.063 2.99383
4328.4 56.677 3.02859
4329.8 57.335 3.07305
4331.2 53.568 2.84808
4332.6 52.795 2.74185
4334.0 49.526 2.64810
4335.4 47.483 2.70358
4336.8 43.895 2.46633
4338.2 40.520 2.36693
4339.6 31.014 2.12123
4341.0 23.528 2.03647
4342.4 26.636 2.19369
4343.8 37.848 2.36731
4345.2 38.950 2.43815
4346.6 47.764 2.59063
4348.0 51.358 3.00362
4349.4 52.800 3.06523
4350.8 53.611 2.93996
4352.2 55.365 2.88478
4353.6 55.307 2.90480
4355.0 57.497 2.95491
4356.4 57.016 2.96515
4357.8 61.234 3.28194
4359.2 55.874 3.33617
4360.6 58.565 3.28228
4362.0 58.575 3.10081
4363.4 59.118 3.14786
4364.8 58.198 3.02022
4366.2 61.457 3.25894
4367.6 61.680 3.17138
4369.0 60.232 3.05979
4370.4 59.824 3.00477
4371.8 59.267 3.00532
4373.2 61.124 3.06079
4374.6 59.725 3.05366
4376.0 63.236 3.05351
4377.4 62.766 3.12583
4378.8 59.318 3.15866
4380.2 60.860 3.12334
4381.6 60.938 3.15321
4383.0 60.412 3.18401
4384.4 59.859 3.20316
4385.8 61.478 3.17979
4387.2 62.547 3.21372
4388.6 63.542 3.10316
4390.0 62.373 3.13646
4391.4 59.473 3.02943
4392.8 62.105 3.08104
4394.2 62.234 3.03830
4395.6 59.195 3.01063
4397.0 57.383 2.90406
4398.4 56.769 3.01258
4399.8 63.775 3.14116
4401.2 58.511 3.02221
4402.6 63.627 3.09904
4404.0 61.032 2.96307
4405.4 58.976 2.93427
4406.8 59.529 2.93725
4408.2 59.058 2.95397
4409.6 60.144 2.96032
4411.0 63.692 3.07380
4412.4 62.127 3.05584
4413.8 60.796 3.07332
4415.2 60.151 2.95526
4416.6 58.752 2.91000
4418.0 56.123 2.86361
4419.4 58.870 2.83754
4420.8 58.239 2.94844
4422.2 59.798 2.90873
4423.6 59.177 2.93486
4425.0 58.292 2.86678
4426.4 60.943 2.97175
4427.8 58.916 3.04543
4429.2 58.184 2.78695
4430.6 57.141 2.84849
4432.0 59.219 2.89822
4433.4 58.706 2.89512
4434.8 59.408 3.02116
4436.2 58.475 2.85351
4437.6 58.735 2.93763
4439.0 59.662 2.95620
4440.4 61.861 2.99259
4441.8 59.173 2.94848
4443.2 59.781 2.96502
4444.6 57.807 2.83741
4446.0 59.366 2.94811
4447.4 58.480 2.84109
4448.8 57.367 2.97208
4450.2 57.841 2.97938
4451.6 58.498 2.86742
4453.0 58.614 2.92638
4454.4 59.239 2.90050
4455.8 58.608 2.84804
4457.2 54.150 2.82107
4458.6 59.239 3.00688
4460.0 57.441 2.94173
4461.4 60.039 2.91380
4462.8 60.987 2.90825
4464.2 57.586 2.91968
4465.6 58.297 3.04381
4467.0 60.745 3.04686
4468.4 57.887 2.94159
4469.8 59.293 2.79527
4471.2 55.611 2.73003
4472.6 58.364 2.97856
4474.0 54.730 2.81543
4475.4 57.680 2.78196
4476.8 58.020 2.79800
4478.2 58.036 2.83264
4479.6 59.234 2.86948
4481.0 57.883 2.85348
4482.4 54.661 2.72011
4483.8 56.260 2.75444
4485.2 55.895 2.76965
4486.6 56.932 2.81008
4488.0 57.697 2.89684
4489.4 56.173 2.92302
4490.8 58.955 2.90177
4492.2 58.468 2.83208
4493.6 54.387 2.72748
4495.0 54.755 2.74990
4496.4 54.075 2.76657
4497.8 54.417 2.89838
4499.2 57.765 2.83662
4500.6 55.265 2.80487
4502.0 53.366 2.73531
4503.4 56.577 2.80419
4504.8 58.671 2.84129
4506.2 55.082 2.82124
4507.6 54.884 2.83994
4509.0 55.299 2.79983
4510.4 57.196 2.87183
4511.8 57.988 2.82340
4513.2 55.920 2.82929
4514.6 58.320 2.82688
4516.0 54.714 2.79716
4517.4 57.206 2.79184
4518.8 55.831 2.80324
4520.2 55.862 2.86148
4521.6 60.369 2.91628
4523.0 55.593 2.84788
4524.4 56.029 2.78985
4525.8 57.598 2.72479
4527.2 59.608 2.76296
4528.6 55.856 2.71865
4530.0 58.816 2.77782
4531.4 60.144 2.71948
4532.8 56.111 2.76889
4534.2 58.783 2.79944
4535.6 53.761 2.72041
4537.0 57.200 2.86699
4538.4 59.931 2.84825
4539.8 59.223 2.81803
4541.2 56.279 2.80271
4542.6 55.649 2.78235
4544.0 56.299 2.80955
4545.4 58.255 2.78124
4546.8 56.073 2.69000
4548.2 54.151 2.70744
4549.6 54.572 2.78559
4551.0 56.448 2.87353
4552.4 55.493 2.77059
4553.8 56.252 2.80458
4555.2 55.596 2.75327
4556.6 54.921 2.70149
4558.0 54.486 2.67840
4559.4 55.213 2.67137
4560.8 56.097 2.73548
4562.2 55.493 2.70737
4563.6 57.167 2.76699
4565.0 54.099 2.67151
4566.4 54.016 2.68508
4567.8 55.986 2.74405
4569.2 58.152 2.75735
4570.6 54.082 2.73739
4572.0 54.909 2.71269
4573.4 55.208 2.65476
4574.8 53.831 2.65001
4576.2 56.840 2.61606
4577.6 56.614 2.72175
4579.0 55.676 2.70649
4580.4 54.177 2.67442
4581.8 54.007 2.72315
4583.2 56.020 2.66257
4584.6 55.877 2.66508
4586.0 53.417 2.72226
4587.4 57.278 2.77037
4588.8 58.803 2.89175
4590.2 53.274 2.77559
4591.6 54.151 2.79398
4593.0 53.212 2.68858
4594.4 56.817 2.77277
4595.8 57.386 2.76391
4597.2 56.277 2.71237
4598.6 56.081 2.80983
4600.0 53.373 2.76660
4601.4 56.434 2.69602
4602.8 55.596 2.65621
4604.2 57.466 2.76225
4605.6 57.458 2.68998
4607.0 56.159 2.64556
4608.4 56.358 2.71684
4609.8 54.746 2.64633
4611.2 55.651 2.67413
4612.6 56.852 2.70992
4614.0 52.402 2.68654
4615.4 56.489 2.90113
4616.8 53.907 2.84665
4618.2 54.997 2.77083
4619.6 53.343 2.63290
4621.0 52.408 2.53696
4622.4 54.884 2.65597
4623.8 53.883 2.64327
4625.2 57.082 2.58657
4626.6 54.240 2.67357
4628.0 56.127 2.70456
4629.4 52.393 2.58628
4630.8 54.377 2.67435
4632.2 53.458 2.66485
4633.6 56.381 2.70846
4635.0 53.287 2.54803
4636.4 52.923 2.59468
4637.8 54.048 2.64025
4639.2 53.233 2.53707
4640.6 57.626 2.71487
4642.0 54.636 2.61152
4643.4 54.182 2.68237
4644.8 55.811 2.68038
4646.2 54.739 2.72284
4647.6 55.466 2.66286
4649.0 55.141 2.63417
4650.4 53.928 2.59287
4651.8 52.895 2.65244
4653.2 55.521 2.61282
4654.6 54.155 2.65119
4656.0 54.149 2.71930
4657.4 52.382 2.60054
4658.8 54.530 2.63032
4660.2 54.951 2.62952
4661.6 55.518 2.58243
4663.0 54.601 2.67877
4664.4 53.960 2.59758
4665.8 55.235 2.67028
4667.2 55.159 2.70424
4668.6 56.109 2.85157
4670.0 55.878 2.79686
4671.4 53.175 2.60728
4672.8 52.674 2.55627
4674.2 53.827 2.64159
4675.6 53.166 2.56819
4677.0 54.612 2.63010
4678.4 52.698 2.62632
4679.8 53.876 2.55341
4681.2 55.177 2.62186
4682.6 53.356 2.64104
4684.0 54.582 2.65821
4685.4 53.800 2.60555
4686.8 53.850 2.52451
4688.2 51.786 2.54403
4689.6 54.953 2.57816
4691.0 53.529 2.57886
4692.4 55.276 2.61919
4693.8 55.973 2.59633
4695.2 51.366 2.52904
4696.6 53.208 2.56005
4698.0 53.151 2.52248
4699.4 54.066 2.58476
4700.8 56.071 2.66707
4702.2 53.652 2.60208
4703.6 54.101 2.56863
4705.0 53.029 2.50657
4706.4 51.324 2.60159
4707.8 52.608 2.65089
4709.2 54.883 2.67686
4710.6 54.071 2.58529
4712.0 49.960 2.40826
4713.4 53.500 2.51762
4714.8 55.212 2.57429
4716.2 52.562 2.51254
4717.6 54.257 2.55185
4719.0 53.205 2.50033
4720.4 52.813 2.49681
4721.8 52.398 2.45222
4723.2 51.243 2.47471
4724.6 50.716 2.48664
4726.0 52.165 2.50569
4727.4 53.089 2.48459
4728.8 53.766 2.50725
4730.2 53.682 2.59336
4731.6 52.596 2.53236
4733.0 53.931 2.57267
4734.4 54.337 2.57561
4735.8 54.601 2.59578
4737.2 55.208 2.56847
4738.6 52.747 2.59171
4740.0 51.238 2.55740
4741.4 50.526 2.53082
4742.8 50.977 2.48196
4744.2 53.114 2.60321
4745.6 53.005 2.55998
4747.0 52.271 2.50370
4748.4 52.189 2.46895
4749.8 52.809 2.48707
4751.2 53.399 2.60490
4752.6 51.708 2.63501
4754.0 52.256 2.66323
4755.4 52.933 2.58362
4756.8 51.636 2.46102
4758.2 52.395 2.52324
4759.6 53.936 2.50414
4761.0 53.032 2.56712
4762.4 51.834 2.47307
4763.8 52.100 2.50806
4765.2 50.761 2.58726
4766.6 51.556 2.49511
4768.0 53.375 2.53667
4769.4 52.017 2.44224
4770.8 52.843 2.45696
4772.2 51.096 2.38912
4773.6 49.814 2.45545
4775.0 51.567 2.43978
4776.4 52.763 2.49239
4777.8 53.584 2.54974
4779.2 50.779 2.49121
4780.6 50.318 2.47166
4782.0 51.137 2.41859
4783.4 51.199 2.39889
4784.8 51.044 2.44867
4786.2 52.926 2.53575
4787.6 53.232 2.64960
4789.0 52.189 2.42927
4790.4 52.353 2.43305
4791.8 53.881 2.52788
4793.2 50.663 2.38490
4794.6 51.983 2.45873
4796.0 52.770 2.48716
4797.4 50.745 2.43549
4798.8 52.200 2.52331
4800.2 51.535 2.45415
4801.6 49.694 2.39741
4803.0 52.008 2.46962
4804.4 51.148 2.42599
4805.8 49.868 2.36818
4807.2 52.559 2.46041
4808.6 50.811 2.47628
4810.0 52.812 2.54911
4811.4 51.295 2.53779
4812.8 50.865 2.35694
4814.2 49.773 2.34534
4815.6 51.749 2.40633
4817.0 50.439 2.37443
4818.4 51.432 2.41963
4819.8 49.886 2.48873
4821.2 49.524 2.43948
4822.6 49.569 2.41738
4824.0 50.955 2.44540
4825.4 50.238 2.37675
4826.8 49.571 2.44769
4828.2 50.035 2.42528
4829.6 48.305 2.38712
4831.0 50.736 2.43623
4832.4 49.936 2.43638
4833.8 49.780 2.47793
4835.2 48.356 2.37532
4836.6 48.315 2.34623
4838.0 48.625 2.33212
4839.4 47.452 2.33232
4840.8 47.934 2.39305
4842.2 48.376 2.41285
4843.6 47.481 2.39733
4845.0 47.667 2.30998
4846.4 48.225 2.37317
4847.8 47.534 2.29993
4849.2 44.765 2.26601
4850.6 45.306 2.20861
4852.0 42.051 2.10207
4853.4 44.078 2.14188
4854.8 42.452 2.11418
4856.2 39.105 2.04531
4857.6 36.235 1.94960
4859.0 36.269 1.94982
4860.4 28.998 1.68941
4861.8 20.306 1.54803
4863.2 25.430 1.69034
4864.6 29.976 1.80997
4866.0 36.686 1.98067
4867.4 38.781 2.03772
4868.8 38.897 2.07712
4870.2 42.334 2.13563
4871.6 43.433 2.17638
4873.0 43.797 2.20498
4874.4 43.590 2.18493
4875.8 42.549 2.23163
4877.2 45.367 2.24327
4878.6 44.937 2.24665
4880.0 44.279 2.19222
4881.4 45.861 2.20446
4882.8 46.703 2.29476
4884.2 48.179 2.31684
4885.6 49.916 2.33122
4887.0 48.904 2.30443
4888.4 44.093 2.19710
4889.8 44.814 2.34587
4891.2 49.211 2.44754
4892.6 48.801 2.50676
4894.0 47.124 2.27519
4895.4 48.552 2.39138
4896.8 47.677 2.34803
4898.2 47.243 2.38362
4899.6 47.579 2.41274
4901.0 47.315 2.32730
4902.4 48.908 2.33202
4903.8 49.529 2.31654
4905.2 47.989 2.33073
4906.6 50.369 2.39914
4908.0 51.180 2.45464
4909.4 47.812 2.42302
4910.8 48.989 2.36994
4912.2 48.835 2.41664
4913.6 50.037 2.46204
4915.0 49.651 2.53454
4916.4 51.230 2.54740
4917.8 49.552 2.40979
4919.2 49.270 2.42101
4920.6 48.849 2.40191
4922.0 50.002 2.36633
4923.4 48.233 2.39461
4924.8 48.157 2.35687
4926.2 47.560 2.36751
4927.6 47.798 2.40738
4929.0 49.894 2.45292
4930.4 49.241 2.38457
4931.8 49.426 2.41172
4933.2 49.283 inf
4934.6 49.141 inf
4936.0 48.999 inf
4937.4 48.857 inf
4938.8 48.714 inf
4940.2 48.572 2.43334
4941.6 50.243 2.35511
4943.0 50.956 2.45193
4944.4 50.632 2.39796
4945.8 48.800 2.44567
4947.2 49.149 2.37954
4948.6 48.513 2.31303
4950.0 49.036 2.25904
4951.4 49.581 2.35286
4952.8 50.097 2.35135
4954.2 51.193 2.42744
4955.6 49.652 2.36025
4957.0 48.310 2.37512
4958.4 46.618 2.33151
4959.8 47.428 2.34881
4961.2 49.236 2.32713
4962.6 47.859 2.24280
4964.0 45.109 2.22320
4965.4 48.747 2.35183
4966.8 48.462 2.33398
4968.2 49.014 2.34546
4969.6 48.791 2.29749
4971.0 48.126 2.20269
4972.4 49.139 2.35318
4973.8 48.334 2.27867
4975.2 46.753 2.25778
4976.6 47.053 2.24235
4978.0 46.872 2.26411
4979.4 48.127 2.27833
4980.8 47.555 2.36395
4982.2 46.638 2.40247
4983.6 50.251 2.39055
4985.0 46.840 2.25513
4986.4 45.831 2.27019
4987.8 47.248 2.40727
4989.2 46.936 2.40234
4990.6 46.536 2.32205
4992.0 49.191 2.29346
4993.4 48.793 2.32414
4994.8 47.540 2.31219
4996.2 46.971 2.27166
4997.6 45.807 2.27432
4999.0 48.094 2.30716
