3900.0 30.372 5.47314
3901.4 30.354 5.43204
3902.8 29.394 5.40031
3904.2 32.904 5.60647
3905.6 43.225 5.92490
3907.0 32.714 5.78271
3908.4 37.046 5.96010
3909.8 41.554 6.09549
3911.2 52.287 6.09150
3912.6 60.819 7.00371
3914.0 38.233 5.60773
3915.4 43.519 5.55389
3916.8 39.658 5.62937
3918.2 35.633 5.40887
3919.6 39.938 5.37982
3921.0 44.331 5.36549
3922.4 46.441 5.35164
3923.8 34.032 5.00920
3925.2 46.446 5.38181
3926.6 52.243 5.56971
3928.0 45.625 5.25535
3929.4 43.644 5.14018
3930.8 37.516 5.06602
3932.2 53.258 5.37380
3933.6 29.997 4.66627
3935.0 30.522 4.40942
3936.4 22.517 4.15304
3937.8 20.663 4.25652
3939.2 36.863 4.82695
3940.6 35.995 5.09608
3942.0 52.722 5.47869
3943.4 45.617 5.34534
3944.8 45.650 5.31093
3946.2 49.958 5.40546
3947.6 45.000 5.34976
3949.0 44.285 5.45455
3950.4 44.019 5.58943
3951.8 46.091 6.01889
3953.2 49.307 5.70487
3954.6 51.199 5.24359
3956.0 40.920 5.23528
3957.4 47.258 5.33333
3958.8 35.344 4.80492
3960.2 36.600 5.04222
3961.6 38.994 5.65334
3963.0 23.009 4.94522
3964.4 35.132 5.25615
3965.8 36.154 5.50206
3967.2 37.208 5.24290
3968.6 21.793 4.88433
3970.0 19.142 4.72789
3971.4 15.302 4.64334
3972.8 3.990 4.73913
3974.2 21.806 5.54543
3975.6 28.463 5.61765
3977.0 23.102 4.94661
3978.4 30.815 4.96091
3979.8 25.417 4.62047
3981.2 31.805 4.88344
3982.6 38.226 4.99607
3984.0 27.849 4.56092
3985.4 49.581 5.19170
3986.8 40.046 4.85310
3988.2 34.438 4.70016
3989.6 34.092 4.57399
3991.0 35.639 4.59177
3992.4 53.154 5.04951
3993.8 35.079 4.62045
3995.2 46.164 4.78070
3996.6 47.873 4.91267
3998.0 42.960 4.78001
3999.4 46.099 4.93409
4000.8 39.201 4.71501
4002.2 47.622 4.84371
4003.6 47.741 4.91329
4005.0 44.494 4.77620
4006.4 46.791 4.85979
4007.8 35.838 4.43873
4009.2 39.773 4.61937
4010.6 40.718 4.83091
4012.0 52.823 5.21646
4013.4 43.397 5.18964
4014.8 48.104 5.23982
4016.2 46.438 4.92749
4017.6 37.457 4.55780
4019.0 49.280 4.84262
4020.4 44.506 4.92800
4021.8 45.192 5.23298
4023.2 42.894 5.30630
4024.6 47.647 5.60190
4026.0 46.850 5.64607
4027.4 44.460 5.07958
4028.8 49.221 4.85551
4030.2 44.367 4.62619
4031.6 45.915 4.71538
4033.0 38.700 4.80949
4034.4 46.656 5.07938
4035.8 40.355 4.84478
4037.2 48.142 4.90738
4038.6 45.508 4.81107
4040.0 51.983 4.93883
4041.4 45.461 4.82613
4042.8 47.905 4.96089
4044.2 45.219 5.09055
4045.6 41.788 5.12358
4047.0 42.596 5.71284
4048.4 44.708 5.47583
4049.8 38.498 4.88054
4051.2 46.840 5.04011
4052.6 44.999 5.11440
4054.0 42.645 4.84769
4055.4 42.111 4.85538
4056.8 40.228 4.66672
4058.2 40.765 5.15055
4059.6 44.678 5.42467
4061.0 41.249 4.96314
4062.4 46.234 4.89287
4063.8 35.508 4.71238
4065.2 40.691 4.76715
4066.6 45.526 4.92501
4068.0 41.478 4.88267
4069.4 44.877 4.92348
4070.8 39.818 4.69580
4072.2 36.444 4.62777
4073.6 40.839 4.78058
4075.0 40.860 4.69920
4076.4 39.354 4.71100
4077.8 40.109 4.73384
4079.2 41.599 4.81175
4080.6 43.243 4.72809
4082.0 29.950 4.24424
4083.4 43.157 4.46845
4084.8 38.496 4.33225
4086.2 42.906 4.55207
4087.6 45.498 4.80528
4089.0 37.438 4.59022
4090.4 36.065 4.20700
4091.8 32.238 4.04499
4093.2 37.659 4.20052
4094.6 31.825 3.97758
4096.0 31.045 4.07627
4097.4 37.586 4.06262
4098.8 32.296 3.99918
4100.2 26.305 3.73430
4101.6 23.435 3.64306
4103.0 22.609 3.51541
4104.4 20.256 3.31593
4105.8 15.220 3.18438
4107.2 20.297 3.39404
4108.6 26.234 3.65650
4110.0 29.951 4.04584
4111.4 32.369 4.07528
4112.8 34.237 4.05796
4114.2 30.704 3.85437
4115.6 41.580 4.16660
4117.0 29.922 3.88086
4118.4 31.600 3.90396
4119.8 33.822 4.29221
4121.2 39.865 4.80697
4122.6 39.498 4.59719
4124.0 38.072 4.41804
4125.4 35.498 4.19792
4126.8 30.442 4.12076
4128.2 35.850 4.20202
4129.6 36.324 4.33413
4131.0 46.228 4.24779
4132.4 38.092 4.18981
4133.8 38.709 4.17282
4135.2 39.631 4.33454
4136.6 36.215 4.19290
4138.0 42.574 4.34008
4139.4 37.169 4.20644
4140.8 51.984 4.47365
4142.2 42.877 4.18417
4143.6 36.039 4.03551
4145.0 41.614 4.23073
4146.4 43.825 4.20067
4147.8 37.896 4.04195
4149.2 49.662 4.20438
4150.6 36.974 3.99625
4152.0 50.534 4.48187
4153.4 39.196 4.18499
4154.8 38.982 3.86166
4156.2 36.582 3.94190
4157.6 42.113 4.06296
4159.0 49.778 4.27228
4160.4 35.043 3.91993
4161.8 45.355 4.24608
4163.2 38.189 4.22205
4164.6 44.643 4.39853
4166.0 48.307 4.41533
4167.4 41.882 3.90004
4168.8 39.212 4.11007
4170.2 43.027 4.06839
4171.6 46.923 4.11906
4173.0 47.880 4.46296
4174.4 37.724 4.14270
4175.8 41.173 3.96805
4177.2 38.340 3.92001
4178.6 40.870 4.01180
4180.0 37.025 3.86740
4181.4 38.519 3.93893
4182.8 46.538 4.03295
4184.2 38.426 3.81026
4185.6 36.842 3.89790
4187.0 44.604 4.22320
4188.4 42.097 4.00627
4189.8 44.226 3.98303
4191.2 39.926 3.86917
4192.6 37.089 3.96764
4194.0 49.272 4.38643
4195.4 38.597 4.04101
4196.8 40.210 3.96572
4198.2 42.435 3.96729
4199.6 41.415 3.86973
4201.0 37.747 3.74072
4202.4 36.767 3.67206
4203.8 47.112 4.04831
4205.2 46.459 3.94960
4206.6 38.806 3.77523
4208.0 48.376 4.12760
4209.4 37.032 3.80115
4210.8 39.570 3.79668
4212.2 47.752 4.11872
4213.6 40.743 3.87422
4215.0 40.607 3.81900
4216.4 42.855 4.03604
4217.8 41.138 3.89667
4219.2 31.657 3.75660
4220.6 46.096 4.12718
4222.0 43.949 3.96080
4223.4 47.408 3.91191
4224.8 39.318 3.76593
4226.2 46.125 3.95708
4227.6 42.426 3.80047
4229.0 38.823 3.64743
4230.4 36.330 3.57770
4231.8 36.523 3.65964
4233.2 47.637 3.92848
4234.6 38.892 3.83287
4236.0 35.401 3.68661
4237.4 38.175 3.60475
4238.8 35.746 3.56684
4240.2 44.541 3.78727
4241.6 41.572 3.78731
4243.0 37.171 3.67161
4244.4 38.697 3.56125
4245.8 43.219 3.75080
4247.2 31.476 3.72372
4248.6 47.004 4.32562
4250.0 36.596 4.06276
4251.4 45.763 3.92786
4252.8 40.015 3.68457
4254.2 41.003 3.69479
4255.6 40.907 3.72856
4257.0 41.014 3.64024
4258.4 39.812 3.64754
4259.8 36.310 3.78305
4261.2 39.088 4.24823
4262.6 36.311 3.99969
4264.0 36.254 3.64726
4265.4 37.300 3.61088
4266.8 39.140 3.68135
4268.2 46.545 3.83628
4269.6 36.979 3.73236
4271.0 41.434 3.82820
4272.4 34.349 3.58335
4273.8 44.191 3.78723
4275.2 37.897 3.49745
4276.6 41.178 3.63587
4278.0 39.196 3.56408
4279.4 37.493 3.59711
4280.8 36.991 3.51639
4282.2 41.155 3.60765
4283.6 43.654 3.71142
4285.0 42.673 3.72071
4286.4 34.280 3.52676
4287.8 40.568 3.65861
4289.2 35.341 3.69854
4290.6 36.430 3.91518
4292.0 37.708 3.93194
4293.4 30.134 3.60829
4294.8 37.141 3.55960
4296.2 37.170 3.44438
4297.6 36.608 3.50020
4299.0 36.117 3.32818
4300.4 35.384 3.45035
4301.8 37.972 3.48502
4303.2 33.966 3.37825
4304.6 38.438 3.41997
4306.0 30.861 3.35182
4307.4 40.204 3.64900
4308.8 36.110 3.52306
4310.2 38.853 3.63723
4311.6 43.608 3.58408
4313.0 31.936 3.36369
4314.4 34.896 3.38132
4315.8 41.202 3.53701
4317.2 31.915 3.48540
4318.6 30.578 3.25504
4320.0 37.804 3.50482
4321.4 33.551 3.39697
4322.8 37.502 3.49614
4324.2 38.491 3.57290
4325.6 34.036 3.35125
4327.0 33.547 3.22854
4328.4 28.747 3.14559
4329.8 32.356 3.31413
4331.2 34.354 3.40220
4332.6 36.202 3.39007
4334.0 28.724 3.07481
4335.4 26.196 3.02964
4336.8 32.195 3.24797
4338.2 30.517 3.09358
4339.6 27.757 3.01244
4341.0 21.690 2.86535
4342.4 17.633 2.69131
4343.8 15.987 2.62621
4345.2 16.886 2.64865
4346.6 22.077 2.85829
4348.0 21.341 2.87087
4349.4 22.878 2.90109
4350.8 25.603 2.96990
4352.2 29.808 3.08308
4353.6 32.812 3.18940
4355.0 26.710 3.13530
4356.4 32.174 3.40985
4357.8 35.388 3.61295
4359.2 30.972 3.98232
4360.6 34.067 3.83268
4362.0 35.349 3.60351
4363.4 35.534 3.37348
4364.8 37.173 3.39596
4366.2 34.273 3.32764
4367.6 37.658 3.36504
4369.0 36.567 3.42756
4370.4 38.809 3.43625
4371.8 37.044 3.38146
4373.2 37.788 3.42498
4374.6 40.098 3.43046
4376.0 36.291 3.39060
4377.4 39.585 3.46414
4378.8 36.236 3.41364
4380.2 39.312 3.68408
4381.6 37.811 3.71197
4383.0 36.449 3.62379
4384.4 36.074 3.44010
4385.8 35.161 3.25579
4387.2 36.994 3.44240
4388.6 35.726 3.37221
4390.0 36.448 3.30898
4391.4 30.438 3.20259
4392.8 34.018 3.20169
4394.2 39.521 3.44809
4395.6 39.307 3.45364
4397.0 40.556 3.53022
4398.4 37.335 3.45183
4399.8 40.214 3.45614
4401.2 43.215 3.57500
4402.6 36.100 3.37075
4404.0 38.849 3.41051
4405.4 38.657 3.42725
4406.8 37.191 3.41580
4408.2 35.029 3.42850
4409.6 37.262 3.45054
4411.0 38.399 3.40877
4412.4 36.991 3.31781
4413.8 42.977 3.48000
4415.2 40.338 3.55306
4416.6 39.290 3.39697
4418.0 32.618 3.20461
4419.4 35.502 3.30167
4420.8 38.973 3.67489
4422.2 32.886 3.44329
4423.6 38.413 3.57757
4425.0 32.292 3.46475
4426.4 37.685 3.56466
4427.8 40.301 3.69101
4429.2 38.229 3.40455
4430.6 30.177 3.07242
4432.0 38.678 3.31826
4433.4 33.196 3.19425
4434.8 38.575 3.23502
4436.2 35.367 3.18473
4437.6 38.187 3.27045
4439.0 36.607 3.27001
4440.4 39.529 3.28288
4441.8 37.933 3.31494
4443.2 34.103 3.12139
4444.6 38.892 3.35429
4446.0 34.789 3.31875
4447.4 34.866 3.26700
4448.8 35.222 3.14341
4450.2 37.549 3.25810
4451.6 36.652 3.17345
4453.0 36.305 3.32843
4454.4 37.096 3.42345
4455.8 37.054 3.24902
4457.2 34.862 3.12586
4458.6 42.978 3.31962
4460.0 41.720 3.36372
4461.4 32.398 3.15074
4462.8 41.191 3.30198
4464.2 34.465 3.20990
4465.6 41.850 3.26671
4467.0 33.633 3.10369
4468.4 35.273 3.17215
4469.8 37.180 3.23946
4471.2 34.720 3.22716
4472.6 30.195 3.12197
4474.0 32.580 3.17329
4475.4 37.849 3.40015
4476.8 38.657 3.36629
4478.2 34.688 3.07005
4479.6 35.157 3.09985
4481.0 31.270 3.15345
4482.4 37.074 3.37373
4483.8 32.613 3.26938
4485.2 31.352 3.10592
4486.6 35.750 3.17356
4488.0 38.184 3.15426
4489.4 38.767 3.32068
4490.8 34.261 3.10996
4492.2 37.644 3.19902
4493.6 36.018 3.11516
4495.0 40.714 3.31493
4496.4 38.314 3.19941
4497.8 38.485 3.20032
4499.2 35.624 3.02249
4500.6 32.532 3.01045
4502.0 34.570 2.98252
4503.4 37.199 3.11611
4504.8 39.192 3.21125
4506.2 38.966 3.43804
4507.6 37.209 3.40497
4509.0 35.534 3.20235
4510.4 42.078 3.32273
4511.8 36.192 3.10560
4513.2 37.549 3.07871
4514.6 33.230 2.96644
4516.0 35.364 3.02953
4517.4 33.865 3.01864
4518.8 37.560 3.27618
4520.2 41.666 3.38721
4521.6 37.103 3.14774
4523.0 36.069 3.04681
4524.4 38.184 3.10995
4525.8 37.244 3.08613
4527.2 35.743 2.98613
4528.6 35.517 3.09625
4530.0 35.024 3.16423
4531.4 32.388 3.12907
4532.8 34.277 3.09100
4534.2 39.345 3.18323
4535.6 34.312 3.01325
4537.0 30.472 3.02894
4538.4 36.844 3.15179
4539.8 33.101 3.04654
4541.2 35.267 3.10245
4542.6 36.256 3.12050
4544.0 40.697 3.28828
4545.4 41.670 3.26370
4546.8 31.605 3.13556
4548.2 38.857 3.23265
4549.6 33.840 3.20531
4551.0 38.077 3.20277
4552.4 33.569 3.02628
4553.8 29.276 2.91156
4555.2 31.997 2.94156
4556.6 33.641 3.17885
4558.0 34.620 3.18368
4559.4 34.696 3.05167
4560.8 36.754 3.06359
4562.2 34.612 2.99436
4563.6 34.806 3.02671
4565.0 33.563 3.08414
4566.4 32.986 2.95059
4567.8 36.149 3.14424
4569.2 34.389 3.17061
4570.6 35.577 3.21666
4572.0 36.382 3.03363
4573.4 35.828 2.96238
4574.8 36.998 2.99161
4576.2 33.920 2.90638
4577.6 33.860 3.08694
4579.0 34.739 3.22585
4580.4 35.162 3.21678
4581.8 40.089 3.22628
4583.2 37.233 3.23682
4584.6 38.026 3.11320
4586.0 34.400 2.92261
4587.4 33.026 2.83395
4588.8 35.722 3.02218
4590.2 32.775 2.94048
4591.6 37.142 3.10621
4593.0 33.323 2.93513
4594.4 31.052 3.04791
4595.8 38.423 3.16115
4597.2 34.703 3.03700
4598.6 33.484 2.87235
4600.0 33.867 2.88412
4601.4 35.749 2.94483
4602.8 33.293 2.92121
4604.2 35.568 3.10972
4605.6 37.963 3.09532
4607.0 35.119 2.89681
4608.4 34.310 2.85186
4609.8 38.177 2.99837
4611.2 41.947 3.15412
4612.6 35.125 3.08541
4614.0 31.580 2.87123
4615.4 34.548 2.86719
4616.8 37.036 2.92692
4618.2 35.490 2.98057
4619.6 34.667 3.08814
4621.0 37.123 3.00795
4622.4 34.972 2.89271
4623.8 32.986 2.72419
4625.2 32.290 2.80725
4626.6 34.718 2.87977
4628.0 34.184 2.79884
4629.4 32.660 2.88434
4630.8 34.782 2.83898
4632.2 35.294 3.11212
4633.6 41.532 4.09339
4635.0 41.794 3.12841
4636.4 35.738 2.90532
4637.8 35.443 2.86372
4639.2 38.729 2.99703
4640.6 33.944 2.79864
4642.0 32.496 2.82798
4643.4 32.532 2.82332
4644.8 34.427 2.90586
4646.2 37.774 2.95410
4647.6 37.106 2.95789
4649.0 34.489 2.83819
4650.4 34.432 2.84916
4651.8 34.342 2.82622
4653.2 34.569 2.92359
4654.6 36.867 2.91741
4656.0 37.843 2.97835
4657.4 36.052 3.01506
4658.8 31.811 3.06893
4660.2 36.896 3.06828
4661.6 30.641 2.83144
4663.0 31.956 2.83414
4664.4 35.661 2.95465
4665.8 34.225 2.85730
4667.2 34.528 2.88327
4668.6 36.862 2.94364
4670.0 33.526 2.99399
4671.4 35.849 3.07152
4672.8 34.356 2.90702
4674.2 34.282 2.86462
4675.6 35.171 2.93671
4677.0 37.780 3.32855
4678.4 36.669 3.49229
4679.8 35.964 3.04710
4681.2 30.613 2.69576
4682.6 32.037 2.74003
4684.0 32.354 2.91183
4685.4 35.699 3.01380
4686.8 30.113 2.77071
4688.2 33.990 2.79725
4689.6 33.672 2.75904
4691.0 32.998 2.79320
4692.4 37.739 3.01538
4693.8 37.094 2.91093
4695.2 33.021 2.72491
4696.6 37.418 2.93936
4698.0 37.123 2.93348
4699.4 36.827 2.92761
4700.8 36.531 2.92173
4702.2 36.235 2.91586
4703.6 35.939 2.90998
4705.0 35.643 2.90411
4706.4 35.347 2.89823
4707.8 37.282 2.96175
4709.2 37.592 3.09772
4710.6 36.077 3.27638
4712.0 36.397 3.09963
4713.4 33.768 2.80719
4714.8 35.232 2.89501
4716.2 35.876 2.89551
4717.6 39.031 2.99218
4719.0 34.352 2.85990
4720.4 31.016 2.77618
4721.8 32.609 2.85413
4723.2 33.461 2.88137
4724.6 32.209 2.75404
4726.0 31.042 2.84365
4727.4 32.708 2.77140
4728.8 33.053 2.85793
4730.2 36.333 3.01974
4731.6 36.282 3.04751
4733.0 33.865 3.12482
4734.4 34.337 3.02423
4735.8 32.923 2.81057
4737.2 33.835 2.82153
4738.6 37.698 2.89186
4740.0 28.367 2.59058
4741.4 30.759 2.65935
4742.8 36.000 2.81051
4744.2 37.610 2.86559
4745.6 31.403 2.69255
4747.0 37.591 2.81975
4748.4 36.377 2.78730
4749.8 32.672 2.78850
4751.2 34.174 2.81524
4752.6 31.328 2.59323
4754.0 29.469 2.58228
4755.4 31.279 2.58180
4756.8 30.698 2.67544
4758.2 35.347 2.93432
4759.6 33.724 2.91265
4761.0 36.340 2.82927
4762.4 34.178 2.70449
4763.8 33.280 2.63735
4765.2 34.335 2.70165
4766.6 34.046 2.64206
4768.0 33.871 2.63870
4769.4 34.391 2.67484
4770.8 34.158 2.62460
4772.2 32.544 2.61374
4773.6 33.889 2.65073
4775.0 36.000 2.67827
4776.4 35.441 2.88119
4777.8 35.133 2.86824
4779.2 32.700 2.76995
4780.6 34.788 2.69863
4782.0 35.232 2.69154
4783.4 35.699 2.71816
4784.8 31.647 2.57880
4786.2 31.879 2.60305
4787.6 33.873 2.63502
4789.0 33.678 2.62549
4790.4 31.148 2.56805
4791.8 30.143 2.59192
4793.2 31.991 2.65452
4794.6 39.512 2.77380
4796.0 30.899 2.49769
4797.4 34.042 2.64811
4798.8 32.962 2.62982
4800.2 35.635 2.69110
4801.6 33.816 2.66527
4803.0 37.168 2.81085
4804.4 34.339 2.68415
4805.8 34.705 2.71386
4807.2 35.809 2.72525
4808.6 35.265 2.72638
4810.0 34.589 2.66983
4811.4 32.005 2.67862
4812.8 31.455 2.72072
4814.2 32.129 2.78622
4815.6 33.711 2.77842
4817.0 29.449 2.63089
4818.4 30.172 2.56399
4819.8 30.672 2.61219
4821.2 35.489 2.69976
4822.6 32.365 2.66421
4824.0 36.877 2.88430
4825.4 32.655 2.83384
4826.8 34.276 2.81506
4828.2 34.881 2.82458
4829.6 32.497 2.65343
4831.0 31.614 2.74485
4832.4 34.525 2.72516
4833.8 31.148 2.69079
4835.2 33.095 2.71857
4836.6 29.046 2.70732
4838.0 29.428 2.68839
4839.4 31.304 2.69399
4840.8 32.515 2.67064
4842.2 35.073 2.68980
4843.6 33.325 2.71972
4845.0 29.702 2.63768
4846.4 25.449 2.55481
4847.8 30.623 2.67909
4849.2 28.686 2.56587
4850.6 30.920 2.66642
4852.0 27.254 2.66702
4853.4 30.181 2.70844
4854.8 30.109 2.59129
4856.2 23.814 2.32725
4857.6 26.149 2.49206
4859.0 27.049 2.49473
4860.4 20.598 2.44544
4861.8 27.023 2.54842
4863.2 19.546 2.33060
4864.6 16.826 2.05013
4866.0 14.231 2.02030
4867.4 14.268 2.04704
4868.8 21.875 2.26908
4870.2 22.607 2.37924
4871.6 21.857 2.33495
4873.0 26.225 2.47323
4874.4 24.115 2.46721
4875.8 28.212 2.53021
4877.2 26.867 2.47114
4878.6 32.318 2.57242
4880.0 26.010 2.46011
4881.4 27.288 2.46502
4882.8 27.946 2.57425
4884.2 27.563 2.56958
4885.6 29.677 2.55898
4887.0 28.648 2.49362
4888.4 28.786 2.49217
4889.8 26.230 2.44587
4891.2 31.125 2.53474
4892.6 33.623 2.65865
4894.0 31.206 2.61627
4895.4 28.806 2.54707
4896.8 25.954 2.47535
4898.2 30.805 2.51453
4899.6 32.993 2.55898
4901.0 31.373 2.50636
4902.4 31.260 2.54984
4903.8 35.314 2.61268
4905.2 32.276 2.65947
4906.6 31.873 2.62220
4908.0 32.448 2.55614
4909.4 29.750 2.44830
4910.8 33.138 2.52075
4912.2 32.125 2.54561
4913.6 29.111 2.49322
4915.0 30.981 2.59168
4916.4 32.890 2.61986
4917.8 32.250 2.50515
4919.2 32.162 2.49957
4920.6 32.105 2.51084
4922.0 31.521 2.57824
4923.4 30.079 2.59744
4924.8 28.345 2.49555
4926.2 32.345 2.51306
4927.6 27.928 2.39549
4929.0 32.842 2.50110
4930.4 31.939 2.47188
4931.8 29.339 2.43448
4933.2 31.519 2.43764
4934.6 32.181 2.54191
4936.0 31.824 2.53612
4937.4 30.609 2.54875
4938.8 29.270 2.42212
4940.2 33.487 2.55045
4941.6 38.734 2.67647
4943.0 35.493 2.62756
4944.4 32.086 2.51189
4945.8 27.501 2.34154
4947.2 29.255 2.38446
4948.6 29.142 2.45491
4950.0 28.638 2.49573
4951.4 29.058 2.55097
4952.8 28.056 2.52370
4954.2 31.287 2.45836
4955.6 32.258 2.54379
4957.0 32.288 2.48217
4958.4 33.336 2.51026
4959.8 33.136 2.49764
4961.2 31.618 2.51861
4962.6 29.962 2.63292
4964.0 29.440 2.57984
4965.4 31.942 2.51414
4966.8 30.355 2.42088
4968.2 30.671 2.46434
4969.6 32.056 2.51214
4971.0 31.506 2.58239
4972.4 28.509 2.44121
4973.8 30.087 2.45242
4975.2 30.097 2.43426
4976.6 29.828 2.50665
4978.0 31.919 2.52157
4979.4 30.948 2.50568
4980.8 27.798 2.38657
4982.2 29.970 2.54847
4983.6 33.075 2.62737
4985.0 34.405 2.83516
4986.4 29.905 2.65092
4987.8 28.404 2.46645
4989.2 31.351 2.53189
4990.6 34.553 2.56564
4992.0 30.908 2.56961
4993.4 30.784 2.47190
4994.8 27.369 2.37240
4996.2 30.027 2.43788
4997.6 33.112 2.51265
4999.0 31.412 2.46173
