3900.0 100.076 5.27958
3901.4 112.645 5.57940
3902.8 114.949 5.62032
3904.2 114.642 5.58744
3905.6 128.002 5.85231
3907.0 127.708 5.82911
3908.4 122.294 5.71363
3909.8 128.170 5.79500
3911.2 131.432 5.89529
3912.6 134.421 5.93985
3914.0 126.543 5.77904
3915.4 131.793 5.87994
3916.8 137.802 6.06541
3918.2 141.336 6.14161
3919.6 133.401 6.00273
3921.0 140.505 6.03098
3922.4 136.778 5.91800
3923.8 139.800 6.03493
3925.2 138.814 6.09556
3926.6 144.749 6.06356
3928.0 137.426 5.99445
3929.4 134.923 5.88662
3930.8 131.518 5.71032
3932.2 107.202 4.95861
3933.6 75.477 4.08693
3935.0 95.595 4.55919
3936.4 126.043 5.53713
3937.8 135.679 5.89977
3939.2 138.552 6.09342
3940.6 138.330 5.77855
3942.0 136.711 5.93941
3943.4 132.160 5.77605
3944.8 137.046 5.87628
3946.2 128.234 5.74220
3947.6 137.215 5.97012
3949.0 131.160 5.80864
3950.4 130.322 5.71281
3951.8 133.883 5.88654
3953.2 126.754 5.65867
3954.6 127.292 5.63182
3956.0 124.801 5.56096
3957.4 118.224 5.44737
3958.8 121.761 5.60118
3960.2 114.380 5.35069
3961.6 100.800 5.03986
3963.0 101.194 5.06492
3964.4 96.166 4.90234
3965.8 78.843 4.36903
3967.2 60.823 3.78679
3968.6 37.064 3.03735
3970.0 29.529 2.81211
3971.4 39.029 3.09485
3972.8 60.167 3.65627
3974.2 72.542 3.97211
3975.6 82.724 4.19483
3977.0 86.601 4.36130
3978.4 98.076 4.62307
3979.8 108.261 4.91376
3981.2 107.556 4.95400
3982.6 111.502 5.07338
3984.0 115.271 5.12772
3985.4 119.777 5.28287
3986.8 127.963 5.53664
3988.2 128.652 5.54838
3989.6 124.777 5.46549
3991.0 130.757 5.64050
3992.4 133.601 5.67418
3993.8 131.035 5.61961
3995.2 130.700 5.53785
3996.6 136.404 6.09063
3998.0 151.736 6.61363
3999.4 139.552 5.74795
4000.8 132.182 5.60383
4002.2 134.425 5.62127
4003.6 132.228 5.56181
4005.0 132.432 5.60717
4006.4 139.943 5.80463
4007.8 138.259 5.78246
4009.2 140.958 5.89158
4010.6 138.656 5.66295
4012.0 137.784 5.70328
4013.4 134.203 5.62143
4014.8 139.653 5.77105
4016.2 140.335 5.73131
4017.6 130.112 5.56508
4019.0 140.116 5.83248
4020.4 135.703 5.69491
4021.8 140.282 5.81441
4023.2 135.084 5.67053
4024.6 141.708 5.77092
4026.0 133.485 5.57502
4027.4 130.438 5.53706
4028.8 138.715 5.59678
4030.2 137.437 5.77258
4031.6 137.734 5.79164
4033.0 139.452 5.79642
4034.4 135.154 5.74048
4035.8 140.558 5.81294
4037.2 133.668 5.65674
4038.6 146.551 6.01311
4040.0 142.980 5.89464
4041.4 136.228 5.74239
4042.8 141.197 5.80371
4044.2 132.333 5.64890
4045.6 132.661 5.68394
4047.0 132.017 5.71566
4048.4 138.314 5.89574
4049.8 138.242 5.83244
4051.2 137.078 5.87155
4052.6 146.679 6.08239
4054.0 134.732 6.37138
4055.4 134.292 6.09466
4056.8 142.142 5.92113
4058.2 137.005 5.89532
4059.6 136.470 5.84337
4061.0 136.938 5.88483
4062.4 136.308 5.80609
4063.8 129.905 5.63441
4065.2 127.351 5.59025
4066.6 141.021 5.91625
4068.0 134.784 5.71433
4069.4 129.473 5.65943
4070.8 135.320 5.65785
4072.2 133.271 5.64670
4073.6 134.888 5.61958
4075.0 133.319 5.55111
4076.4 122.170 5.33499
4077.8 125.934 5.35772
4079.2 121.632 5.27994
4080.6 121.842 5.17712
4082.0 121.840 5.24240
4083.4 123.790 5.24369
4084.8 122.934 5.22035
4086.2 121.190 5.15055
4087.6 116.641 4.94676
4089.0 107.768 4.79355
4090.4 108.171 4.69727
4091.8 105.284 4.62867
4093.2 97.625 4.33343
4094.6 92.764 4.27739
4096.0 92.207 4.23323
4097.4 80.236 3.88173
4098.8 69.567 3.54002
4100.2 54.232 2.94923
4101.6 36.876 2.50163
4103.0 40.614 2.57374
4104.4 58.556 3.13961
4105.8 71.590 3.57248
4107.2 76.695 3.86110
4108.6 90.242 4.23385
4110.0 94.816 4.33633
4111.4 101.490 4.54636
4112.8 103.909 4.56864
4114.2 110.009 4.88149
4115.6 113.777 4.91512
4117.0 112.915 4.91278
4118.4 120.056 5.10896
4119.8 118.095 5.07698
4121.2 116.504 5.00683
4122.6 118.361 5.10496
4124.0 122.959 5.28207
4125.4 132.484 5.50206
4126.8 126.468 5.44933
4128.2 121.385 5.19266
4129.6 126.500 5.32978
4131.0 125.842 5.29639
4132.4 126.312 5.32287
4133.8 131.636 5.54287
4135.2 124.095 5.27638
4136.6 126.930 5.37302
4138.0 132.075 5.51439
4139.4 130.005 5.42614
4140.8 127.924 5.34325
4142.2 128.760 5.34001
4143.6 129.434 5.35635
4145.0 129.192 5.28843
4146.4 123.207 5.12751
4147.8 132.489 5.43047
4149.2 127.577 5.27059
4150.6 132.695 5.45605
4152.0 128.713 5.29058
4153.4 127.714 5.26957
4154.8 131.302 5.36642
4156.2 126.894 5.24508
4157.6 129.229 5.36041
4159.0 134.325 5.46104
4160.4 129.351 5.34370
4161.8 144.202 5.70676
4163.2 128.428 7.53799
4164.6 128.558 5.25037
4166.0 131.661 5.32134
4167.4 126.075 5.17256
4168.8 131.692 5.33720
4170.2 130.200 5.30244
4171.6 127.672 5.24369
4173.0 128.737 5.26657
4174.4 124.885 5.17185
4175.8 131.097 5.30734
4177.2 129.634 5.29767
4178.6 127.902 5.19709
4180.0 130.084 5.24584
4181.4 128.389 5.22139
4182.8 131.425 5.28067
4184.2 128.800 5.26972
4185.6 132.400 5.32698
4187.0 129.586 5.26404
4188.4 128.341 5.18936
4189.8 129.562 5.27448
4191.2 128.044 5.22735
4192.6 132.279 5.33637
4194.0 132.591 5.35813
4195.4 129.937 5.28031
4196.8 129.701 5.23499
4198.2 126.489 5.15840
4199.6 125.640 5.12858
4201.0 125.860 5.14757
4202.4 133.479 5.33807
4203.8 127.538 5.32850
4205.2 129.195 5.26117
4206.6 127.987 5.24681
4208.0 136.073 5.40670
4209.4 129.343 5.25019
4210.8 129.933 5.23820
4212.2 136.062 5.39976
4213.6 129.501 5.28807
4215.0 124.913 5.07720
4216.4 126.302 5.13632
4217.8 131.574 5.30733
4219.2 128.215 5.82880
4220.6 129.485 5.34534
4222.0 135.045 5.33310
4223.4 126.029 5.16256
4224.8 135.257 5.35252
4226.2 121.759 5.05579
4227.6 123.220 4.95891
4229.0 123.988 5.09563
4230.4 132.632 5.26323
4231.8 124.846 5.08182
4233.2 127.495 5.09669
4234.6 124.311 5.07026
4236.0 129.763 5.15783
4237.4 130.139 5.20523
4238.8 130.810 5.23570
4240.2 130.827 5.27558
4241.6 133.192 5.30747
4243.0 127.243 5.12528
4244.4 130.568 5.19575
4245.8 127.570 5.11653
4247.2 126.324 5.11499
4248.6 124.662 5.09787
4250.0 133.969 5.29283
4251.4 122.694 5.03555
4252.8 129.335 5.14445
4254.2 134.849 5.31127
4255.6 128.360 5.17589
4257.0 127.091 5.12910
4258.4 129.587 5.19888
4259.8 127.960 5.07769
4261.2 131.277 5.26284
4262.6 127.489 5.15038
4264.0 126.280 5.12577
4265.4 132.022 5.25446
4266.8 130.345 5.21816
4268.2 129.742 5.18649
4269.6 126.189 5.06764
4271.0 127.153 5.10458
4272.4 125.292 5.08180
4273.8 127.681 5.08773
4275.2 130.732 5.22517
4276.6 129.484 5.22185
4278.0 130.498 5.20699
4279.4 127.316 5.19338
4280.8 128.141 5.11543
4282.2 130.363 5.15763
4283.6 123.899 5.05271
4285.0 132.377 5.13794
4286.4 120.632 4.94581
4287.8 129.000 5.14245
4289.2 118.724 4.89109
4290.6 122.173 4.92310
4292.0 125.393 5.04214
4293.4 131.113 5.18682
4294.8 123.772 5.03116
4296.2 129.742 5.15574
4297.6 123.241 4.98966
4299.0 122.625 4.90811
4300.4 118.019 4.79567
4301.8 121.675 4.86899
4303.2 121.891 4.93512
4304.6 125.531 4.98903
4306.0 122.539 4.94575
4307.4 119.473 4.85638
4308.8 117.243 4.83003
4310.2 123.032 4.95588
4311.6 121.328 4.86328
4313.0 118.666 4.77413
4314.4 113.425 4.72781
4315.8 118.558 4.77038
4317.2 119.119 4.78804
4318.6 120.831 4.83165
4320.0 114.816 4.66559
4321.4 113.320 4.69014
4322.8 116.315 4.70398
4324.2 110.481 4.55661
4325.6 107.631 4.46584
4327.0 104.048 4.39069
4328.4 108.033 4.41985
4329.8 98.162 4.16707
4331.2 97.374 4.12881
4332.6 97.603 4.13793
4334.0 92.658 3.91659
4335.4 81.438 3.66750
4336.8 71.654 3.30752
4338.2 62.188 2.94234
4339.6 41.836 2.42091
4341.0 37.152 2.28639
4342.4 51.079 2.70858
4343.8 66.399 3.16206
4345.2 73.523 3.37214
4346.6 78.307 3.58958
4348.0 88.947 3.91603
4349.4 94.897 4.08423
4350.8 97.891 4.12471
4352.2 98.959 4.20439
4353.6 107.178 4.36735
4355.0 105.034 4.37696
4356.4 110.656 4.54571
4357.8 112.445 4.60056
4359.2 113.307 4.83800
4360.6 121.493 4.89264
4362.0 119.434 4.84595
4363.4 118.560 4.83210
4364.8 117.099 4.81164
4366.2 121.358 4.85501
4367.6 121.805 4.87988
4369.0 120.318 4.87032
4370.4 117.762 4.78227
4371.8 124.811 4.94439
4373.2 121.361 4.91038
4374.6 120.665 4.86624
4376.0 123.401 4.93738
4377.4 122.843 5.01325
4378.8 126.810 4.98774
4380.2 128.930 5.13743
4381.6 127.547 5.03994
4383.0 117.643 4.71859
4384.4 120.016 4.93045
4385.8 125.352 4.93462
4387.2 124.597 4.94756
4388.6 126.677 5.03811
4390.0 127.176 5.09108
4391.4 127.945 5.06525
4392.8 126.509 5.03075
4394.2 119.443 4.83105
4395.6 117.932 4.78068
4397.0 121.043 4.86102
4398.4 124.105 4.93178
4399.8 122.737 4.91603
4401.2 123.061 4.91316
4402.6 121.505 4.83597
4404.0 118.006 4.78008
4405.4 124.734 4.95138
4406.8 123.978 4.99922
4408.2 124.972 4.95952
4409.6 123.493 4.92166
4411.0 129.752 5.09075
4412.4 124.129 4.93616
4413.8 125.735 5.05852
4415.2 123.608 4.90076
4416.6 116.706 4.77763
4418.0 125.736 4.98684
4419.4 118.688 4.81677
4420.8 127.417 4.92420
4422.2 124.931 4.95457
4423.6 124.401 4.96771
4425.0 129.195 5.08992
4426.4 126.419 4.98453
4427.8 119.368 4.79304
4429.2 122.396 4.85457
4430.6 119.936 4.79483
4432.0 121.068 4.80048
4433.4 120.461 4.82108
4434.8 121.707 4.84817
4436.2 120.114 4.82215
4437.6 125.959 4.94334
4439.0 125.378 4.93444
4440.4 128.517 5.04329
4441.8 124.632 4.93954
4443.2 118.887 4.80363
4444.6 119.298 4.75225
4446.0 122.560 4.85506
4447.4 121.644 4.82241
4448.8 118.480 4.74192
4450.2 121.556 4.81239
4451.6 120.779 4.83512
4453.0 120.869 4.81879
4454.4 116.076 4.69526
4455.8 122.764 4.86668
4457.2 124.796 4.91460
4458.6 118.145 4.74157
4460.0 121.508 4.82142
4461.4 123.582 4.92098
4462.8 117.827 4.78453
4464.2 121.025 4.81105
4465.6 119.851 4.77203
4467.0 125.339 4.91053
4468.4 122.965 4.85692
4469.8 118.411 4.69677
4471.2 121.792 4.82156
4472.6 122.615 4.84658
4474.0 121.354 4.75479
4475.4 115.877 4.69321
4476.8 122.566 4.82359
4478.2 121.041 4.81348
4479.6 120.205 4.72758
4481.0 114.573 4.61748
4482.4 114.754 4.58531
4483.8 120.437 4.73195
4485.2 119.632 4.81290
4486.6 119.186 4.62606
4488.0 121.364 4.83100
4489.4 118.556 4.69519
4490.8 120.646 4.84063
4492.2 121.909 4.74003
4493.6 119.503 4.75527
4495.0 116.807 4.66180
4496.4 123.676 4.85820
4497.8 119.095 4.72904
4499.2 116.565 4.63560
4500.6 118.593 4.68065
4502.0 118.050 4.65846
4503.4 120.895 4.76692
4504.8 121.006 4.75206
4506.2 118.821 4.70575
4507.6 120.008 4.70077
4509.0 120.340 4.76473
4510.4 118.209 4.69585
4511.8 122.698 4.79441
4513.2 121.979 4.82789
4514.6 128.503 4.93779
4516.0 117.722 4.73182
4517.4 121.779 4.78432
4518.8 121.873 4.78595
4520.2 116.851 4.63915
4521.6 114.978 4.60936
4523.0 118.196 4.66679
4524.4 112.558 4.50871
4525.8 121.296 4.72895
4527.2 116.463 4.68861
4528.6 121.202 4.79723
4530.0 118.496 4.71363
4531.4 121.600 4.79241
4532.8 121.088 4.81921
4534.2 118.236 4.65746
4535.6 118.698 4.75066
4537.0 123.354 4.82279
4538.4 120.286 4.85487
4539.8 125.949 4.90291
4541.2 118.144 4.74500
4542.6 120.027 4.76842
4544.0 123.475 4.85762
4545.4 121.320 4.85248
4546.8 118.711 4.70466
4548.2 121.471 4.78418
4549.6 114.178 4.58283
4551.0 115.259 4.57501
4552.4 119.776 4.75530
4553.8 121.062 4.75850
4555.2 117.010 4.65525
4556.6 119.940 4.69887
4558.0 117.539 4.71092
4559.4 115.527 4.57374
4560.8 120.052 4.68435
4562.2 117.311 4.62760
4563.6 114.378 4.49836
4565.0 115.081 4.57722
4566.4 122.674 4.76389
4567.8 119.347 4.66045
4569.2 118.093 4.66676
4570.6 119.730 4.68686
4572.0 115.061 4.59062
4573.4 116.848 4.63466
4574.8 118.927 4.65076
4576.2 120.605 4.73288
4577.6 122.522 4.78080
4579.0 121.034 4.73030
4580.4 117.701 4.64594
4581.8 118.919 4.63627
4583.2 119.044 4.64329
4584.6 116.544 4.56001
4586.0 117.549 4.61160
4587.4 120.172 4.66253
4588.8 119.138 4.64157
4590.2 114.018 4.50172
4591.6 116.542 4.57368
4593.0 119.991 4.67058
4594.4 120.393 4.71889
4595.8 123.714 4.80100
4597.2 120.095 4.75529
4598.6 125.471 4.79528
4600.0 118.374 4.65906
4601.4 115.947 4.56877
4602.8 122.455 4.73372
4604.2 121.265 4.76684
4605.6 128.008 4.86954
4607.0 119.305 4.68956
4608.4 115.171 4.53182
4609.8 122.967 4.77782
4611.2 120.186 4.74559
4612.6 124.076 4.82700
4614.0 121.960 4.82242
4615.4 122.272 4.75784
4616.8 118.034 4.65524
4618.2 121.036 4.68838
4619.6 121.271 4.73622
4621.0 121.775 4.79499
4622.4 118.995 4.73017
4623.8 117.186 4.65587
4625.2 118.255 4.63569
4626.6 123.085 4.77029
4628.0 119.802 4.68919
4629.4 121.763 4.70201
4630.8 118.125 4.65894
4632.2 119.840 4.61010
4633.6 117.057 4.65800
4635.0 122.635 4.72837
4636.4 121.246 4.70146
4637.8 116.125 4.60920
4639.2 117.729 4.59590
4640.6 120.544 4.68966
4642.0 118.321 4.69391
4643.4 120.461 4.67254
4644.8 119.198 4.73066
4646.2 122.429 4.69671
4647.6 119.443 4.68172
4649.0 123.644 4.72430
4650.4 117.757 4.70077
4651.8 122.781 4.68620
4653.2 119.018 4.64553
4654.6 122.351 4.74640
4656.0 119.579 4.66192
4657.4 123.241 4.71801
4658.8 118.950 4.60864
4660.2 113.966 4.53277
4661.6 120.065 4.59997
4663.0 123.119 4.78739
4664.4 120.029 4.65221
4665.8 118.398 4.65088
4667.2 117.909 4.55260
4668.6 117.959 4.64374
4670.0 118.139 4.60594
4671.4 114.955 4.51382
4672.8 117.420 4.62152
4674.2 119.723 4.63175
4675.6 118.904 4.62476
4677.0 115.773 4.54222
4678.4 118.887 4.60841
4679.8 118.572 4.63781
4681.2 113.402 4.49213
4682.6 118.732 4.65644
4684.0 118.812 4.59958
4685.4 113.488 4.53474
4686.8 119.717 4.65196
4688.2 119.990 inf
4689.6 120.263 inf
4691.0 120.536 4.55547
4692.4 117.535 4.67385
4693.8 122.706 4.72115
4695.2 118.522 4.60141
4696.6 118.892 4.68907
4698.0 119.841 4.68096
4699.4 117.128 4.66986
4700.8 123.285 4.73444
4702.2 117.809 4.69339
4703.6 122.730 4.74898
4705.0 118.946 4.66905
4706.4 116.824 4.60070
4707.8 115.493 4.56300
4709.2 117.516 4.63002
4710.6 123.763 4.79761
4712.0 118.125 4.67250
4713.4 116.865 4.63027
4714.8 117.832 4.61937
4716.2 119.584 4.67983
4717.6 120.805 4.72104
4719.0 122.755 4.75617
4720.4 120.495 4.73519
4721.8 123.090 4.77448
4723.2 119.391 4.68416
4724.6 119.134 4.64214
4726.0 116.921 4.62363
4727.4 125.725 4.84198
4728.8 121.912 4.75397
4730.2 117.371 4.61266
4731.6 119.216 4.63695
4733.0 118.485 4.59168
4734.4 120.609 4.72668
4735.8 119.278 4.59548
4737.2 118.623 4.60951
4738.6 117.682 4.59800
4740.0 126.664 4.84004
4741.4 118.161 4.67736
4742.8 122.070 4.63694
4744.2 121.406 4.66859
4745.6 117.931 4.55344
4747.0 116.211 4.57004
4748.4 115.521 4.49553
4749.8 120.278 4.61302
4751.2 124.286 4.79473
4752.6 122.304 4.59210
4754.0 120.336 4.66992
4755.4 119.031 4.58288
4756.8 116.392 4.56065
4758.2 118.489 4.55772
4759.6 117.989 4.58223
4761.0 113.976 4.44554
4762.4 116.426 4.48331
4763.8 111.481 4.35953
4765.2 109.713 4.32115
4766.6 114.493 4.43708
4768.0 115.332 4.46178
4769.4 115.632 4.47402
4770.8 114.405 4.41882
4772.2 114.172 4.43012
4773.6 118.114 4.53031
4775.0 117.217 4.54158
4776.4 121.295 4.61600
4777.8 118.128 4.56362
4779.2 115.390 4.50020
4780.6 111.963 4.44832
4782.0 113.001 4.45488
4783.4 118.324 4.55837
4784.8 115.317 4.48311
4786.2 116.173 4.46622
4787.6 116.315 4.50809
4789.0 117.487 4.50825
4790.4 113.186 4.40030
4791.8 115.040 4.42865
4793.2 116.046 4.49279
4794.6 113.240 4.39162
4796.0 114.752 4.50297
4797.4 112.028 4.31901
4798.8 112.565 4.45107
4800.2 120.884 4.60409
4801.6 117.751 4.53735
4803.0 113.827 4.41042
4804.4 110.886 4.32236
4805.8 111.488 4.33333
4807.2 111.966 4.40212
4808.6 119.125 4.49124
4810.0 108.258 4.30015
4811.4 110.044 4.32728
4812.8 117.965 4.53899
4814.2 117.281 4.52718
4815.6 114.824 4.46208
4817.0 115.124 4.43757
4818.4 114.424 4.48213
4819.8 116.139 4.46497
4821.2 115.635 4.50030
4822.6 116.334 4.48092
4824.0 110.723 4.39335
4825.4 114.252 4.37723
4826.8 116.503 4.49726
4828.2 112.040 4.39096
4829.6 111.841 4.35160
4831.0 115.263 4.52068
4832.4 115.630 4.48536
4833.8 111.920 4.38211
4835.2 109.195 4.28866
4836.6 111.834 4.38926
4838.0 111.678 4.36758
4839.4 106.570 4.25412
4840.8 107.731 4.22858
4842.2 106.749 4.26098
4843.6 105.268 4.18236
4845.0 107.179 4.20902
4846.4 100.316 4.07147
4847.8 99.806 4.03670
4849.2 101.797 4.06399
4850.6 93.730 3.90317
4852.0 95.077 3.82884
4853.4 89.632 3.75195
4854.8 85.608 3.60325
4856.2 79.153 3.36287
4857.6 70.566 3.14083
4859.0 62.027 2.85008
4860.4 51.007 2.53947
4861.8 42.314 2.21901
4863.2 48.646 2.56800
4864.6 65.155 2.91323
4866.0 72.405 3.23519
4867.4 79.276 3.38426
4868.8 84.003 3.55823
4870.2 87.951 3.72462
4871.6 91.240 3.86349
4873.0 92.453 3.89163
4874.4 96.006 3.94838
4875.8 100.399 4.00886
4877.2 97.577 4.00754
4878.6 99.007 3.89901
4880.0 98.518 4.03271
4881.4 105.175 4.10355
4882.8 102.227 4.07696
4884.2 101.166 4.00513
4885.6 107.874 4.25878
4887.0 106.905 4.23534
4888.4 104.143 4.18866
4889.8 109.016 4.33450
4891.2 110.427 4.33145
4892.6 109.456 4.32952
4894.0 109.767 4.31991
4895.4 112.310 4.35608
4896.8 114.132 4.42784
4898.2 110.027 4.28634
4899.6 105.745 4.19593
4901.0 107.249 4.20571
4902.4 113.765 4.37483
4903.8 112.677 4.35942
4905.2 110.883 4.34778
4906.6 110.088 4.27858
4908.0 111.199 4.32074
4909.4 112.567 4.34265
4910.8 110.613 4.30461
4912.2 109.055 4.23540
4913.6 111.704 4.32614
4915.0 111.268 4.29042
4916.4 107.423 4.24390
4917.8 110.603 4.28236
4919.2 108.543 4.24933
4920.6 109.022 4.23880
4922.0 108.054 4.24494
4923.4 110.687 4.29694
4924.8 107.267 4.18070
4926.2 109.674 4.30119
4927.6 111.129 4.27788
4929.0 111.372 4.34117
4930.4 109.793 4.29078
4931.8 112.848 4.34343
4933.2 113.988 4.41240
4934.6 109.826 4.27954
4936.0 109.806 4.30850
4937.4 111.098 4.30057
4938.8 109.193 4.32039
4940.2 115.809 4.48200
4941.6 112.798 4.37589
4943.0 110.792 4.30935
4944.4 114.215 4.38750
4945.8 114.058 4.39387
4947.2 113.851 4.40618
4948.6 108.930 4.24214
4950.0 109.594 4.25827
4951.4 110.864 4.29224
4952.8 115.598 4.48773
4954.2 113.767 4.33567
4955.6 108.815 4.28176
4957.0 112.353 4.36219
4958.4 115.132 4.41382
4959.8 110.793 4.33299
4961.2 111.887 4.30899
4962.6 114.390 4.40875
4964.0 115.030 4.39787
4965.4 108.853 4.28250
4966.8 113.389 4.38275
4968.2 111.861 4.33261
4969.6 114.874 4.42482
4971.0 112.752 4.36579
4972.4 114.172 4.39286
4973.8 110.991 4.26948
4975.2 108.650 4.27433
4976.6 112.209 4.30774
4978.0 112.299 4.33748
4979.4 110.325 4.28337
4980.8 111.440 4.31919
4982.2 112.397 4.33569
4983.6 108.073 4.23605
4985.0 110.359 4.27107
4986.4 107.321 4.24646
4987.8 109.549 4.27609
4989.2 110.797 4.34027
4990.6 113.435 4.32674
4992.0 110.925 4.34812
4993.4 109.850 4.27550
4994.8 110.549 4.34204
4996.2 110.865 4.23626
4997.6 109.711 4.31525
4999.0 102.203 4.03286
