3900.0 265.115 17.92440
3901.4 280.421 18.86880
3902.8 255.368 17.87410
3904.2 279.477 19.11540
3905.6 293.102 19.62130
3907.0 282.804 18.70810
3908.4 281.734 18.94150
3909.8 275.629 18.34900
3911.2 308.580 19.38700
3912.6 319.437 20.20140
3914.0 336.142 19.94920
3915.4 330.813 20.03980
3916.8 303.522 19.26800
3918.2 312.953 19.61050
3919.6 324.143 19.65030
3921.0 309.079 19.20130
3922.4 315.248 19.00440
3923.8 312.935 18.64620
3925.2 304.063 18.30290
3926.6 320.597 19.58920
3928.0 325.020 19.28980
3929.4 329.319 19.73950
3930.8 297.864 17.62240
3932.2 281.446 17.07220
3933.6 225.652 15.68730
3935.0 160.790 12.98990
3936.4 90.516 11.06530
3937.8 76.831 10.44950
3939.2 161.270 12.83140
3940.6 248.636 16.75570
3942.0 286.826 19.18680
3943.4 310.393 19.52880
3944.8 301.044 19.05060
3946.2 305.254 19.57510
3947.6 306.835 19.04440
3949.0 320.589 20.01830
3950.4 337.218 21.22880
3951.8 299.661 20.59840
3953.2 324.778 21.41020
3954.6 299.886 20.16100
3956.0 327.733 21.15050
3957.4 324.791 20.15350
3958.8 309.876 19.39450
3960.2 282.556 17.73940
3961.6 289.064 17.62590
3963.0 305.609 18.13780
3964.4 286.173 17.47600
3965.8 252.732 15.63820
3967.2 243.194 14.85780
3968.6 205.315 13.61630
3970.0 158.230 12.85860
3971.4 82.827 9.66899
3972.8 74.977 9.32332
3974.2 117.118 10.38990
3975.6 174.241 12.17840
3977.0 216.128 14.78870
3978.4 242.488 15.07430
3979.8 262.030 16.04380
3981.2 260.485 15.68080
3982.6 285.238 15.78150
3984.0 299.513 17.39130
3985.4 292.843 16.38300
3986.8 305.268 16.64730
3988.2 285.451 15.60640
3989.6 312.495 17.19970
3991.0 308.503 17.36380
3992.4 320.737 18.21090
3993.8 296.848 16.73040
3995.2 322.384 17.08920
3996.6 335.589 17.86340
3998.0 324.274 16.77970
3999.4 318.015 17.20640
4000.8 302.254 17.03430
4002.2 302.597 16.36390
4003.6 311.495 16.89310
4005.0 331.783 18.31220
4006.4 328.882 17.69890
4007.8 321.394 17.05960
4009.2 294.807 16.23830
4010.6 316.124 17.20790
4012.0 317.012 17.15140
4013.4 329.852 17.32780
4014.8 314.697 16.72740
4016.2 322.987 17.21510
4017.6 324.607 16.79180
4019.0 330.119 16.88840
4020.4 344.063 17.51870
4021.8 333.776 17.53790
4023.2 337.414 18.12540
4024.6 332.030 17.39140
4026.0 324.182 16.85060
4027.4 320.666 17.13230
4028.8 310.903 17.07730
4030.2 323.330 17.14320
4031.6 334.995 17.41040
4033.0 312.139 17.12690
4034.4 301.965 16.97840
4035.8 314.714 17.31970
4037.2 310.894 16.99250
4038.6 317.219 17.66410
4040.0 335.839 18.42580
4041.4 333.803 17.45310
4042.8 352.181 18.05760
4044.2 329.135 17.81030
4045.6 330.748 17.77240
4047.0 341.806 18.25180
4048.4 312.363 17.53180
4049.8 303.307 16.31220
4051.2 329.287 17.42120
4052.6 329.092 17.66200
4054.0 348.254 17.79630
4055.4 330.728 17.78310
4056.8 319.496 17.13400
4058.2 325.594 17.25780
4059.6 326.090 16.92020
4061.0 326.802 17.20720
4062.4 329.526 16.64260
4063.8 323.219 16.86680
4065.2 322.789 16.37860
4066.6 294.155 16.24040
4068.0 307.240 16.02390
4069.4 321.987 16.95060
4070.8 312.783 16.39340
4072.2 320.811 16.37870
4073.6 323.608 16.63820
4075.0 302.977 15.84040
4076.4 313.932 15.87860
4077.8 311.707 16.21670
4079.2 311.705 16.04110
4080.6 288.098 14.97790
4082.0 289.510 15.23700
4083.4 312.684 15.66900
4084.8 332.044 17.72650
4086.2 320.470 17.20510
4087.6 311.830 15.91740
4089.0 305.923 15.30670
4090.4 309.676 15.85030
4091.8 306.698 16.04980
4093.2 306.386 15.75580
4094.6 305.310 15.49890
4096.0 296.477 15.45610
4097.4 299.174 15.14460
4098.8 273.128 14.81360
4100.2 272.332 14.68180
4101.6 250.861 14.08800
4103.0 228.229 12.61640
4104.4 177.639 11.42750
4105.8 155.811 10.32540
4107.2 201.975 12.09120
4108.6 237.082 13.06930
4110.0 264.765 14.22340
4111.4 266.120 14.20350
4112.8 281.643 14.93010
4114.2 279.759 14.54580
4115.6 294.631 15.35180
4117.0 296.018 15.40490
4118.4 300.960 14.81680
4119.8 324.955 16.83420
4121.2 300.239 15.63420
4122.6 307.043 15.94290
4124.0 309.602 15.89350
4125.4 308.160 15.30670
4126.8 301.175 15.75660
4128.2 308.215 15.57050
4129.6 323.946 16.13550
4131.0 313.847 15.20640
4132.4 311.738 15.22430
4133.8 309.313 15.30510
4135.2 308.062 15.69870
4136.6 293.094 14.76360
4138.0 308.998 14.94980
4139.4 314.383 15.99580
4140.8 318.102 15.28150
4142.2 327.404 15.32850
4143.6 328.472 15.47930
4145.0 320.744 15.76130
4146.4 307.715 15.30470
4147.8 293.176 14.77970
4149.2 312.052 15.19350
4150.6 323.860 15.36960
4152.0 318.091 14.95570
4153.4 319.059 15.01680
4154.8 318.105 15.59500
4156.2 314.243 15.29550
4157.6 313.043 15.07380
4159.0 303.740 14.83040
4160.4 312.448 15.99890
4161.8 307.496 15.30210
4163.2 313.435 15.02510
4164.6 315.270 15.22450
4166.0 306.879 14.70130
4167.4 302.826 14.57220
4168.8 322.557 15.34500
4170.2 316.935 15.16200
4171.6 306.045 14.86660
4173.0 326.162 15.08880
4174.4 311.085 15.61340
4175.8 294.771 14.65940
4177.2 292.364 14.44900
4178.6 298.223 14.36660
4180.0 299.612 14.40040
4181.4 300.723 14.31770
4182.8 301.895 15.15530
4184.2 307.401 14.69580
4185.6 309.141 14.51630
4187.0 318.835 15.19480
4188.4 311.006 15.15620
4189.8 302.190 14.06270
4191.2 298.993 13.97590
4192.6 306.152 14.26340
4194.0 304.934 14.31320
4195.4 316.574 14.79770
4196.8 318.254 15.06890
4198.2 334.149 15.05780
4199.6 304.457 14.46050
4201.0 312.930 14.76020
4202.4 293.175 14.18490
4203.8 300.787 14.57740
4205.2 299.928 13.82340
4206.6 297.441 14.09850
4208.0 307.450 14.76940
4209.4 320.381 15.15490
4210.8 311.994 14.80430
4212.2 305.699 14.23290
4213.6 310.632 14.78030
4215.0 310.055 14.32540
4216.4 319.738 14.97710
4217.8 315.895 14.73350
4219.2 295.179 14.02010
4220.6 295.683 13.54210
4222.0 310.565 14.12530
4223.4 309.390 14.49470
4224.8 309.018 14.47700
4226.2 305.603 14.33060
4227.6 315.761 14.34750
4229.0 292.365 13.81930
4230.4 276.511 13.06220
4231.8 286.960 13.38140
4233.2 319.338 13.89400
4234.6 326.773 15.02440
4236.0 303.389 14.03310
4237.4 291.757 13.27950
4238.8 299.115 13.78600
4240.2 311.426 14.40270
4241.6 295.363 14.13050
4243.0 312.698 14.69790
4244.4 314.478 14.45520
4245.8 312.972 14.33860
4247.2 321.676 14.57280
4248.6 314.716 14.72990
4250.0 298.926 13.83570
4251.4 300.205 13.85850
4252.8 304.340 14.00760
4254.2 285.337 13.40510
4255.6 304.491 13.62900
4257.0 308.560 14.17170
4258.4 305.331 14.30340
4259.8 316.626 14.16100
4261.2 314.745 14.62690
4262.6 307.137 14.28930
4264.0 303.271 13.77320
4265.4 300.059 13.89020
4266.8 315.633 14.76160
4268.2 326.201 14.97840
4269.6 321.586 14.59630
4271.0 311.871 14.07850
4272.4 319.812 14.49420
4273.8 307.361 13.99990
4275.2 285.705 13.32860
4276.6 287.199 12.84550
4278.0 291.686 13.46840
4279.4 306.144 13.75620
4280.8 317.394 14.32870
4282.2 317.689 14.27800
4283.6 322.532 14.60250
4285.0 318.122 14.19590
4286.4 318.376 13.94750
4287.8 310.411 13.76500
4289.2 316.720 13.89580
4290.6 313.212 14.31760
4292.0 291.913 13.18080
4293.4 271.675 12.74200
4294.8 290.941 15.06750
4296.2 311.784 17.66400
4297.6 303.548 13.65810
4299.0 296.290 13.00960
4300.4 302.709 13.48930
4301.8 297.792 13.45760
4303.2 267.487 12.23080
4304.6 264.721 12.23160
4306.0 264.007 12.05640
4307.4 279.630 13.05560
4308.8 295.899 12.95850
4310.2 289.426 13.28220
4311.6 276.835 12.91850
4313.0 279.353 12.97390
4314.4 308.947 13.45370
4315.8 300.868 13.34980
4317.2 273.562 12.43200
4318.6 269.667 12.33480
4320.0 294.997 13.16080
4321.4 302.868 13.62980
4322.8 298.976 13.54610
4324.2 276.252 12.32340
4325.6 290.886 12.83810
4327.0 298.341 13.27080
4328.4 279.557 13.02010
4329.8 267.186 12.47410
4331.2 293.275 13.29610
4332.6 289.383 13.05510
4334.0 284.730 12.91520
4335.4 277.970 12.54310
4336.8 273.919 12.07560
4338.2 268.453 12.16690
4339.6 260.656 12.20280
4341.0 221.393 11.09130
4342.4 204.152 10.45450
4343.8 163.185 9.02684
4345.2 160.092 8.70160
4346.6 206.385 10.04160
4348.0 236.129 11.25930
4349.4 251.586 11.77580
4350.8 270.706 12.12750
4352.2 288.634 13.59980
4353.6 284.518 12.66820
4355.0 257.681 11.86070
4356.4 270.817 12.55620
4357.8 276.946 12.56530
4359.2 294.466 13.23030
4360.6 304.438 13.98850
4362.0 299.104 13.21040
4363.4 298.649 13.24850
4364.8 299.772 13.45710
4366.2 304.431 13.25270
4367.6 311.467 13.39890
4369.0 320.550 13.85630
4370.4 300.156 13.57920
4371.8 303.084 13.26250
4373.2 300.950 13.31520
4374.6 312.548 13.65620
4376.0 317.322 13.62280
4377.4 292.304 12.70690
4378.8 287.951 12.71550
4380.2 295.151 12.98690
4381.6 306.541 13.38260
4383.0 303.664 13.32090
4384.4 312.752 13.27200
4385.8 300.055 13.27440
4387.2 275.493 12.28710
4388.6 282.664 12.63380
4390.0 298.225 12.84370
4391.4 305.598 13.02520
4392.8 303.334 13.04250
4394.2 300.919 12.76980
4395.6 300.309 13.28040
4397.0 296.021 13.15000
4398.4 281.458 12.05660
4399.8 280.068 12.39710
4401.2 303.612 13.04800
4402.6 291.275 13.24310
4404.0 278.789 12.86530
4405.4 291.518 12.85590
4406.8 297.062 12.68200
4408.2 282.368 12.39730
4409.6 298.682 12.84910
4411.0 296.585 12.77310
4412.4 297.864 13.32030
4413.8 305.373 13.16280
4415.2 297.566 13.11020
4416.6 317.260 13.46830
4418.0 289.838 12.62650
4419.4 277.728 12.16380
4420.8 267.196 12.32110
4422.2 277.017 12.33520
4423.6 296.343 12.79770
4425.0 308.750 12.84640
4426.4 290.807 12.77390
4427.8 294.765 12.83740
4429.2 300.411 12.91320
4430.6 291.916 12.89940
4432.0 294.502 inf
4433.4 297.089 inf
4434.8 299.675 12.93970
4436.2 302.124 13.18730
4437.6 295.436 12.77460
4439.0 279.802 12.73630
4440.4 289.608 12.69480
4441.8 310.413 12.99960
4443.2 298.373 12.97630
4444.6 299.887 13.15770
4446.0 282.333 12.69430
4447.4 263.300 11.77320
4448.8 276.787 12.30490
4450.2 296.820 12.57880
4451.6 288.199 12.51370
4453.0 301.095 13.01970
4454.4 291.355 12.69570
4455.8 287.154 12.51040
4457.2 298.614 12.97080
4458.6 287.815 12.77380
4460.0 287.959 12.55940
4461.4 295.484 12.73070
4462.8 292.258 12.07830
4464.2 293.258 12.98370
4465.6 304.713 12.84280
4467.0 291.138 12.77190
4468.4 297.312 12.54960
4469.8 288.351 12.53570
4471.2 283.726 12.28330
4472.6 269.945 11.78090
4474.0 274.540 11.67100
4475.4 291.172 12.92370
4476.8 291.061 12.30760
4478.2 295.811 12.77090
4479.6 289.934 12.69700
4481.0 297.318 12.72270
4482.4 301.671 13.01790
4483.8 295.152 12.77740
4485.2 272.199 12.23940
4486.6 278.405 12.15810
4488.0 290.195 12.38160
4489.4 296.852 13.25860
4490.8 306.439 15.36690
4492.2 284.528 12.24950
4493.6 289.745 12.42040
4495.0 285.495 12.13170
4496.4 289.185 12.28880
4497.8 282.741 12.28880
4499.2 292.518 12.20190
4500.6 293.816 13.10230
4502.0 291.258 12.46930
4503.4 297.020 13.01860
4504.8 278.691 12.61510
4506.2 287.468 12.34790
4507.6 288.796 12.41780
4509.0 296.215 12.92700
4510.4 301.675 12.25650
4511.8 301.445 12.07060
4513.2 292.178 12.86980
4514.6 295.224 12.55170
4516.0 302.289 12.47820
4517.4 293.498 12.63110
4518.8 300.000 12.91020
4520.2 295.717 12.90660
4521.6 295.422 12.14330
4523.0 289.473 12.34390
4524.4 298.253 12.52700
4525.8 284.961 12.27830
4527.2 280.470 12.23220
4528.6 284.637 12.07380
4530.0 289.981 12.27230
4531.4 284.049 12.00400
4532.8 279.179 12.22290
4534.2 287.539 12.13040
4535.6 293.716 12.70960
4537.0 274.334 11.91840
4538.4 271.451 11.76800
4539.8 289.570 12.20740
4541.2 296.356 12.61570
4542.6 297.386 12.41070
4544.0 297.234 12.61630
4545.4 291.562 11.92100
4546.8 291.716 12.46050
4548.2 294.282 12.25980
4549.6 293.719 12.26140
4551.0 294.619 12.27980
4552.4 273.635 11.63240
4553.8 268.750 11.64350
4555.2 279.834 11.76210
4556.6 287.006 12.58050
4558.0 278.647 11.96890
4559.4 271.271 11.69910
4560.8 280.530 11.87200
4562.2 286.478 12.27850
4563.6 287.268 12.21500
4565.0 299.594 12.40880
4566.4 285.998 12.08240
4567.8 269.655 11.41620
4569.2 277.222 11.63900
4570.6 293.008 12.23840
4572.0 290.753 12.01970
4573.4 292.345 11.78650
4574.8 286.398 12.04200
4576.2 264.654 11.74530
4577.6 291.790 12.31750
4579.0 296.964 11.99000
4580.4 286.149 12.03760
4581.8 292.668 12.02540
4583.2 288.978 12.09000
4584.6 284.494 11.61450
4586.0 275.551 11.82790
4587.4 267.738 11.34640
4588.8 272.652 11.28300
4590.2 286.976 12.05460
4591.6 287.583 11.92050
4593.0 282.068 11.74350
4594.4 280.544 11.54960
4595.8 282.921 11.85430
4597.2 289.130 12.06560
4598.6 292.787 12.20820
4600.0 288.337 11.83790
4601.4 292.870 12.36320
4602.8 288.847 12.03930
4604.2 291.082 12.02690
4605.6 289.658 11.85820
4607.0 286.015 11.77250
4608.4 284.046 12.10360
4609.8 286.916 12.07350
4611.2 291.311 12.15350
4612.6 286.318 11.86040
4614.0 289.323 12.06910
4615.4 285.658 12.20030
4616.8 292.057 11.93260
4618.2 291.993 12.16760
4619.6 286.327 11.73540
4621.0 285.797 11.96560
4622.4 278.207 11.57050
4623.8 281.752 11.72600
4625.2 291.554 12.17170
4626.6 284.546 12.03240
4628.0 283.728 12.10460
4629.4 289.603 12.05060
4630.8 286.073 12.44150
4632.2 290.143 11.84300
4633.6 272.196 11.38680
4635.0 286.474 11.59620
4636.4 285.037 11.99000
4637.8 278.142 11.74020
4639.2 282.710 11.81140
4640.6 293.383 12.04140
4642.0 285.953 12.18090
4643.4 291.789 12.02490
4644.8 291.040 12.07010
4646.2 290.812 12.03100
4647.6 288.708 11.97280
4649.0 288.569 11.84100
4650.4 285.386 11.93330
4651.8 290.328 11.99090
4653.2 275.791 11.13570
4654.6 290.013 11.60200
4656.0 294.341 12.39780
4657.4 282.760 11.49660
4658.8 281.939 11.26340
4660.2 276.771 11.57870
4661.6 284.680 11.58850
4663.0 287.922 12.05610
4664.4 292.387 11.91000
4665.8 288.475 11.73500
4667.2 284.243 12.02300
4668.6 285.960 11.83580
4670.0 283.020 11.79440
4671.4 274.424 11.36060
4672.8 281.360 11.62440
4674.2 281.008 11.24560
4675.6 281.185 11.47800
4677.0 281.944 11.67420
4678.4 283.142 11.53920
4679.8 286.183 12.16110
4681.2 284.809 11.66310
4682.6 280.726 11.49020
4684.0 279.978 11.45960
4685.4 284.219 11.94410
4686.8 278.097 11.50350
4688.2 284.007 11.73640
4689.6 290.193 11.99550
4691.0 281.410 11.57060
4692.4 290.448 11.89110
4693.8 284.903 11.38570
4695.2 286.968 11.78380
4696.6 281.882 11.97430
4698.0 285.342 11.67510
4699.4 284.748 11.96940
4700.8 283.777 12.08410
4702.2 279.873 11.74220
4703.6 278.480 11.96620
4705.0 275.987 11.73970
4706.4 276.893 11.60410
4707.8 276.814 11.31860
4709.2 285.302 11.86500
4710.6 278.808 11.50660
4712.0 276.340 11.59750
4713.4 277.576 11.56940
4714.8 280.768 11.86350
4716.2 289.441 11.90440
4717.6 287.009 11.89840
4719.0 280.030 11.76950
4720.4 287.641 11.69480
4721.8 281.645 11.29420
4723.2 280.708 11.37210
4724.6 276.868 11.10810
4726.0 286.605 11.46750
4727.4 277.670 11.25870
4728.8 281.922 11.46210
4730.2 291.361 11.82230
4731.6 286.085 11.71200
4733.0 282.240 11.62710
4734.4 282.734 12.13730
4735.8 280.117 11.45600
4737.2 282.408 12.20360
4738.6 280.849 11.79420
4740.0 279.635 11.46140
4741.4 278.450 11.23720
4742.8 279.739 11.30020
4744.2 284.890 11.52260
4745.6 284.867 11.58560
4747.0 287.027 11.57210
4748.4 289.352 11.43660
4749.8 282.320 11.50360
4751.2 280.842 11.45630
4752.6 278.952 11.32240
4754.0 273.479 11.11670
4755.4 281.754 11.54980
4756.8 282.185 11.47590
4758.2 280.793 11.59510
4759.6 281.486 11.55190
4761.0 282.343 11.80080
4762.4 283.623 11.76780
4763.8 273.795 11.09680
4765.2 275.652 11.32160
4766.6 270.867 10.87320
4768.0 269.068 10.94300
4769.4 276.707 11.21470
4770.8 280.383 11.45570
4772.2 279.635 11.52570
4773.6 281.595 11.34020
4775.0 286.484 11.61280
4776.4 279.006 11.36400
4777.8 278.712 11.13510
4779.2 285.656 11.76320
4780.6 282.036 11.94340
4782.0 277.264 11.60680
4783.4 277.022 11.33800
4784.8 273.818 11.03990
4786.2 275.060 11.07890
4787.6 274.209 11.05840
4789.0 272.662 11.31360
4790.4 274.650 11.29720
4791.8 274.167 11.11980
4793.2 273.967 11.05220
4794.6 268.017 10.92070
4796.0 270.713 11.04580
4797.4 274.907 10.83040
4798.8 269.375 11.15470
4800.2 277.544 11.08250
4801.6 285.401 11.62630
4803.0 276.871 11.52510
4804.4 280.604 11.57350
4805.8 272.824 11.25610
4807.2 273.002 11.09620
4808.6 268.061 10.87380
4810.0 268.322 11.08600
4811.4 271.387 11.11780
4812.8 271.695 10.91020
4814.2 276.467 11.44810
4815.6 274.802 11.23090
4817.0 273.396 11.07430
4818.4 273.457 11.10930
4819.8 278.435 11.45550
4821.2 276.803 11.16450
4822.6 277.132 11.36040
4824.0 277.944 11.34230
4825.4 275.807 11.13600
4826.8 274.733 11.16670
4828.2 259.278 10.86700
4829.6 266.069 10.97560
4831.0 275.277 11.64050
4832.4 277.765 11.30830
4833.8 276.488 11.54980
4835.2 277.550 11.52590
4836.6 274.330 11.33470
4838.0 275.880 11.52220
4839.4 268.741 11.19770
4840.8 275.236 11.03340
4842.2 270.330 11.06890
4843.6 262.514 11.08130
4845.0 267.230 11.40580
4846.4 271.983 11.22880
4847.8 268.445 11.35250
4849.2 267.036 10.94720
4850.6 264.193 10.89160
4852.0 257.746 10.87000
4853.4 257.362 10.90780
4854.8 258.242 10.66240
4856.2 254.235 10.51210
4857.6 254.786 10.48200
4859.0 248.754 10.59560
4860.4 233.286 9.88422
4861.8 229.971 9.74881
4863.2 202.216 8.64751
4864.6 166.233 7.89569
4866.0 136.575 6.64328
4867.4 178.281 7.79929
4868.8 209.755 8.93223
4870.2 232.460 9.69333
4871.6 237.826 9.87636
4873.0 246.572 9.89613
4874.4 249.092 10.29260
4875.8 241.728 10.01120
4877.2 249.392 10.34350
4878.6 257.048 10.76510
4880.0 252.613 10.67370
4881.4 250.688 10.47150
4882.8 254.755 10.46200
4884.2 265.037 11.03610
4885.6 265.794 10.66810
4887.0 262.979 10.73720
4888.4 257.120 10.30890
4889.8 266.346 10.57790
4891.2 264.819 10.88110
4892.6 269.117 10.75300
4894.0 256.880 10.26020
4895.4 251.487 10.40530
4896.8 257.723 10.58690
4898.2 261.866 10.54250
4899.6 268.537 10.88710
4901.0 270.920 10.83590
4902.4 267.511 10.76810
4903.8 267.032 10.80150
4905.2 268.007 10.55930
4906.6 266.195 10.77070
4908.0 266.584 10.69230
4909.4 267.130 10.87210
4910.8 263.969 10.71200
4912.2 267.178 10.91280
4913.6 269.422 10.79430
4915.0 262.700 10.66090
4916.4 266.131 10.76390
4917.8 268.111 10.68700
4919.2 268.726 10.95020
4920.6 268.159 10.73060
4922.0 265.163 10.51310
4923.4 255.320 10.43290
4924.8 251.822 10.36400
4926.2 259.109 10.55360
4927.6 253.763 10.31130
4929.0 246.905 10.13210
4930.4 265.115 10.68870
4931.8 264.871 10.47300
4933.2 265.081 10.31470
4934.6 265.796 10.41670
4936.0 267.811 10.92270
4937.4 256.027 10.48410
4938.8 252.382 10.21250
4940.2 261.754 10.40040
4941.6 260.393 10.39280
4943.0 257.152 10.58100
4944.4 263.122 10.66560
4945.8 269.584 10.89830
4947.2 270.179 10.85700
4948.6 266.570 10.72400
4950.0 266.649 10.52120
4951.4 273.556 10.95600
4952.8 270.611 11.05970
4954.2 266.737 10.77620
4955.6 267.632 10.57440
4957.0 270.318 10.85130
4958.4 266.553 10.46920
4959.8 264.287 10.54300
4961.2 249.181 10.17690
4962.6 249.604 10.03230
4964.0 252.582 10.09050
4965.4 263.688 10.76720
4966.8 269.562 10.77840
4968.2 265.016 10.68070
4969.6 267.219 10.76900
4971.0 267.489 10.67540
4972.4 263.057 10.38790
4973.8 263.189 10.48920
4975.2 262.718 10.55390
4976.6 268.688 10.69220
4978.0 267.932 10.72350
4979.4 263.290 10.16580
4980.8 266.792 10.50650
4982.2 265.075 10.67420
4983.6 260.098 10.37520
4985.0 255.850 10.18030
4986.4 252.626 10.26190
4987.8 252.661 10.11410
4989.2 254.573 10.21710
4990.6 257.858 10.23420
4992.0 265.947 10.66720
4993.4 259.585 10.38930
4994.8 261.189 10.37920
4996.2 256.570 10.39980
4997.6 257.615 10.43460
4999.0 254.710 10.06010
