3900.0 88.501 9.74530
3901.4 93.892 9.80832
3902.8 99.282 9.87135
3904.2 104.673 9.93437
3905.6 110.063 9.99739
3907.0 99.353 10.25580
3908.4 104.094 10.29450
3909.8 111.695 10.52930
3911.2 106.557 10.06750
3912.6 102.694 10.10310
3914.0 107.500 9.90816
3915.4 114.279 9.89674
3916.8 112.016 9.61826
3918.2 104.341 9.26268
3919.6 110.909 9.73143
3921.0 104.460 9.38955
3922.4 114.335 9.36508
3923.8 115.518 9.49910
3925.2 116.496 9.51350
3926.6 109.661 9.54997
3928.0 103.015 9.20291
3929.4 112.466 9.75718
3930.8 94.627 8.24094
3932.2 57.398 7.17044
3933.6 65.787 7.09563
3935.0 89.920 8.01297
3936.4 102.562 8.70981
3937.8 111.881 8.90963
3939.2 109.487 8.85844
3940.6 113.681 9.65555
3942.0 116.903 9.53144
3943.4 114.334 9.34189
3944.8 116.337 9.09993
3946.2 111.000 9.07485
3947.6 104.747 9.15361
3949.0 109.795 9.32520
3950.4 106.640 8.87962
3951.8 114.491 9.41230
3953.2 108.687 9.23510
3954.6 106.120 8.73946
3956.0 103.110 9.03748
3957.4 96.347 9.15601
3958.8 99.516 9.06902
3960.2 91.144 8.81676
3961.6 84.855 8.95479
3963.0 81.838 8.71441
3964.4 73.609 8.52456
3965.8 60.144 8.41999
3967.2 40.220 7.85817
3968.6 31.433 7.27442
3970.0 34.798 7.01909
3971.4 53.356 7.28619
3972.8 62.877 7.86557
3974.2 69.599 7.60153
3975.6 83.767 7.84280
3977.0 79.233 8.16892
3978.4 91.539 8.08354
3979.8 93.290 8.08313
3981.2 95.538 8.32096
3982.6 95.051 8.06188
3984.0 97.204 8.50578
3985.4 100.280 8.29602
3986.8 105.439 8.67406
3988.2 104.383 8.45027
3989.6 103.586 8.38668
3991.0 104.108 8.09773
3992.4 112.455 8.29867
3993.8 109.942 8.10938
3995.2 118.073 8.43263
3996.6 107.706 8.45437
3998.0 113.769 8.84302
3999.4 107.300 8.38360
4000.8 109.795 8.20094
4002.2 110.688 8.02257
4003.6 105.208 8.23846
4005.0 102.113 7.94144
4006.4 105.193 8.02788
4007.8 112.810 8.31802
4009.2 113.680 7.99520
4010.6 110.053 7.80227
4012.0 111.720 8.33060
4013.4 105.135 7.71737
4014.8 107.624 7.68298
4016.2 112.537 7.95570
4017.6 108.306 7.99275
4019.0 111.879 7.91314
4020.4 105.695 7.62291
4021.8 114.158 7.93922
4023.2 108.217 7.99855
4024.6 107.862 8.22012
4026.0 116.758 8.03681
4027.4 107.322 7.57547
4028.8 106.272 7.83072
4030.2 110.752 7.68480
4031.6 113.065 7.80050
4033.0 114.302 8.02432
4034.4 102.141 7.50323
4035.8 111.387 7.78015
4037.2 112.600 8.14204
4038.6 114.804 8.16910
4040.0 108.973 7.94968
4041.4 108.522 7.81651
4042.8 108.726 8.32047
4044.2 104.368 7.97134
4045.6 101.711 7.55715
4047.0 114.064 9.04971
4048.4 117.118 9.05407
4049.8 114.960 9.22917
4051.2 112.110 8.60151
4052.6 105.314 8.03111
4054.0 113.688 7.90799
4055.4 103.223 7.95240
4056.8 116.164 8.23097
4058.2 109.295 7.78071
4059.6 104.987 7.83496
4061.0 110.266 7.93259
4062.4 105.275 7.84796
4063.8 109.015 7.92582
4065.2 103.908 7.87169
4066.6 104.446 7.56343
4068.0 111.484 7.90582
4069.4 109.493 7.59238
4070.8 99.044 7.63389
4072.2 100.457 7.37436
4073.6 107.953 7.56132
4075.0 105.112 7.56502
4076.4 95.872 7.43017
4077.8 108.309 7.53860
4079.2 104.933 7.57184
4080.6 99.571 7.53488
4082.0 102.982 7.82745
4083.4 101.020 7.33388
4084.8 92.900 6.89269
4086.2 94.486 7.14851
4087.6 92.319 7.15201
4089.0 100.166 6.86128
4090.4 90.867 6.49418
4091.8 85.683 6.75633
4093.2 83.994 6.72150
4094.6 75.508 6.79103
4096.0 71.466 6.20046
4097.4 66.034 6.01126
4098.8 47.070 5.06550
4100.2 36.773 4.84351
4101.6 33.144 4.85285
4103.0 52.297 5.57309
4104.4 65.006 5.99429
4105.8 72.807 6.06932
4107.2 78.684 5.78338
4108.6 78.843 6.25188
4110.0 83.364 6.42748
4111.4 97.711 6.88102
4112.8 95.385 6.83564
4114.2 94.347 7.02176
4115.6 96.901 7.02108
4117.0 98.915 7.32883
4118.4 96.470 6.95802
4119.8 99.271 7.13036
4121.2 105.259 7.01421
4122.6 98.911 7.01804
4124.0 97.631 7.14682
4125.4 93.648 6.98562
4126.8 104.873 7.26409
4128.2 104.517 7.38089
4129.6 99.034 7.09847
4131.0 99.669 6.92204
4132.4 97.041 7.02978
4133.8 101.032 7.04900
4135.2 107.001 7.44455
4136.6 93.585 6.87063
4138.0 105.716 6.67933
4139.4 99.803 6.68758
4140.8 100.208 6.85659
4142.2 95.411 6.62932
4143.6 93.597 6.39508
4145.0 102.498 6.93342
4146.4 104.723 6.96119
4147.8 98.042 6.49030
4149.2 107.547 7.12423
4150.6 102.343 6.81243
4152.0 103.630 6.65893
4153.4 101.141 6.66941
4154.8 100.422 6.68083
4156.2 106.769 6.66816
4157.6 104.332 6.90353
4159.0 102.706 6.55362
4160.4 101.239 6.75449
4161.8 104.578 6.82714
4163.2 98.729 6.55720
4164.6 99.659 6.33150
4166.0 101.977 6.57775
4167.4 98.983 6.48544
4168.8 104.110 6.85597
4170.2 98.804 6.75135
4171.6 95.529 6.35846
4173.0 97.503 6.17741
4174.4 101.585 6.56845
4175.8 100.843 6.47011
4177.2 96.022 6.31000
4178.6 95.414 6.09528
4180.0 100.358 6.32345
4181.4 99.099 6.37031
4182.8 96.678 6.37901
4184.2 99.881 6.61566
4185.6 97.948 6.54072
4187.0 96.184 6.44237
4188.4 106.291 6.46954
4189.8 96.067 6.44276
4191.2 98.075 6.62572
4192.6 103.567 6.52319
4194.0 99.153 6.37487
4195.4 101.488 6.20894
4196.8 100.146 6.30097
4198.2 102.107 6.28570
4199.6 99.618 6.43010
4201.0 95.153 6.29922
4202.4 104.289 6.31778
4203.8 94.939 6.15914
4205.2 100.435 6.35109
4206.6 98.168 6.42879
4208.0 96.802 6.28331
4209.4 102.723 6.20167
4210.8 99.090 6.33867
4212.2 98.931 6.31291
4213.6 96.941 6.25609
4215.0 94.280 6.40317
4216.4 98.266 6.30992
4217.8 100.239 6.34066
4219.2 94.594 6.34700
4220.6 97.438 6.42270
4222.0 94.818 6.23724
4223.4 97.722 6.36540
4224.8 95.641 6.31670
4226.2 90.287 6.03010
4227.6 95.653 5.91579
4229.0 99.026 6.07140
4230.4 99.472 6.03352
4231.8 90.066 5.75171
4233.2 96.906 5.83794
4234.6 96.513 6.19060
4236.0 92.272 6.03490
4237.4 99.737 6.11173
4238.8 100.395 6.23168
4240.2 96.564 5.92318
4241.6 95.881 5.97409
4243.0 97.408 6.11390
4244.4 96.708 6.07386
4245.8 95.048 6.04001
4247.2 94.196 5.86869
4248.6 94.761 5.82007
4250.0 89.155 5.91172
4251.4 95.275 6.05486
4252.8 94.661 5.94649
4254.2 93.020 6.14057
4255.6 95.511 6.17012
4257.0 97.439 6.20799
4258.4 93.155 6.08285
4259.8 96.486 5.95905
4261.2 93.622 5.66706
4262.6 95.425 5.82265
4264.0 94.596 5.79527
4265.4 100.839 5.99948
4266.8 97.901 6.10945
4268.2 101.033 6.05016
4269.6 89.960 5.81046
4271.0 94.159 5.95911
4272.4 90.396 5.50883
4273.8 91.855 5.75511
4275.2 90.424 5.76555
4276.6 94.080 5.62764
4278.0 97.811 5.77251
4279.4 94.797 5.92487
4280.8 92.820 6.00382
4282.2 89.372 5.88060
4283.6 95.703 5.89689
4285.0 90.876 5.82444
4286.4 94.964 5.80246
4287.8 91.561 5.73854
4289.2 87.858 5.41126
4290.6 90.791 5.39699
4292.0 90.962 5.73662
4293.4 90.421 5.59078
4294.8 95.527 5.74304
4296.2 92.353 5.71673
4297.6 91.533 5.72977
4299.0 91.073 5.57127
4300.4 87.379 5.37158
4301.8 91.148 5.77162
4303.2 92.690 5.69219
4304.6 90.694 5.76089
4306.0 88.447 5.28133
4307.4 82.383 5.15670
4308.8 92.799 5.71305
4310.2 96.524 5.78219
4311.6 86.331 5.54187
4313.0 89.055 5.49745
4314.4 81.516 5.12392
4315.8 90.933 5.57447
4317.2 92.608 5.80455
4318.6 87.959 5.70996
4320.0 83.079 5.38915
4321.4 87.735 5.38214
4322.8 88.047 5.28648
4324.2 77.531 5.22078
4325.6 79.054 5.07272
4327.0 85.496 5.30460
4328.4 83.937 5.25949
4329.8 76.592 5.15743
4331.2 74.249 5.05833
4332.6 80.471 4.91970
4334.0 67.472 4.59478
4335.4 61.059 4.51794
4336.8 55.219 4.18213
4338.2 39.803 3.80800
4339.6 33.559 3.46325
4341.0 43.852 4.01741
4342.4 54.661 4.31507
4343.8 65.893 4.63146
4345.2 69.424 4.88865
4346.6 70.683 4.90797
4348.0 75.854 5.09043
4349.4 74.865 5.04751
4350.8 78.121 5.09186
4352.2 80.129 5.34660
4353.6 87.778 5.62892
4355.0 85.662 5.28539
4356.4 82.788 5.42417
4357.8 86.204 5.81393
4359.2 89.501 6.08861
4360.6 93.079 6.11016
4362.0 90.273 5.73534
4363.4 88.503 5.48788
4364.8 92.148 5.61683
4366.2 94.318 5.74686
4367.6 89.010 5.57436
4369.0 89.482 5.40592
4370.4 90.773 5.47237
4371.8 88.627 5.39441
4373.2 92.275 5.47243
4374.6 86.978 5.42063
4376.0 84.769 5.26745
4377.4 94.920 5.46790
4378.8 88.548 5.70421
4380.2 91.705 5.52631
4381.6 87.819 5.46313
4383.0 83.098 5.30155
4384.4 91.773 5.35525
4385.8 84.686 5.13920
4387.2 88.437 5.40038
4388.6 93.938 5.69288
4390.0 93.462 5.81729
4391.4 87.750 5.29608
4392.8 88.603 5.31841
4394.2 84.615 5.16560
4395.6 86.276 5.37070
4397.0 88.366 5.33539
4398.4 86.229 5.22005
4399.8 85.885 5.29311
4401.2 91.294 5.34017
4402.6 89.281 5.17342
4404.0 86.819 5.24257
4405.4 91.275 5.51370
4406.8 88.035 5.45328
4408.2 91.005 5.50276
4409.6 87.945 5.38505
4411.0 94.784 5.45624
4412.4 84.398 5.40778
4413.8 82.822 5.34206
4415.2 86.242 5.20494
4416.6 82.053 5.03110
4418.0 91.039 5.26679
4419.4 87.403 5.20217
4420.8 92.548 5.27980
4422.2 89.301 5.34898
4423.6 89.040 5.18800
4425.0 90.200 5.42158
4426.4 86.664 5.11889
4427.8 90.379 5.11002
4429.2 90.619 5.33596
4430.6 87.885 5.31264
4432.0 89.268 5.17313
4433.4 86.411 5.09001
4434.8 89.540 5.16395
4436.2 92.076 5.32488
4437.6 89.556 5.18703
4439.0 89.202 5.26849
4440.4 89.676 5.29853
4441.8 84.510 4.98636
4443.2 82.079 4.88394
4444.6 88.013 4.99407
4446.0 85.856 4.98627
4447.4 84.533 5.06043
4448.8 87.890 5.27329
4450.2 85.563 5.04414
4451.6 87.560 4.97023
4453.0 89.879 5.17881
4454.4 84.367 5.06570
4455.8 84.076 5.03324
4457.2 86.810 5.10889
4458.6 90.157 5.13239
4460.0 83.743 4.89754
4461.4 87.120 5.05049
4462.8 90.348 4.99042
4464.2 86.854 4.91006
4465.6 85.474 5.21178
4467.0 83.436 4.84744
4468.4 81.789 4.89986
4469.8 85.183 4.98573
4471.2 85.339 4.88984
4472.6 84.117 4.80909
4474.0 85.774 4.91412
4475.4 87.313 5.34032
4476.8 85.741 5.38620
4478.2 85.182 5.25014
4479.6 80.098 4.97712
4481.0 78.966 4.74076
4482.4 84.218 5.00659
4483.8 85.109 4.92900
4485.2 87.588 5.13499
4486.6 83.988 4.78189
4488.0 83.286 4.90191
4489.4 84.908 4.90567
4490.8 85.698 5.26271
4492.2 84.331 5.06758
4493.6 88.027 5.34954
4495.0 84.349 5.35176
4496.4 83.748 5.01150
4497.8 83.075 4.97552
4499.2 81.589 4.62869
4500.6 79.597 4.74571
4502.0 84.611 4.81663
4503.4 87.950 4.81659
4504.8 84.307 4.88766
4506.2 85.566 4.77909
4507.6 87.170 inf
4509.0 88.775 inf
4510.4 90.379 6.99706
4511.8 91.092 5.01804
4513.2 83.612 4.78267
4514.6 84.264 4.64173
4516.0 84.450 4.84448
4517.4 85.375 4.80102
4518.8 83.418 4.76781
4520.2 84.694 4.78833
4521.6 84.622 4.97052
4523.0 86.645 4.88698
4524.4 88.412 5.19824
4525.8 85.306 5.01925
4527.2 83.381 4.88601
4528.6 84.917 4.88228
4530.0 83.824 4.71987
4531.4 80.588 4.71481
4532.8 82.329 4.66062
4534.2 82.273 4.79980
4535.6 84.613 4.93823
4537.0 86.651 5.04608
4538.4 88.114 4.92535
4539.8 83.824 4.80461
4541.2 82.314 4.97607
4542.6 85.255 4.83777
4544.0 83.138 4.99396
4545.4 87.085 4.99580
4546.8 85.171 5.00914
4548.2 79.238 5.89795
4549.6 81.074 4.82527
4551.0 80.934 4.67004
4552.4 81.264 4.86119
4553.8 79.395 4.80206
4555.2 84.573 4.79083
4556.6 85.883 4.77696
4558.0 82.841 4.69037
4559.4 85.573 4.52953
4560.8 83.037 4.61766
4562.2 82.927 4.55696
4563.6 81.622 4.65449
4565.0 84.907 4.65302
4566.4 85.234 4.86770
4567.8 82.647 4.72336
4569.2 86.210 4.84906
4570.6 81.328 4.86886
4572.0 80.751 4.72930
4573.4 87.811 4.76656
4574.8 82.963 4.52723
4576.2 81.428 4.61683
4577.6 81.643 4.52073
4579.0 84.120 4.71576
4580.4 83.607 4.78921
4581.8 79.787 4.60617
4583.2 77.554 4.56245
4584.6 83.951 4.63643
4586.0 85.727 4.68226
4587.4 82.893 4.59831
4588.8 82.692 4.67435
4590.2 81.248 4.67981
4591.6 82.731 4.58568
4593.0 82.832 4.65654
4594.4 82.888 4.49584
4595.8 85.574 4.63927
4597.2 82.158 4.62263
4598.6 90.022 4.84515
4600.0 85.031 4.70123
4601.4 85.216 inf
4602.8 85.401 inf
4604.2 85.586 inf
4605.6 85.772 inf
4607.0 85.957 inf
4608.4 86.142 inf
4609.8 86.327 4.49317
4611.2 87.620 4.82893
4612.6 90.409 6.36800
4614.0 83.546 4.58365
4615.4 84.306 4.42022
4616.8 79.683 4.48417
4618.2 81.052 4.38367
4619.6 82.107 4.58482
4621.0 79.607 4.49513
4622.4 82.155 4.55495
4623.8 80.416 4.37905
4625.2 83.600 4.44729
4626.6 86.167 4.70859
4628.0 80.240 4.37695
4629.4 81.316 4.48973
4630.8 84.165 4.61063
4632.2 84.837 4.63422
4633.6 81.324 4.50162
4635.0 80.019 4.29712
4636.4 82.181 4.60159
4637.8 83.935 4.64878
4639.2 82.435 4.46927
4640.6 83.472 4.63698
4642.0 84.308 4.51616
4643.4 83.363 4.51945
4644.8 79.779 4.30075
4646.2 80.951 4.36316
4647.6 81.977 4.51766
4649.0 81.094 4.47437
4650.4 78.839 4.46318
4651.8 81.885 4.69058
4653.2 81.073 4.53172
4654.6 79.197 4.41429
4656.0 81.507 4.43921
4657.4 81.774 4.32533
4658.8 81.249 4.27482
4660.2 80.779 4.47830
4661.6 80.743 4.42562
4663.0 82.027 4.70113
4664.4 79.461 4.42863
4665.8 78.984 4.30449
4667.2 81.257 4.35077
4668.6 78.377 4.38992
4670.0 79.918 4.51933
4671.4 81.912 4.67840
4672.8 81.666 4.44969
4674.2 81.646 4.51586
4675.6 82.566 4.32450
4677.0 79.598 4.32992
4678.4 79.515 4.29978
4679.8 82.053 4.46068
4681.2 81.712 4.35712
4682.6 76.897 4.16569
4684.0 78.931 4.29163
4685.4 84.304 4.37158
4686.8 82.709 4.45500
4688.2 81.473 4.28677
4689.6 79.109 4.45744
4691.0 82.475 4.54757
4692.4 80.375 4.37734
4693.8 81.529 4.43391
4695.2 80.625 4.52401
4696.6 78.379 4.60794
4698.0 79.642 4.55694
4699.4 80.463 4.39092
4700.8 77.738 4.19186
4702.2 80.096 4.52116
4703.6 81.787 4.54989
4705.0 80.399 4.79164
4706.4 78.067 4.74645
4707.8 80.327 4.71630
4709.2 78.807 4.47535
4710.6 77.460 4.34979
4712.0 80.590 4.36032
4713.4 81.496 4.55156
4714.8 81.829 4.48529
4716.2 79.599 4.49395
4717.6 78.630 4.41745
4719.0 80.503 4.63207
4720.4 77.542 4.18673
4721.8 78.382 4.44060
4723.2 80.620 4.43651
4724.6 78.436 4.33219
4726.0 80.234 4.48780
4727.4 80.651 4.80427
4728.8 80.700 4.62911
4730.2 81.439 4.40982
4731.6 77.985 4.36233
4733.0 79.877 4.37699
4734.4 83.098 4.49573
4735.8 78.858 4.45550
4737.2 77.871 4.38024
4738.6 78.288 4.37554
4740.0 77.141 4.39429
4741.4 81.167 4.25957
4742.8 77.386 4.21464
4744.2 82.247 4.22101
4745.6 79.835 4.15611
4747.0 77.183 4.28683
4748.4 80.094 4.26969
4749.8 76.405 4.27243
4751.2 77.999 4.40015
4752.6 74.918 4.08162
4754.0 75.722 4.03896
4755.4 79.311 4.12545
4756.8 80.530 4.14932
4758.2 74.317 4.02148
4759.6 78.445 4.21164
4761.0 77.316 4.21321
4762.4 79.283 4.27356
4763.8 81.568 4.29085
4765.2 77.064 4.25149
4766.6 77.224 4.04402
4768.0 78.615 4.15290
4769.4 75.701 4.19591
4770.8 76.744 4.16040
4772.2 78.634 4.17429
4773.6 78.116 4.19388
4775.0 77.697 4.12062
4776.4 76.114 4.22280
4777.8 77.338 4.24812
4779.2 80.569 4.37524
4780.6 79.528 4.22477
4782.0 77.981 4.15472
4783.4 78.103 4.08266
4784.8 78.092 4.06823
4786.2 76.130 4.04773
4787.6 76.305 4.08904
4789.0 80.825 4.15317
4790.4 75.547 4.10546
4791.8 80.689 4.22851
4793.2 78.651 4.27082
4794.6 78.025 4.35045
4796.0 75.123 4.09348
4797.4 78.944 4.14937
4798.8 79.917 4.07195
4800.2 76.930 4.00776
4801.6 76.027 4.01627
4803.0 78.768 4.19081
4804.4 76.845 4.05247
4805.8 77.515 4.03013
4807.2 80.284 4.25926
4808.6 78.534 4.21779
4810.0 77.578 4.25074
4811.4 79.553 4.19067
4812.8 80.053 4.17330
4814.2 77.889 4.13435
4815.6 75.031 4.10973
4817.0 75.811 4.26131
4818.4 75.279 4.10346
4819.8 76.344 4.07884
4821.2 72.867 3.97851
4822.6 73.055 3.97852
4824.0 75.417 4.16543
4825.4 76.996 4.09646
4826.8 76.071 3.99176
4828.2 73.629 3.94447
4829.6 73.961 4.04352
4831.0 72.799 3.99864
4832.4 75.577 4.10532
4833.8 73.265 4.09457
4835.2 72.540 4.12479
4836.6 72.704 4.06430
4838.0 74.062 4.17654
4839.4 73.082 4.06000
4840.8 69.679 4.09658
4842.2 72.152 4.11674
4843.6 70.283 3.94262
4845.0 67.535 3.91899
4846.4 72.069 3.99246
4847.8 69.373 3.92543
4849.2 66.606 3.87619
4850.6 66.067 3.63986
4852.0 63.569 3.64643
4853.4 58.573 3.69083
4854.8 59.970 3.52070
4856.2 51.178 3.44306
4857.6 49.741 3.38340
4859.0 36.272 3.00546
4860.4 29.078 2.62223
4861.8 36.580 2.81670
4863.2 46.176 3.15074
4864.6 52.798 3.27223
4866.0 56.728 3.48523
4867.4 58.085 3.48139
4868.8 61.504 3.75054
4870.2 66.464 3.84538
4871.6 65.952 3.79400
4873.0 67.114 3.81528
4874.4 66.214 3.82368
4875.8 68.770 3.72103
4877.2 69.030 3.94399
4878.6 67.477 3.63641
4880.0 68.799 3.93686
4881.4 69.531 3.91220
4882.8 69.259 3.74957
4884.2 74.409 3.93326
4885.6 72.371 3.81183
4887.0 69.132 3.70946
4888.4 71.142 3.92405
4889.8 70.150 3.74862
4891.2 69.322 3.85346
4892.6 73.444 3.75734
4894.0 72.562 3.92652
4895.4 71.789 4.01546
4896.8 76.285 4.10314
4898.2 74.389 4.03391
4899.6 72.049 3.98500
4901.0 71.675 3.81371
4902.4 73.791 3.84630
4903.8 70.352 3.74726
4905.2 75.336 4.02294
4906.6 72.853 4.14659
4908.0 73.411 3.84726
4909.4 74.040 3.85813
4910.8 71.213 3.82652
4912.2 70.905 3.82961
4913.6 70.855 3.82168
4915.0 71.674 3.84143
4916.4 76.060 3.97620
4917.8 72.658 3.96030
4919.2 71.416 4.02703
4920.6 72.758 3.85412
4922.0 68.703 3.57712
4923.4 67.732 3.55910
4924.8 71.918 3.67915
4926.2 71.921 3.69713
4927.6 72.397 3.73092
4929.0 72.673 3.82703
4930.4 72.987 3.90715
4931.8 73.083 3.79630
4933.2 72.694 3.76388
4934.6 72.904 3.75212
4936.0 72.824 3.69999
4937.4 71.531 3.67034
4938.8 70.995 3.70864
4940.2 70.270 3.60173
4941.6 73.221 3.76218
4943.0 76.985 3.89648
4944.4 70.313 3.69696
4945.8 74.938 3.80981
4947.2 72.423 3.80238
4948.6 73.868 4.06033
4950.0 74.578 4.03720
4951.4 71.841 3.77313
4952.8 74.348 3.80737
4954.2 75.361 3.94855
4955.6 70.807 3.70076
4957.0 69.872 3.63907
4958.4 71.338 3.67843
4959.8 74.409 3.66740
4961.2 72.558 3.70662
4962.6 74.531 3.80595
4964.0 70.581 3.65995
4965.4 72.639 3.84533
4966.8 70.667 3.72677
4968.2 72.487 3.75464
4969.6 72.837 3.75741
4971.0 71.588 3.74701
4972.4 70.555 3.73800
4973.8 69.671 3.78517
4975.2 70.194 3.77255
4976.6 71.372 3.74934
4978.0 71.802 3.63951
4979.4 74.458 3.88121
4980.8 71.620 3.77545
4982.2 71.337 3.76321
4983.6 72.010 3.79566
4985.0 72.294 3.81004
4986.4 73.016 3.68813
4987.8 71.782 3.69991
4989.2 70.716 3.71044
4990.6 70.007 3.70680
4992.0 70.664 3.74872
4993.4 71.816 3.86744
4994.8 71.265 3.80322
4996.2 73.236 3.76924
4997.6 72.878 3.83031
4999.0 71.156 3.66500
