3900.0 181.395 12.40350
3901.4 208.435 12.81950
3902.8 206.414 12.71900
3904.2 210.478 12.60070
3905.6 196.100 12.02770
3907.0 232.690 13.26450
3908.4 246.524 13.75370
3909.8 255.525 13.87360
3911.2 289.216 14.56950
3912.6 266.663 13.71400
3914.0 247.074 13.49790
3915.4 270.663 13.84860
3916.8 236.316 13.04970
3918.2 250.343 13.18550
3919.6 228.070 12.60940
3921.0 205.584 12.44430
3922.4 224.970 12.77400
3923.8 217.003 12.85880
3925.2 240.517 13.25290
3926.6 199.812 11.85830
3928.0 182.660 11.61200
3929.4 171.542 10.99140
3930.8 152.830 10.38650
3932.2 103.649 8.62318
3933.6 49.628 6.95080
3935.0 57.484 7.52028
3936.4 126.510 9.73537
3937.8 152.153 10.69510
3939.2 176.763 11.39470
3940.6 176.100 11.52760
3942.0 172.955 11.49340
3943.4 166.240 11.40090
3944.8 175.273 11.80130
3946.2 178.037 12.75630
3947.6 163.404 12.68170
3949.0 149.778 11.93190
3950.4 145.317 11.38790
3951.8 148.621 11.92870
3953.2 136.336 11.78450
3954.6 156.526 12.66100
3956.0 141.808 12.53230
3957.4 140.946 12.09780
3958.8 163.746 12.62220
3960.2 162.619 12.61970
3961.6 160.351 11.90700
3963.0 156.816 11.60520
3964.4 167.978 11.57850
3965.8 140.500 10.02670
3967.2 89.620 8.10927
3968.6 53.320 6.41434
3970.0 63.693 6.71428
3971.4 100.236 7.98047
3972.8 132.824 9.06115
3974.2 150.979 9.77567
3975.6 162.696 10.22450
3977.0 172.821 10.30310
3978.4 188.669 11.06610
3979.8 186.930 11.02220
3981.2 195.751 11.03770
3982.6 202.555 11.45430
3984.0 225.944 12.12160
3985.4 224.422 11.79130
3986.8 216.739 11.54540
3988.2 202.787 11.19630
3989.6 198.460 11.26590
3991.0 198.433 11.64830
3992.4 224.889 11.50850
3993.8 229.746 11.73180
3995.2 230.538 11.71820
3996.6 227.931 11.72530
3998.0 222.847 11.49500
3999.4 221.932 11.32660
4000.8 232.494 11.69910
4002.2 231.985 11.72360
4003.6 240.402 12.24920
4005.0 207.840 11.15390
4006.4 215.973 11.05720
4007.8 236.093 11.62010
4009.2 222.399 11.32580
4010.6 214.968 11.32940
4012.0 219.628 11.47800
4013.4 212.820 11.57490
4014.8 203.566 11.25920
4016.2 195.703 11.12180
4017.6 224.733 11.54080
4019.0 220.442 11.54000
4020.4 212.691 11.24040
4021.8 197.470 11.17800
4023.2 207.583 11.20680
4024.6 199.088 11.08780
4026.0 198.013 11.39390
4027.4 205.928 11.34440
4028.8 215.275 11.66180
4030.2 192.481 11.19600
4031.6 196.188 10.98210
4033.0 189.983 10.97340
4034.4 192.900 11.10540
4035.8 201.659 11.57160
4037.2 194.389 11.63670
4038.6 209.692 12.05710
4040.0 201.512 11.52770
4041.4 187.616 11.18420
4042.8 198.828 11.26970
4044.2 175.070 10.70310
4045.6 189.771 11.27440
4047.0 177.320 11.21070
4048.4 196.387 11.73100
4049.8 198.839 11.93130
4051.2 209.572 12.03970
4052.6 195.841 11.49890
4054.0 203.237 11.44620
4055.4 197.351 11.68600
4056.8 207.962 11.54490
4058.2 191.183 11.24290
4059.6 232.727 12.30320
4061.0 210.105 11.86720
4062.4 210.249 11.75870
4063.8 216.942 11.72070
4065.2 210.051 11.43900
4066.6 223.060 11.73420
4068.0 217.263 11.54830
4069.4 198.502 11.51280
4070.8 235.125 11.88120
4072.2 202.284 10.90850
4073.6 225.411 11.53230
4075.0 230.134 11.66420
4076.4 206.293 11.24610
4077.8 193.608 10.56400
4079.2 211.205 11.07300
4080.6 211.426 11.05440
4082.0 219.149 11.40870
4083.4 200.676 10.98590
4084.8 215.625 11.25990
4086.2 211.493 11.09360
4087.6 198.542 10.85390
4089.0 215.824 11.33930
4090.4 186.957 10.64690
4091.8 211.476 11.10430
4093.2 197.268 10.82160
4094.6 205.116 10.81890
4096.0 189.726 10.55540
4097.4 177.934 10.19130
4098.8 155.511 9.43353
4100.2 156.381 9.03865
4101.6 113.403 8.00653
4103.0 117.803 7.96910
4104.4 141.342 8.79563
4105.8 173.099 9.73936
4107.2 165.151 9.52313
4108.6 180.783 10.00130
4110.0 176.823 10.06410
4111.4 192.582 10.45290
4112.8 190.063 10.45240
4114.2 196.697 10.56390
4115.6 196.914 10.65970
4117.0 190.669 10.42840
4118.4 188.788 10.47550
4119.8 193.458 10.52470
4121.2 190.348 10.20900
4122.6 194.392 10.46980
4124.0 205.191 10.72210
4125.4 201.082 10.62640
4126.8 212.136 10.92440
4128.2 214.145 10.84400
4129.6 207.990 10.67940
4131.0 201.781 10.33740
4132.4 191.520 10.18250
4133.8 206.063 10.41880
4135.2 209.840 10.66560
4136.6 216.353 10.83530
4138.0 211.702 10.66230
4139.4 221.883 10.92770
4140.8 223.429 10.96380
4142.2 205.199 10.67950
4143.6 190.396 10.28630
4145.0 191.679 10.06860
4146.4 222.827 10.96680
4147.8 226.884 11.01580
4149.2 209.392 10.33490
4150.6 209.700 10.32980
4152.0 200.997 10.00960
4153.4 206.021 10.38350
4154.8 219.210 10.55010
4156.2 204.299 10.12150
4157.6 206.942 10.22280
4159.0 203.632 10.18980
4160.4 204.146 10.28560
4161.8 211.298 10.65560
4163.2 210.910 10.59410
4164.6 206.086 10.67110
4166.0 205.785 10.19380
4167.4 200.474 10.07780
4168.8 213.395 10.39050
4170.2 210.928 10.24190
4171.6 202.879 10.18570
4173.0 196.174 9.88688
4174.4 187.059 9.51390
4175.8 198.950 9.88392
4177.2 185.868 9.31579
4178.6 191.206 9.94018
4180.0 199.039 10.10050
4181.4 190.545 10.04980
4182.8 215.215 10.53210
4184.2 198.636 10.11280
4185.6 193.956 9.94466
4187.0 200.110 9.95734
4188.4 187.502 9.62530
4189.8 207.890 9.93138
4191.2 193.709 9.87583
4192.6 196.296 10.04030
4194.0 202.082 10.13760
4195.4 198.408 9.70809
4196.8 210.462 9.94910
4198.2 184.882 9.42946
4199.6 194.396 9.59272
4201.0 191.642 9.56857
4202.4 187.325 9.69026
4203.8 193.631 9.49516
4205.2 195.267 9.81496
4206.6 192.173 9.57576
4208.0 215.037 10.22910
4209.4 198.453 9.76015
4210.8 209.352 9.94344
4212.2 206.635 10.03890
4213.6 198.144 9.65148
4215.0 203.338 9.57696
4216.4 185.256 9.25737
4217.8 201.124 9.74487
4219.2 209.412 9.99128
4220.6 207.869 9.79125
4222.0 202.326 9.60056
4223.4 183.475 9.22908
4224.8 214.702 9.87365
4226.2 193.344 9.60354
4227.6 178.119 9.19541
4229.0 192.528 9.31313
4230.4 209.273 9.79007
4231.8 206.290 9.66918
4233.2 192.329 9.58405
4234.6 185.463 9.03691
4236.0 202.764 9.55407
4237.4 196.629 9.42954
4238.8 203.038 9.60607
4240.2 208.093 9.97549
4241.6 208.135 9.94526
4243.0 200.152 9.54226
4244.4 208.181 9.78128
4245.8 198.277 9.36633
4247.2 187.327 9.23931
4248.6 191.490 9.10718
4250.0 192.998 9.19149
4251.4 188.359 9.09008
4252.8 206.581 9.53273
4254.2 186.388 9.22130
4255.6 202.442 9.49791
4257.0 200.729 9.49416
4258.4 190.972 9.26663
4259.8 197.357 9.32314
4261.2 192.986 9.35540
4262.6 196.914 9.24359
4264.0 195.844 9.33269
4265.4 196.620 9.23818
4266.8 203.818 9.60566
4268.2 193.230 9.27983
4269.6 199.614 9.31001
4271.0 191.792 9.19233
4272.4 191.267 9.33955
4273.8 196.138 9.37246
4275.2 185.485 8.99099
4276.6 190.380 9.11018
4278.0 208.952 9.56216
4279.4 203.317 9.74603
4280.8 198.567 9.20086
4282.2 204.160 9.39991
4283.6 195.100 9.14104
4285.0 192.234 9.43899
4286.4 199.112 9.36943
4287.8 192.863 9.01310
4289.2 197.772 9.06906
4290.6 180.942 8.89588
4292.0 197.717 9.30677
4293.4 186.192 9.03867
4294.8 197.488 9.15010
4296.2 193.593 9.15200
4297.6 197.645 9.01181
4299.0 192.761 9.05561
4300.4 182.567 8.71373
4301.8 179.561 8.63853
4303.2 176.169 8.44570
4304.6 198.579 8.96226
4306.0 196.885 9.08570
4307.4 194.713 8.99489
4308.8 184.993 8.77911
4310.2 195.502 8.87242
4311.6 201.012 9.20964
4313.0 199.814 9.12150
4314.4 192.095 8.92135
4315.8 193.393 9.27155
4317.2 204.681 9.24644
4318.6 201.447 9.27335
4320.0 207.160 9.34590
4321.4 201.794 9.25056
4322.8 209.072 9.29884
4324.2 198.277 9.00940
4325.6 192.121 8.84425
4327.0 193.664 8.99434
4328.4 204.591 9.21472
4329.8 199.365 9.14510
4331.2 200.390 9.01975
4332.6 190.168 8.68658
4334.0 183.949 8.79104
4335.4 185.263 8.49809
4336.8 178.234 8.40728
4338.2 151.465 7.54186
4339.6 131.459 6.83664
4341.0 101.282 6.16364
4342.4 136.133 6.91686
4343.8 158.274 7.80131
4345.2 169.052 8.26605
4346.6 181.953 8.70627
4348.0 191.270 9.01775
4349.4 197.990 9.08283
4350.8 190.359 8.74890
4352.2 174.517 8.50362
4353.6 183.409 8.52421
4355.0 197.419 9.25454
4356.4 195.551 9.34251
4357.8 197.907 9.48901
4359.2 195.532 9.80427
4360.6 202.182 9.65074
4362.0 190.491 9.07173
4363.4 201.199 9.24452
4364.8 200.272 9.24214
4366.2 195.781 9.11520
4367.6 196.925 9.10305
4369.0 198.989 9.16245
4370.4 199.517 9.01157
4371.8 188.738 9.11763
4373.2 204.238 9.08615
4374.6 192.342 8.97786
4376.0 183.752 8.74082
4377.4 174.091 8.23421
4378.8 196.335 8.96868
4380.2 212.051 9.42325
4381.6 198.661 9.11855
4383.0 191.916 8.96087
4384.4 187.124 8.69911
4385.8 180.778 8.53549
4387.2 198.832 9.03868
4388.6 185.520 8.64936
4390.0 198.551 8.86668
4391.4 186.028 8.89379
4392.8 196.356 9.04164
4394.2 187.260 8.91157
4395.6 179.737 8.59267
4397.0 188.850 8.93116
4398.4 205.541 9.04857
4399.8 186.417 8.57908
4401.2 184.488 8.57287
4402.6 212.199 9.23256
4404.0 194.391 8.74831
4405.4 189.354 8.55105
4406.8 199.136 8.85770
4408.2 203.627 9.01662
4409.6 193.549 8.81270
4411.0 208.388 9.10377
4412.4 198.093 8.92766
4413.8 206.728 8.97309
4415.2 198.463 8.73668
4416.6 181.795 8.39144
4418.0 172.887 8.05930
4419.4 187.063 8.57927
4420.8 208.325 8.98909
4422.2 206.800 9.34386
4423.6 202.317 9.04786
4425.0 192.643 8.71320
4426.4 190.337 8.61105
4427.8 196.032 8.73098
4429.2 192.446 8.82749
4430.6 190.643 8.71210
4432.0 201.310 9.09465
4433.4 194.018 8.78410
4434.8 192.401 8.90382
4436.2 188.416 8.68919
4437.6 189.151 8.56570
4439.0 192.317 8.68757
4440.4 202.375 8.87974
4441.8 177.696 8.31942
4443.2 188.253 8.48576
4444.6 171.048 8.22861
4446.0 190.118 8.58823
4447.4 184.328 8.53656
4448.8 193.995 8.57960
4450.2 181.921 8.34840
4451.6 193.117 8.68088
4453.0 196.343 8.81430
4454.4 198.061 8.93946
4455.8 188.468 8.62940
4457.2 188.959 8.56809
4458.6 199.270 8.82993
4460.0 193.939 8.70583
4461.4 198.136 8.77836
4462.8 194.503 8.88809
4464.2 198.079 8.60197
4465.6 201.104 8.79811
4467.0 204.788 8.87448
4468.4 177.930 7.97756
4469.8 197.906 8.51496
4471.2 193.440 8.52818
4472.6 200.631 8.70364
4474.0 202.802 8.71960
4475.4 206.824 8.87570
4476.8 191.317 8.67933
4478.2 209.138 9.11440
4479.6 201.889 8.90343
4481.0 187.555 8.52485
4482.4 206.231 8.80059
4483.8 202.120 8.77014
4485.2 207.178 8.85321
4486.6 198.956 8.80691
4488.0 204.980 8.81432
4489.4 191.218 8.52697
4490.8 197.478 8.66309
4492.2 198.627 8.46898
4493.6 193.429 8.72055
4495.0 198.481 8.52179
4496.4 195.510 8.71894
4497.8 194.516 8.76192
4499.2 200.446 8.76144
4500.6 191.706 8.63523
4502.0 186.515 8.31846
4503.4 193.057 8.43301
4504.8 200.675 8.88288
4506.2 193.994 8.56935
4507.6 182.039 8.46226
4509.0 186.998 8.45698
4510.4 190.637 8.47890
4511.8 193.312 8.55767
4513.2 200.905 8.66518
4514.6 171.010 7.92963
4516.0 181.456 8.13510
4517.4 182.054 8.32821
4518.8 193.081 8.48293
4520.2 175.734 8.12704
4521.6 177.631 8.08556
4523.0 172.268 8.09239
4524.4 177.330 8.20697
4525.8 172.839 7.98671
4527.2 181.228 8.27485
4528.6 179.853 8.17623
4530.0 165.358 7.96509
4531.4 184.907 8.53816
4532.8 180.887 8.29646
4534.2 178.961 8.10195
4535.6 173.196 8.00871
4537.0 182.213 8.18836
4538.4 199.461 8.63648
4539.8 180.773 8.44583
4541.2 202.904 8.80053
4542.6 184.296 8.36606
4544.0 187.792 8.33718
4545.4 187.426 8.24406
4546.8 177.976 8.20504
4548.2 178.807 8.06112
4549.6 171.596 7.79485
4551.0 169.762 7.78187
4552.4 191.686 8.27783
4553.8 182.957 8.11828
4555.2 168.880 7.69186
4556.6 180.079 8.04885
4558.0 191.609 8.06749
4559.4 183.026 8.26449
4560.8 184.886 8.04248
4562.2 189.914 8.19440
4563.6 182.015 8.04255
4565.0 182.473 7.93028
4566.4 186.846 8.29198
4567.8 193.114 8.38108
4569.2 192.245 8.26075
4570.6 183.526 7.97863
4572.0 177.335 7.87509
4573.4 191.684 8.14626
4574.8 193.893 8.35654
4576.2 193.615 8.16659
4577.6 188.213 8.15703
4579.0 191.019 8.19881
4580.4 191.375 8.22982
4581.8 189.303 8.31274
4583.2 174.099 7.88283
4584.6 179.959 7.85775
4586.0 182.001 7.93104
4587.4 186.881 7.99064
4588.8 192.476 8.16591
4590.2 181.559 7.92899
4591.6 185.146 7.98740
4593.0 186.507 8.01971
4594.4 187.309 8.02573
4595.8 184.322 8.00872
4597.2 201.354 8.49082
4598.6 184.025 7.98293
4600.0 187.747 8.03852
4601.4 188.161 8.07598
4602.8 187.559 8.01511
4604.2 169.612 7.63929
4605.6 196.831 8.15790
4607.0 184.587 8.01291
4608.4 180.844 7.92017
4609.8 187.694 8.04636
4611.2 186.869 8.15580
4612.6 201.967 8.40458
4614.0 183.806 7.91888
4615.4 185.599 7.99488
4616.8 182.800 7.98401
4618.2 194.010 8.19492
4619.6 179.108 8.04558
4621.0 186.371 8.19317
4622.4 186.296 8.13235
4623.8 190.292 8.12383
4625.2 187.373 8.08997
4626.6 200.047 8.37253
4628.0 189.546 8.07612
4629.4 174.835 7.73500
4630.8 184.652 7.96760
4632.2 201.128 8.41532
4633.6 198.849 8.32262
4635.0 184.174 8.05430
4636.4 199.340 8.39778
4637.8 195.231 8.39225
4639.2 193.518 8.27450
4640.6 201.752 8.40909
4642.0 202.985 8.41920
4643.4 199.441 8.35373
4644.8 195.121 8.20215
4646.2 195.160 8.24011
4647.6 203.346 8.40986
4649.0 195.055 8.18433
4650.4 212.421 8.56515
4651.8 199.661 8.41359
4653.2 210.531 8.59487
4654.6 198.490 8.21564
4656.0 198.291 8.23178
4657.4 192.680 8.18252
4658.8 213.034 8.55071
4660.2 199.548 8.34054
4661.6 216.307 8.81453
4663.0 203.391 8.63328
4664.4 202.017 8.47520
4665.8 198.945 8.28746
4667.2 193.974 8.20063
4668.6 191.522 8.13124
4670.0 187.352 10.14250
4671.4 192.240 8.79527
4672.8 191.627 8.28882
4674.2 189.868 8.11497
4675.6 183.902 8.01463
4677.0 192.207 8.19739
4678.4 179.302 7.89647
4679.8 181.968 8.08188
4681.2 192.794 8.25233
4682.6 182.735 8.03586
4684.0 173.408 7.77919
4685.4 181.299 8.18052
4686.8 185.031 8.10538
4688.2 176.936 7.91356
4689.6 174.113 7.87295
4691.0 185.303 8.20811
4692.4 178.817 8.12243
4693.8 185.602 8.14983
4695.2 182.887 8.10089
4696.6 184.582 8.17888
4698.0 172.095 7.85512
4699.4 184.669 8.05270
4700.8 179.243 7.96365
4702.2 175.874 7.74388
4703.6 176.214 7.87127
4705.0 171.522 7.73360
4706.4 182.920 8.01329
4707.8 170.482 7.69971
4709.2 180.033 7.92931
4710.6 188.431 8.27134
4712.0 185.927 8.20713
4713.4 178.798 8.17156
4714.8 185.440 8.10420
4716.2 188.487 8.28215
4717.6 187.931 8.14942
4719.0 196.556 8.45469
4720.4 195.774 8.32342
4721.8 189.462 8.20810
4723.2 193.760 8.17847
4724.6 195.006 8.15179
4726.0 190.325 8.06560
4727.4 184.501 7.91467
4728.8 184.606 7.89033
4730.2 191.911 8.00665
4731.6 190.810 8.03045
4733.0 193.506 8.05587
4734.4 192.015 8.04656
4735.8 188.847 7.95012
4737.2 191.300 7.99224
4738.6 181.962 7.69180
4740.0 185.521 7.82952
4741.4 190.148 7.91013
4742.8 183.712 7.83283
4744.2 188.514 7.97441
4745.6 188.042 7.88977
4747.0 189.051 7.88298
4748.4 186.229 7.81577
4749.8 184.500 7.74812
4751.2 184.062 7.78712
4752.6 192.872 7.98889
4754.0 189.111 7.86314
4755.4 184.126 7.79429
4756.8 188.040 7.89196
4758.2 181.933 7.87729
4759.6 194.911 7.96156
4761.0 177.194 7.59999
4762.4 186.327 7.74066
4763.8 182.787 7.63107
4765.2 185.558 7.78778
4766.6 195.726 7.94464
4768.0 183.731 7.67011
4769.4 187.994 7.77577
4770.8 195.507 8.01081
4772.2 193.658 8.11230
4773.6 191.754 7.93756
4775.0 188.936 7.78142
4776.4 185.047 7.63597
4777.8 198.327 7.98482
4779.2 198.391 8.00485
4780.6 187.454 7.77483
4782.0 187.405 7.63845
4783.4 186.540 7.70158
4784.8 186.892 7.62828
4786.2 189.785 7.74757
4787.6 185.273 7.52753
4789.0 187.415 7.71096
4790.4 194.128 7.84184
4791.8 195.997 7.99825
4793.2 203.402 8.08595
4794.6 186.933 7.71750
4796.0 191.141 7.81068
4797.4 191.815 7.84717
4798.8 192.120 7.89561
4800.2 189.411 8.01085
4801.6 188.651 7.87438
4803.0 195.253 7.90689
4804.4 188.906 7.70798
4805.8 178.130 7.49564
4807.2 193.553 7.86620
4808.6 190.679 7.90893
4810.0 198.772 8.20012
4811.4 188.905 7.85135
4812.8 188.118 7.82788
4814.2 185.299 7.74017
4815.6 173.902 7.44738
4817.0 179.334 7.54543
4818.4 185.497 7.68684
4819.8 181.956 7.71577
4821.2 187.930 7.71474
4822.6 182.014 7.74404
4824.0 175.443 7.47013
4825.4 174.276 7.50052
4826.8 171.585 7.46625
4828.2 178.949 8.01160
4829.6 174.550 7.69361
4831.0 172.573 7.42136
4832.4 175.834 7.66375
4833.8 181.301 7.70328
4835.2 167.400 7.44049
4836.6 177.057 7.62834
4838.0 173.735 7.54416
4839.4 171.063 7.58061
4840.8 163.205 7.28121
4842.2 169.090 7.49317
4843.6 171.879 7.50473
4845.0 167.465 7.43725
4846.4 175.229 7.66200
4847.8 164.553 7.51161
4849.2 166.538 7.41985
4850.6 165.204 7.33482
4852.0 159.062 7.16741
4853.4 158.029 7.33782
4854.8 163.645 7.28507
4856.2 154.524 6.97471
4857.6 148.824 6.84255
4859.0 147.014 6.66567
4860.4 121.101 5.96100
4861.8 96.310 5.24901
4863.2 106.947 5.53602
4864.6 140.393 6.34003
4866.0 154.549 6.94350
4867.4 166.640 7.19361
4868.8 158.636 7.05280
4870.2 161.773 7.09031
4871.6 163.060 7.09947
4873.0 164.678 7.13722
4874.4 173.487 7.52399
4875.8 174.711 7.43820
4877.2 165.979 7.24767
4878.6 171.398 7.36806
4880.0 183.019 7.71348
4881.4 182.821 7.69204
4882.8 174.190 7.45149
4884.2 179.353 7.53484
4885.6 177.043 7.32863
4887.0 176.189 7.48814
4888.4 177.743 7.51867
4889.8 175.254 7.51106
4891.2 175.793 7.46668
4892.6 165.367 7.14463
4894.0 183.475 7.71098
4895.4 192.033 7.94479
4896.8 185.433 inf
4898.2 178.832 inf
4899.6 172.232 7.30524
4901.0 172.985 7.31260
4902.4 190.380 7.70620
4903.8 176.872 7.47590
4905.2 180.061 7.53032
4906.6 186.006 7.62229
4908.0 180.613 7.57496
4909.4 178.771 7.41837
4910.8 183.616 7.61066
4912.2 185.032 7.54930
4913.6 177.291 7.59073
4915.0 177.915 7.51341
4916.4 187.372 7.73285
4917.8 181.556 7.58625
4919.2 173.792 7.15795
4920.6 169.297 7.16675
4922.0 168.029 7.08299
4923.4 176.129 7.24492
4924.8 166.947 7.08959
4926.2 174.140 7.23795
4927.6 183.247 7.54329
4929.0 186.352 7.61302
4930.4 185.844 7.65351
4931.8 187.365 7.66361
4933.2 173.512 7.14439
4934.6 168.390 7.18038
4936.0 172.020 7.13393
4937.4 175.812 7.35898
4938.8 180.330 7.37936
4940.2 177.464 7.39317
4941.6 174.419 7.18882
4943.0 184.624 7.61293
4944.4 185.023 7.71581
4945.8 182.833 7.57366
4947.2 179.755 7.40093
4948.6 178.140 7.33528
4950.0 177.945 7.41699
4951.4 178.191 7.37681
4952.8 181.706 7.43689
4954.2 172.891 7.23756
4955.6 173.570 7.33346
4957.0 175.412 7.37901
4958.4 168.687 7.20545
4959.8 173.353 7.17632
4961.2 182.274 7.58283
4962.6 179.076 7.38408
4964.0 175.122 7.37788
4965.4 172.612 7.31484
4966.8 180.597 7.26913
4968.2 176.540 7.43910
4969.6 181.582 7.35476
4971.0 176.306 7.36967
4972.4 177.640 7.30872
4973.8 176.602 7.42248
4975.2 179.674 7.65696
4976.6 175.083 7.25464
4978.0 177.423 7.48009
4979.4 173.630 7.34769
4980.8 173.600 7.35213
4982.2 176.507 7.35661
4983.6 168.841 7.02927
4985.0 167.970 7.04114
4986.4 172.362 7.15678
4987.8 170.276 7.06791
4989.2 163.596 6.98965
4990.6 174.737 7.30042
4992.0 166.607 7.04140
4993.4 169.645 7.05132
4994.8 171.427 7.17007
4996.2 176.231 7.44497
4997.6 170.199 7.07001
4999.0 171.912 7.20834
