3900.0 52.397 7.21196
3901.4 58.733 8.08402
3902.8 55.258 7.33656
3904.2 61.890 7.59768
3905.6 67.337 7.95274
3907.0 65.595 7.94249
3908.4 63.262 7.48221
3909.8 65.400 7.79189
3911.2 67.450 7.65956
3912.6 72.587 8.19846
3914.0 69.272 7.68529
3915.4 68.976 7.55728
3916.8 63.298 7.73070
3918.2 75.003 8.02715
3919.6 74.936 7.86434
3921.0 66.411 7.25078
3922.4 74.648 7.48689
3923.8 68.205 7.85895
3925.2 71.530 7.81341
3926.6 65.612 7.88163
3928.0 78.361 8.24847
3929.4 76.052 8.13414
3930.8 68.510 7.52860
3932.2 72.996 8.04208
3933.6 67.232 7.71354
3935.0 51.967 7.32472
3936.4 32.171 6.12966
3937.8 34.433 6.10616
3939.2 59.977 6.88840
3940.6 64.845 7.21241
3942.0 73.327 7.99192
3943.4 73.616 7.75578
3944.8 70.287 7.55703
3946.2 71.344 7.29556
3947.6 71.643 7.46734
3949.0 69.686 7.41328
3950.4 61.486 7.41778
3951.8 71.512 7.46659
3953.2 66.914 7.12698
3954.6 66.433 7.04063
3956.0 65.935 6.95822
3957.4 72.646 7.12688
3958.8 66.954 7.01407
3960.2 68.216 7.54342
3961.6 65.091 7.08057
3963.0 60.159 7.27165
3964.4 55.957 6.58716
3965.8 55.657 6.72053
3967.2 50.809 6.30211
3968.6 49.877 6.05235
3970.0 32.503 5.35784
3971.4 28.059 5.14556
3972.8 16.542 4.62215
3974.2 30.403 5.33443
3975.6 39.312 6.02000
3977.0 40.561 5.81139
3978.4 48.637 5.83844
3979.8 52.984 6.18896
3981.2 54.087 6.35931
3982.6 59.863 6.53176
3984.0 62.660 7.18756
3985.4 57.475 7.38763
3986.8 67.069 7.34326
3988.2 63.762 7.01252
3989.6 64.418 6.53083
3991.0 68.103 6.64105
3992.4 70.219 6.75320
3993.8 67.857 7.09841
3995.2 71.439 6.69891
3996.6 66.943 6.66476
3998.0 73.568 7.02160
3999.4 70.204 6.80144
4000.8 69.921 6.55518
4002.2 74.002 6.87347
4003.6 66.144 6.69014
4005.0 72.990 6.59613
4006.4 67.247 6.46597
4007.8 69.533 6.57609
4009.2 65.788 6.59951
4010.6 72.883 6.78716
4012.0 73.276 7.09619
4013.4 73.505 6.87685
4014.8 70.176 6.93376
4016.2 67.798 6.59283
4017.6 72.960 6.78717
4019.0 69.353 6.61652
4020.4 71.496 6.59969
4021.8 74.478 6.97987
4023.2 78.366 6.92015
4024.6 71.047 6.79100
4026.0 75.127 6.92530
4027.4 71.821 6.92213
4028.8 75.994 7.15364
4030.2 75.262 6.88798
4031.6 71.526 6.52834
4033.0 75.428 6.61172
4034.4 72.885 6.55960
4035.8 68.608 6.53719
4037.2 73.752 6.49428
4038.6 73.861 6.82781
4040.0 72.921 6.45684
4041.4 74.266 6.98026
4042.8 77.518 6.81495
4044.2 82.355 6.67455
4045.6 78.342 7.03022
4047.0 73.895 7.59943
4048.4 72.343 7.12747
4049.8 64.976 6.50974
4051.2 65.617 6.21621
4052.6 70.368 6.47166
4054.0 68.001 6.90146
4055.4 75.409 7.18644
4056.8 77.277 6.88220
4058.2 69.157 6.53990
4059.6 74.659 6.29125
4061.0 68.450 6.48175
4062.4 69.290 6.36681
4063.8 65.463 6.35182
4065.2 73.038 6.66858
4066.6 66.394 6.44174
4068.0 69.184 6.24556
4069.4 74.350 6.50233
4070.8 70.569 6.45378
4072.2 75.949 6.55567
4073.6 68.583 6.61170
4075.0 71.314 6.82682
4076.4 70.230 6.97666
4077.8 70.572 6.69900
4079.2 71.079 6.54699
4080.6 60.699 6.10495
4082.0 69.374 6.22993
4083.4 74.639 6.67177
4084.8 68.594 6.55339
4086.2 65.425 6.09780
4087.6 64.604 5.80269
4089.0 65.521 5.81333
4090.4 62.955 5.94511
4091.8 63.344 5.92738
4093.2 67.069 5.84861
4094.6 57.310 5.93633
4096.0 68.604 5.94426
4097.4 61.667 5.87477
4098.8 53.865 5.55465
4100.2 51.275 5.42730
4101.6 50.264 5.32410
4103.0 36.761 5.05442
4104.4 29.700 4.89513
4105.8 25.651 5.06718
4107.2 39.180 5.01287
4108.6 44.522 5.16085
4110.0 48.415 5.20225
4111.4 51.057 5.32685
4112.8 57.045 5.79356
4114.2 58.489 5.53207
4115.6 65.502 5.83766
4117.0 55.381 5.26921
4118.4 63.880 5.72071
4119.8 60.089 5.66523
4121.2 63.335 6.14558
4122.6 68.560 6.33290
4124.0 60.910 6.28607
4125.4 71.227 6.31919
4126.8 63.706 5.81322
4128.2 70.062 6.06648
4129.6 72.290 5.99078
4131.0 64.526 5.92976
4132.4 67.329 5.99426
4133.8 66.562 5.90201
4135.2 66.642 5.83289
4136.6 65.036 5.65227
4138.0 71.987 6.09582
4139.4 69.616 6.07767
4140.8 69.484 5.89434
4142.2 71.307 5.98225
4143.6 71.293 6.01161
4145.0 66.073 5.89647
4146.4 63.977 5.66686
4147.8 69.678 6.17566
4149.2 68.942 6.07003
4150.6 72.159 5.94883
4152.0 67.685 5.94934
4153.4 68.308 5.65763
4154.8 73.812 6.15630
4156.2 70.102 6.55232
4157.6 71.152 6.56039
4159.0 72.639 6.48335
4160.4 67.273 6.19997
4161.8 71.540 6.28754
4163.2 77.056 6.21122
4164.6 72.250 6.17567
4166.0 72.608 6.15030
4167.4 68.921 6.15729
4168.8 70.717 6.08997
4170.2 69.243 6.04418
4171.6 66.153 5.81865
4173.0 72.295 5.79889
4174.4 67.133 5.94161
4175.8 71.110 5.72275
4177.2 60.737 5.46585
4178.6 71.165 5.81461
4180.0 64.847 5.50190
4181.4 72.104 5.70791
4182.8 65.921 5.56326
4184.2 68.675 5.75267
4185.6 71.593 5.81662
4187.0 68.592 6.10384
4188.4 66.196 5.76495
4189.8 70.131 5.52845
4191.2 65.559 5.40925
4192.6 76.474 5.72939
4194.0 69.503 5.97680
4195.4 70.501 5.49368
4196.8 68.088 5.58067
4198.2 73.981 5.76738
4199.6 70.269 5.49358
4201.0 70.396 5.65016
4202.4 68.682 5.80233
4203.8 71.665 5.69537
4205.2 63.365 5.29394
4206.6 69.034 5.47454
4208.0 69.838 5.48079
4209.4 71.124 5.65624
4210.8 65.606 5.87344
4212.2 73.812 6.33436
4213.6 71.367 5.73662
4215.0 66.529 5.48645
4216.4 66.779 5.60062
4217.8 68.673 5.40838
4219.2 63.188 5.26146
4220.6 70.048 5.65820
4222.0 65.014 5.42543
4223.4 67.146 5.27033
4224.8 69.814 5.64005
4226.2 72.927 5.60078
4227.6 74.275 5.70400
4229.0 65.977 5.53793
4230.4 62.910 5.55783
4231.8 72.004 5.78274
4233.2 73.435 5.67957
4234.6 69.789 5.74993
4236.0 65.990 5.74981
4237.4 67.543 5.64133
4238.8 70.652 5.91129
4240.2 64.870 5.65267
4241.6 67.831 5.61612
4243.0 69.974 5.43892
4244.4 69.141 5.54104
4245.8 69.661 5.55642
4247.2 72.620 5.68234
4248.6 67.773 5.49214
4250.0 70.229 5.86080
4251.4 63.091 5.63265
4252.8 69.453 5.64963
4254.2 66.167 5.53591
4255.6 63.849 5.36551
4257.0 70.007 5.78500
4258.4 70.680 5.99304
4259.8 75.309 5.86120
4261.2 70.908 5.72595
4262.6 71.682 5.84379
4264.0 61.291 5.46389
4265.4 68.918 5.59806
4266.8 68.329 5.57401
4268.2 68.497 5.57133
4269.6 70.492 5.60146
4271.0 66.869 5.62285
4272.4 69.881 5.39230
4273.8 69.847 5.61455
4275.2 63.816 5.37625
4276.6 65.956 5.63271
4278.0 66.515 5.70929
4279.4 68.537 5.51692
4280.8 67.905 5.38257
4282.2 72.023 5.46204
4283.6 69.501 5.42088
4285.0 72.274 5.57128
4286.4 63.247 5.48972
4287.8 69.553 5.77783
4289.2 67.334 5.42682
4290.6 66.658 5.14402
4292.0 62.357 5.14385
4293.4 63.440 5.17754
4294.8 64.221 5.13375
4296.2 69.058 5.51847
4297.6 70.331 5.33858
4299.0 68.041 5.55101
4300.4 67.799 5.71279
4301.8 64.774 5.64480
4303.2 59.196 5.33727
4304.6 62.822 5.25646
4306.0 63.165 5.12239
4307.4 63.275 5.22582
4308.8 67.034 5.32137
4310.2 65.246 5.13459
4311.6 63.358 5.48773
4313.0 63.819 5.41708
4314.4 64.929 5.80133
4315.8 63.992 5.67930
4317.2 61.858 4.99263
4318.6 59.878 4.91835
4320.0 63.895 5.61526
4321.4 64.140 5.58739
4322.8 62.497 5.20086
4324.2 65.308 5.15178
4325.6 61.553 5.30552
4327.0 61.276 5.33257
4328.4 57.428 5.10384
4329.8 57.199 4.96876
4331.2 57.742 5.01246
4332.6 64.323 5.46743
4334.0 51.910 5.04706
4335.4 51.059 4.95628
4336.8 57.101 4.94032
4338.2 51.168 4.71780
4339.6 46.363 4.24052
4341.0 40.814 4.27711
4342.4 35.838 4.06903
4343.8 22.673 3.70015
4345.2 31.297 4.09135
4346.6 40.758 4.23024
4348.0 50.266 4.66043
4349.4 54.597 4.78511
4350.8 59.214 4.82962
4352.2 57.242 4.77982
4353.6 55.498 4.91057
4355.0 53.666 4.69676
4356.4 56.578 4.81191
4357.8 55.807 5.33311
4359.2 60.790 6.06367
4360.6 61.011 5.86322
4362.0 63.880 5.40762
4363.4 62.957 5.30190
4364.8 62.764 5.21422
4366.2 63.627 5.03084
4367.6 65.079 5.32842
4369.0 69.830 5.59436
4370.4 68.867 5.66558
4371.8 63.845 5.09342
4373.2 63.093 5.15374
4374.6 64.820 5.13492
4376.0 66.732 5.42423
4377.4 62.599 5.24076
4378.8 62.327 5.27947
4380.2 67.224 5.01335
4381.6 63.879 4.97219
4383.0 65.194 5.14644
4384.4 62.165 4.99966
4385.8 67.297 5.12044
4387.2 58.784 4.97305
4388.6 65.163 5.15421
4390.0 65.403 5.37359
4391.4 69.400 5.09387
4392.8 68.645 5.32160
4394.2 62.707 5.18857
4395.6 67.094 5.21889
4397.0 65.788 5.00644
4398.4 64.160 5.06334
4399.8 67.434 5.24079
4401.2 67.256 5.56329
4402.6 65.836 5.28002
4404.0 63.621 4.93062
4405.4 64.440 5.01993
4406.8 63.443 5.25981
4408.2 65.386 5.10805
4409.6 64.115 5.03289
4411.0 63.910 4.90087
4412.4 64.521 4.97885
4413.8 61.187 4.90445
4415.2 65.908 5.11893
4416.6 64.607 4.83126
4418.0 67.456 5.52331
4419.4 63.862 5.50399
4420.8 62.853 4.89019
4422.2 66.114 4.97406
4423.6 66.452 5.19988
4425.0 63.342 5.23763
4426.4 66.636 5.00873
4427.8 62.545 5.19098
4429.2 63.996 5.20760
4430.6 64.645 5.13248
4432.0 67.181 5.11987
4433.4 67.428 5.11291
4434.8 68.254 5.09805
4436.2 68.040 5.16204
4437.6 66.824 5.10144
4439.0 70.049 5.42595
4440.4 71.550 6.63436
4441.8 67.108 5.67428
4443.2 68.621 5.41621
4444.6 64.754 5.12510
4446.0 63.670 5.05910
4447.4 63.177 5.08691
4448.8 61.572 5.14437
4450.2 66.379 4.87519
4451.6 63.909 4.88230
4453.0 59.076 5.06210
4454.4 67.549 5.04799
4455.8 60.717 4.80758
4457.2 67.851 4.91492
4458.6 63.803 4.85401
4460.0 63.181 4.99048
4461.4 71.510 5.17989
4462.8 62.560 4.93484
4464.2 62.910 5.04063
4465.6 64.908 5.03895
4467.0 68.336 4.96534
4468.4 63.649 5.02038
4469.8 61.022 4.67289
4471.2 64.733 5.13333
4472.6 60.300 4.92953
4474.0 61.472 4.87101
4475.4 65.128 4.88714
4476.8 64.803 5.04689
4478.2 65.542 4.98167
4479.6 62.335 4.91047
4481.0 63.778 5.14773
4482.4 65.236 5.09687
4483.8 63.353 4.87548
4485.2 60.491 5.00218
4486.6 62.902 4.91647
4488.0 66.014 5.12238
4489.4 63.806 5.09881
4490.8 65.972 5.34763
4492.2 62.718 4.80799
4493.6 64.519 4.79452
4495.0 62.388 4.86388
4496.4 65.178 4.92264
4497.8 69.947 5.50950
4499.2 71.336 5.24542
4500.6 62.769 4.93271
4502.0 69.619 5.02685
4503.4 62.751 4.79479
4504.8 62.058 4.81634
4506.2 65.600 4.84977
4507.6 65.581 4.82023
4509.0 61.779 4.93559
4510.4 66.488 5.13199
4511.8 62.166 5.26442
4513.2 61.991 inf
4514.6 61.817 inf
4516.0 61.643 inf
4517.4 61.468 inf
4518.8 61.294 inf
4520.2 61.120 inf
4521.6 60.945 4.69021
4523.0 61.358 4.59388
4524.4 67.236 4.96524
4525.8 63.808 5.06415
4527.2 60.985 5.16004
4528.6 65.510 5.12633
4530.0 66.172 4.95190
4531.4 61.957 4.91029
4532.8 63.217 4.93469
4534.2 62.061 4.80723
4535.6 61.139 4.86869
4537.0 62.793 4.88396
4538.4 59.224 4.70397
4539.8 61.044 4.98009
4541.2 62.423 5.07484
4542.6 64.691 5.10378
4544.0 67.901 5.03155
4545.4 66.010 4.98182
4546.8 64.344 5.04053
4548.2 66.237 4.57869
4549.6 62.293 4.65277
4551.0 65.902 4.66925
4552.4 61.984 4.67751
4553.8 59.298 4.63686
4555.2 59.416 4.66332
4556.6 65.871 4.82717
4558.0 60.385 4.67271
4559.4 58.765 4.78891
4560.8 62.059 4.73755
4562.2 64.347 4.68589
4563.6 66.579 4.94571
4565.0 67.099 4.86312
4566.4 62.009 4.67959
4567.8 65.334 4.76340
4569.2 64.447 5.09425
4570.6 62.135 4.60774
4572.0 63.953 4.84856
4573.4 62.320 5.02314
4574.8 63.884 4.99351
4576.2 61.699 4.69914
4577.6 61.913 4.65428
4579.0 65.583 4.66874
4580.4 67.005 4.79717
4581.8 64.789 4.82248
4583.2 62.472 4.69277
4584.6 59.457 4.73349
4586.0 59.871 5.02799
4587.4 63.254 5.06292
4588.8 64.101 4.86371
4590.2 64.753 4.80173
4591.6 60.369 4.72480
4593.0 63.522 4.86105
4594.4 61.154 4.54649
4595.8 66.390 4.70668
4597.2 65.111 4.74552
4598.6 63.078 4.91334
4600.0 64.553 4.93232
4601.4 65.644 5.04131
4602.8 59.236 4.55748
4604.2 63.300 4.71396
4605.6 63.017 4.88645
4607.0 56.148 4.58047
4608.4 66.763 4.78503
4609.8 64.626 4.84007
4611.2 62.971 4.60337
4612.6 64.246 4.77131
4614.0 63.050 4.48053
4615.4 61.206 4.79274
4616.8 64.068 4.64631
4618.2 65.278 4.54618
4619.6 61.674 4.50784
4621.0 64.512 4.74996
4622.4 60.894 4.95482
4623.8 62.869 4.77628
4625.2 62.142 4.99479
4626.6 65.697 4.83744
4628.0 63.828 4.68521
4629.4 63.495 4.71279
4630.8 62.043 4.69068
4632.2 67.302 4.86689
4633.6 58.478 4.88388
4635.0 62.321 4.84860
4636.4 61.530 4.64254
4637.8 64.731 4.68253
4639.2 61.657 4.57371
4640.6 63.896 4.96601
4642.0 65.738 4.57551
4643.4 63.211 4.70027
4644.8 63.979 4.70008
4646.2 59.420 4.31051
4647.6 65.968 4.70707
4649.0 62.352 4.60992
4650.4 61.626 4.64966
4651.8 58.904 4.49233
4653.2 66.136 4.63848
4654.6 62.183 4.53762
4656.0 63.337 4.52737
4657.4 63.223 4.64535
4658.8 60.413 4.77794
4660.2 64.567 5.27829
4661.6 60.150 4.88037
4663.0 64.219 4.76001
4664.4 64.305 4.89230
4665.8 61.036 4.50508
4667.2 59.216 4.38289
4668.6 62.997 4.66343
4670.0 59.623 4.62618
4671.4 60.493 4.91738
4672.8 60.630 4.47078
4674.2 58.808 4.61538
4675.6 61.387 4.66815
4677.0 57.068 4.72409
4678.4 60.979 4.61627
4679.8 60.756 4.49801
4681.2 63.094 4.71245
4682.6 62.980 4.71078
4684.0 60.988 4.46801
4685.4 63.988 4.52509
4686.8 57.053 4.49440
4688.2 63.288 4.74160
4689.6 58.443 4.78320
4691.0 58.966 4.58826
4692.4 64.512 4.59616
4693.8 58.810 4.43071
4695.2 60.295 4.33974
4696.6 57.877 4.48676
4698.0 59.554 4.51522
4699.4 60.698 4.57680
4700.8 59.850 4.45180
4702.2 62.233 4.39225
4703.6 65.707 4.73478
4705.0 63.145 4.74366
4706.4 59.933 4.52733
4707.8 59.571 4.46051
4709.2 59.211 4.31298
4710.6 59.261 4.52892
4712.0 61.968 4.40351
4713.4 61.043 4.50479
4714.8 61.139 4.27139
4716.2 61.956 4.68320
4717.6 57.071 4.38250
4719.0 61.456 4.65522
4720.4 61.213 4.49018
4721.8 60.315 4.49837
4723.2 63.646 4.59561
4724.6 60.822 4.66515
4726.0 62.236 4.62703
4727.4 59.747 4.76215
4728.8 62.020 4.65558
4730.2 60.660 4.61296
4731.6 63.145 4.63189
4733.0 59.403 4.47782
4734.4 58.761 4.51451
4735.8 62.024 4.51167
4737.2 59.924 4.59964
4738.6 61.379 4.71469
4740.0 60.491 4.55179
4741.4 56.502 4.54893
4742.8 60.705 4.45469
4744.2 60.628 4.53700
4745.6 59.402 4.70726
4747.0 62.227 4.53819
4748.4 58.683 4.28323
4749.8 59.626 4.49860
4751.2 60.507 4.52653
4752.6 61.326 4.47633
4754.0 60.857 4.37244
4755.4 58.980 4.33729
4756.8 60.457 4.41896
4758.2 60.183 4.48640
4759.6 59.272 4.57651
4761.0 60.984 4.59239
4762.4 60.819 4.45624
4763.8 61.089 4.45276
4765.2 62.148 4.69605
4766.6 61.012 4.62689
4768.0 58.523 4.26362
4769.4 57.790 4.36022
4770.8 59.202 4.45822
4772.2 58.178 4.27542
4773.6 56.375 4.31116
4775.0 58.111 4.47371
4776.4 59.086 4.44393
4777.8 58.335 4.32783
4779.2 60.573 4.22397
4780.6 61.334 4.39666
4782.0 61.494 4.52773
4783.4 60.817 4.40640
4784.8 62.285 4.50084
4786.2 58.338 4.45686
4787.6 62.838 4.37261
4789.0 59.838 4.47973
4790.4 59.279 4.44873
4791.8 59.099 4.31336
4793.2 58.818 4.35568
4794.6 58.630 4.40866
4796.0 60.087 4.61738
4797.4 60.107 4.46339
4798.8 58.901 4.40742
4800.2 56.648 4.21658
4801.6 59.004 4.57850
4803.0 62.025 4.75969
4804.4 60.990 4.79982
4805.8 56.469 4.76651
4807.2 57.067 4.36852
4808.6 58.769 4.43603
4810.0 58.032 4.20352
4811.4 58.709 4.10206
4812.8 56.505 4.17325
4814.2 60.340 4.28345
4815.6 58.638 4.33110
4817.0 57.729 4.20657
4818.4 56.953 4.22833
4819.8 61.917 4.25196
4821.2 60.299 4.35696
4822.6 61.226 4.39308
4824.0 58.642 4.45398
4825.4 58.350 4.53566
4826.8 56.223 4.28859
4828.2 52.438 4.07800
4829.6 55.447 3.97568
4831.0 57.689 4.18925
4832.4 58.513 4.07916
4833.8 54.830 4.02168
4835.2 58.576 4.19640
4836.6 56.540 3.99937
4838.0 55.389 4.05688
4839.4 58.187 4.40579
4840.8 57.244 4.16460
4842.2 54.383 4.18518
4843.6 53.840 4.10445
4845.0 58.422 4.46500
4846.4 58.661 4.39680
4847.8 50.236 3.99309
4849.2 51.055 4.06296
4850.6 53.267 4.07151
4852.0 49.339 3.95310
4853.4 55.308 4.15518
4854.8 54.498 4.28760
4856.2 52.374 4.03673
4857.6 47.469 3.88047
4859.0 50.958 3.87870
4860.4 47.463 3.94026
4861.8 42.078 3.71533
4863.2 36.609 3.53915
4864.6 26.677 3.11876
4866.0 27.646 3.13489
4867.4 37.545 3.71379
4868.8 41.659 3.78141
4870.2 45.847 4.10994
4871.6 49.629 4.16261
4873.0 46.785 4.07823
4874.4 49.566 4.08945
4875.8 49.397 4.25329
4877.2 48.105 3.98116
4878.6 52.606 4.21143
4880.0 55.120 4.38629
4881.4 54.399 4.42368
4882.8 50.973 4.35526
4884.2 55.117 4.43441
4885.6 50.965 4.35068
4887.0 55.997 4.29328
4888.4 55.607 4.34739
4889.8 54.169 3.92161
4891.2 54.682 4.22970
4892.6 55.935 4.12681
4894.0 58.071 4.30501
4895.4 54.244 4.17782
4896.8 53.923 3.99415
4898.2 58.584 4.28222
4899.6 53.502 4.05893
4901.0 56.517 4.12543
4902.4 60.313 4.20156
4903.8 60.144 4.28354
4905.2 58.653 4.35049
4906.6 56.176 4.17581
4908.0 55.659 4.20358
4909.4 57.167 4.25370
4910.8 57.354 4.11099
4912.2 57.620 4.12917
4913.6 56.120 4.25752
4915.0 58.767 4.29935
4916.4 57.305 4.24003
4917.8 55.433 4.08390
4919.2 56.607 4.24662
4920.6 55.865 4.09983
4922.0 54.250 4.12616
4923.4 55.434 4.01818
4924.8 57.206 4.19925
4926.2 56.035 4.10303
4927.6 55.175 4.12606
4929.0 58.727 4.29459
4930.4 57.297 4.10836
4931.8 55.067 3.93025
4933.2 58.105 4.16793
4934.6 55.202 4.04344
4936.0 53.961 3.92428
4937.4 55.054 4.02986
4938.8 52.525 3.96043
4940.2 55.208 4.16478
4941.6 59.348 4.33395
4943.0 57.815 4.19653
4944.4 56.567 4.19274
4945.8 56.032 3.96162
4947.2 54.537 4.24429
4948.6 55.190 4.13235
4950.0 57.285 4.22632
4951.4 56.750 4.44201
4952.8 56.034 4.12271
4954.2 58.283 3.96162
4955.6 53.628 4.15062
4957.0 56.892 4.07843
4958.4 55.683 4.17379
4959.8 58.028 4.17447
4961.2 56.577 4.12701
4962.6 52.638 4.07704
4964.0 54.248 3.92162
4965.4 56.095 4.00750
4966.8 56.956 3.97654
4968.2 55.535 4.05445
4969.6 56.382 4.00595
4971.0 56.957 4.36001
4972.4 55.556 4.15256
4973.8 56.162 4.13648
4975.2 53.910 4.07997
4976.6 57.101 4.03715
4978.0 55.799 4.38094
4979.4 61.063 4.55706
4980.8 57.134 4.19868
4982.2 53.105 4.08736
4983.6 55.595 4.23801
4985.0 53.320 4.12087
4986.4 55.734 4.08082
4987.8 54.433 4.20035
4989.2 57.331 4.16730
4990.6 53.518 4.09069
4992.0 59.586 4.13453
4993.4 56.657 4.07229
4994.8 57.745 4.35534
4996.2 55.632 4.66237
4997.6 54.539 4.39859
4999.0 54.952 4.11156
