3900.0 85.917 6.54015
3901.4 70.395 6.22696
3902.8 89.244 6.75394
3904.2 77.945 6.49715
3905.6 84.730 7.08792
3907.0 79.651 7.58693
3908.4 86.266 7.03908
3909.8 94.335 7.04309
3911.2 97.205 7.11609
3912.6 95.530 6.96171
3914.0 98.905 7.34836
3915.4 91.094 6.90832
3916.8 92.918 6.61695
3918.2 84.950 6.70550
3919.6 99.276 6.69054
3921.0 84.129 6.63321
3922.4 90.736 6.54415
3923.8 90.193 6.51344
3925.2 89.996 6.77089
3926.6 91.103 6.79896
3928.0 92.770 6.65942
3929.4 82.437 6.47602
3930.8 84.403 6.48055
3932.2 71.266 5.66953
3933.6 50.073 5.06786
3935.0 28.275 3.95373
3936.4 57.082 5.01585
3937.8 80.206 5.84857
3939.2 92.539 6.40667
3940.6 92.077 6.67397
3942.0 88.830 6.50197
3943.4 89.474 6.28903
3944.8 85.176 6.45331
3946.2 87.555 6.30556
3947.6 91.429 6.43713
3949.0 86.422 6.29365
3950.4 90.961 6.47237
3951.8 93.909 6.95715
3953.2 86.705 6.42220
3954.6 89.171 6.12088
3956.0 91.601 6.42599
3957.4 82.720 6.25168
3958.8 83.605 5.94201
3960.2 88.033 6.07538
3961.6 87.865 6.12810
3963.0 75.068 6.03216
3964.4 75.531 5.71864
3965.8 80.649 5.82992
3967.2 71.476 5.46383
3968.6 47.551 4.60543
3970.0 30.105 3.81820
3971.4 34.801 4.14351
3972.8 58.966 4.85989
3974.2 70.727 5.68095
3975.6 72.263 5.64484
3977.0 76.064 5.84735
3978.4 87.409 6.39202
3979.8 80.997 5.96951
3981.2 85.412 6.06873
3982.6 89.541 6.14814
3984.0 87.117 5.86246
3985.4 95.862 6.22200
3986.8 88.962 6.28245
3988.2 97.915 6.33704
3989.6 90.622 6.24958
3991.0 95.594 6.33197
3992.4 93.110 6.13670
3993.8 90.178 6.19158
3995.2 92.642 6.33381
3996.6 100.888 6.45124
3998.0 87.311 6.20381
3999.4 90.988 6.40390
4000.8 100.200 6.61456
4002.2 95.783 6.55119
4003.6 93.514 6.39973
4005.0 92.706 6.19481
4006.4 95.467 6.36082
4007.8 90.097 6.08000
4009.2 94.347 6.09175
4010.6 95.534 6.06818
4012.0 95.162 6.24924
4013.4 97.252 6.54423
4014.8 99.763 6.34404
4016.2 87.780 5.92171
4017.6 99.560 6.33951
4019.0 94.621 6.21107
4020.4 99.605 6.31830
4021.8 98.689 6.47813
4023.2 93.276 6.34401
4024.6 100.824 6.48235
4026.0 93.427 5.92858
4027.4 91.833 5.98525
4028.8 92.883 5.83001
4030.2 90.825 6.09879
4031.6 95.655 6.02696
4033.0 86.205 5.71743
4034.4 97.243 6.22178
4035.8 92.687 6.00727
4037.2 97.811 5.94973
4038.6 93.062 6.07119
4040.0 99.158 6.19960
4041.4 103.293 7.13500
4042.8 100.203 6.23377
4044.2 99.610 6.21490
4045.6 93.263 6.14983
4047.0 101.413 6.35867
4048.4 92.240 6.22568
4049.8 92.508 6.11532
4051.2 93.392 6.01939
4052.6 92.637 5.84707
4054.0 94.503 6.06210
4055.4 95.138 6.08703
4056.8 90.462 5.95156
4058.2 87.682 6.07729
4059.6 91.490 6.12497
4061.0 90.482 5.78232
4062.4 97.493 6.05678
4063.8 88.362 5.98840
4065.2 85.031 5.97486
4066.6 87.513 5.93288
4068.0 93.110 5.94046
4069.4 96.900 6.20690
4070.8 91.506 6.01898
4072.2 95.218 6.02301
4073.6 88.913 5.91565
4075.0 97.963 6.15250
4076.4 95.044 6.01420
4077.8 86.012 5.63616
4079.2 81.162 5.41584
4080.6 88.566 5.87438
4082.0 90.563 5.72165
4083.4 93.777 6.08757
4084.8 88.977 6.05785
4086.2 83.410 5.93381
4087.6 91.908 5.84308
4089.0 83.827 5.66871
4090.4 90.061 5.74089
4091.8 84.575 5.56587
4093.2 84.303 5.37442
4094.6 89.600 5.60501
4096.0 82.884 5.54453
4097.4 76.871 5.35247
4098.8 82.459 5.43945
4100.2 76.424 5.25873
4101.6 64.862 4.80755
4103.0 47.268 4.15029
4104.4 50.853 4.46103
4105.8 65.416 4.73183
4107.2 77.154 5.17372
4108.6 81.042 5.43736
4110.0 77.583 5.17825
4111.4 81.366 5.58454
4112.8 84.662 5.59655
4114.2 93.207 5.65616
4115.6 86.676 5.69587
4117.0 87.530 5.39550
4118.4 85.173 5.36272
4119.8 81.888 5.36770
4121.2 86.410 5.53143
4122.6 87.880 5.58261
4124.0 92.449 5.76366
4125.4 90.830 5.77914
4126.8 88.965 5.82580
4128.2 92.078 5.75681
4129.6 93.386 5.72173
4131.0 92.455 5.51859
4132.4 86.208 5.56683
4133.8 86.369 5.79723
4135.2 88.519 5.74581
4136.6 90.322 5.73832
4138.0 94.654 5.83380
4139.4 95.849 5.82669
4140.8 96.991 5.82052
4142.2 91.323 5.79430
4143.6 98.509 5.65659
4145.0 87.762 5.37392
4146.4 81.588 5.29697
4147.8 95.550 5.46695
4149.2 93.231 5.66874
4150.6 90.281 5.49029
4152.0 88.611 5.31421
4153.4 94.866 5.69428
4154.8 89.418 5.38138
4156.2 89.866 5.45429
4157.6 89.817 5.45826
4159.0 93.048 5.46928
4160.4 90.530 5.39542
4161.8 96.060 5.76595
4163.2 89.467 5.83689
4164.6 89.000 5.58790
4166.0 87.552 5.44796
4167.4 94.451 5.58497
4168.8 86.423 5.15971
4170.2 88.573 5.36405
4171.6 88.413 5.49594
4173.0 88.274 5.46031
4174.4 88.532 5.37975
4175.8 85.508 5.37245
4177.2 94.323 5.57220
4178.6 92.862 5.57178
4180.0 81.942 5.22600
4181.4 83.509 5.09960
4182.8 90.007 5.43263
4184.2 87.727 5.48318
4185.6 95.892 5.78821
4187.0 93.950 5.81125
4188.4 87.667 5.45321
4189.8 88.635 5.24270
4191.2 95.523 5.39544
4192.6 89.382 5.32584
4194.0 87.673 5.41418
4195.4 92.674 5.35792
4196.8 95.070 5.50416
4198.2 90.619 5.42589
4199.6 82.088 5.09336
4201.0 84.363 5.27182
4202.4 87.686 5.16989
4203.8 86.192 5.23190
4205.2 88.082 5.47420
4206.6 91.900 5.35529
4208.0 90.816 5.32266
4209.4 93.919 5.56080
4210.8 91.908 5.41625
4212.2 88.253 5.36081
4213.6 93.567 5.29233
4215.0 87.171 5.22326
4216.4 84.153 5.09182
4217.8 84.622 5.13148
4219.2 89.931 5.21408
4220.6 91.652 5.35697
4222.0 95.370 5.49872
4223.4 89.785 5.33056
4224.8 86.457 5.27158
4226.2 86.337 5.17452
4227.6 83.258 4.98023
4229.0 78.672 4.83288
4230.4 91.564 5.17212
4231.8 85.565 4.99747
4233.2 86.058 5.43815
4234.6 82.381 5.24146
4236.0 83.387 5.17676
4237.4 88.399 5.25495
4238.8 92.584 5.48875
4240.2 95.320 5.32724
4241.6 94.720 5.28334
4243.0 91.557 5.30821
4244.4 94.275 5.33126
4245.8 93.228 5.57140
4247.2 87.904 5.42678
4248.6 87.417 5.32122
4250.0 94.035 5.38940
4251.4 85.256 5.07330
4252.8 82.445 5.04820
4254.2 88.339 5.29912
4255.6 81.442 5.04778
4257.0 84.321 5.12451
4258.4 93.563 5.45185
4259.8 90.677 5.31575
4261.2 82.575 5.12786
4262.6 88.688 5.17340
4264.0 88.362 5.39623
4265.4 90.790 5.34802
4266.8 90.007 5.19308
4268.2 94.444 5.49900
4269.6 94.258 5.43762
4271.0 87.213 5.21407
4272.4 85.787 5.20261
4273.8 84.724 5.02053
4275.2 89.701 5.23788
4276.6 86.590 5.17084
4278.0 88.296 5.12973
4279.4 94.408 5.40065
4280.8 97.482 5.44451
4282.2 89.058 5.08834
4283.6 91.157 5.21661
4285.0 88.786 5.10423
4286.4 93.139 5.39797
4287.8 91.320 5.20068
4289.2 83.776 4.89035
4290.6 78.153 4.81989
4292.0 76.807 4.80937
4293.4 87.893 5.16037
4294.8 86.507 5.35495
4296.2 86.774 5.17571
4297.6 84.865 5.28044
4299.0 86.125 4.99687
4300.4 81.700 4.89260
4301.8 84.493 4.90669
4303.2 79.609 4.97141
4304.6 81.242 4.89536
4306.0 84.286 5.01408
4307.4 81.813 4.89034
4308.8 80.280 4.85515
4310.2 83.712 5.06529
4311.6 88.872 5.11135
4313.0 91.447 5.12267
4314.4 78.431 4.69503
4315.8 82.513 4.94926
4317.2 83.133 5.00037
4318.6 87.338 5.33223
4320.0 88.647 5.12710
4321.4 84.693 4.98726
4322.8 83.847 4.93088
4324.2 86.632 4.98240
4325.6 81.754 4.88376
4327.0 78.718 4.88254
4328.4 80.901 4.90181
4329.8 87.803 5.04666
4331.2 81.299 5.04475
4332.6 85.487 4.90950
4334.0 79.288 4.96223
4335.4 83.048 4.90274
4336.8 76.727 4.76015
4338.2 71.567 4.66256
4339.6 67.257 4.39583
4341.0 49.070 3.89616
4342.4 43.778 3.58173
4343.8 55.752 3.94807
4345.2 71.124 4.40913
4346.6 76.673 4.76572
4348.0 79.152 4.89300
4349.4 84.937 5.01479
4350.8 77.003 4.77611
4352.2 77.573 4.73505
4353.6 82.908 4.89393
4355.0 83.144 4.92568
4356.4 82.496 5.06545
4357.8 81.944 5.23661
4359.2 85.219 5.46710
4360.6 85.399 5.41169
4362.0 86.138 4.94652
4363.4 87.594 5.16473
4364.8 88.697 5.14941
4366.2 88.347 5.10743
4367.6 86.006 5.09419
4369.0 83.507 4.98608
4370.4 89.364 5.06997
4371.8 89.830 5.05652
4373.2 89.898 5.00739
4374.6 86.767 4.95811
4376.0 84.027 5.09307
4377.4 82.071 4.94285
4378.8 91.200 5.10514
4380.2 83.952 4.86590
4381.6 91.429 5.08078
4383.0 91.377 5.07995
4384.4 83.208 4.78148
4385.8 78.515 4.66248
4387.2 82.792 4.70905
4388.6 89.386 4.97723
4390.0 91.483 5.17132
4391.4 87.208 5.19223
4392.8 91.807 5.09519
4394.2 84.739 4.92085
4395.6 82.951 4.89281
4397.0 84.422 4.84976
4398.4 89.846 4.95770
4399.8 89.029 5.06029
4401.2 84.054 4.82733
4402.6 77.441 4.75241
4404.0 87.209 5.12824
4405.4 85.099 4.83018
4406.8 86.999 4.88887
4408.2 89.071 5.10151
4409.6 90.666 5.26820
4411.0 89.312 5.11389
4412.4 85.009 5.06313
4413.8 95.001 5.21459
4415.2 82.363 4.74488
4416.6 82.962 4.83440
4418.0 84.091 4.79100
4419.4 83.038 4.74687
4420.8 91.244 4.93831
4422.2 88.542 4.97792
4423.6 83.795 4.83249
4425.0 90.655 5.05095
4426.4 85.748 4.89326
4427.8 84.516 4.87233
4429.2 86.455 4.81397
4430.6 91.254 4.93052
4432.0 86.634 5.02094
4433.4 88.964 4.91808
4434.8 85.004 4.90645
4436.2 86.716 4.86174
4437.6 87.150 4.92219
4439.0 85.688 4.89335
4440.4 94.517 5.13088
4441.8 91.461 inf
4443.2 88.405 inf
4444.6 85.349 4.75830
4446.0 79.572 4.60688
4447.4 87.031 4.81170
4448.8 87.387 4.82598
4450.2 86.399 5.09120
4451.6 78.762 4.89560
4453.0 85.531 4.99439
4454.4 86.906 4.87090
4455.8 82.536 4.66579
4457.2 84.100 4.81989
4458.6 90.825 4.84536
4460.0 83.847 4.50860
4461.4 87.677 4.69484
4462.8 82.830 4.69495
4464.2 83.278 4.64502
4465.6 88.612 4.92786
4467.0 87.306 4.97710
4468.4 92.806 4.91645
4469.8 82.249 4.68621
4471.2 84.088 4.63840
4472.6 89.766 4.83163
4474.0 87.363 4.70991
4475.4 85.351 4.82229
4476.8 83.876 4.63062
4478.2 87.870 4.83365
4479.6 87.782 4.82376
4481.0 85.085 4.66491
4482.4 80.677 4.65063
4483.8 86.865 4.74531
4485.2 83.197 4.76150
4486.6 83.994 4.59243
4488.0 89.039 4.98983
4489.4 88.858 4.93065
4490.8 91.055 4.88619
4492.2 84.377 4.66625
4493.6 83.058 4.65481
4495.0 87.857 4.88783
4496.4 89.390 4.93537
4497.8 82.729 4.82124
4499.2 89.756 4.86169
4500.6 83.163 4.68824
4502.0 85.679 4.81841
4503.4 82.945 4.55359
4504.8 87.609 4.67703
4506.2 85.599 4.85481
4507.6 89.288 4.77597
4509.0 84.624 4.64016
4510.4 83.217 4.58863
4511.8 90.394 4.74096
4513.2 88.808 4.83709
4514.6 85.856 4.79387
4516.0 88.951 4.70923
4517.4 82.800 4.68580
4518.8 89.903 4.85133
4520.2 89.237 4.80799
4521.6 82.178 4.55228
4523.0 82.195 inf
4524.4 82.213 inf
4525.8 82.231 4.64250
4527.2 88.172 4.74365
4528.6 84.130 4.67799
4530.0 83.128 4.53314
4531.4 82.567 4.61884
4532.8 84.969 4.54021
4534.2 81.407 4.66380
4535.6 84.764 4.64321
4537.0 83.172 4.62476
4538.4 80.214 4.72112
4539.8 83.506 4.85186
4541.2 88.500 4.86513
4542.6 88.196 4.84712
4544.0 83.515 4.70750
4545.4 89.272 4.84020
4546.8 80.846 4.69758
4548.2 90.561 4.97374
4549.6 84.801 4.80302
4551.0 78.220 4.52097
4552.4 76.917 4.47542
4553.8 84.909 4.55456
4555.2 87.538 4.65591
4556.6 81.774 4.56766
4558.0 82.758 4.57553
4559.4 87.231 4.60251
4560.8 88.522 4.70565
4562.2 90.201 4.81560
4563.6 81.931 4.49432
4565.0 83.310 4.49285
4566.4 81.521 4.32259
4567.8 87.345 4.65447
4569.2 84.463 4.71308
4570.6 84.546 4.67622
4572.0 83.546 4.41775
4573.4 82.927 4.63613
4574.8 78.730 4.79269
4576.2 91.973 4.98600
4577.6 90.239 4.97714
4579.0 87.841 4.82645
4580.4 92.837 5.22729
4581.8 96.099 5.47894
4583.2 82.928 4.50441
4584.6 83.388 4.40421
4586.0 80.900 4.44639
4587.4 85.529 4.64339
4588.8 87.111 4.55902
4590.2 82.935 4.52003
4591.6 85.670 5.11276
4593.0 85.121 4.69051
4594.4 88.133 4.62859
4595.8 85.222 4.49253
4597.2 87.386 4.68275
4598.6 85.399 4.81226
4600.0 86.269 4.66226
4601.4 81.401 4.59236
4602.8 86.319 4.55055
4604.2 83.374 4.38083
4605.6 85.540 4.57171
4607.0 88.462 4.64891
4608.4 84.449 4.62139
4609.8 85.155 4.69836
4611.2 90.023 4.71904
4612.6 83.862 4.50791
4614.0 88.213 4.57191
4615.4 81.336 4.43782
4616.8 85.988 4.57558
4618.2 85.313 4.46189
4619.6 86.329 4.41878
4621.0 84.694 4.44623
4622.4 80.635 4.47184
4623.8 84.861 4.54175
4625.2 86.402 4.50936
4626.6 86.041 4.51411
4628.0 84.651 4.43738
4629.4 82.622 4.47230
4630.8 85.355 4.60900
4632.2 85.221 4.51104
4633.6 82.465 4.39788
4635.0 92.383 4.78102
4636.4 89.656 inf
4637.8 86.930 inf
4639.2 84.204 4.41995
4640.6 82.909 4.58623
4642.0 84.151 4.56844
4643.4 85.237 4.41259
4644.8 82.645 4.57939
4646.2 87.226 4.44821
4647.6 80.354 4.37495
4649.0 87.066 4.50465
4650.4 83.782 4.57494
4651.8 85.015 4.48807
4653.2 81.619 4.46615
4654.6 85.424 4.63411
4656.0 87.360 4.61278
4657.4 81.854 4.37612
4658.8 80.673 4.51163
4660.2 87.309 4.69179
4661.6 83.411 4.60054
4663.0 85.722 4.57659
4664.4 87.364 4.55896
4665.8 87.175 4.65617
4667.2 85.160 4.47274
4668.6 84.832 4.37600
4670.0 85.076 4.53056
4671.4 81.736 4.43481
4672.8 79.836 4.32467
4674.2 82.353 4.35381
4675.6 82.573 4.45381
4677.0 84.176 4.63100
4678.4 86.373 4.74647
4679.8 87.603 4.72863
4681.2 89.585 4.67181
4682.6 85.379 4.52451
4684.0 83.548 4.59058
4685.4 83.553 4.40427
4686.8 83.197 4.45172
4688.2 85.964 4.48996
4689.6 86.448 4.41947
4691.0 86.125 4.52905
4692.4 83.767 4.38864
4693.8 83.538 4.48006
4695.2 88.883 4.71603
4696.6 85.408 4.56086
4698.0 84.198 4.48433
4699.4 84.406 4.48382
4700.8 83.112 4.56022
4702.2 84.755 4.61015
4703.6 84.614 4.43129
4705.0 80.203 4.32411
4706.4 84.351 4.48845
4707.8 85.900 4.65703
4709.2 81.570 4.48193
4710.6 83.696 4.48230
4712.0 78.501 4.28384
4713.4 83.658 4.46944
4714.8 84.057 4.40272
4716.2 82.370 4.49248
4717.6 88.005 4.42629
4719.0 84.534 4.47693
4720.4 84.114 4.40160
4721.8 82.282 4.27312
4723.2 82.636 inf
4724.6 82.991 inf
4726.0 83.345 inf
4727.4 83.699 inf
4728.8 84.053 inf
4730.2 84.408 4.37548
4731.6 84.300 4.50994
4733.0 84.089 4.41931
4734.4 81.859 4.41847
4735.8 81.994 4.26545
4737.2 83.125 4.44303
4738.6 84.619 4.43016
4740.0 83.367 4.41492
4741.4 82.266 4.33674
4742.8 78.835 4.36848
4744.2 86.869 4.54647
4745.6 80.237 4.54830
4747.0 81.870 4.37254
4748.4 87.005 4.50726
4749.8 83.230 4.47418
4751.2 87.661 4.51076
4752.6 83.016 4.37659
4754.0 82.924 4.24680
4755.4 81.016 4.22830
4756.8 83.085 4.33179
4758.2 84.494 4.27782
4759.6 83.898 4.31225
4761.0 81.690 4.33329
4762.4 79.726 4.22392
4763.8 80.077 4.38585
4765.2 87.545 4.49190
4766.6 80.407 4.29949
4768.0 85.954 4.34906
4769.4 82.042 4.16273
4770.8 85.475 4.44724
4772.2 85.950 4.38905
4773.6 80.067 4.20036
4775.0 84.655 4.24210
4776.4 84.308 4.28795
4777.8 82.710 4.46716
4779.2 83.111 4.43628
4780.6 81.675 4.24270
4782.0 75.433 4.03737
4783.4 79.612 4.11508
4784.8 81.566 4.29729
4786.2 84.422 4.38761
4787.6 84.315 4.35929
4789.0 83.047 4.31687
4790.4 80.734 4.29424
4791.8 82.515 4.26062
4793.2 78.409 4.22978
4794.6 81.051 4.34455
4796.0 84.787 4.56420
4797.4 84.498 4.47009
4798.8 81.855 4.26810
4800.2 78.657 4.23138
4801.6 88.509 4.53220
4803.0 81.449 4.37813
4804.4 85.506 4.28490
4805.8 82.694 4.27885
4807.2 81.633 4.21049
4808.6 83.094 4.32365
4810.0 85.814 4.28614
4811.4 80.502 4.25260
4812.8 79.293 4.10970
4814.2 79.465 4.01366
4815.6 79.311 4.19005
4817.0 79.582 4.26713
4818.4 81.749 4.18367
4819.8 81.271 4.14384
4821.2 78.038 4.17039
4822.6 81.839 4.26305
4824.0 80.073 4.23305
4825.4 80.479 4.25291
4826.8 78.092 4.03137
4828.2 77.937 4.31930
4829.6 82.487 4.26988
4831.0 82.207 4.37460
4832.4 83.473 4.25374
4833.8 78.258 4.10539
4835.2 78.986 4.19867
4836.6 81.325 4.30581
4838.0 82.727 4.25461
4839.4 80.625 4.28662
4840.8 80.625 4.43897
4842.2 81.942 4.44093
4843.6 82.492 4.36038
4845.0 79.749 4.13589
4846.4 80.197 4.21448
4847.8 80.670 4.35263
4849.2 78.141 4.15360
4850.6 76.727 4.01028
4852.0 75.933 3.96387
4853.4 74.718 4.02945
4854.8 72.884 4.03022
4856.2 72.856 4.06585
4857.6 71.401 3.95396
4859.0 69.653 3.87932
4860.4 66.228 3.89317
4861.8 52.607 3.42327
4863.2 43.451 3.25699
4864.6 47.038 3.20330
4866.0 60.520 3.62779
4867.4 67.688 3.88280
4868.8 68.839 3.98378
4870.2 72.456 4.01185
4871.6 76.439 4.20756
4873.0 73.045 4.20561
4874.4 75.241 4.20797
4875.8 76.650 4.29053
4877.2 80.628 4.35188
4878.6 75.686 4.16367
4880.0 75.137 4.12344
4881.4 80.966 4.45410
4882.8 80.973 4.44140
4884.2 79.275 4.27819
4885.6 75.278 4.20818
4887.0 79.487 4.45607
4888.4 78.335 4.30777
4889.8 77.391 4.07970
4891.2 78.651 4.19257
4892.6 77.690 4.20933
4894.0 76.175 4.12480
4895.4 79.424 4.21510
4896.8 78.098 4.18178
4898.2 82.135 4.24643
4899.6 79.246 4.12968
4901.0 83.248 4.17815
4902.4 81.207 4.22494
4903.8 85.408 4.20333
4905.2 80.130 4.10816
4906.6 78.603 4.08176
4908.0 79.911 4.39763
4909.4 81.179 4.16554
4910.8 81.596 4.27876
4912.2 79.889 4.25923
4913.6 81.789 4.35556
4915.0 80.172 4.22367
4916.4 77.674 4.03822
4917.8 81.920 4.17431
4919.2 79.685 4.16520
4920.6 73.525 3.95979
4922.0 75.972 4.05480
4923.4 79.295 4.21173
4924.8 76.132 4.01444
4926.2 74.799 4.05308
4927.6 83.053 4.12069
4929.0 79.979 4.06488
4930.4 82.850 4.13475
4931.8 78.563 4.07151
4933.2 79.283 4.07659
4934.6 77.914 3.96307
4936.0 73.722 4.00388
4937.4 75.942 3.98176
4938.8 77.641 3.98023
4940.2 77.743 3.96974
4941.6 77.858 4.03805
4943.0 81.746 4.18215
4944.4 79.568 4.20662
4945.8 80.893 4.10052
4947.2 80.202 4.00698
4948.6 81.739 4.28499
4950.0 79.429 4.14040
4951.4 78.271 4.02375
4952.8 80.978 4.12192
4954.2 83.059 4.21555
4955.6 80.236 4.21357
4957.0 80.362 4.06699
4958.4 75.527 3.90222
4959.8 73.338 3.90210
4961.2 81.890 4.11761
4962.6 80.323 4.00959
4964.0 80.036 4.15695
4965.4 80.073 4.13132
4966.8 80.181 4.17170
4968.2 78.718 3.98258
4969.6 77.724 4.02570
4971.0 81.493 4.05736
4972.4 82.042 4.18473
4973.8 80.808 4.21863
4975.2 79.835 4.06554
4976.6 75.942 3.91051
4978.0 76.650 inf
4979.4 77.358 inf
4980.8 78.066 4.79224
4982.2 81.165 4.07395
4983.6 76.902 4.06521
4985.0 77.675 3.85199
4986.4 75.110 3.90631
4987.8 77.797 3.98528
4989.2 77.397 4.14418
4990.6 81.887 4.06624
4992.0 83.131 4.22102
4993.4 79.485 4.10915
4994.8 79.135 3.96845
4996.2 75.185 3.91362
4997.6 77.408 4.00982
4999.0 78.800 4.06527
