3900.0 76.033 5.12084
3901.4 76.968 4.91641
3902.8 76.327 5.12605
3904.2 74.912 5.30710
3905.6 89.149 5.64482
3907.0 78.657 5.58671
3908.4 81.283 5.58446
3909.8 86.190 5.65059
3911.2 92.638 5.71588
3912.6 92.599 5.60575
3914.0 95.647 5.77090
3915.4 88.603 5.63746
3916.8 82.009 5.27873
3918.2 84.058 5.41950
3919.6 88.269 5.39989
3921.0 85.142 5.48642
3922.4 84.427 5.19853
3923.8 83.563 5.22472
3925.2 87.543 5.23819
3926.6 87.245 5.47563
3928.0 92.688 5.48528
3929.4 88.231 5.03153
3930.8 80.498 4.95777
3932.2 78.227 4.88857
3933.6 59.792 4.29471
3935.0 38.629 3.61901
3936.4 22.840 2.80941
3937.8 31.709 3.23524
3939.2 65.776 4.46951
3940.6 78.467 5.17129
3942.0 81.214 5.09343
3943.4 90.862 5.57620
3944.8 90.766 5.47845
3946.2 88.557 5.22087
3947.6 83.115 5.02307
3949.0 95.513 5.45087
3950.4 88.426 5.16927
3951.8 79.783 5.03702
3953.2 82.414 5.15873
3954.6 88.558 5.20041
3956.0 85.649 5.19897
3957.4 93.406 5.25584
3958.8 85.388 5.06200
3960.2 84.751 5.07699
3961.6 82.409 5.17069
3963.0 84.724 5.18244
3964.4 78.445 4.82318
3965.8 74.387 4.79804
3967.2 75.721 4.74657
3968.6 60.884 4.13706
3970.0 37.487 3.24990
3971.4 21.548 2.83819
3972.8 27.688 3.06463
3974.2 46.030 3.68216
3975.6 62.719 4.20306
3977.0 73.919 4.69855
3978.4 74.362 4.69374
3979.8 77.097 4.73724
3981.2 83.267 4.97563
3982.6 84.607 5.13170
3984.0 84.942 5.01431
3985.4 76.332 4.82774
3986.8 88.181 4.91769
3988.2 87.722 5.12024
3989.6 91.618 5.08731
3991.0 86.071 4.93232
3992.4 91.052 5.19187
3993.8 89.748 5.18680
3995.2 92.046 5.17726
3996.6 98.404 5.31309
3998.0 90.429 4.97128
3999.4 84.461 4.80869
4000.8 84.315 4.85859
4002.2 82.331 4.84482
4003.6 90.909 5.43982
4005.0 91.803 5.33072
4006.4 92.310 5.31558
4007.8 91.549 5.14749
4009.2 86.915 5.07716
4010.6 92.719 5.00644
4012.0 96.089 5.31889
4013.4 92.337 5.25936
4014.8 87.286 5.23793
4016.2 92.667 5.14548
4017.6 89.456 5.13736
4019.0 93.209 5.22878
4020.4 93.374 5.20449
4021.8 94.201 5.19667
4023.2 90.788 5.13872
4024.6 93.480 4.98409
4026.0 93.934 5.25920
4027.4 87.922 4.99689
4028.8 94.469 4.99598
4030.2 94.763 5.40574
4031.6 89.059 4.92076
4033.0 88.539 4.89920
4034.4 85.867 4.92416
4035.8 88.424 4.86538
4037.2 86.396 4.83334
4038.6 95.808 5.08391
4040.0 96.335 5.03958
4041.4 94.223 5.08305
4042.8 94.124 5.09145
4044.2 94.554 5.41379
4045.6 97.088 5.14956
4047.0 92.640 5.20743
4048.4 82.619 4.98461
4049.8 87.493 4.91172
4051.2 93.189 5.09115
4052.6 95.706 5.15093
4054.0 96.057 5.04459
4055.4 93.610 5.19486
4056.8 95.882 5.24511
4058.2 87.678 4.85004
4059.6 95.981 5.01539
4061.0 92.482 4.97307
4062.4 92.177 4.91061
4063.8 93.548 4.84794
4065.2 87.481 4.88991
4066.6 81.659 4.84811
4068.0 90.811 4.95229
4069.4 93.748 4.99631
4070.8 93.559 5.05962
4072.2 93.085 5.33098
4073.6 92.039 5.07998
4075.0 83.564 5.11515
4076.4 86.283 inf
4077.8 89.002 5.93333
4079.2 86.109 5.00438
4080.6 75.597 4.73171
4082.0 84.241 4.68943
4083.4 88.398 4.91038
4084.8 90.550 5.02503
4086.2 91.116 4.91739
4087.6 86.988 4.98542
4089.0 86.227 4.82909
4090.4 89.126 4.87012
4091.8 90.783 4.94731
4093.2 88.667 5.10391
4094.6 84.494 4.72672
4096.0 86.215 4.63411
4097.4 80.619 4.49632
4098.8 85.371 4.80682
4100.2 81.299 4.58411
4101.6 74.502 4.24707
4103.0 64.900 4.02739
4104.4 46.663 3.52601
4105.8 46.390 3.40412
4107.2 67.790 3.90894
4108.6 75.040 4.25455
4110.0 80.216 4.51547
4111.4 80.307 4.42395
4112.8 82.243 4.59742
4114.2 88.054 4.79951
4115.6 85.321 4.64653
4117.0 86.245 4.61929
4118.4 88.491 4.79492
4119.8 91.374 4.82627
4121.2 86.473 4.64232
4122.6 87.238 4.62720
4124.0 87.564 4.66185
4125.4 88.020 4.80304
4126.8 88.409 4.76591
4128.2 88.495 4.64863
4129.6 92.122 4.73956
4131.0 89.984 4.71310
4132.4 89.567 4.90250
4133.8 91.010 4.80410
4135.2 81.809 4.68505
4136.6 90.425 4.84539
4138.0 88.322 4.79286
4139.4 93.627 4.97962
4140.8 93.515 4.99686
4142.2 95.231 4.92773
4143.6 93.072 4.83532
4145.0 93.365 4.86288
4146.4 81.595 4.34461
4147.8 84.316 4.63726
4149.2 92.180 4.70926
4150.6 91.266 4.66788
4152.0 93.148 4.76684
4153.4 94.082 4.74308
4154.8 95.178 4.80333
4156.2 90.403 4.65963
4157.6 87.344 4.51846
4159.0 88.571 4.79662
4160.4 88.645 4.71075
4161.8 86.602 4.79573
4163.2 93.341 4.71757
4164.6 88.867 4.84409
4166.0 92.744 4.89561
4167.4 94.273 5.00498
4168.8 91.655 4.83879
4170.2 93.139 4.77265
4171.6 87.788 4.85984
4173.0 96.957 4.82062
4174.4 87.362 4.67239
4175.8 79.625 4.42081
4177.2 85.505 4.52936
4178.6 90.808 4.69350
4180.0 88.155 4.40501
4181.4 84.873 4.38949
4182.8 84.846 4.45318
4184.2 90.031 4.57775
4185.6 88.450 4.55916
4187.0 88.093 4.63935
4188.4 93.747 4.77331
4189.8 87.050 4.49724
4191.2 84.909 4.48282
4192.6 93.112 4.74518
4194.0 90.487 4.83232
4195.4 89.585 4.79930
4196.8 90.063 4.59837
4198.2 89.195 4.50057
4199.6 92.341 4.69427
4201.0 88.525 4.53526
4202.4 86.456 4.46442
4203.8 90.577 4.63947
4205.2 86.656 4.48873
4206.6 88.260 4.46906
4208.0 92.540 4.94829
4209.4 90.582 4.64989
4210.8 87.983 4.51869
4212.2 92.376 4.57614
4213.6 88.173 4.37359
4215.0 91.834 4.61594
4216.4 98.651 4.69454
4217.8 89.338 4.63477
4219.2 83.603 4.42694
4220.6 90.849 4.53502
4222.0 93.240 4.66991
4223.4 87.804 4.52179
4224.8 90.541 4.54609
4226.2 91.182 4.52349
4227.6 85.835 4.34910
4229.0 84.508 4.46890
4230.4 77.019 4.18059
4231.8 87.358 4.46669
4233.2 95.291 4.61641
4234.6 92.007 4.45636
4236.0 86.646 4.43931
4237.4 89.578 4.48586
4238.8 88.771 4.61500
4240.2 91.665 4.76605
4241.6 89.414 4.71196
4243.0 91.943 4.69230
4244.4 93.496 4.66379
4245.8 91.249 4.65552
4247.2 93.513 5.08476
4248.6 89.444 4.63335
4250.0 85.836 4.37162
4251.4 86.061 4.49726
4252.8 91.125 4.52571
4254.2 81.569 4.40727
4255.6 89.741 4.43908
4257.0 91.000 4.61768
4258.4 90.242 4.74016
4259.8 92.855 4.67212
4261.2 92.734 4.86649
4262.6 88.351 4.38864
4264.0 84.956 4.39474
4265.4 95.453 4.65783
4266.8 91.621 4.70583
4268.2 94.362 4.59096
4269.6 98.161 4.85672
4271.0 93.779 4.64355
4272.4 91.110 4.57878
4273.8 87.978 4.44406
4275.2 80.901 4.21506
4276.6 89.119 4.37944
4278.0 88.240 4.34386
4279.4 88.843 4.52921
4280.8 94.874 4.67190
4282.2 93.370 4.62133
4283.6 93.407 4.65765
4285.0 85.896 4.41706
4286.4 92.991 5.97818
4287.8 86.595 5.14138
4289.2 95.337 4.57931
4290.6 82.288 4.24307
4292.0 83.660 4.15880
4293.4 77.143 4.05205
4294.8 86.651 4.28299
4296.2 90.518 4.38451
4297.6 83.503 4.40055
4299.0 89.044 4.58114
4300.4 87.834 4.46558
4301.8 86.547 4.33531
4303.2 79.662 4.21796
4304.6 82.314 4.12290
4306.0 77.317 4.01787
4307.4 87.125 4.35773
4308.8 87.981 4.44918
4310.2 83.794 4.35867
4311.6 82.866 4.30374
4313.0 89.299 4.39392
4314.4 89.532 4.41513
4315.8 89.440 4.44153
4317.2 81.030 4.28941
4318.6 81.641 4.24301
4320.0 87.887 4.41088
4321.4 90.290 4.72563
4322.8 91.955 4.64981
4324.2 84.975 4.51187
4325.6 87.491 4.48629
4327.0 87.436 4.32321
4328.4 80.904 4.10803
4329.8 81.684 4.18138
4331.2 89.466 4.43376
4332.6 88.324 4.42396
4334.0 86.301 4.36832
4335.4 82.346 4.15278
4336.8 84.408 4.21187
4338.2 81.824 4.20375
4339.6 77.207 3.97283
4341.0 66.166 3.71321
4342.4 57.484 3.41602
4343.8 43.891 3.27215
4345.2 53.082 3.61210
4346.6 70.508 4.00293
4348.0 74.550 4.01775
4349.4 78.526 3.93550
4350.8 81.029 4.16774
4352.2 89.690 4.41271
4353.6 84.316 4.26298
4355.0 77.767 4.03220
4356.4 81.278 4.23625
4357.8 86.666 4.45118
4359.2 88.478 4.77692
4360.6 89.210 4.79567
4362.0 90.051 4.59025
4363.4 87.735 4.33737
4364.8 90.868 4.54230
4366.2 92.468 4.51439
4367.6 95.552 4.58274
4369.0 93.642 4.59497
4370.4 91.077 4.64951
4371.8 90.149 4.32158
4373.2 91.112 4.32219
4374.6 91.809 4.51997
4376.0 89.681 4.39650
4377.4 83.838 4.29385
4378.8 81.937 4.33067
4380.2 88.610 4.40212
4381.6 90.872 4.45015
4383.0 94.909 4.42694
4384.4 92.431 4.55330
4385.8 88.479 4.29062
4387.2 83.060 4.19413
4388.6 83.885 4.30312
4390.0 90.154 4.22204
4391.4 89.851 4.40231
4392.8 91.996 4.52854
4394.2 91.438 4.67108
4395.6 88.844 4.34405
4397.0 85.638 4.21985
4398.4 79.791 4.03635
4399.8 84.442 4.07997
4401.2 92.079 4.32358
4402.6 83.993 4.23620
4404.0 82.797 4.14950
4405.4 89.087 4.28792
4406.8 88.232 4.28665
4408.2 85.023 4.34112
4409.6 90.341 4.35090
4411.0 94.205 4.52673
4412.4 88.828 4.33717
4413.8 93.592 4.40626
4415.2 91.553 4.40189
4416.6 91.350 4.35526
4418.0 86.207 4.25585
4419.4 80.668 4.19180
4420.8 79.751 4.16421
4422.2 86.977 4.27053
4423.6 89.997 4.31170
4425.0 87.575 4.32207
4426.4 89.374 4.31822
4427.8 89.829 4.33032
4429.2 86.606 4.22037
4430.6 86.565 4.30796
4432.0 82.678 4.16341
4433.4 91.112 4.22008
4434.8 88.480 4.20071
4436.2 92.618 4.31754
4437.6 86.858 4.23864
4439.0 81.641 4.12273
4440.4 88.297 4.21510
4441.8 92.116 4.41579
4443.2 90.307 4.44841
4444.6 88.244 4.37774
4446.0 81.107 4.25101
4447.4 79.986 4.05806
4448.8 87.489 4.16443
4450.2 91.202 4.26171
4451.6 87.326 4.19959
4453.0 89.220 4.33814
4454.4 87.564 4.36368
4455.8 89.802 4.39229
4457.2 86.197 4.24194
4458.6 84.953 4.05573
4460.0 85.203 4.19868
4461.4 87.302 4.18266
4462.8 88.318 4.23609
4464.2 91.368 4.27132
4465.6 87.033 4.26204
4467.0 87.453 4.25186
4468.4 90.324 4.36888
4469.8 87.781 4.25612
4471.2 82.605 4.05852
4472.6 84.490 4.06850
4474.0 85.792 4.06023
4475.4 87.348 4.25961
4476.8 93.477 4.33618
4478.2 90.325 4.35392
4479.6 86.472 4.14126
4481.0 86.671 4.16889
4482.4 89.623 4.30862
4483.8 84.821 4.16439
4485.2 85.271 4.16784
4486.6 86.501 4.14662
4488.0 87.779 4.17978
4489.4 89.374 4.21307
4490.8 84.386 4.05610
4492.2 83.875 4.07236
4493.6 85.587 4.28790
4495.0 85.133 4.10010
4496.4 86.752 4.29100
4497.8 89.770 4.27688
4499.2 87.749 4.12942
4500.6 93.359 4.25147
4502.0 90.737 4.37668
4503.4 85.082 4.06417
4504.8 80.565 4.04051
4506.2 87.105 4.31358
4507.6 91.415 4.34430
4509.0 91.475 4.19069
4510.4 88.498 4.28688
4511.8 85.269 4.05977
4513.2 89.969 4.16321
4514.6 92.016 4.18288
4516.0 88.825 4.29666
4517.4 91.045 4.28947
4518.8 86.658 4.26475
4520.2 88.616 3.98068
4521.6 88.458 4.24520
4523.0 88.202 4.22776
4524.4 85.010 4.05417
4525.8 85.550 4.05380
4527.2 84.686 3.92865
4528.6 87.091 4.23049
4530.0 86.335 4.07850
4531.4 87.637 4.00877
4532.8 86.774 4.20255
4534.2 86.230 4.01002
4535.6 82.069 4.00743
4537.0 78.821 3.90695
4538.4 77.084 4.08694
4539.8 85.952 4.19198
4541.2 91.003 4.42224
4542.6 86.924 4.18225
4544.0 91.368 4.19958
4545.4 87.548 4.17036
4546.8 90.464 4.21039
4548.2 87.772 4.17084
4549.6 91.221 4.34375
4551.0 88.994 4.22279
4552.4 82.644 3.95278
4553.8 79.579 3.90146
4555.2 89.294 4.18185
4556.6 82.139 4.10782
4558.0 82.765 3.95531
4559.4 82.475 3.87693
4560.8 84.943 3.93708
4562.2 86.514 3.93873
4563.6 89.929 4.15804
4565.0 87.708 4.07813
4566.4 85.849 3.99112
4567.8 84.864 4.07242
4569.2 85.448 3.96434
4570.6 89.687 4.19619
4572.0 89.375 4.17328
4573.4 89.915 4.10735
4574.8 83.912 4.11211
4576.2 83.245 4.27271
4577.6 87.190 4.18712
4579.0 90.437 4.13677
4580.4 87.648 4.10095
4581.8 92.308 4.35659
4583.2 90.301 4.19574
4584.6 87.335 3.99599
4586.0 83.918 3.95265
4587.4 82.936 3.91864
4588.8 84.605 3.88422
4590.2 87.612 4.09453
4591.6 88.374 4.13221
4593.0 85.294 4.03948
4594.4 86.115 4.16152
4595.8 89.827 4.07300
4597.2 88.004 3.94758
4598.6 87.070 4.11736
4600.0 91.345 4.12714
4601.4 93.497 4.17712
4602.8 89.643 4.18741
4604.2 89.888 4.13490
4605.6 89.588 4.12365
4607.0 89.106 3.97146
4608.4 86.634 3.94389
4609.8 91.047 4.22424
4611.2 91.138 4.22168
4612.6 91.964 4.13353
4614.0 93.198 4.14381
4615.4 90.788 4.06764
4616.8 88.436 4.06641
4618.2 86.035 3.97972
4619.6 86.690 4.08162
4621.0 87.681 4.09582
4622.4 89.967 4.21279
4623.8 88.374 4.18588
4625.2 87.309 4.03176
4626.6 88.803 4.12492
4628.0 89.448 4.00647
4629.4 88.676 4.20708
4630.8 91.301 4.20120
4632.2 89.743 4.09399
4633.6 87.049 3.98348
4635.0 88.757 4.14779
4636.4 89.152 4.13511
4637.8 87.163 3.94114
4639.2 88.565 3.96835
4640.6 90.081 4.35363
4642.0 89.707 4.17022
4643.4 93.384 4.15512
4644.8 88.395 4.05055
4646.2 90.639 4.04290
4647.6 90.312 4.03607
4649.0 90.904 4.07546
4650.4 88.402 4.02321
4651.8 84.790 3.93759
4653.2 88.543 4.00564
4654.6 89.105 4.08317
4656.0 90.303 4.16732
4657.4 88.328 3.99386
4658.8 87.977 4.05559
4660.2 84.528 3.98935
4661.6 90.565 4.17120
4663.0 89.790 4.17431
4664.4 88.986 3.98273
4665.8 90.650 4.14822
4667.2 91.986 4.26082
4668.6 87.528 4.12060
4670.0 86.969 4.11805
4671.4 85.513 4.10989
4672.8 87.136 4.02067
4674.2 86.947 3.93805
4675.6 88.469 4.07153
4677.0 88.293 4.05810
4678.4 88.785 4.11219
4679.8 91.737 4.20738
4681.2 88.308 4.05567
4682.6 88.122 4.02619
4684.0 89.109 4.04785
4685.4 88.476 4.04994
4686.8 89.657 4.09990
4688.2 86.898 4.05990
4689.6 88.004 4.04833
4691.0 92.643 4.16052
4692.4 89.851 4.06614
4693.8 88.869 4.12499
4695.2 87.119 4.04636
4696.6 88.928 4.04797
4698.0 89.710 4.02042
4699.4 88.405 4.04761
4700.8 86.771 3.97251
4702.2 85.981 3.98708
4703.6 87.806 3.97328
4705.0 86.277 3.90024
4706.4 85.718 3.88914
4707.8 86.798 4.00431
4709.2 87.556 3.91337
4710.6 87.395 3.95770
4712.0 86.619 4.01839
4713.4 87.389 4.05247
4714.8 89.452 4.04351
4716.2 87.635 3.92867
4717.6 86.258 3.93035
4719.0 85.967 3.92521
4720.4 87.522 3.87839
4721.8 87.427 4.00264
4723.2 88.154 4.05434
4724.6 91.055 4.15353
4726.0 89.714 4.12326
4727.4 87.594 3.92857
4728.8 89.895 4.00004
4730.2 89.897 4.02822
4731.6 86.709 3.89968
4733.0 88.099 3.98817
4734.4 86.329 3.95460
4735.8 88.053 4.00808
4737.2 91.660 3.95436
4738.6 85.216 3.88524
4740.0 86.468 3.89794
4741.4 87.305 3.99115
4742.8 86.215 3.99762
4744.2 89.227 3.90922
4745.6 90.015 4.03804
4747.0 89.261 4.03668
4748.4 87.659 4.01109
4749.8 90.294 4.04608
4751.2 90.010 4.15292
4752.6 87.683 4.20620
4754.0 92.744 4.18899
4755.4 89.488 3.95131
4756.8 88.484 3.99848
4758.2 88.840 4.13266
4759.6 87.644 3.98286
4761.0 85.454 3.92980
4762.4 88.347 3.94251
4763.8 86.220 4.02112
4765.2 85.430 3.96097
4766.6 86.930 3.93007
4768.0 84.488 3.91627
4769.4 87.168 3.91433
4770.8 91.092 3.99448
4772.2 88.577 3.97067
4773.6 86.809 3.94225
4775.0 88.221 3.96073
4776.4 88.955 4.04769
4777.8 87.132 3.95049
4779.2 86.906 3.95361
4780.6 89.900 4.03277
4782.0 88.591 3.95999
4783.4 85.241 3.89788
4784.8 86.468 3.92093
4786.2 89.416 3.99860
4787.6 90.175 4.08998
4789.0 88.513 4.03031
4790.4 87.617 3.84689
4791.8 85.424 3.81834
4793.2 84.201 3.87375
4794.6 90.951 3.95798
4796.0 83.058 3.84151
4797.4 87.574 3.83702
4798.8 85.716 3.90907
4800.2 89.902 3.96929
4801.6 86.912 3.87043
4803.0 87.632 4.02705
4804.4 89.327 4.10588
4805.8 88.675 4.04245
4807.2 86.461 3.88968
4808.6 84.984 4.04196
4810.0 84.135 3.92960
4811.4 85.280 3.92992
4812.8 88.356 3.95812
4814.2 87.837 3.93949
4815.6 85.021 3.91146
4817.0 86.481 3.92738
4818.4 88.981 3.99696
4819.8 88.484 3.86365
4821.2 87.490 3.91175
4822.6 86.737 3.83814
4824.0 85.690 3.90239
4825.4 86.241 3.91780
4826.8 86.422 3.95267
4828.2 84.036 3.95022
4829.6 84.383 3.73215
4831.0 86.149 3.81868
4832.4 83.818 3.75801
4833.8 83.617 3.77135
4835.2 84.112 3.80443
4836.6 83.286 3.81805
4838.0 85.028 3.84750
4839.4 84.859 3.76195
4840.8 87.773 3.93698
4842.2 84.528 3.78688
4843.6 84.165 3.85776
4845.0 87.135 4.04183
4846.4 81.082 3.89452
4847.8 84.865 4.03204
4849.2 82.623 3.85545
4850.6 82.993 3.77177
4852.0 80.978 3.80879
4853.4 83.261 3.84550
4854.8 81.817 3.75130
4856.2 81.400 3.79606
4857.6 80.442 3.77324
4859.0 77.067 3.62121
4860.4 75.918 3.64114
4861.8 71.714 3.55577
4863.2 63.018 3.19698
4864.6 46.164 2.71626
4866.0 46.496 2.74242
4867.4 63.909 3.35369
4868.8 73.488 3.60212
4870.2 73.689 3.53218
4871.6 77.422 3.64559
4873.0 78.105 3.67497
4874.4 77.737 3.59483
4875.8 75.716 3.68747
4877.2 81.081 3.69548
4878.6 82.595 3.90147
4880.0 81.834 3.95822
4881.4 81.811 3.96325
4882.8 84.109 4.02477
4884.2 85.357 3.96532
4885.6 83.109 3.89997
4887.0 83.698 4.00256
4888.4 84.818 3.88972
4889.8 82.093 3.83738
4891.2 84.005 3.90111
4892.6 86.714 4.05922
4894.0 80.724 3.88569
4895.4 81.892 3.84973
4896.8 83.718 3.92120
4898.2 85.795 4.09218
4899.6 84.676 3.99293
4901.0 84.748 3.82486
4902.4 83.645 3.86620
4903.8 84.102 3.86068
4905.2 85.763 3.89821
4906.6 83.117 3.85938
4908.0 83.336 3.88113
4909.4 84.730 3.96545
4910.8 86.317 3.95967
4912.2 86.332 4.04453
4913.6 85.047 4.00639
4915.0 83.840 3.83378
4916.4 84.631 3.82284
4917.8 87.355 3.82402
4919.2 88.216 3.96546
4920.6 85.651 3.77647
4922.0 82.216 3.80725
4923.4 80.020 3.75772
4924.8 80.308 3.68785
4926.2 83.056 3.72313
4927.6 80.900 3.67417
4929.0 81.874 3.68495
4930.4 84.866 3.85051
4931.8 84.945 3.82095
4933.2 83.460 3.81075
4934.6 87.403 3.87416
4936.0 86.758 3.86680
4937.4 80.607 3.61141
4938.8 79.933 3.58559
4940.2 83.286 3.80230
4941.6 83.049 3.72360
4943.0 82.466 3.66241
4944.4 84.481 3.83583
4945.8 84.582 3.70905
4947.2 85.034 3.77883
4948.6 83.236 3.77378
4950.0 83.507 3.73817
4951.4 83.983 inf
4952.8 84.458 3.93542
4954.2 85.498 3.90653
4955.6 82.731 3.64865
4957.0 84.407 3.77363
4958.4 84.628 3.80435
4959.8 82.020 3.77357
4961.2 79.145 3.42271
4962.6 79.821 3.56071
4964.0 84.155 3.77711
4965.4 85.180 3.80335
4966.8 82.838 3.78921
4968.2 85.020 3.80626
4969.6 84.463 3.79468
4971.0 80.304 3.72025
4972.4 86.084 3.83569
4973.8 83.644 3.70373
4975.2 83.132 3.74037
4976.6 82.446 3.79593
4978.0 82.476 3.73966
4979.4 85.319 3.85111
4980.8 85.643 3.76461
4982.2 82.858 3.75987
4983.6 82.078 3.68955
4985.0 82.584 3.69776
4986.4 80.615 3.66995
4987.8 78.471 3.69016
4989.2 81.370 3.61860
4990.6 86.308 3.76712
4992.0 84.452 3.67928
4993.4 82.652 3.63230
4994.8 81.308 3.67127
4996.2 84.711 3.79807
4997.6 83.070 3.82355
4999.0 85.391 3.86446
