3900.0 239.776 14.84520
3901.4 239.577 14.81190
3902.8 246.954 14.24520
3904.2 276.542 15.62390
3905.6 276.875 15.92480
3907.0 270.815 16.09820
3908.4 251.786 15.58070
3909.8 257.469 16.06300
3911.2 260.204 16.40670
3912.6 261.691 16.04240
3914.0 252.107 16.26290
3915.4 258.596 16.49210
3916.8 261.835 15.67410
3918.2 268.132 15.55320
3919.6 252.148 14.30820
3921.0 268.702 14.53080
3922.4 246.988 13.19690
3923.8 235.892 13.65930
3925.2 212.452 12.61800
3926.6 179.914 11.21340
3928.0 105.213 8.89484
3929.4 62.116 7.51764
3930.8 118.813 9.84443
3932.2 192.167 12.18570
3933.6 212.420 12.76910
3935.0 224.534 11.87500
3936.4 244.543 11.97570
3937.8 259.212 12.63120
3939.2 240.058 13.00980
3940.6 258.569 13.12660
3942.0 261.586 13.44360
3943.4 263.255 13.46270
3944.8 253.820 12.92100
3946.2 250.328 13.11760
3947.6 246.350 12.57570
3949.0 247.888 12.81530
3950.4 254.337 12.93830
3951.8 235.010 12.49100
3953.2 241.792 12.70070
3954.6 247.164 12.71740
3956.0 240.977 12.50960
3957.4 217.364 11.53330
3958.8 210.391 11.13290
3960.2 203.999 10.83360
3961.6 155.809 9.47131
3963.0 89.548 7.91031
3964.4 55.241 7.02650
3965.8 85.473 7.87255
3967.2 135.354 9.33762
3968.6 170.360 10.89610
3970.0 189.348 11.79620
3971.4 213.602 12.53930
3972.8 213.727 13.02460
3974.2 255.081 14.44110
3975.6 242.936 14.26580
3977.0 245.688 14.77850
3978.4 250.843 15.37780
3979.8 262.018 16.21430
3981.2 280.299 16.32290
3982.6 276.894 15.76580
3984.0 267.904 14.48220
3985.4 260.366 14.63670
3986.8 263.790 14.73710
3988.2 282.762 15.03120
3989.6 268.474 14.27070
3991.0 280.212 14.47840
3992.4 266.872 inf
3993.8 253.532 13.46980
3995.2 266.165 13.25100
3996.6 280.898 14.05620
3998.0 274.607 13.78870
3999.4 277.687 13.78220
4000.8 248.496 13.79620
4002.2 261.606 13.36140
4003.6 277.295 13.55270
4005.0 266.965 13.11490
4006.4 273.483 13.40600
4007.8 261.900 13.71780
4009.2 270.224 13.52020
4010.6 280.466 13.79900
4012.0 287.276 14.01960
4013.4 279.968 14.01640
4014.8 281.726 13.86290
4016.2 274.987 13.49940
4017.6 278.446 13.49900
4019.0 279.455 13.73810
4020.4 268.269 13.76630
4021.8 279.675 13.96510
4023.2 269.314 13.82100
4024.6 263.794 13.11450
4026.0 266.121 13.20860
4027.4 258.054 13.06850
4028.8 259.957 13.07730
4030.2 267.530 13.03390
4031.6 276.861 13.00760
4033.0 286.415 13.25870
4034.4 286.213 13.99310
4035.8 274.331 13.90770
4037.2 271.535 13.98610
4038.6 276.443 14.09130
4040.0 263.192 13.34340
4041.4 251.950 12.73560
4042.8 273.479 13.18610
4044.2 280.218 13.75070
4045.6 280.106 13.27470
4047.0 270.643 13.27030
4048.4 274.037 13.50450
4049.8 261.841 13.20040
4051.2 267.725 13.83130
4052.6 273.397 13.81410
4054.0 273.461 13.47560
4055.4 278.861 13.76990
4056.8 280.172 13.54010
4058.2 259.819 13.24980
4059.6 258.982 13.05240
4061.0 270.340 13.69700
4062.4 270.722 13.85100
4063.8 270.183 13.24750
4065.2 284.709 13.88550
4066.6 264.385 13.92230
4068.0 277.983 13.45060
4069.4 280.027 13.74630
4070.8 270.756 13.85330
4072.2 252.066 12.86200
4073.6 252.982 12.77570
4075.0 262.293 13.48340
4076.4 285.721 13.69140
4077.8 274.101 13.63460
4079.2 260.312 13.69170
4080.6 261.471 13.13970
4082.0 265.398 13.07920
4083.4 270.798 13.50550
4084.8 269.330 13.20410
4086.2 257.221 12.99040
4087.6 253.282 13.19490
4089.0 240.718 12.38040
4090.4 242.300 12.23710
4091.8 223.942 11.60120
4093.2 213.832 11.74920
4094.6 186.908 10.95890
4096.0 148.389 9.78364
4097.4 117.939 9.19597
4098.8 156.677 10.10560
4100.2 201.298 11.06850
4101.6 216.015 10.98490
4103.0 226.708 10.95460
4104.4 241.249 11.51110
4105.8 232.679 11.34640
4107.2 259.106 12.44060
4108.6 245.221 12.21570
4110.0 258.219 12.40100
4111.4 260.180 12.38740
4112.8 256.327 12.13100
4114.2 251.632 12.62140
4115.6 262.879 12.07590
4117.0 261.470 12.57850
4118.4 257.459 12.84470
4119.8 268.513 12.37480
4121.2 265.693 12.77300
4122.6 257.848 12.45620
4124.0 264.096 12.89630
4125.4 262.971 13.13420
4126.8 266.633 13.17500
4128.2 262.239 13.23890
4129.6 264.898 13.09440
4131.0 272.119 12.59710
4132.4 276.905 13.14390
4133.8 275.142 13.10000
4135.2 280.545 13.10030
4136.6 277.508 12.94980
4138.0 264.591 12.92530
4139.4 251.633 12.49120
4140.8 272.047 13.13910
4142.2 276.408 13.59030
4143.6 271.522 12.80600
4145.0 273.019 12.79930
4146.4 268.042 12.72920
4147.8 268.037 12.59470
4149.2 258.671 12.19210
4150.6 256.091 12.63500
4152.0 257.965 13.40910
4153.4 263.492 12.72140
4154.8 272.546 12.79800
4156.2 272.825 12.34580
4157.6 252.296 12.48680
4159.0 261.525 12.13840
4160.4 273.123 12.33440
4161.8 272.285 12.42850
4163.2 264.256 12.67780
4164.6 273.923 12.63400
4166.0 266.987 12.78340
4167.4 244.954 12.23960
4168.8 242.544 13.05930
4170.2 251.142 12.26530
4171.6 254.024 11.56630
4173.0 239.902 11.70520
4174.4 252.382 11.28760
4175.8 264.453 12.07460
4177.2 257.046 12.42610
4178.6 265.480 12.17150
4180.0 253.258 11.90780
4181.4 258.969 11.76140
4182.8 250.264 11.67430
4184.2 257.657 11.93450
4185.6 264.511 11.93760
4187.0 263.264 11.90590
4188.4 267.913 11.90650
4189.8 269.744 12.00670
4191.2 269.240 12.28310
4192.6 261.366 11.88030
4194.0 252.209 11.69080
4195.4 262.852 12.20850
4196.8 256.668 11.80570
4198.2 256.103 11.45760
4199.6 261.949 12.08090
4201.0 259.335 11.89560
4202.4 271.031 12.23380
4203.8 269.046 12.24730
4205.2 263.199 12.52410
4206.6 273.033 11.93040
4208.0 271.401 12.19990
4209.4 266.397 12.04550
4210.8 244.463 11.34010
4212.2 257.647 11.81230
4213.6 266.377 12.13820
4215.0 269.317 12.42980
4216.4 255.227 12.13810
4217.8 262.665 12.40270
4219.2 269.898 12.22030
4220.6 250.212 12.42350
4222.0 237.156 11.42390
4223.4 260.332 11.60800
4224.8 271.131 12.10830
4226.2 272.620 12.07380
4227.6 257.709 11.59230
4229.0 251.199 11.05390
4230.4 251.904 11.46340
4231.8 259.075 11.56710
4233.2 264.962 11.91030
4234.6 261.483 11.83730
4236.0 271.913 12.04760
4237.4 272.865 12.07010
4238.8 273.827 11.91790
4240.2 260.244 11.52590
4241.6 242.828 10.99380
4243.0 252.682 11.16110
4244.4 262.949 11.61600
4245.8 254.389 11.53720
4247.2 253.452 11.68790
4248.6 275.448 11.65500
4250.0 261.739 11.13250
4251.4 269.214 11.57270
4252.8 266.732 11.69100
4254.2 262.807 11.81530
4255.6 257.945 11.30360
4257.0 254.566 11.21930
4258.4 274.243 12.08720
4259.8 274.747 11.98020
4261.2 277.044 12.33120
4262.6 268.586 11.62450
4264.0 267.775 11.66610
4265.4 260.385 11.37480
4266.8 243.340 11.19510
4268.2 254.770 11.29010
4269.6 255.344 11.43170
4271.0 266.076 11.63340
4272.4 267.579 11.33490
4273.8 273.150 11.83170
4275.2 260.374 11.44520
4276.6 266.569 11.34910
4278.0 256.056 11.36200
4279.4 264.564 11.35330
4280.8 271.497 11.52530
4282.2 267.161 11.23660
4283.6 248.931 11.09830
4285.0 232.587 10.64510
4286.4 249.609 10.78400
4287.8 262.772 11.33740
4289.2 255.662 11.44500
4290.6 249.845 11.31320
4292.0 260.292 11.39300
4293.4 247.003 10.90300
4294.8 229.581 10.40370
4296.2 233.703 10.36830
4297.6 237.460 10.38000
4299.0 241.339 10.38260
4300.4 259.274 11.20280
4301.8 253.122 10.73090
4303.2 238.056 10.49500
4304.6 249.309 10.73440
4306.0 258.417 10.65920
4307.4 253.272 10.57930
4308.8 229.546 10.33820
4310.2 223.474 9.92235
4311.6 249.703 10.53220
4313.0 253.743 10.75550
4314.4 247.451 10.90980
4315.8 249.932 11.60460
4317.2 252.042 11.43970
4318.6 260.602 11.26770
4320.0 237.747 10.90800
4321.4 227.190 10.50990
4322.8 245.329 10.97340
4324.2 244.228 10.36430
4325.6 239.866 10.08290
4327.0 239.152 10.29790
4328.4 229.383 10.63180
4329.8 229.961 10.28250
4331.2 211.169 9.71768
4332.6 193.557 9.12597
4334.0 150.037 8.00827
4335.4 129.443 7.79935
4336.8 144.681 8.47785
4338.2 181.205 8.90732
4339.6 201.728 9.01001
4341.0 213.983 9.28111
4342.4 227.422 9.55280
4343.8 238.795 10.31480
4345.2 234.873 10.30640
4346.6 214.826 9.55335
4348.0 230.553 10.32770
4349.4 239.356 10.56390
4350.8 251.586 11.01390
4352.2 253.661 10.72030
4353.6 246.097 10.33720
4355.0 251.427 10.76110
4356.4 252.325 10.87720
4357.8 257.014 10.95810
4359.2 260.892 11.60280
4360.6 263.858 12.11950
4362.0 256.667 11.41430
4363.4 255.568 11.56640
4364.8 256.942 10.99660
4366.2 262.224 11.38860
4367.6 257.867 11.09700
4369.0 240.018 10.76870
4370.4 243.524 10.86750
4371.8 248.750 11.07140
4373.2 266.936 11.14280
4374.6 260.190 11.04320
4376.0 263.258 10.77800
4377.4 251.394 10.79590
4378.8 232.535 10.62860
4380.2 240.711 10.74180
4381.6 246.135 10.80450
4383.0 256.513 11.15600
4384.4 261.596 11.16790
4385.8 255.116 10.53340
4387.2 261.256 11.35030
4388.6 247.704 11.41780
4390.0 231.986 11.09680
4391.4 244.976 10.93210
4392.8 251.623 10.99410
4394.2 240.746 10.56000
4395.6 248.420 10.63590
4397.0 251.716 10.89980
4398.4 258.073 11.04630
4399.8 249.584 10.90260
4401.2 249.312 11.08780
4402.6 258.792 11.17710
4404.0 251.367 10.66590
4405.4 264.992 11.08070
4406.8 257.723 10.90800
4408.2 257.292 10.76330
4409.6 238.959 10.52870
4411.0 225.346 10.21200
4412.4 228.420 10.31870
4413.8 244.714 10.63210
4415.2 265.259 11.29570
4416.6 253.594 11.62760
4418.0 255.454 11.36150
4419.4 250.309 10.62450
4420.8 258.363 11.06140
4422.2 242.701 10.77530
4423.6 248.053 10.66970
4425.0 256.145 10.67100
4426.4 240.559 10.41590
4427.8 252.165 10.68550
4429.2 248.877 11.04070
4430.6 246.658 10.79530
4432.0 251.721 10.63600
4433.4 254.235 10.57700
4434.8 256.287 10.86860
4436.2 250.747 10.41680
4437.6 227.123 9.97642
4439.0 224.085 9.60182
4440.4 249.310 10.83670
4441.8 250.443 10.79680
4443.2 248.829 10.77120
4444.6 248.205 10.53100
4446.0 241.154 10.18930
4447.4 246.690 10.54430
4448.8 247.119 10.44570
4450.2 240.655 10.25150
4451.6 240.906 10.61380
4453.0 252.539 10.61000
4454.4 245.694 10.36370
4455.8 248.908 10.56330
4457.2 242.289 10.65270
4458.6 251.317 10.41160
4460.0 245.350 10.47050
4461.4 244.212 10.54980
4462.8 237.076 10.13520
4464.2 228.666 10.00300
4465.6 245.304 10.14300
4467.0 251.336 10.19480
4468.4 254.743 10.53120
4469.8 255.985 10.66470
4471.2 252.043 10.92290
4472.6 257.170 10.73080
4474.0 250.306 10.41410
4475.4 241.101 10.40540
4476.8 229.712 10.11120
4478.2 242.858 10.22290
4479.6 250.757 10.79800
4481.0 250.504 11.24240
4482.4 249.360 10.61520
4483.8 238.966 10.11030
4485.2 239.967 10.11140
4486.6 239.854 10.62400
4488.0 245.287 10.62830
4489.4 249.277 10.54300
4490.8 251.999 10.55000
4492.2 247.037 10.67410
4493.6 254.651 10.70410
4495.0 244.277 10.44200
4496.4 230.282 9.95515
4497.8 250.398 10.28070
4499.2 254.264 10.44240
4500.6 246.793 10.56340
4502.0 253.215 10.41070
4503.4 240.292 10.37010
4504.8 244.289 10.37930
4506.2 252.127 10.72350
4507.6 248.325 10.93910
4509.0 249.986 10.89620
4510.4 242.821 10.44970
4511.8 239.695 10.31080
4513.2 240.780 10.14500
4514.6 246.383 10.18580
4516.0 242.604 10.09090
4517.4 229.422 9.73277
4518.8 234.994 10.05230
4520.2 241.231 10.30280
4521.6 243.655 10.42030
4523.0 235.326 10.43770
4524.4 233.049 9.84844
4525.8 229.910 9.77991
4527.2 234.887 9.92459
4528.6 222.209 9.43878
4530.0 230.299 9.79521
4531.4 243.663 10.09610
4532.8 254.641 10.44220
4534.2 252.840 10.22600
4535.6 247.130 10.28690
4537.0 243.388 10.32750
4538.4 245.423 10.70050
4539.8 251.040 11.00870
4541.2 250.278 10.77250
4542.6 249.312 10.63830
4544.0 220.947 9.91576
4545.4 235.911 10.37310
4546.8 239.785 10.42840
4548.2 242.818 10.16380
4549.6 221.239 10.18350
4551.0 235.197 10.65560
4552.4 240.809 10.76210
4553.8 249.840 10.39080
4555.2 245.273 10.09720
4556.6 255.194 10.56590
4558.0 237.743 10.29610
4559.4 238.492 10.25100
4560.8 245.939 10.41050
4562.2 249.772 10.31220
4563.6 250.103 10.60250
4565.0 247.094 10.84510
4566.4 236.348 10.37780
4567.8 243.752 10.10800
4569.2 244.636 10.38880
4570.6 249.659 10.08210
4572.0 242.680 10.39720
4573.4 240.765 9.91162
4574.8 245.433 10.02170
4576.2 242.556 10.28860
4577.6 229.382 9.79717
4579.0 231.645 9.69506
4580.4 242.046 9.93676
4581.8 241.328 10.03130
4583.2 235.230 10.11450
4584.6 237.624 10.15710
4586.0 239.909 9.88140
4587.4 241.018 9.78416
4588.8 245.544 9.93722
4590.2 243.016 10.10100
4591.6 245.357 10.29970
4593.0 248.657 10.39660
4594.4 245.347 10.33130
4595.8 239.564 10.32590
4597.2 234.110 10.08240
4598.6 240.175 10.36570
4600.0 240.610 10.15810
4601.4 245.779 10.00640
4602.8 238.957 9.92637
4604.2 243.264 10.41510
4605.6 245.587 9.93041
4607.0 242.877 10.03960
4608.4 244.647 10.12250
4609.8 249.440 10.01120
4611.2 242.656 10.03310
4612.6 240.704 9.86868
4614.0 240.658 10.05720
4615.4 240.467 10.16870
4616.8 247.148 10.52670
4618.2 249.246 10.04640
4619.6 243.331 9.90643
4621.0 238.337 9.90293
4622.4 241.993 10.17950
4623.8 230.248 9.62099
4625.2 234.259 9.76816
4626.6 245.103 9.81142
4628.0 245.067 9.98539
4629.4 239.924 9.77931
4630.8 242.764 10.00890
4632.2 240.613 9.65730
4633.6 238.015 9.56388
4635.0 240.211 9.67553
4636.4 239.999 9.84121
4637.8 241.118 10.09490
4639.2 239.364 9.91548
4640.6 246.222 10.03800
4642.0 236.133 9.96130
4643.4 236.382 9.84731
4644.8 240.462 9.80690
4646.2 242.702 9.82498
4647.6 238.220 9.75743
4649.0 238.797 9.60730
4650.4 237.717 9.49641
4651.8 232.119 9.84865
4653.2 238.814 9.72298
4654.6 242.751 9.85236
4656.0 239.759 9.64243
4657.4 236.883 10.07470
4658.8 236.048 9.83843
4660.2 237.374 9.95343
4661.6 223.937 9.39100
4663.0 231.341 9.64014
4664.4 235.668 9.69289
4665.8 234.863 9.48903
4667.2 232.169 9.54200
4668.6 238.784 9.55373
4670.0 243.582 9.52971
4671.4 234.355 9.47398
4672.8 233.688 9.54032
4674.2 236.363 9.95656
4675.6 238.424 9.82152
4677.0 234.961 9.81329
4678.4 236.914 10.04400
4679.8 236.776 9.67622
4681.2 236.572 9.72152
4682.6 236.652 9.51842
4684.0 236.073 9.56695
4685.4 235.726 9.44609
4686.8 235.536 9.65568
4688.2 235.799 9.64594
4689.6 236.998 9.39616
4691.0 236.418 9.19164
4692.4 236.316 9.56936
4693.8 235.886 9.90669
4695.2 236.850 10.03770
4696.6 229.541 9.81455
4698.0 224.111 9.79869
4699.4 233.297 9.65066
4700.8 236.572 9.69972
4702.2 235.820 9.86674
4703.6 231.525 10.33250
4705.0 232.949 10.25370
4706.4 242.955 9.80040
4707.8 242.894 9.75829
4709.2 234.263 9.89045
4710.6 237.342 9.93233
4712.0 240.218 9.75306
4713.4 241.429 9.76176
4714.8 242.763 9.65643
4716.2 245.019 10.37750
4717.6 243.229 10.17160
4719.0 243.812 9.93629
4720.4 242.260 9.91943
4721.8 241.137 inf
4723.2 240.014 inf
4724.6 238.891 10.17100
4726.0 239.525 10.75830
4727.4 241.037 10.46500
4728.8 244.928 10.12850
4730.2 245.602 10.05200
4731.6 243.881 10.06020
4733.0 242.897 10.22380
4734.4 240.760 9.94496
4735.8 239.848 9.52072
4737.2 238.372 9.65841
4738.6 246.668 9.95495
4740.0 236.403 9.49662
4741.4 241.826 9.72711
4742.8 238.608 9.53774
4744.2 236.395 9.77474
4745.6 239.827 10.12520
4747.0 236.354 9.64930
4748.4 241.928 9.67375
4749.8 236.341 9.45610
4751.2 240.021 9.63957
4752.6 237.120 9.38918
4754.0 236.986 9.80171
4755.4 242.657 9.69016
4756.8 235.220 9.46696
4758.2 226.367 9.01297
4759.6 230.556 9.39065
4761.0 231.631 9.38710
4762.4 231.071 9.26659
4763.8 234.703 9.35122
4765.2 235.619 9.53307
4766.6 234.730 9.46168
4768.0 235.268 9.47434
4769.4 234.220 9.38111
4770.8 236.704 9.51114
4772.2 237.529 9.46968
4773.6 232.342 9.59579
4775.0 233.371 9.79847
4776.4 229.812 9.58979
4777.8 231.674 9.75801
4779.2 231.773 10.15780
4780.6 235.807 9.81129
4782.0 229.338 9.10829
4783.4 228.591 9.20102
4784.8 234.373 9.53143
4786.2 233.387 9.59672
4787.6 232.602 9.84970
4789.0 234.133 9.96753
4790.4 227.892 9.77991
4791.8 230.377 9.50478
4793.2 232.619 9.32971
4794.6 233.092 9.42386
4796.0 232.914 9.55632
4797.4 234.269 9.54321
4798.8 225.902 9.29678
4800.2 222.777 9.09236
4801.6 229.173 9.25637
4803.0 226.448 9.07936
4804.4 227.507 9.24546
4805.8 228.951 9.19333
4807.2 229.042 9.36562
4808.6 231.144 9.61329
4810.0 232.916 9.51838
4811.4 229.374 9.21006
4812.8 227.834 9.22736
4814.2 230.194 9.69363
4815.6 230.596 9.71449
4817.0 227.316 9.59486
4818.4 220.814 9.23456
4819.8 222.472 9.27378
4821.2 220.386 8.62427
4822.6 223.632 8.86035
4824.0 221.462 8.96390
4825.4 220.836 9.12471
4826.8 223.467 8.90822
4828.2 222.277 9.06903
4829.6 229.108 9.04815
4831.0 225.990 9.02419
4832.4 224.512 8.76832
4833.8 220.194 8.98098
4835.2 219.999 8.89329
4836.6 213.813 8.84316
4838.0 221.524 8.88486
4839.4 219.812 9.15654
4840.8 218.363 8.60942
4842.2 211.275 9.10580
4843.6 209.225 8.58030
4845.0 208.930 8.44221
4846.4 208.961 8.86415
4847.8 205.465 8.82733
4849.2 201.830 8.60787
4850.6 195.599 8.44320
4852.0 180.702 7.95263
4853.4 165.509 7.36067
4854.8 128.653 6.43106
4856.2 114.361 6.54663
4857.6 145.667 7.03947
4859.0 177.167 7.36653
4860.4 188.830 7.85713
4861.8 197.057 8.03640
4863.2 202.203 8.24358
4864.6 204.024 8.35260
4866.0 202.980 8.58698
4867.4 206.478 8.55205
4868.8 210.444 9.06241
4870.2 215.090 9.37767
4871.6 213.499 9.26439
4873.0 215.841 9.28080
4874.4 221.460 9.24317
4875.8 219.242 8.97728
4877.2 219.768 9.21258
4878.6 221.557 9.08129
4880.0 218.318 8.76732
4881.4 219.352 8.96125
4882.8 219.720 8.76862
4884.2 215.319 8.81994
4885.6 213.745 8.56673
4887.0 210.912 8.53477
4888.4 220.151 8.81966
4889.8 223.233 9.06834
4891.2 221.636 9.05573
4892.6 224.856 9.23113
4894.0 219.983 9.03306
4895.4 219.126 9.05530
4896.8 222.208 8.95290
4898.2 222.012 9.08601
4899.6 222.389 9.29387
4901.0 219.694 8.65269
4902.4 223.276 8.76952
4903.8 223.702 9.00957
4905.2 219.111 8.94073
4906.6 218.109 8.81120
4908.0 221.960 8.73286
4909.4 226.137 9.05566
4910.8 221.779 8.73275
4912.2 214.121 8.40646
4913.6 204.648 8.74683
4915.0 208.295 8.59116
4916.4 211.494 8.67368
4917.8 206.802 8.58152
4919.2 208.609 8.62765
4920.6 218.295 8.71596
4922.0 225.204 8.96821
4923.4 219.304 8.62779
4924.8 222.424 8.74485
4926.2 219.820 8.60258
4927.6 208.926 8.65247
4929.0 207.901 8.48092
4930.4 220.228 8.98925
4931.8 223.738 9.51122
4933.2 214.796 9.29521
4934.6 215.972 8.98603
4936.0 220.302 8.87799
4937.4 222.970 9.03426
4938.8 223.550 8.83049
4940.2 221.816 8.81177
4941.6 215.790 8.61221
4943.0 216.832 8.75531
4944.4 218.829 8.82330
4945.8 217.445 8.77890
4947.2 224.340 8.98666
4948.6 222.667 8.91634
4950.0 216.699 8.61143
4951.4 208.840 8.51581
4952.8 208.687 8.59330
4954.2 215.624 8.59990
4955.6 218.846 8.90050
4957.0 221.412 8.61492
4958.4 221.570 8.43448
4959.8 217.591 8.98521
4961.2 214.485 9.03308
4962.6 213.834 8.77526
4964.0 217.255 8.65668
4965.4 215.592 8.64344
4966.8 218.655 8.82476
4968.2 218.530 8.42147
4969.6 218.493 8.69143
4971.0 218.190 8.60954
4972.4 215.756 8.86905
4973.8 217.087 9.23185
4975.2 215.463 9.14828
4976.6 206.823 8.44997
4978.0 205.401 8.51957
4979.4 210.400 8.70476
4980.8 208.880 8.81052
4982.2 210.511 8.43695
4983.6 216.418 8.29256
4985.0 210.871 8.39384
4986.4 213.615 8.55420
4987.8 214.071 8.53770
4989.2 211.382 8.56010
4990.6 214.429 8.55711
4992.0 214.790 8.45036
4993.4 212.446 8.50085
4994.8 208.327 8.50693
4996.2 205.662 8.40687
4997.6 208.208 8.36974
4999.0 207.854 8.45774
