3900.4487191601897 6972.85205078125 83.50360501667727
3901.848880238863 6835.98974609375 82.68004442484141
3903.249041317536 7280.33935546875 85.32490466135165
3904.649202396209 7617.43896484375 87.2779408833856
3906.0493634748823 7651.1923828125 87.4710945559303
3907.4495245535545 7752.787109375 88.0499126028811
3908.8496856322276 8096.8681640625 89.98259922930933
3910.2498467109003 8402.474609375 91.66501300591737
3911.6500077895735 8459.876953125 91.97758940701262
3913.0501688682457 8531.09375 92.36392017449238
3914.450329946919 8325.5458984375 91.24442941044401
3915.850491025592 8287.5849609375 91.03617391420566
3917.250652104265 8464.779296875 92.00423521161947
3918.6508131829382 8542.9248046875 92.4279438518866
3920.050974261611 8570.505859375 92.57702662850541
3921.4511353402836 8425.353515625 91.78972445554568
3922.8512964189563 8368.09375 91.47728543195846
3924.251457497629 8558.2158203125 92.51062544547248
3925.651618576302 8765.1552734375 93.62240796645587
3927.051779654975 8743.20703125 93.5051176741145
3928.451940733648 8561.73828125 92.5296616293932
3929.852101812321 8358.03515625 91.42229025926883
3931.2522628909937 8129.0048828125 90.16099424259085
3932.652423969667 7132.439453125 84.45377110067378
3934.05258504834 5463.783203125 73.91740798435102
3935.452746127012 4960.6669921875 70.43200261377991
3936.852907205685 6638.15478515625 81.4748721088671
3938.253068284358 7998.189453125 89.43259726254739
3939.653229363031 8425.578125 91.79094794695172
3941.0533904417043 8506.451171875 92.23042432882438
3942.453551520377 8521.966796875 92.3144993859307
3943.8537125990497 8343.4541015625 91.34250982736626
3945.253873677723 8097.62890625 89.98682629279688
3946.654034756396 8143.8642578125 90.24336129495897
3948.054195835069 8224.3974609375 90.6884637698616
3949.454356913741 8157.244140625 90.31746309892124
3950.854517992414 8068.673828125 89.82579711934095
3952.254679071087 8033.88134765625 89.63192147698413
3953.6548401497603 7963.91259765625 89.24075637093317
3955.0550012284334 7918.11865234375 88.98381118126909
3956.4551623071056 7725.7919921875 87.8964845268996
3957.855323385779 7555.21044921875 86.92071357978344
3959.255484464452 7419.94189453125 86.13908459306525
3960.655645543125 7183.375 84.75479337477026
3962.055806621797 6863.5830078125 82.84674409904412
3963.4559677004704 6537.50048828125 80.8548111634753
3964.856128779143 6230.5751953125 78.93399264773385
3966.2562898578162 5681.3642578125 75.37482509308064
3967.6564509364894 4537.1064453125 67.35804662631259
3969.0566120151616 3121.904052734375 55.87400158154394
3970.4567730938343 2509.875732421875 50.0986599862898
3971.8569341725065 3219.85693359375 56.743783215377434
3973.257095251181 4358.57861328125 66.01953205893882
3974.6572563298528 5292.8896484375 72.75224840812481
3976.057417408527 5921.99853515625 76.9545225126909
3977.457578487199 6380.43408203125 79.87761940638472
3978.857739565872 6784.38134765625 82.36735608028371
3980.2579006445453 7053.560546875 83.98547819042885
3981.658061723218 7159.98583984375 84.61669953291579
3983.05822280189 7301.5234375 85.44895223172722
3984.458383880564 7473.57666015625 86.44985055022507
3985.858544959237 7535.82470703125 86.8091280167659
3987.2587060379087 7569.1591796875 87.00091482098047
3988.6588671165828 7686.71435546875 87.67390920603889
3990.059028195255 7825.25537109375 88.46047349575827
3991.459189273928 7920.47509765625 88.9970510615731
3992.859350352601 7985.509765625 89.36167951434776
3994.259511431274 8058.18115234375 89.76737242642089
3995.659672509946 8126.5 90.14710200555534
3997.05983358862 8133.14208984375 90.18393476580931
3998.459994667293 8166.9072265625 90.37094237951987
3999.8601557459656 8252.421875 90.8428416277254
4001.2603168246387 8356.8056640625 91.41556576460324
4002.660477903311 8419.484375 91.75774831042881
4004.060638981984 8346.1484375 91.35725716931304
4005.4608000606568 8197.5322265625 90.54022435670512
4006.86096113933 8238.2568359375 90.76484361214699
4008.261122218002 8446.8037109375 91.90649438933845
4009.661283296676 8550.392578125 92.46833283954567
4011.0614443753493 8451.84375 91.9339096851646
4012.4616054540215 8358.3271484375 91.42388718730734
4013.861766532694 8344.83203125 91.35005216884115
4015.261927611368 8426.099609375 91.79378851194126
4016.6620886900396 8481.02734375 92.09249341694468
4018.0622497687127 8476.20703125 92.06631865807387
4019.462410847386 8506.341796875 92.22983138266599
4020.8625719260585 8552.0703125 92.47740433478872
4022.262733004732 8531.3095703125 92.36508848213431
4023.6628940834053 8483.65234375 92.1067442902527
4025.0630551620775 8433.8876953125 91.83620035319677
4026.46321624075 8399.9853515625 91.6514339853038
4027.8633773194233 8384.427734375 91.5665208161531
4029.2635383980955 8352.17578125 91.39023898234429
4030.6636994767687 8351.2841796875 91.38536086095792
4032.063860555442 8411.70703125 91.71535875331895
4033.464021634115 8436.986328125 91.85306923628083
4034.864182712788 8438.1416015625 91.85935772452636
4036.26434379146 8525.189453125 92.33195250358892
4037.664504870133 8500.1513671875 92.19626547310634
4039.064665948806 8509.798828125 92.2485708730764
4040.4648270274793 8507.1005859375 92.23394486813139
4041.864988106152 8493.4775390625 92.1600647735368
4043.2651491848246 8444.3955078125 91.89339207915062
4044.6653102634973 8200.4501953125 90.55633713502606
4046.065471342171 8037.82958984375 89.65394352644924
4047.465632420844 8164.7158203125 90.35881705905905
4048.865793499517 8351.169921875 91.38473571595532
4050.265954578189 8443.4599609375 91.88830154561298
4051.666115656863 8457.7099609375 91.9658086515717
4053.066276735535 8299.7333984375 91.10287261353234
4054.466437814208 8259.78515625 90.88336017253103
4055.866598892881 8276.599609375 90.97581881673284
4057.2667599715533 8287.1025390625 91.03352425926671
4058.666921050227 8312.1025390625 91.17073290844218
4060.0670821289 8315.9169921875 91.19164979419716
4061.467243207573 8256.98046875 90.86792871387573
4062.867404286245 8092.81982421875 89.96010129062077
4064.267565364919 7944.947265625 89.13443366973843
4065.6677264435907 7986.81689453125 89.36899291438418
4067.067887522264 8114.2431640625 90.07909393451123
4068.468048600937 8072.6708984375 89.8480433756768
4069.86820967961 8012.53564453125 89.51276805311771
4071.2683707582833 7782.06591796875 88.21601848853047
4072.6685318369564 7638.2353515625 87.39699852719485
4074.068692915629 7765.21044921875 88.12043150835537
4075.4688539943013 7843.8759765625 88.56565912678853
4076.8690150729744 7589.3642578125 87.11695734937315
4078.2691761516467 7508.77392578125 86.65318185607065
4079.66933723032 7563.4814453125 86.9682783853544
4081.069498308993 7683.65869140625 87.65648117170943
4082.469659387666 7779.09033203125 88.19915153804627
4083.8698204663383 7701.251953125 87.75677724896808
4085.269981545011 7487.6923828125 86.53145314169005
4086.6701426236855 7283.39501953125 85.34280883314803
4088.0703037023573 7210.26416015625 84.91327434598344
4089.4704647810304 7134.443359375 84.46563419151602
4090.8706258597026 6939.52880859375 83.30383429707032
4092.2707869383757 6716.892578125 81.95665060338301
4093.670948017049 6480.97021484375 80.50447325983663
4095.071109095722 6219.41748046875 78.86328347506684
4096.471270174395 5856.51708984375 76.52788439414584
4097.871431253067 5341.43359375 73.08511198424752
4099.271592331741 4608.912109375 67.88896898152895
4100.671753410414 3740.985595703125 61.16359698140001
4102.071914489086 3315.88671875 57.58373658204198
4103.472075567759 3687.31689453125 60.723281322168766
4104.872236646432 4528.216796875 67.29202625032924
4106.272397725105 5303.474609375 72.82495869806587
4107.672558803778 5797.5556640625 76.14168151585898
4109.072719882452 6114.03955078125 78.19232411676514
4110.472880961123 6373.05615234375 79.83142333908215
4111.873042039797 6572.53076171875 81.07114629582308
4113.2732031184705 6798.37158203125 82.45223818691188
4114.673364197141 7023.833984375 83.80831691649105
4116.073525275815 7114.650390625 84.34838700665829
4117.4736863544895 7189.76953125 84.79250869770277
4118.873847433161 7223.37548828125 84.9904435114987
4120.274008511834 7267.82373046875 85.25153212974386
4121.6741695905075 7381.48779296875 85.91558527396964
4123.074330669179 7502.58740234375 86.61747746467655
4124.474491747853 7539.37646484375 86.82958288995606
4125.874652826526 7598.34814453125 87.16850431509795
4127.274813905197 7580.51318359375 87.06614257904016
4128.674974983871 7562.935546875 86.9651398370347
4130.075136062545 7557.744140625 86.93528708542348
4131.475297141217 7488.31982421875 86.53507857637128
4132.87545821989 7493.23876953125 86.56349559445512
4134.2756192985635 7611.28662109375 87.24268806664402
4135.675780377236 7639.16357421875 87.40230874650138
4137.075941455909 7645.36767578125 87.43779317767147
4138.4761025345815 7723.76953125 87.88497898531921
4139.876263613254 7744.50537109375 88.00287137982346
4141.276424691927 7726.53271484375 87.90069803388225
4142.676585770601 7585.69091796875 87.09587199155165
4144.076746849273 7507.89990234375 86.64813848169936
4145.476907927946 7548.53515625 86.88230634743762
4146.8770690066185 7568.92919921875 86.99959309800678
4148.277230085292 7555.62548828125 86.92310100474586
4149.677391163965 7574.8447265625 87.03358390048349
4151.0775522426375 7611.89892578125 87.24619719954131
4152.47771332131 7651.77001953125 87.47439636562947
4153.877874399983 7626.0283203125 87.32713392933779
4155.278035478656 7513.2763671875 86.67915762850663
4156.678196557329 7466.654296875 86.40980440248086
4158.078357636002 7466.7060546875 86.41010389235451
4159.4785187146745 7506.0703125 86.63758025533723
4160.878679793348 7491.529296875 86.55362093451087
4162.278840872021 7403.72021484375 86.04487326298847
4163.6790019506925 7371.84765625 85.85946457001697
4165.079163029366 7357.19091796875 85.77406903003232
4166.47932410804 7394.4296875 85.99086979150752
4167.879485186712 7416.330078125 86.11811701451094
4169.279646265385 7383.091796875 85.92491953371268
4170.679807344059 7303.57568359375 85.46095999691175
4172.07996842273 7175.40185546875 84.70774377510448
4173.480129501404 7187.8564453125 84.78122696276871
4174.880290580077 7232.6533203125 85.04500761545324
4176.2804516587485 7189.302734375 84.789756069793
4177.680612737422 7157.6923828125 84.60314641201295
4179.080773816097 7223.90478515625 84.99355731557687
4180.480934894768 7163.98876953125 84.64034953573413
4181.881095973441 7165.20556640625 84.64753727313187
4183.281257052115 7191.4111328125 84.80218825485873
4184.681418130786 7182.44482421875 84.74930574475964
4186.081579209461 7177.74072265625 84.72154816017145
4187.481740288133 7163.6767578125 84.63850635386059
4188.881901366804 7134.4130859375 84.46545498567743
4190.282062445478 7167.9287109375 84.66362094156793
4191.6822235241525 7181.9560546875 84.74642207602336
4193.082384602824 7149.033203125 84.55195564340899
4194.482545681497 7156.35302734375 84.59523052361611
4195.882706760171 7112.646484375 84.33650742338693
4197.282867838842 7072.49169921875 84.09810758405179
4198.683028917516 6999.82421875 83.66495215291765
4200.083189996189 6914.75048828125 83.15497873417593
4201.483351074861 6894.6005859375 83.03373161515445
4202.883512153534 6928.05712890625 83.23495136603523
4204.2836732322085 6953.6552734375 83.3885799941305
4205.683834310879 7010.1142578125 83.72642508678189
4207.083995389553 7045.43896484375 83.93711315528877
4208.484156468226 7027.3193359375 83.82910792760174
4209.884317546899 6998.79248046875 83.65878603272193
4211.284478625572 6977.5908203125 83.53197483785775
4212.684639704245 7003.2041015625 83.68514863201534
4214.084800782917 6915.06298828125 83.15685773453234
4215.484961861591 6759.55859375 82.2165347953196
4216.885122940264 6735.27978515625 82.06875035697966
4218.285284018936 6828.8857421875 82.63707244443924
4219.685445097609 6867.93603515625 82.87301150046528
4221.0856061762815 6869.57958984375 82.8829270105958
4222.485767254955 6900.7529296875 83.07077060968858
4223.885928333628 6836.87451171875 82.68539479085015
4225.286089412301 6602.81640625 81.25771597977635
4226.686250490973 6468.20166015625 80.42513077487814
4228.086411569647 6498.9267578125 80.6159212427204
4229.486572648319 6673.96435546875 81.69433490437847
4230.886733726992 6730.85595703125 82.0417939652178
4232.286894805666 6612.5166015625 81.317381915323
4233.6870558843375 6588.181640625 81.16761448154676
4235.087216963011 6537.56396484375 80.85520369675504
4236.487378041684 6603.76611328125 81.26355956565803
4237.8875391203555 6704.91064453125 81.88351876007314
4239.287700199029 6712.22412109375 81.92816439475347
4240.687861277704 6690.1982421875 81.79363203934338
4242.088022356375 6723.59814453125 81.9975496251641
4243.488183435048 6684.3369140625 81.75779420986417
4244.888344513721 6567.755859375 81.04169210582292
4246.288505592393 6467.73095703125 80.42220437808983
4247.688666671067 6412.42822265625 80.0776387180357
4249.08882774974 6364.9580078125 79.78068693494998
4250.4889888284115 6391.814453125 79.94882396336422
4251.889149907086 6418.37890625 80.11478581541613
4253.28931098576 6463.7109375 80.39720727425798
4254.689472064431 6515.10595703125 80.71620628492924
4256.089633143104 6517.82275390625 80.73303384554708
4257.489794221777 6512.22705078125 80.69837080623901
4258.889955300449 6462.81201171875 80.39161655122224
4260.290116379123 6379.59375 79.87235911127203
4261.690277457796 6340.14990234375 79.62505825645435
4263.090438536467 6385.66015625 79.91032571733142
4264.490599615142 6456.80224609375 80.354229795909
4265.890760693815 6459.84423828125 80.37315620455159
4267.290921772487 6479.1533203125 80.49318803670594
4268.69108285116 6457.59228515625 80.35914562236367
4270.091243929834 6308.38427734375 79.42533775404263
4271.491405008506 6119.37841796875 78.22645599775532
4272.891566087179 6086.3466796875 78.01504136823553
4274.291727165852 6165.73828125 78.52221520850007
4275.691888244524 6236.2578125 78.96998045143484
4277.092049323198 6271.1982421875 79.19089747052688
4278.492210401871 6301.5107421875 79.38205554272011
4279.892371480543 6319.19482421875 79.49336339732236
4281.292532559216 6288.2060546875 79.29820965625579
4282.6926936378895 6188.23193359375 78.66531595051119
4284.092854716562 6129.54638671875 78.29141962385629
4285.493015795235 6158.06103515625 78.47331415937681
4286.8931768739085 6170.708984375 78.5538604040247
4288.29333795258 6080.728515625 77.97902612642069
4289.693499031254 5948.7509765625 77.1281464613438
4291.0936601099265 5902.10791015625 76.8251775797248
4292.493821188599 5942.98876953125 77.09078264962193
4293.893982267272 5963.02880859375 77.22065014355778
4295.2941433459455 5932.61083984375 77.02344344317352
4296.694304424618 5942.462890625 77.0873717973638
4298.094465503291 5916.01416015625 76.91563014209953
4299.494626581964 5774.1455078125 75.98779841403815
4300.894787660637 5605.45361328125 74.86957735476574
4302.294948739311 5573.49560546875 74.655847764718
4303.6951098179825 5690.3818359375 75.43461961153844
4305.095270896655 5819.18359375 76.28357355125677
4306.495431975329 5767.44140625 75.94367258863637
4307.8955930540005 5634.02294921875 75.06012889156766
4309.295754132674 5617.77685546875 74.95183023428281
4310.695915211347 5693.044921875 75.45226916319349
4312.09607629002 5681.2294921875 75.37393111804306
4313.496237368693 5558.47705078125 74.55519465993801
4314.896398447366 5459.0576171875 73.88543575825685
4316.296559526038 5483.12548828125 74.04812953938303
4317.696720604711 5562.78369140625 74.58407129814147
4319.096881683385 5542.61083984375 74.44871281522435
4320.4970427620565 5467.46826171875 73.94233064840971
4321.89720384073 5446.42333984375 73.79988712622635
4323.297364919403 5402.06005859375 73.49870787023232
4324.6975259980745 5245.041015625 72.42265540302289
4326.097687076749 5069.49462890625 71.20038362892612
4327.497848155422 5001.88525390625 70.72400762051207
4328.898009234094 5030.59375 70.92667869003877
4330.298170312767 4999.64892578125 70.70819560546889
4331.698331391441 4854.18701171875 69.67199589303259
4333.098492470113 4687.72216796875 68.46694215436199
4334.498653548786 4524.14404296875 67.26175765595744
4335.898814627459 4245.7470703125 65.15939740599586
4337.298975706131 3868.89404296875 62.20043442749214
4338.699136784805 3296.333740234375 57.41370690204888
4340.099297863478 2627.964599609375 51.26367719554826
4341.49945894215 2351.740966796875 48.49475195108101
4342.899620020823 2723.25439453125 52.18480999803727
4344.2997810994975 3379.5068359375 58.13352592039726
4345.699942178169 3879.75 62.287639223203826
4347.100103256842 4175.55615234375 64.6185434093322
4348.500264335516 4418.7294921875 66.47352474622886
4349.900425414188 4566.0634765625 67.57265331894627
4351.300586492861 4632.28759765625 68.06091093760243
4352.700747571534 4694.1376953125 68.51377741237525
4354.100908650206 4815.3310546875 69.39258645336331
4355.501069728879 4962.900390625 70.44785582702286
4356.9012308075535 5056.41455078125 71.10847031670173
4358.301391886225 5102.79443359375 71.43384655465327
4359.701552964898 5137.30224609375 71.6749764289724
4361.1017140435715 5163.33203125 71.85632909667736
4362.501875122244 5189.6201171875 72.03901801931714
4363.902036200917 5230.923828125 72.32512584244151
4365.30219727959 5256.89794921875 72.50446847759626
4366.702358358261 5255.19287109375 72.49270908921635
4368.102519436936 5259.80029296875 72.52448064597739
4369.502680515609 5255.6181640625 72.49564237981825
4370.902841594281 5240.408203125 72.39066378425467
4372.303002672954 5258.83447265625 72.51782175890455
4373.7031637516275 5236.5185546875 72.3637931198158
4375.1033248303 5170.99267578125 71.90961462684423
4376.503485908973 5148.3037109375 71.75168089276724
4377.9036469876455 5200.294921875 72.11307039556006
4379.303808066318 5269.1865234375 72.5891625756731
4380.703969144992 5295.06396484375 72.76719016729827
4382.104130223665 5213.33544921875 72.20343100725027
4383.504291302337 5067.01416015625 71.18296256939753
4384.90445238101 4987.7880859375 70.62427405600357
4386.304613459683 5037.533203125 70.97558173854583
4387.704774538356 5127.1923828125 71.60441594491571
4389.104935617029 5162.453125 71.85021311729005
4390.5050966957015 5180.77685546875 71.97761357164289
4391.905257774374 5203.056640625 72.1322163850869
4393.305418853048 5161.7880859375 71.84558501353789
4394.70557993172 5023.4111328125 70.87602650270753
4396.105741010393 4928.6533203125 70.20436824238574
4397.505902089066 4995.78955078125 70.68089947631715
4398.906063167739 5052.6259765625 71.08182592310428
4400.306224246412 5026.181640625 70.89556855421219
4401.706385325085 5029.62451171875 70.91984568312843
4403.1065464037565 5083.3251953125 71.29744171646342
4404.506707482431 4997.6162109375 70.693820175016
4405.906868561104 4950.326171875 70.35855436174765
4407.307029639776 5023.70849609375 70.87812424220714
4408.707190718449 5114.82421875 71.51799926417125
4410.107351797123 5120.08447265625 71.55476554818868
4411.507512875795 5070.9912109375 71.21089250204284
4412.907673954468 5048.3115234375 71.05147094492484
4414.307835033141 5008.720703125 70.77231593727169
4415.7079961118125 4893.48193359375 69.95342688956525
4417.108157190487 4777.12890625 69.11677731383314
4418.508318269161 4787.42578125 69.19122618692344
4419.908479347832 4858.52783203125 69.70314076159876
4421.308640426505 4896.44677734375 69.97461523541055
4422.708801505179 4915.20263671875 70.10850616522042
4424.10896258385 4908.21435546875 70.05864939797762
4425.509123662524 4863.86669921875 69.74142742458567
4426.909284741197 4862.439453125 69.73119426142793
4428.309445819868 4838.59814453125 69.56003266626065
4429.709606898543 4838.43310546875 69.55884634946693
4431.1097679772165 4853.2998046875 69.66562857455246
4432.509929055888 4845.55322265625 69.6100080639002
4433.910090134561 4827.8701171875 69.48287643144532
4435.310251213235 4779.3154296875 69.13259310692389
4436.710412291906 4758.19189453125 68.9796484082896
4438.11057337058 4797.57421875 69.2645235221466
4439.510734449253 4833.0888671875 69.52042050496746
4440.910895527926 4813.544921875 69.3797154928946
4442.311056606599 4782.2548828125 69.15384937089547
4443.7112176852725 4647.77587890625 68.17459848731234
4445.111378763944 4589.76220703125 67.74778377948057
4446.511539842617 4660.2109375 68.26573765440465
4447.9117009212905 4741.97119140625 68.86197202670172
4449.311861999963 4764.70751953125 69.02686085525873
4450.712023078636 4717.05078125 68.68078902611705
4452.112184157309 4698.2822265625 68.54401670869967
4453.512345235982 4714.1650390625 68.65977744693394
4454.912506314655 4709.07373046875 68.62269107568392
4456.312667393328 4677.716796875 68.393835956722
4457.712828472 4676.666015625 68.38615368351257
4459.112989550673 4715.947265625 68.6727549005062
4460.5131506293465 4714.921875 68.66528871999301
4461.913311708019 4703.275390625 68.58043008486459
4463.313472786692 4719.9033203125 68.70155253203889
4464.713633865365 4708.0048828125 68.61490277492565
4466.113794944038 4673.3046875 68.36157317894316
4467.513956022711 4608.90185546875 67.88889346180824
4468.914117101383 4491.97607421875 67.02220582925297
4470.314278180056 4454.01513671875 66.73840825730525
4471.714439258729 4559.62353515625 67.52498452540549
4473.1146003374015 4606.97998046875 67.87473742467627
4474.514761416075 4629.552734375 68.04081667921837
4475.914922494748 4622.841796875 67.99148326720781
4477.315083573421 4610.060546875 67.89742665871071
4478.715244652094 4614.66552734375 67.93132949783737
4480.115405730768 4566.80810546875 67.57816293351536
4481.515566809439 4393.93017578125 66.28672699554
4482.915727888112 4331.29638671875 65.8125853216446
4484.315888966786 4454.06298828125 66.73876675726972
4485.716050045457 4565.939453125 67.57173560835182
4487.116211124131 4537.33984375 67.35977912486055
4488.516372202804 4498.18603515625 67.06851746651516
4489.916533281477 4462.5087890625 66.802011863884
4491.31669436015 4447.98095703125 66.69318523680849
4492.716855438824 4465.3232421875 66.82307417492478
4494.117016517495 4476.08056640625 66.90351684632319
4495.517177596168 4456.0224609375 66.75344531136577
4496.917338674842 4464.13037109375 66.81414798598983
4498.317499753513 4468.50244140625 66.84685812666329
4499.717660832187 4465.73046875 66.82612115595218
4501.11782191086 4381.4404296875 66.19244994474445
4502.517982989533 4254.48046875 65.2263786266722
4503.918144068206 4291.11181640625 65.50657842084449
4505.3183051468795 4359.83544921875 66.0290500402569
4506.718466225551 4403.35498046875 66.35778010503931
4508.118627304224 4379.814453125 66.18016661451526
4509.518788382898 4341.46826171875 65.88981910522102
4510.91894946157 4370.11572265625 66.10685079971856
4512.319110540243 4394.154296875 66.28841751675024
4513.719271618916 4380.7392578125 66.18715326868576
4515.119432697589 4328.8720703125 65.79416440925822
4516.519593776262 4294.2158203125 65.53026644469332
4517.9197548549355 4305.74853515625 65.61820277298251
4519.319915933607 4313.71044921875 65.67884323904273
4520.72007701228 4286.85205078125 65.47405631837125
4522.1202380909535 4260.73046875 65.27427110853097
4523.520399169626 4223.40869140625 64.98775801184597
4524.920560248299 4212.54541015625 64.90412475456587
4526.320721326973 4262.59814453125 65.2885759113434
4527.720882405645 4266.11279296875 65.31548662429722
4529.121043484318 4220.8720703125 64.96823893497884
4530.5212045629905 4220.267578125 64.96358655527726
4531.921365641663 4236.00341796875 65.08458663899425
4533.321526720337 4154.13232421875 64.45255870963348
4534.72168779901 4012.01513671875 63.3404699755121
4536.121848877682 4035.172607421875 63.52300848843571
4537.522009956355 4131.07861328125 64.27346741293215
4538.922171035028 4195.80859375 64.7750615109704
4540.322332113701 4204.65625 64.84332078171198
4541.722493192375 4179.984375 64.6527986633216
4543.1226542710465 4161.89208984375 64.51272812278016
4544.522815349719 4148.37646484375 64.40789132430707
4545.922976428393 4110.3076171875 64.11168081705158
4547.3231375070645 4111.029296875 64.11730887112309
4548.723298585738 4051.851318359375 63.654153975678405
4550.123459664411 3845.069091796875 62.008621108656136
4551.523620743084 3843.10986328125 61.992821062452464
4552.923781821757 4021.5478515625 63.415675125023306
4554.32394290043 4042.5693359375 63.58120269338651
4555.724103979102 3950.628662109375 62.85402661810439
4557.124265057775 3973.6796875 63.037129435753975
4558.524426136449 4022.420166015625 63.42255250315636
4559.9245872151205 4014.77734375 63.36227066441038
4561.324748293794 4044.7294921875 63.59818780584475
4562.724909372467 4028.611572265625 63.47134449706911
4564.12507045114 3915.2822265625 62.57221609118939
4565.525231529813 3862.72802734375 62.15084896720036
4566.925392608486 3983.3037109375 63.11341942041724
4568.325553687158 4003.060302734375 63.269742395037255
4569.725714765832 3980.579345703125 63.09183263864765
4571.125875844505 3914.785400390625 62.568245943055054
4572.526036923176 3804.13720703125 61.67768808111447
4573.92619800185 3800.9765625 61.65206048868116
4575.3263590805245 3912.293212890625 62.54832701911879
4576.726520159196 3956.851806640625 62.90351187843668
4578.126681237869 3945.590576171875 62.81393616206419
4579.526842316542 3931.453369140625 62.70130277068113
4580.927003395214 3920.993408203125 62.61783618269738
4582.327164473888 3907.86865234375 62.51294787756973
4583.727325552561 3795.959228515625 61.61135632751177
4585.127486631233 3735.841552734375 61.12153100777479
4586.527647709906 3800.832275390625 61.65089030493092
4587.92780878858 3860.209716796875 62.13058600075228
4589.327969867252 3817.13720703125 61.78298476952413
4590.728130945925 3800.686767578125 61.64971019865483
4592.128292024598 3810.701416015625 61.73087895061616
4593.52845310327 3822.95703125 61.830065754857486
4594.928614181944 3817.0 61.78187436457395
4596.3287752606175 3800.544921875 61.64855977129555
4597.728936339289 3803.31201171875 61.670998141093435
4599.129097417962 3798.66259765625 61.63329130961813
4600.5292584966355 3796.146240234375 61.61287398129043
4601.929419575308 3793.342041015625 61.590113175863095
4603.329580653981 3778.783203125 61.471808197945506
4604.729741732654 3757.27392578125 61.29660615222714
4606.129902811326 3747.9697265625 61.220664212033014
4607.53006389 3743.520751953125 61.18431785966993
4608.930224968673 3727.572021484375 61.053845263704524
4610.330386047345 3721.59765625 61.00489862502847
4611.73054712602 3716.047119140625 60.95938909750183
4613.1307082046915 3698.103515625 60.81203429934736
4614.530869283364 3708.599609375 60.89827263046958
4615.931030362037 3694.510986328125 60.782489142253176
4617.3311914407095 3673.79345703125 60.61182604930534
4618.731352519383 3656.379150390625 60.46800104510339
4620.131513598056 3643.480224609375 60.36124770586982
4621.531674676729 3654.430908203125 60.45188920292835
4622.931835755401 3669.509765625 60.57647864992649
4624.331996834075 3656.123779296875 60.46588938647041
4625.732157912747 3636.6025390625 60.304249759552604
4627.13231899142 3631.14599609375 60.25899099797266
4628.532480070093 3603.709716796875 60.03090634662178
4629.9326411487655 3544.0302734375 59.53175852801175
4631.332802227439 3559.1572265625 59.65867268522239
4632.732963306112 3564.242919921875 59.70128072262667
4634.1331243847835 3541.03955078125 59.506634510626206
4635.533285463457 3539.322998046875 59.492209557612455
4636.933446542131 3555.426513671875 59.62739734108705
4638.333607620803 3546.4013671875 59.55166972627636
4639.733768699476 3563.654052734375 59.6963487387158
4641.133929778149 3552.32470703125 59.60138175437923
4642.534090856821 3524.656494140625 59.36881752351671
4643.934251935495 3510.368408203125 59.248362071901404
4645.334413014168 3496.056640625 59.12746096886793
4646.73457409284 3499.5546875 59.15703413373595
4648.134735171513 3490.184814453125 59.077786133648615
4649.534896250187 3483.7958984375 59.023689298768
4650.935057328859 3464.483154296875 58.8598602979728
4652.335218407532 3441.127685546875 58.661125846226945
4653.735379486205 3456.704833984375 58.79374825595299
4655.135540564878 3439.501220703125 58.64726098210491
4656.535701643551 3412.44384765625 58.41612660606872
4657.935862722225 3401.392822265625 58.32146107793961
4659.336023800896 3399.790283203125 58.30772061402439
4660.73618487957 3406.80322265625 58.36782694821052
4662.136345958243 3422.00244140625 58.49788407631724
4663.536507036915 3409.811279296875 58.393589368156455
4664.936668115588 3396.1533203125 58.27652460736227
4666.336829194261 3369.68896484375 58.04902208344039
4667.736990272934 3338.44189453125 57.77925141892416
4669.137151351607 3335.21435546875 57.75131475099723
4670.53731243028 3334.892578125 57.748528796195316
4671.937473508952 3332.5712890625 57.72842704476279
4673.337634587626 3332.0849609375 57.72421468445889
4674.737795666299 3331.471435546875 57.71890015884637
4676.13795674497 3330.204345703125 57.707922729059696
4677.538117823644 3320.724853515625 57.62573082847301
4678.938278902317 3288.158447265625 57.34246635143648
4680.33843998099 3275.310302734375 57.230326774660085
4681.738601059663 3271.01025390625 57.192746514800724
4683.1387621383365 3270.343505859375 57.18691726137522
4684.538923217008 3268.1826171875 57.168020931177075
4685.939084295682 3250.9072265625 57.01672760306838
4687.3392453743545 3250.228759765625 57.01077757552185
4688.739406453027 3254.762939453125 57.05052970352795
4690.1395675317 3240.68408203125 56.92700661400747
4691.539728610373 3227.162353515625 56.80811872888967
4692.939889689046 3227.3271484375 56.80956916257595
4694.340050767719 3213.8916015625 56.691195097320886
4695.740211846392 3198.94091796875 56.55918066917828
4697.140372925065 3194.636474609375 56.521115298703855
4698.540534003738 3192.128173828125 56.498921881998115
4699.9406950824105 3183.197998046875 56.419836919711805
4701.340856161083 3145.865234375 56.08801328604
4702.741017239756 3081.88623046875 55.51473885797131
4704.1411783184285 3084.365966796875 55.53706840297636
4705.541339397102 3123.852294921875 55.891433108499506
4706.941500475775 3126.099853515625 55.911535960977005
4708.341661554448 3099.52490234375 55.673376961917356
4709.741822633121 3088.465576171875 55.57396491318462
4711.141983711794 3085.902099609375 55.5508964788992
4712.5421447904655 3092.25244140625 55.608024973076056
4713.942305869139 3070.808837890625 55.41487921028634
4715.342466947812 3053.552490234375 55.25895846136059
4716.742628026485 3057.5048828125 55.29470935643391
4718.142789105158 3052.43505859375 55.24884667206864
4719.542950183831 3037.75830078125 55.11586251508045
4720.943111262503 3027.310791015625 55.021003180745666
4722.343272341177 3027.996826171875 55.02723713009654
4723.74343341985 3011.92626953125 54.88101921002607
4725.143594498521 2992.123779296875 54.70030876783855
4726.543755577195 2995.6689453125 54.732704531317474
4727.943916655868 2986.06591796875 54.644907520909484
4729.344077734541 2958.427978515625 54.39143295148258
4730.744238813214 2947.870361328125 54.294294003404495
4732.144399891888 2953.857177734375 54.34939905587159
4733.544560970559 2954.590087890625 54.356141215971405
4734.944722049233 2937.70703125 54.20061836593749
4736.344883127906 2910.51708984375 53.949208426479714
4737.745044206577 2916.087158203125 54.00080701436901
4739.145205285251 2923.144287109375 54.066110338264345
4740.545366363924 2904.8505859375 53.89666581466334
4741.945527442597 2888.91845703125 53.748660048704934
4743.34568852127 2894.955078125 53.80478675847531
4744.7458495999435 2883.028076171875 53.69383648215012
4746.146010678615 2868.9580078125 53.56265497352143
4747.546171757289 2862.729248046875 53.50447876623858
4748.946332835962 2862.986572265625 53.506883410133554
4750.346493914633 2857.438720703125 53.45501586103146
4751.746654993307 2838.906494140625 53.281389754215546
4753.146816071981 2821.481689453125 53.11762127065862
4754.546977150653 2813.78125 53.04508695440135
4755.947138229326 2803.6787109375 52.949775362483834
4757.3472993079995 2794.724853515625 52.865157273157
4758.747460386672 2785.0732421875 52.77379313814291
4760.147621465345 2763.193115234375 52.56608331647294
4761.5477825440175 2740.372314453125 52.34856554341413
4762.94794362269 2728.59423828125 52.23594775900261
4764.348104701363 2737.091796875 52.31722275575224
4765.748265780037 2744.965576171875 52.39241907157824
4767.148426858709 2740.115234375 52.34611002142375
4768.548587937382 2731.17138671875 52.260610278858685
4769.948749016055 2712.974853515625 52.086225180134
4771.348910094728 2718.3583984375 52.13787872974408
4772.749071173401 2710.56689453125 52.063104925957404
4774.149232252074 2702.5673828125 51.98622300968306
4775.549393330746 2701.07763671875 51.97189275674641
4776.949554409419 2678.845947265625 51.7575689852762
4778.349715488092 2658.47998046875 51.56044976984539
4779.749876566765 2662.7490234375 51.6018315899494
4781.150037645438 2669.660400390625 51.668756520654
4782.5501987241105 2659.0185546875 51.56567225090254
4783.950359802784 2645.1279296875 51.430807204315784
4785.350520881457 2640.265625 51.38351510942007
4786.7506819601285 2629.60498046875 51.27967414550086
4788.150843038802 2631.05712890625 51.293831294866735
4789.551004117477 2622.7734375 51.21302019506368
4790.951165196148 2608.8037109375 51.07644967044499
4792.351326274821 2601.751708984375 51.00736916352749
4793.751487353495 2600.943603515625 50.999447090293295
4795.151648432166 2602.92578125 51.018876714898376
4796.55180951084 2592.6416015625 50.917988977987925
4797.951970589513 2564.364501953125 50.63955471716872
4799.3521316681845 2550.263427734375 50.5001329476901
4800.752292746858 2547.442626953125 50.47219657349108
4802.152453825533 2522.48974609375 50.22439393455883
4803.552614904204 2496.40185546875 49.964005598718266
4804.952775982877 2523.6015625 50.235461205208416
4806.352937061551 2520.270263671875 50.20229341047951
4807.753098140222 2513.465087890625 50.1344700569441
4809.153259218896 2511.49658203125 50.114833951947304
4810.553420297569 2496.5947265625 49.965935661833655
4811.95358137624 2499.5224609375 49.99522438130966
4813.353742454914 2488.92041015625 49.88908107147545
4814.7539035335885 2475.762939453125 49.757039094515314
4816.15406461226 2465.026611328125 49.64903434436691
4817.554225690933 2456.949462890625 49.56762514878663
4818.954386769606 2445.838134765625 49.455415626254975
4820.354547848279 2425.213134765625 49.2464530171019
4821.754708926952 2404.072021484375 49.03133713743054
4823.154870005625 2401.595947265625 49.00608071725003
4824.555031084297 2409.7587890625 49.08929403711669
4825.955192162971 2398.983642578125 48.97942060271972
4827.3553532416445 2379.846435546875 48.7836697630147
4828.755514320316 2380.253662109375 48.78784338448847
4830.155675398989 2369.033447265625 48.672717689334185
4831.5558364776625 2344.539306640625 48.42044306530688
4832.955997556335 2336.68603515625 48.33928045757663
4834.356158635008 2331.12646484375 48.28174049103605
4835.7563197136815 2302.404296875 47.98337521345284
4837.156480792353 2271.8720703125 47.66415917974952
4838.556641871027 2264.872314453125 47.590674658520285
4839.9568029496995 2229.318359375 47.215657989431854
4841.356964028372 2204.427978515625 46.95133628040447
4842.757125107045 2179.549072265625 46.685640964493835
4844.157286185719 2143.898193359375 46.302248253830776
4845.557447264391 2106.9619140625 45.9016548074522
4846.957608343064 2061.156982421875 45.39996676674858
4848.357769421737 2018.0584716796875 44.922805696880594
4849.757930500409 1958.5330810546875 44.255316980614744
4851.158091579084 1886.2603759765625 43.43109917992593
4852.5582526577555 1795.3115234375 42.371116617779855
4853.958413736428 1668.31640625 40.84502914982434
4855.358574815101 1475.8121337890625 38.416300365717966
4856.7587358937735 1197.8819580078125 34.61043134674592
4858.158896972447 1010.7357788085938 31.792071005340212
4859.559058051121 1135.590087890625 33.698517591885626
4860.959219129793 1432.752197265625 37.851713267243596
4862.359380208465 1645.72509765625 40.56753748573174
4863.75954128714 1744.678466796875 41.76934841240494
4865.159702365811 1818.8153076171875 42.64757094627064
4866.559863444484 1865.1810302734373 43.18774166674425
4867.960024523157 1889.64501953125 43.47004738358644
4869.3601856018295 1930.370361328125 43.935980259101136
4870.760346680503 1972.522705078125 44.4130915955884
4872.160507759176 1985.57470703125 44.55978800478353
4873.5606688378475 1992.4842529296875 44.637251852345116
4874.960829916521 2004.2686767578125 44.769059368695835
4876.360990995195 2021.585693359375 44.96204725498357
4877.761152073867 2029.05029296875 45.044980774429796
4879.16131315254 2029.222900390625 45.04689667880158
4880.561474231214 2035.55859375 45.117165178565905
4881.961635309885 2046.781494140625 45.24136927791449
4883.361796388559 2046.6546630859373 45.23996754072595
4884.761957467232 2026.389892578125 45.01544060184377
4886.162118545904 2014.3328857421875 44.88132000891002
4887.562279624578 2007.826416015625 44.8087761048617
4888.962440703251 2015.6361083984373 44.895836203354506
4890.362601781923 2037.358642578125 45.13710937330973
4891.762762860596 2037.8115234375 45.142125818768214
4893.16292393927 2041.2559814453125 45.18026097141663
4894.563085017942 2028.5108642578125 45.0389927091827
4895.963246096615 2012.2930908203125 44.85858993348222
4897.363407175288 2010.05322265625 44.83361710431414
4898.76356825396 2014.0028076171875 44.877642625445326
4900.163729332634 2009.835693359375 44.831191076742265
4901.563890411307 2004.8819580078125 44.77590823208182
4902.964051489979 2005.2073974609373 44.77954217565134
4904.364212568652 1998.401123046875 44.703479988104675
4905.7643736473265 1986.612548828125 44.57143198090146
4907.164534725998 1971.826904296875 44.40525761998094
4908.564695804671 1962.2650146484373 44.29746058916287
4909.9648568833445 1968.135986328125 44.36367868344695
4911.365017962016 1958.2901611328125 44.25257236740947
4912.76517904069 1937.7996826171875 44.020446188301946
4914.165340119363 1917.6688232421875 43.79119572747686
4915.565501198035 1900.1217041015625 43.59038545484041
4916.965662276708 1880.9749755859373 43.37020838762407
4918.365823355382 1865.578857421875 43.192347208989176
4919.765984434054 1873.0166015625 43.27836181699234
4921.166145512727 1897.860107421875 43.56443626884061
4922.5663065914005 1911.150146484375 43.716703289296355
4923.966467670073 1914.303466796875 43.75275381958117
4925.366628748746 1910.609619140625 43.71052069171248
4926.7667898274185 1894.591064453125 43.526900469171075
4928.16695090609 1875.2633056640625 43.30431047440962
4929.567111984765 1868.306640625 43.22391283334955
4930.967273063438 1869.404052734375 43.23660547191899
4932.36743414211 1872.43701171875 43.27166522932472
4933.767595220783 1867.474609375 43.214287097845315
4935.167756299456 1858.6705322265625 43.11230140257607
4936.567917378129 1854.8153076171875 43.06756677149509
4937.968078456802 1844.417236328125 42.94667899067546
4939.3682395354745 1832.8665771484373 42.81199104396381
4940.768400614147 1833.47509765625 42.819097347518316
4942.168561692821 1839.13671875 42.88515732453362
4943.5687227714925 1836.2769775390625 42.85180250046738
4944.968883850166 1823.630615234375 42.70398828252901
4946.369044928839 1815.9017333984373 42.61339851969609
4947.769206007512 1788.1727294921875 42.28679143056597
4949.169367086185 1773.0477294921875 42.10757330329293
4950.569528164858 1770.52685546875 42.077628919281445
