3902.92713431747 86.99555206298828 9.327140615589983
3904.328185083635 85.22348022460938 9.231656418249619
3905.729235849801 88.11344146728516 9.386876022792949
3907.1302866159663 95.13153076171876 9.753539396635396
3908.531337382131 102.12653350830078 10.105767338915971
3909.932388148297 107.57170104980469 10.371677831952008
3911.3334389144616 110.07361602783205 10.491597401150697
3912.734489680626 107.92699432373048 10.388791764383887
3914.1355404467918 103.72391510009766 10.184493855862335
3915.5365912129573 101.10688018798828 10.055191703194339
3916.9376419791215 101.2092514038086 10.060280880959965
3918.338692745288 98.09848022460938 9.904467690118908
3919.739743511453 95.71805572509766 9.783560483029563
3921.1407942776177 100.0487289428711 10.002436150402115
3922.541845043784 103.8912582397461 10.19270612937242
3923.942895809949 101.14645385742188 10.05715933340135
3925.343946576114 94.23464965820312 9.707453304456484
3926.7449973422804 83.1673355102539 9.119612684223705
3928.146048108445 70.817626953125 8.415320965544035
3929.547098874609 57.93209457397461 7.6113135905686224
3930.9481496407752 43.92646789550781 6.627704572135651
3932.34920040694 36.05140686035156 6.004282376800042
3933.7502511731054 35.91427993774414 5.992852404134791
3935.1513019392714 41.78323745727539 6.463995471631721
3936.5523527054356 57.64502716064453 7.592432229572058
3937.953403471601 75.78829193115234 8.7056471287982
3939.3544542377667 86.38832092285156 9.294531775342508
3940.755505003932 93.9832763671875 9.694497220959295
3942.156555770097 98.0393295288086 9.90148117853125
3943.557606536263 103.28760528564452 10.163050983127286
3944.958657302428 105.63510131835938 10.277893817235094
3946.359708068593 103.20955657958984 10.159210430913904
3947.7607588347582 105.50556182861328 10.271590034099555
3949.161809600923 106.8813018798828 10.338341350520537
3950.562860367088 105.07887268066406 10.250798636236304
3951.963911133254 104.72563934326172 10.233554580069514
3953.364961899419 105.75650787353516 10.283798319372815
3954.766012665584 107.42676544189452 10.364688390969336
3956.1670634317493 110.7942123413086 10.525882972050782
3957.568114197915 114.4525375366211 10.698249274372937
3958.9691649640795 109.7571258544922 10.476503512837295
3960.3702157302455 97.8479232788086 9.891810920089839
3961.7712664964106 90.25853729248048 9.500449320557449
3963.172317262576 83.03813171386719 9.112526088515038
3964.573368028741 65.48587799072266 8.092334520441097
3965.9744187949054 45.991416931152344 6.781697201376094
3967.375469561072 37.377845764160156 6.113742369789567
3968.776520327237 43.34205627441406 6.583468407641527
3970.177571093402 53.93639755249024 7.344140354901331
3971.578621859567 64.06546020507811 8.004090217200085
3972.979672625733 78.07489776611328 8.836000099938506
3974.3807233918983 87.4247817993164 9.350122020557615
3975.781774158063 96.14772033691406 9.805494395333367
3977.182824924229 110.8658218383789 10.529284013568011
3978.5838756903936 118.64354705810548 10.892361867754188
3979.9849264565587 116.95523071289062 10.81458416735894
3981.385977222724 118.04161834716795 10.864695962021576
3982.7870279888893 120.2626495361328 10.966432853764838
3984.1880787550544 118.90502166748048 10.904357920917695
3985.58912952122 123.3280258178711 11.105315205696375
3986.990180287385 128.45065307617188 11.333607240246677
3988.3912310535497 127.37845611572266 11.286206453708113
3989.792281819716 131.97793579101562 11.488165031501577
3991.193332585881 138.95295715332028 11.787830892633313
3992.594383352046 143.35092163085938 11.972924522891613
3993.9954341182124 136.47792053222656 11.682376493343577
3995.3964848843766 121.9003677368164 11.040849955361969
3996.7975356505412 121.8754425048828 11.039721124416268
3998.1985864167073 131.43412780761722 11.464472417325501
3999.599637182872 129.99658203125 11.401604362161056
4001.0006879490375 129.72238159179688 11.389573371807957
4002.4017387152035 130.80538940429688 11.43701837911861
4003.8027894813677 124.25145721435548 11.146813769609478
4005.2038402475328 125.0087661743164 11.180731915859374
4006.6048910136988 133.90533447265622 11.571747252366698
4008.005941779864 137.77920532226562 11.737938716924093
4009.406992546029 140.15298461914062 11.838622581159543
4010.808043312194 142.36276245117188 11.931586753285243
4012.20909407836 142.11105346679688 11.921034077075566
4013.610144844525 145.7886199951172 12.074295838479244
4015.01119561069 150.96487426757812 12.286776398534244
4016.4122463768563 153.84190368652344 12.403302128325482
4017.8132971430214 152.22515869140625 12.337956017566533
4019.214347909186 150.82862854003906 12.281230742073005
4020.615398675351 150.35169982910156 12.26179839293982
4022.016449441516 145.09637451171875 12.045595647858962
4023.4175002076813 148.7109375 12.194709406131825
4024.818550973847 152.326904296875 12.342078605197546
4026.2196017400124 149.0923309326172 12.21033705237563
4027.6206525061775 145.4578094482422 12.060589100381547
4029.021703272343 138.41583251953122 11.765025818906274
4030.422754038508 134.00334167480472 11.575981240257981
4031.823804804673 134.57589721679688 11.600685204624634
4033.224855570839 137.87788391113278 11.742141368214435
4034.625906337004 146.47361755371094 12.102628539028657
4036.026957103169 155.38421630859375 12.4653205457619
4037.428007869334 155.9806671142578 12.489222037991711
4038.829058635499 154.091552734375 12.413361862701619
4040.2301094016652 160.1547088623047 12.65522456783382
4041.6311601678294 159.6533966064453 12.635402510662068
4043.032210933995 154.58724975585938 12.433312099189797
4044.433261700161 160.95172119140625 12.686674946234188
4045.8343124663256 166.52908325195312 12.904614804478014
4047.2353632324903 160.03945922851562 12.6506703074784
4048.636413998656 155.40748596191406 12.466253886469426
4050.0374647648214 151.8094940185547 12.321099545842275
4051.4385155309865 149.5010528564453 12.227062315063472
4052.839566297152 152.81710815429688 12.361921701511333
4054.240617063317 150.00112915039062 12.247494811200804
4055.6416678294813 150.23533630371094 12.25705251288869
4057.0427185956482 158.8237762451172 12.602530549263397
4058.443769361813 162.02679443359375 12.728974602598347
4059.844820127978 154.77069091796875 12.440686915036837
4061.245870894143 147.57015991210938 12.147845895964823
4062.6469216603086 151.94879150390625 12.326751052240256
4064.0479724264733 158.28895568847656 12.581293879743711
4065.4490231926393 163.16571044921875 12.773633408283594
4066.850073958805 164.58831787109375 12.829197865458843
4068.2511247249695 157.92283630371094 12.566735308094579
4069.652175491135 154.13197326660156 12.414989861719645
4071.0532262572997 159.43138122558594 12.626614004775229
4072.454277023465 157.71920776367188 12.558630807682494
4073.855327789631 147.0888214111328 12.12801803309728
4075.256378555796 141.2581329345703 11.885206474208612
4076.657429321961 142.60662841796875 11.94180172411051
4078.058480088126 146.56480407714844 12.10639517268243
4079.459530854292 150.11207580566406 12.252023335174647
4080.860581620457 155.82139587402344 12.482844061912472
4082.2616323866223 153.7040557861328 12.397743979697792
4083.662683152787 150.1197052001953 12.25233468365092
4085.0637339189534 158.4936981201172 12.589428029903392
4086.4647846851176 163.27291870117188 12.777829185787853
4087.865835451283 163.2454376220703 12.776753798288135
4089.2668862174482 160.26731872558594 12.6596729312248
4090.667936983614 157.31088256835938 12.542363516034742
4092.068987749779 157.52230834960938 12.550789152464054
4093.470038515944 152.0290985107422 12.330008049905814
4094.8710892821086 143.3783416748047 11.97406955361479
4096.272140048274 136.96197509765622 11.703075454668154
4097.673190814439 124.0063934326172 11.135815795558814
4099.074241580605 109.87361145019531 10.482061412250708
4100.47529234677 108.4656753540039 10.414685561936276
4101.8763431129355 116.75738525390624 10.805433135876887
4103.277393879101 129.81025695800778 11.393430429769946
4104.678444645266 143.81063842773438 11.992107338901464
4106.079495411432 147.51651000976562 12.145637488817359
4107.480546177597 146.57102966308594 12.106652289674711
4108.881596943762 154.4949188232422 12.429598498070732
4110.282647709927 163.39874267578125 12.782751764615522
4111.683698476092 165.54859924316406 12.866569054847686
4113.084749242257 169.6733856201172 13.025873698916214
4114.485800008423 175.36795043945312 13.242656472152902
4115.886850774588 173.38865661621094 13.167712656957963
4117.287901540753 167.8438720703125 12.955457231233195
4118.6889523069185 168.54554748535156 12.98250929078626
4120.0900030730845 169.20384216308594 13.007837720508583
4121.49105383925 171.72027587890625 13.104208327056856
4122.892104605415 177.01637268066406 13.304750004440672
4124.29315537158 175.55429077148438 13.249690214170457
4125.694206137745 172.14247131347656 13.120307592182302
4127.09525690391 175.02545166015625 13.229718502680102
4128.496307670075 172.1482391357422 13.12052739548766
4129.897358436239 163.65235900878906 12.792668173949837
4131.298409202406 165.500244140625 12.86468981905996
4132.699459968571 175.79124450683594 13.258629058346717
4134.1005107347355 183.4730224609375 13.545221388406226
4135.5015615009015 190.97723388671875 13.819451287468643
4136.9026122670675 198.09629821777344 14.074668671687212
4138.303663033232 201.7307586669922 14.203195368190645
4139.704713799399 197.5666656494141 14.05584097979961
4141.105764565563 187.8372802734375 13.705374138396861
4142.506815331728 191.6780242919922 13.844783288011127
4143.907866097893 199.65936279296875 14.130087147394695
4145.308916864058 193.12564086914062 13.896965167587513
4146.709967630223 185.5356292724609 13.621146400815935
4148.111018396389 190.2333984375 13.792512404834008
4149.512069162553 195.5708770751953 13.984665783464234
4150.9131199287185 188.30181884765625 13.722310987864116
4152.314170694885 180.90675354003903 13.450158123235543
4153.71522146105 178.2093505859375 13.349507503497554
4155.116272227215 177.1581268310547 13.310076139190741
4156.517322993381 182.1821136474609 13.497485456464137
4157.918373759546 188.9339599609375 13.74532502201885
4159.319424525711 194.45947265625 13.94487262961731
4160.720475291876 202.79977416992188 14.24077856614314
4162.121526058041 207.45489501953125 14.403294589069935
4163.522576824206 204.5164031982422 14.30092315895174
4164.923627590371 203.8115997314453 14.276260005037921
4166.324678356536 206.95220947265625 14.385833638432507
4167.725729122702 203.05572509765625 14.24976228214549
4169.1267798888675 184.07107543945312 13.567279588755188
4170.527830655033 168.40567016601562 12.977121027639976
4171.928881421198 171.83863830566406 13.108723748163436
4173.329932187364 177.12567138671875 13.308856877535304
4174.730982953529 174.23297119140625 13.199733754565138
4176.132033719694 172.89773559570312 13.149058353954596
4177.533084485859 179.29306030273438 13.390035858903977
4178.934135252024 185.18125915527344 13.608132096480892
4180.335186018189 185.57981872558597 13.622768394331086
4181.736236784355 190.2753448486328 13.794032943582264
4183.13728755052 193.5723114013672 13.913026680106928
4184.538338316685 188.8739776611328 13.743142932427531
4185.9393890828505 190.5041961669922 13.802325752096717
4187.340439849017 196.2742156982422 14.009789994794433
4188.741490615182 195.9197540283203 13.997133779039205
4190.142541381347 208.1363220214844 14.42693044349644
4191.543592147512 214.03585815429688 14.62996439347331
4192.944642913677 208.25909423828125 14.431184782902658
4194.345693679842 202.172607421875 14.218741414832573
4195.746744446007 191.1383209228516 13.825278330755284
4197.147795212172 191.75424194335938 13.847535590976445
4198.548845978336 194.5398101806641 13.947752872081727
4199.949896744503 190.33628845214844 13.7962418234876
4201.3509475106675 188.3511657714844 13.724108924497955
4202.7519982768345 192.66766357421875 13.880477786236998
4204.153049043 202.19749450683597 14.219616538670653
4205.554099809164 206.59034729003903 14.373251103700897
4206.95515057533 207.1240997314453 14.391806687537368
4208.356201341495 210.81602478027344 14.519504977108326
4209.75725210766 218.96658325195312 14.797519496589729
4211.158302873825 223.00538635253903 14.933364870401414
4212.559353639989 212.5409240722656 14.578783353636393
4213.960404406154 202.8433532714844 14.242308565379576
4215.36145517232 204.63999938964844 14.305243772464992
4216.762505938485 211.5401153564453 14.544418701221623
4218.163556704652 216.2144317626953 14.704231763771112
4219.5646074708175 215.57862854003903 14.68259611036274
4220.965658236982 213.3110656738281 14.605172565698362
4222.366709003147 204.0048065185547 14.283025117899733
4223.767759769313 188.0736541748047 13.713994829181054
4225.168810535478 182.75515747070312 13.518696589194652
4226.569861301643 197.79833984375 14.064079772375795
4227.970912067808 219.1217041015625 14.802760016347037
4229.371962833973 222.9413299560547 14.931219975476038
4230.773013600138 214.45042419433597 14.644125927973167
4232.174064366303 208.96083068847656 14.45547753235695
4233.575115132468 210.36085510253903 14.503822086006814
4234.9761658986345 213.0244903564453 14.595358520997191
4236.3772166648 207.691650390625 14.411511037730396
4237.778267430965 207.8096466064453 14.41560427475884
4239.17931819713 209.33981323242188 14.468580207899526
4240.580368963296 211.2033233642578 14.532836039956475
4241.981419729461 217.1309051513672 14.735362403122876
4243.382470495626 212.8199462890625 14.588349676679076
4244.783521261791 209.6322784423828 14.47868358803323
4246.184572027956 211.7245635986328 14.550758179511911
4247.585622794121 210.0361785888672 14.49262497233911
4248.986673560286 213.48910522460938 14.6112663799073
4250.387724326452 223.19590759277344 14.939742554434245
4251.7887750926175 223.75958251953125 14.958595606524405
4253.189825858783 220.0473175048828 14.833991961197862
4254.590876624948 225.78338623046875 15.026090184424847
4255.991927391114 228.2352294921875 15.107456089368174
4257.392978157279 219.697021484375 14.822180051678464
4258.794028923444 215.28131103515625 14.672467789542297
4260.195079689609 220.9852600097656 14.865572979531116
4261.596130455774 231.50054931640625 15.215142106349393
4262.997181221939 239.56776428222656 15.477976750280591
4264.398231988104 240.232421875 15.499432953337358
4265.7992827542685 235.34942626953125 15.341102511538447
4267.200333520435 228.49615478515625 15.116089268893468
4268.601384286601 221.3551025390625 14.878007344367811
4270.0024350527665 217.0775909423828 14.733553235468449
4271.403485818932 217.79248046875 14.75779388895068
4272.804536585096 223.58688354492188 14.952821925807914
4274.205587351262 231.52175903320312 15.215839084099278
4275.606638117427 235.5268859863281 15.346885220992828
4277.007688883592 239.1594390869141 15.464780602611668
4278.408739649757 242.03109741210938 15.55734866267737
4279.809790415922 237.44354248046875 15.40920317474167
4281.210841182086 233.0181121826172 15.26493079521218
4282.611891948252 238.0802459716797 15.42984918823511
4284.0129427144175 237.80670166015625 15.420982512802363
4285.413993480584 223.1259002685547 14.93739938103533
4286.8150442467495 205.52456665039062 14.336128021554169
4288.216095012914 200.36740112304688 14.155119254992057
4289.617145779079 211.48193359375 14.54241842314235
4291.018196545245 223.1542053222656 14.938346806868074
4292.41924731141 225.75669860839844 15.025202115392606
4293.820298077575 226.2978820800781 15.043200526486313
4295.221348843739 223.42828369140625 14.947517643120754
4296.622399609905 211.72869873046875 14.550900272164219
4298.02345037607 197.71609497070312 14.061155534688574
4299.424501142235 187.88926696777344 13.707270587822123
4300.8255519084005 186.6514587402344 13.662044456823963
4302.226602674567 196.1963195800781 14.007009658741515
4303.627653440732 204.3458251953125 14.294958034052163
4305.028704206897 201.563232421875 14.197296658937399
4306.429754973062 199.5700225830078 14.126925446926087
4307.830805739228 203.3781280517578 14.261070368375503
4309.231856505393 213.1708984375 14.600373229390405
4310.632907271558 219.36505126953125 14.810977390757548
4312.033958037723 215.9090118408203 14.693842650607781
4313.435008803888 219.4975891113281 14.815451026253912
4314.836059570053 232.83981323242188 15.259089528291716
4316.237110336218 242.0196990966797 15.556982326167233
4317.638161102384 243.8098907470703 15.614412917143902
4319.0392118685495 247.8487701416016 15.743213463000544
4320.440262634715 253.7613067626953 15.929887217513352
4321.84131340088 245.5156097412109 15.668937734933115
4323.242364167046 227.057373046875 15.068423044462051
4324.643414933211 220.39303588867188 14.845640299046448
4326.044465699376 230.694580078125 15.188633252472883
4327.445516465541 240.4028778076172 15.504930757911085
4328.846567231706 237.46365356445312 15.409855728216703
4330.247617997871 236.81918334960938 15.38893054599992
4331.648668764036 241.3578948974609 15.535697438398474
4333.0497195302005 237.78878784179688 15.420401675760488
4334.450770296367 221.7667388916016 14.891834638203635
4335.8518210625325 198.97683715820312 14.10591497061439
4337.2528718286985 177.4992218017578 13.322883389182607
4338.653922594864 155.91017150878906 12.486399461365517
4340.054973361028 153.32330322265625 12.382378738459595
4341.456024127193 167.05723571777344 12.925062310015122
4342.857074893359 177.75851440429688 13.332610937258195
4344.258125659524 197.5379638671875 14.054819951432586
4345.659176425689 225.42672729492188 15.01421750524888
4347.060227191854 241.25718688964844 15.532455919449713
4348.461277958018 237.0595703125 15.396738950586258
4349.862328724184 229.521240234375 15.149958423519683
4351.2633794903495 233.51194763183597 15.281097723391339
4352.664430256516 239.54319763183597 15.47718312975058
4354.0654810226815 247.8990631103516 15.744810672420027
4355.466531788846 258.16445922851557 16.067496980815513
4356.867582555011 266.45968627929693 16.323592934133618
4358.268633321176 274.1990966796875 16.558958200312226
4359.669684087342 278.27999877929693 16.68172649276138
4361.070734853507 281.8475646972656 16.788316315142076
4362.471785619672 289.5630187988281 17.016551319195912
4363.872836385837 294.919921875 17.173232714751176
4365.273887152002 286.41864013671875 16.92390735429377
4366.674937918167 269.685546875 16.42210543368298
4368.0759886843325 265.61972045898443 16.29784404327715
4369.4770394504985 271.99188232421875 16.492176397438232
4370.878090216664 274.34695434570307 16.563422180989743
4372.279140982829 264.57733154296875 16.265833256952092
4373.680191748994 255.1188507080078 15.972440349176697
4375.081242515159 265.85400390625 16.30503001856329
4376.482293281325 278.7890014648437 16.69697581793912
4377.88334404749 279.18966674804693 16.708969649504034
4379.284394813655 285.0654602050781 16.883881668771494
4380.68544557982 288.14923095703125 16.97495893830177
4382.086496345985 268.59939575195307 16.38900228055244
4383.48754711215 250.88949584960938 15.83949165376242
4384.888597878316 257.822265625 16.056844821601782
4386.2896486444815 264.67074584960943 16.26870449204882
4387.690699410647 262.39999389648443 16.1987651966588
4389.091750176812 268.80715942382807 16.395339564151396
4390.492800942978 280.73403930664057 16.755119793861237
4391.893851709142 281.7212829589844 16.784554893085023
4393.294902475308 268.43051147460943 16.383849104365233
4394.695953241473 264.57388305664057 16.26572725262048
4396.097004007638 276.67849731445307 16.63365556077356
4397.498054773803 280.30014038085943 16.74216653784269
4398.899105539968 272.1717529296875 16.497628706262226
4400.3001563061325 276.45849609375 16.627041110605038
4401.701207072299 283.8087158203125 16.846623276500026
4403.1022578384645 284.665283203125 16.872026647771897
4404.50330860463 289.1135559082031 17.003339551635236
4405.904359370796 290.59063720703125 17.046719250548808
4407.305410136961 287.4035339355469 16.952980090106486
4408.706460903125 288.9764404296875 16.999307057338765
4410.107511669291 299.0531311035156 17.29315272307267
4411.508562435456 304.7602233886719 17.457383062437277
4412.909613201621 294.6575927734375 17.165593283467878
4414.310663967786 280.03372192382807 16.734208135547618
4415.71171473395 272.34933471679693 16.50300986840876
4417.1127655001155 280.08175659179693 16.73564329781789
4418.5138162662815 298.46270751953125 17.276073266791016
4419.9148670324485 306.0291748046875 17.49368957094779
4421.315917798614 299.3180847167969 17.300811677976178
4422.716968564778 300.2958984375 17.32904782258679
4424.118019330943 306.2441101074219 17.49983171654579
4425.519070097108 303.33892822265625 17.416627923414342
4426.920120863274 300.2843933105469 17.32871585867074
4428.321171629439 302.1004638671875 17.381037479597918
4429.722222395604 299.9679260253906 17.31958215504608
4431.123273161769 299.4061584472656 17.303356854878352
4432.524323927934 296.0126953125 17.205019480154622
4433.925374694099 286.98095703125 16.940512301322237
4435.3264254602645 292.3978271484375 17.099644064963385
4436.7274762264315 313.05084228515625 17.69324284254179
4438.128526992596 319.7114562988281 17.88047695948931
4439.529577758761 315.2036437988281 17.75397543647135
4440.930628524926 303.25067138671875 17.414094044385966
4442.331679291091 283.8153076171875 16.846818916851557
4443.732730057257 283.0666198730469 16.82458379494265
4445.133780823422 304.6634826660156 17.454612074349164
4446.534831589587 318.8199768066406 17.855530706384524
4447.935882355752 314.17083740234375 17.724864947365432
4449.336933121917 306.9892272949219 17.52110804986151
4450.737983888082 309.1063232421875 17.581419830098692
4452.139034654249 310.77685546875 17.628864270529455
4453.540085420414 293.5771789550781 17.134094051191564
4454.941136186579 289.5738525390625 17.0168696457093
4456.342186952744 300.4134216308594 17.332438421377972
4457.743237718909 299.5980224609375 17.30890009390942
4459.144288485074 297.0420837402344 17.234908869507677
4460.54533925124 294.6670227050781 17.165867956648103
4461.946390017405 303.733642578125 17.42795577737461
4463.34744078357 312.3073425292969 17.672219513385887
4464.748491549735 313.6540222167969 17.710280128128886
4466.1495423159 315.7825012207031 17.77027015047051
4467.5505930820655 304.02227783203125 17.436234623106884
4468.9516438482315 299.7255554199219 17.312583730336783
4470.352694614397 311.5532531738281 17.650871173226214
4471.753745380563 321.7558898925781 17.937555293087687
4473.154796146728 332.93096923828125 18.24639606164136
4474.555846912892 345.1265869140625 18.577582913664052
4475.956897679057 346.54510498046875 18.61572198386269
4477.357948445223 347.00970458984375 18.628196493215434
4478.758999211388 335.19696044921875 18.308384976540633
4480.160049977553 308.3709411621094 17.560493761910834
4481.561100743718 299.7646484375 17.31371272828275
4482.9621515098825 314.77508544921875 17.741901968199993
4484.363202276049 333.9945373535156 18.275517430527533
4485.764253042215 343.9140625 18.544920126546785
4487.16530380838 335.5281982421875 18.31742881089449
4488.566354574546 318.8462829589844 17.85626732995965
4489.967405340711 316.3219299316406 17.785441516353778
4491.368456106875 324.6140441894531 18.017048709193553
4492.76950687304 331.5350646972656 18.20810436858449
4494.170557639205 334.3731689453125 18.28587348051256
4495.571608405371 336.1291809082031 18.333826139357903
4496.972659171536 343.2136535644531 18.52602638356248
4498.3737099377 353.06878662109375 18.79012471009955
4499.774760703866 351.2716979980469 18.742243675666124
4501.1758114700315 347.9739990234375 18.65406119383759
4502.5768622361975 354.4171447753906 18.825969955765643
4503.9779130023635 363.4761352539063 19.065050098384383
4505.378963768528 369.9705810546875 19.234619337400144
4506.780014534693 368.27740478515625 19.190555093200306
4508.181065300858 364.44073486328125 19.090330925976147
4509.582116067023 362.2535400390625 19.0329593085012
4510.983166833188 367.43463134765625 19.16858448993186
4512.384217599354 375.9227600097656 19.388727653194927
4513.785268365519 364.9467468261719 19.103579424447446
4515.186319131684 354.5318908691406 18.829017257125784
4516.587369897849 356.40911865234375 18.878800773681142
4517.9884206640145 356.8458557128906 18.890364096885232
4519.389471430181 355.4475402832031 18.853316426645026
4520.790522196346 354.09075927734375 18.81729946823783
4522.191572962511 354.9598388671875 18.84037788546683
4523.592623728676 353.19989013671875 18.79361301444506
4524.993674494841 356.0202331542969 18.868498434011563
4526.394725261006 357.6411437988281 18.911402481012033
4527.795776027171 342.6112060546875 18.509759751403784
4529.196826793337 329.9838562011719 18.1654577757119
4530.597877559502 331.9924621582031 18.220660310707817
4531.998928325667 334.8735656738281 18.299550969185777
4533.399979091832 329.4461364746094 18.15065113087157
4534.801029857998 327.68792724609375 18.102152558358735
4536.2020806241635 346.5799560546875 18.61665802593708
4537.603131390329 374.8387451171875 19.36075270017123
4539.004182156494 383.75335693359375 19.589623705768158
4540.40523292266 373.7391357421875 19.332333944513465
4541.806283688824 371.8332824707031 19.282979087026547
4543.207334454989 379.18658447265625 19.472713844573803
4544.608385221154 370.9903259277344 19.261109156217728
4546.00943598732 364.7502136230469 19.09843484746975
4547.410486753485 363.2250061035156 19.058462847342007
4548.81153751965 348.248779296875 18.661424899960746
4550.2125882858145 338.66558837890625 18.402869025749933
4551.613639051981 349.856201171875 18.70444335370275
4553.014689818146 356.5198974609375 18.881734492915037
4554.4157405843125 346.3585510253906 18.61071065342188
4555.816791350478 344.19976806640625 18.55262159551599
4557.217842116642 354.3759460449219 18.824875724554516
4558.618892882807 362.14825439453125 19.03019323061464
4560.019943648972 373.214111328125 19.31875025274992
4561.420994415137 386.745361328125 19.66584250237261
4562.822045181303 384.7159118652344 19.614176298413206
4564.223095947468 367.73272705078125 19.17635854511438
4565.624146713632 358.85821533203125 18.943553397713725
4567.025197479798 372.2700500488281 19.294300973314066
4568.4262482459635 391.24359130859375 19.779878445243128
4569.82729901213 394.00927734375 19.84966693281653
4571.2283497782955 381.7474060058594 19.538357300598722
4572.629400544461 374.3182373046875 19.347305685926592
4574.030451310625 380.59844970703125 19.508932561958158
4575.43150207679 384.8126831054688 19.6166430131526
4576.832552842955 385.2264099121094 19.627185481166407
4578.23360360912 389.47796630859375 19.735196130482052
4579.634654375286 385.85675048828125 19.643236762007458
4581.035705141451 372.5645751953125 19.301931903188148
4582.436755907616 364.501220703125 19.09191506117511
4583.837806673781 354.14794921875 18.818819017641623
4585.2388574399465 353.5970764160156 18.80417710020876
4586.639908206113 369.1675109863281 19.213732354395077
4588.040958972278 378.6828002929688 19.45977390138356
4589.442009738443 380.25927734375 19.50023787915804
4590.843060504608 382.9928894042969 19.570204122703903
4592.244111270773 375.5938415527344 19.380243588580985
4593.645162036938 374.7495422363281 19.35844885925337
4595.046212803103 388.50811767578125 19.710609266985667
4596.447263569269 391.89044189453125 19.79622291990397
4597.848314335434 389.2601623535156 19.729677198411423
4599.249365101599 394.1481628417969 19.853165058544114
4600.650415867764 394.1864013671875 19.854128068670946
4602.05146663393 388.8644714355469 19.719646838509732
4603.4525174000955 390.1383972167969 19.75192135506814
4604.853568166261 396.2525329589844 19.906092860201984
4606.254618932426 404.1997985839844 20.10472080343282
4607.655669698591 406.66259765625 20.165877061418627
4609.056720464756 408.4437255859375 20.20999073690875
4610.457771230921 412.5377197265625 20.311024585839153
4611.858821997086 412.7576599121094 20.316438169918204
4613.259872763252 413.64825439453125 20.338344435930157
4614.660923529417 409.4245300292969 20.23424152344972
4616.061974295582 403.9255676269531 20.097899582467644
4617.4630250617465 403.0021362304688 20.074913106423868
4618.864075827913 397.825439453125 19.945561898656177
4620.2651265940785 392.3553161621094 19.80796092893232
4621.666177360245 401.9520568847656 20.04874202748805
4623.06722812641 416.3839111328125 20.405487279964976
4624.468278892574 426.17999267578125 20.644127316885577
4625.869329658739 427.2812805175781 20.670783258444228
4627.270380424904 420.0667419433594 20.495529803919666
4628.671431191069 421.1116027832031 20.52100394189337
4630.072481957235 415.4666748046875 20.382999651785493
4631.4735327234 418.49847412109375 20.457235251154877
4632.874583489564 424.5442199707031 20.604470873349385
4634.2756342557295 407.28753662109375 20.181366074205524
4635.6766850218955 398.2291870117188 19.955680569996073
4637.0777357880625 408.9768371582031 20.22317574364133
4638.478786554228 415.4127197265625 20.381676077461403
4639.879837320392 413.7474670410156 20.34078334383943
4641.280888086557 417.976318359375 20.444469138605065
4642.681938852722 427.39825439453125 20.673612514375208
4644.082989618887 428.1909484863281 20.692775272696704
4645.484040385052 423.6910400390625 20.583756703747316
4646.885091151218 413.5467529296875 20.335848960141483
4648.286141917383 396.1172790527344 19.902695271061514
4649.687192683548 393.6394348144531 19.840348656574893
4651.088243449713 413.560791015625 20.33619411334444
4652.4892942158785 421.53125 20.53122621764224
4653.8903449820455 419.9486389160156 20.492648411467357
4655.291395748211 417.49224853515625 20.432627059072857
4656.692446514375 404.19183349609375 20.104522712466807
4658.09349728054 400.8279724121094 20.02068860983831
4659.494548046705 426.031494140625 20.64053037449922
4660.89559881287 447.8944396972656 21.16351671384663
4662.296649579035 446.86370849609375 21.139151082673443
4663.697700345201 436.9280090332031 20.9028229919598
4665.098751111366 427.10772705078125 20.66658479407716
4666.499801877531 414.2159423828125 20.352295752145814
4667.900852643696 387.7621154785156 19.69167629935338
4669.3019034098625 376.0685119628906 19.392485966551337
4670.702954176028 387.46783447265625 19.684202662862834
4672.104004942193 402.7618713378906 20.068928006694595
4673.505055708358 421.3745422363281 20.527409535455956
4674.906106474523 435.5273132324219 20.869291153089552
4676.307157240688 440.0643615722656 20.977711066087874
4677.708208006853 448.6568908691406 21.181522392621844
4679.109258773018 449.361328125 21.19814445004562
4680.510309539184 431.1172180175781 20.763362396721252
4681.911360305349 422.66302490234375 20.558770024063787
4683.312411071514 432.8614501953125 20.8053226409809
4684.71346183768 442.81048583984375 21.043062653517044
4686.1145126038455 445.4204406738281 21.104986156684117
4687.515563370011 446.2317810058594 21.1241989435306
4688.916614136177 448.1770324707031 21.17019207448773
4690.317664902341 446.50579833984375 21.130683811458724
4691.718715668506 436.6294860839844 20.895681039008622
4693.119766434671 431.5440368652344 20.773638026721134
4694.520817200836 440.1954956054688 20.980836389559613
4695.921867967001 449.2691955566406 21.19597121050698
4697.322918733167 448.9563903808594 21.188591042843303
4698.723969499332 446.9194946289063 21.140470539439427
4700.1250202654965 438.8988952636719 20.94991396793008
4701.526071031663 437.2524108886719 20.910581313982448
4702.927121797828 439.3590087890625 20.960892366239147
4704.3281725639945 423.16552734375 20.570987515035586
4705.72922333016 418.5592956542969 20.45872175025353
4707.130274096324 436.0265502929688 20.881248772354798
4708.531324862489 431.00762939453125 20.760723238715247
4709.932375628654 409.1729431152344 20.228023707600165
4711.333426394819 414.53790283203125 20.36020389956916
4712.734477160984 440.8218383789063 20.995757628123503
4714.13552792715 450.5196838378906 21.22544896669775
4715.536578693314 436.229248046875 20.886101791547294
4716.93762945948 434.625244140625 20.847667594736468
4718.3386802256455 453.7818298339844 21.302155520838365
4719.739730991811 461.7546691894531 21.48847759124534
4721.1407817579775 458.4110412597656 21.410535753683643
4722.541832524142 455.5089416503906 21.342655449835444
4723.942883290307 458.80609130859375 21.419759366262586
4725.343934056472 467.1935424804688 21.614660360053517
4726.744984822637 471.9186706542969 21.723689158480813
4728.146035588802 465.7017517089844 21.580123996608183
4729.547086354967 438.4682922363281 20.93963448191797
4730.948137121133 421.6974182128906 20.53527253807192
4732.349187887298 426.7533874511719 20.658010249081876
4733.750238653463 428.4952392578125 20.700126551734233
4735.1512894196285 433.6806335449219 20.825000205160187
4736.5523401857945 451.3561706542969 21.245144637170558
4737.9533909519605 445.9372253417969 21.1172257965339
4739.354441718125 438.7879638671875 20.94726626238344
4740.75549248429 453.93438720703125 21.305736016552707
4742.156543250455 459.6365051269531 21.439134896887822
4743.557594016621 457.2388305664063 21.383143608141584
4744.958644782785 462.42291259765625 21.504020847219625
4746.35969554895 460.154296875 21.45120735238462
4747.760746315116 457.17669677734375 21.381690690339333
4749.161797081281 460.5684814453125 21.46085928953714
4750.562847847446 458.4408874511719 21.411232740110314
4751.963898613612 466.49200439453125 21.598425970300042
4753.3649493797775 466.91387939453125 21.608190099925796
4754.766000145943 451.7047729492188 21.25334733516626
4756.167050912109 440.75384521484375 20.994138353713012
4757.568101678273 438.1249084472656 20.93143350196698
4758.969152444438 448.8562927246094 21.186228846224836
4760.370203210603 467.7352600097656 21.627187982023127
4761.771253976768 478.4105529785156 21.87259822194235
4763.172304742933 460.7345886230469 21.46472894361927
4764.573355509099 430.10845947265625 20.739056378549538
4765.974406275264 421.3199157714844 20.52607891857294
4767.3754570414285 427.0006408691406 20.66399382668173
4768.776507807594 444.4007568359375 21.08081489971243
4770.1775585737605 463.5503234863281 21.53021884436682
4771.578609339925 465.9051513671875 21.584836144089383
4772.979660106091 455.6059875488281 21.344928848530465
4774.380710872256 447.7998962402344 21.161282953550675
4775.781761638421 463.6415710449219 21.532337797947577
4777.182812404586 473.44146728515625 21.7587101475514
4778.583863170751 470.80157470703125 21.697962455194524
4779.984913936916 470.0207824707031 21.67996269532545
4781.385964703082 460.0299377441406 21.448308505430926
4782.787015469246 459.7467346191406 21.441705496978095
4784.188066235412 460.6719970703125 21.46327088470703
4785.5891170015775 462.6158142089844 21.50850562472866
4786.990167767743 463.8799133300781 21.537871606314262
4788.391218533908 451.0578002929688 21.238121392744905
4789.792269300074 446.6946716308594 21.13515251023421
4791.193320066239 449.8117980957031 21.208767010264957
4792.594370832404 458.5721740722656 21.414298355824446
4793.995421598569 468.339599609375 21.64115522816134
4795.396472364734 477.4059448242188 21.849621159741393
4796.797523130899 494.06396484375 22.22754968150448
4798.198573897065 494.9429931640625 22.247314291034378
4799.59962466323 478.177490234375 21.86726983951986
4801.000675429395 464.190673828125 21.54508467906601
4802.4017261955605 460.6441650390625 21.46262251075256
4803.8027769617265 468.513427734375 21.645171002659577
4805.203827727892 474.24609375 21.777192053843855
4806.604878494057 457.4635620117188 21.388397836484124
4808.005929260222 449.3879089355469 21.19877140155879
4809.406980026387 465.85845947265625 21.583754526788343
4810.808030792552 474.1452026367188 21.774875490728274
4812.209081558717 466.9908447265625 21.609970956171193
4813.610132324882 465.1062927246094 21.566323115557026
4815.011183091048 470.2593383789063 21.685463757524445
4816.412233857213 476.3842468261719 21.826228415055404
4817.813284623378 485.25970458984375 22.028611045407374
4819.214335389544 490.0360107421875 22.13675700598865
4820.6153861557095 486.5533142089844 22.057953536286732
4822.016436921874 487.3419494628906 22.07582273580966
4823.41748768804 489.9816589355469 22.13552933488483
4824.818538454205 458.6540222167969 21.416209333511777
4826.219589220371 429.9786376953125 20.735926256025135
4827.620639986535 455.9605102539063 21.3532318456459
4829.0216907527 473.44964599609375 21.75889808781901
4830.422741518864 458.9286804199219 21.422620764507826
4831.823792285031 457.3238525390625 21.385131576379475
4833.224843051196 463.5376586914063 21.529924725632608
4834.6258938173605 464.0174255371094 21.541063704866325
4836.026944583527 467.0957946777344 21.612399095836963
4837.427995349692 459.85040283203125 21.444122803976647
4838.829046115857 464.1929016113281 21.545136379501713
4840.230096882023 461.9602355957031 21.493260236541666
4841.631147648188 443.2215576171875 21.052827781967615
4843.032198414353 448.1294555664063 21.169068367937363
4844.433249180518 452.60821533203125 21.274590838181382
4845.834299946683 445.85546875 21.11528992815396
4847.235350712848 457.45794677734375 21.38826656784845
4848.636401479014 464.1813354492188 21.544867960821176
4850.037452245178 444.4250183105469 21.081390331535225
4851.438503011344 433.5581665039063 20.82205961243763
4852.8395537775095 444.1949462890625 21.075932868773865
4854.240604543675 439.5358581542969 20.965110497068622
4855.64165530984 419.94024658203125 20.49244364594011
4857.042706076005 401.548583984375 20.038677201461553
4858.443756842171 382.87774658203125 19.567262112570354
4859.844807608336 369.5555725097656 19.223828248030244
4861.245858374501 338.5934143066406 18.400907975060377
4862.646909140666 254.4814453125 15.952474582725403
4864.047959906831 225.8969573974609 15.02986884165863
4865.449010672997 298.5596618652344 17.278879068540135
4866.850061439162 350.2680969238281 18.715450753958027
4868.251112205327 377.3218383789063 19.424773830830215
4869.6521629714925 409.5123596191406 20.236411727851866
4871.053213737658 419.5574951171875 20.483102673110523
4872.454264503824 393.0059509277344 19.824377693328344
4873.855315269988 364.58538818359375 19.094119204184146
4875.256366036154 389.2262573242188 19.728817940368824
4876.657416802319 424.6671142578125 20.607452881368246
4878.058467568484 423.5480651855469 20.58028340877615
4879.459518334649 417.2984008789063 20.427882926992368
4880.860569100814 433.0849914550781 20.81069416081737
4882.26161986698 452.2729797363281 21.266710599816044
4883.662670633145 449.9634704589844 21.212342408583368
4885.06372139931 442.894775390625 21.045065345363625
4886.4647721654765 433.7876892089844 20.827570410611614
4887.865822931642 424.7541198730469 20.609563796282707
4889.266873697806 427.6250305175781 20.679096462794938
4890.667924463971 425.9189147949219 20.63780305155861
4892.068975230137 414.5179138183594 20.359713009233687
4893.470025996302 406.81048583984375 20.16954352085946
4894.871076762467 429.2778015136719 20.71902028363484
4896.272127528632 464.3534851074219 21.548862733504567
4897.673178294796 471.42474365234375 21.712317786278454
4899.074229060963 469.9205017089844 21.677649819779457
4900.475279827128 471.0799255371094 21.704375723275465
4901.876330593294 464.33917236328125 21.548530631188783
4903.2773813594595 456.8641662597656 21.37438107313907
4904.678432125624 448.1718444824219 21.17006954363688
4906.079482891789 440.3709411621094 20.98501706366019
4907.480533657954 457.1318664550781 21.380642330273385
4908.881584424121 473.32525634765625 21.75603953727921
4910.282635190285 459.52484130859375 21.436530533381415
4911.68368595645 428.288330078125 20.695128172546433
4913.084736722615 409.3452758789063 20.232283012030706
4914.48578748878 427.0602722167969 20.665436656814123
4915.886838254946 450.1467590332031 21.216662297194702
4917.2878890211105 462.7884521484375 21.512518498503088
4918.688939787277 458.1968078613281 21.405532178886094
4920.089990553442 427.9592590332031 20.687176197664172
4921.491041319607 401.51275634765625 20.0377832193997
4922.892092085772 401.24786376953125 20.03117230142887
4924.293142851937 416.87823486328125 20.417596206784022
4925.694193618103 406.4418029785156 20.160401855581046
4927.095244384268 402.03076171875 20.050704768629704
4928.496295150433 436.0768737792969 20.8824537298493
4929.897345916598 452.1739196777344 21.26438147884237
4931.298396682763 460.8395690917969 21.467174222328307
4932.699447448929 459.4049987792969 21.433735063663004
4934.100498215094 433.218017578125 20.813890015519085
4935.5015489812595 415.79718017578125 20.39110541819107
4936.902599747425 421.7049255371094 20.53545532821489
4938.30365051359 435.3287963867188 20.864534415766837
4939.704701279756 418.0630798339844 20.446590909831016
4941.105752045921 406.6020812988281 20.164376541287563
4942.506802812086 430.4410095214844 20.74707231205127
4943.907853578251 451.5939636230469 21.250740307646858
4945.308904344416 455.8746948242188 21.351222326232726
4946.709955110581 451.01251220703125 21.237055167961287
4948.111005876746 441.1346740722656 21.0032062807626
4949.512056642912 444.2309875488281 21.076787884989216
4950.913107409077 453.8345947265625 21.30339397200743
4952.314158175242 451.0591735839844 21.238153723522778
4953.7152089414085 450.6725463867188 21.22904958745725
