3900.99977857323 744.0751953125 27.27774175610034
3902.400137468103 775.95947265625 27.856049121443085
3903.8004963629746 852.8147583007812 29.202992283339412
3905.2008552578473 825.2925415039062 28.72790527525295
3906.60121415272 764.6973266601562 27.653161241712606
3908.001573047592 776.65966796875 27.868614389107147
3909.401931942465 811.7440795898438 28.49112282079883
3910.802290837337 869.4661865234375 29.486712033108024
3912.2026497322095 875.653564453125 29.591444108950224
3913.603008627081 906.8408203125 30.113797839404114
3915.003367521954 890.7718505859375 29.845801222046923
3916.403726416827 829.6467895507812 28.80358987263187
3917.804085311699 882.6260375976562 29.709022831416995
3919.204444206572 814.484375 28.5391726404253
3920.6048031014443 805.0909423828125 28.37412452187402
3922.005161996317 786.1723022460938 28.038764278157725
3923.405520891189 818.6063842773438 28.611298192800405
3924.805879786061 886.9608154296875 29.781887371852164
3926.206238680934 865.7933959960938 29.424367384806995
3927.606597575806 793.5887451171875 28.170707217199705
3929.0069564706787 721.7869873046875 26.866093636862942
3930.4073153655513 612.912841796875 24.7570766003758
3931.8076742604244 464.7792663574219 21.558739906530295
3933.208033155296 319.3635559082031 17.87074581286979
3934.608392050168 230.3296356201172 15.176614761537476
3936.008750945041 244.71908569335938 15.643499790435623
3937.4091098399126 365.7194213867188 19.123792024248715
3938.8094687347857 518.24267578125 22.76494401006183
3940.2098276296574 673.3529052734375 25.94904440000513
3941.6101865245305 747.0606689453125 27.332410595213013
3943.010545419403 742.499755859375 27.24884870704403
3944.410904314275 780.0149536132812 27.92874779887708
3945.811263209148 773.0008544921875 27.802892915885344
3947.211622104021 819.2317504882812 28.62222476482709
3948.6119809988927 812.4141235351562 28.50287921482944
3950.0123398937653 776.24462890625 27.861167041354353
3951.4126987886375 803.5857543945312 28.347588158334233
3952.81305768351 816.8546142578125 28.580668541127803
3954.213416578383 816.4883422851562 28.574260135393818
3955.613775473255 861.4991455078125 29.35130568659276
3957.014134368128 814.0496826171875 28.53155590950461
3958.4144932629997 781.6405029296875 27.957834374816795
3959.814852157872 859.3052368164062 29.31390858988965
3961.215211052745 850.1343994140625 29.15706431405711
3962.615569947617 764.8637084960938 27.656169447269694
3964.0159288424898 673.6563110351562 25.954889925313807
3965.416287737362 581.1716918945312 24.107502813326214
3966.8166466322346 456.3880310058594 21.363240180409417
3968.2170055271067 319.0008850097656 17.860595874991564
3969.617364421979 241.37559509277344 15.536267090030778
3971.017723316852 261.5189819335937 16.171548532332757
3972.418082211724 385.0058288574219 19.621565402827112
3973.818441106597 526.048095703125 22.935738394547602
3975.218800001469 617.4168701171875 24.84787455934989
3976.6191588963416 680.079833984375 26.078340322658093
3978.019517791214 763.2623291015625 27.62720270135148
3979.4198766860864 844.8668823242188 29.06659392368185
3980.820235580959 869.9109497070312 29.49425282503409
3982.220594475831 836.4766235351562 28.92190559999732
3983.620953370704 824.0921630859375 28.707005470545642
3985.0213122655764 849.6494750976562 29.14874740186371
3986.421671160449 846.6248779296875 29.09681903455578
3987.822030055321 858.5245361328125 29.300589347875114
3989.2223889501934 889.0059814453125 29.81620333720094
3990.622747845066 892.958740234375 29.882415234287457
3992.023106739938 901.11865234375 30.01863841588672
3993.423465634811 932.2974243164062 30.533545885081974
3994.8238245296834 910.682373046875 30.17751436163812
3996.2241834245565 834.78662109375 28.89267417692156
3997.624542319428 776.7054443359375 27.869435665903563
3999.0249012143013 832.3408203125 28.850317508001538
4000.425260109173 905.420166015625 30.090200498096138
4001.8256190040456 906.5177612304688 30.108433390504874
4003.225977898918 926.052001953125 30.43110254251602
4004.6263367937904 887.9629516601562 29.798707214578222
4006.0266956886626 807.8682250976562 28.423022800146647
4007.427054583535 814.2196655273438 28.53453461206865
4008.8274134784083 881.074462890625 29.682898492071576
4010.2277723732795 901.3269653320312 30.022107942848237
4011.628131268153 907.2783813476562 30.121062088639174
4013.028490163025 897.4970703125 29.958255461767127
4014.4288490578974 870.720703125 29.507976940566426
4015.8292079527705 884.6355590820312 29.742823656842525
4017.229566847642 916.0903930664062 30.266985199494286
4018.6299257425153 913.1024169921876 30.217584565815113
4020.030284637387 934.611572265625 30.571417570430473
4021.43064353226 969.8078002929688 31.14173727159371
4022.831002427132 933.3945922851562 30.551507201530274
4024.231361322005 865.6333618164062 29.421647843321185
4025.631720216877 863.381591796875 29.383355693264086
4027.032079111749 926.6874389648438 30.441541336877865
4028.432438006622 952.2738647460938 30.858934925659597
4029.832796901495 863.11669921875 29.378847819796302
4031.233155796367 767.7813720703125 27.708868112398825
4032.633514691239 739.764892578125 27.198619313820416
4034.033873586112 775.4684448242188 27.847234060570877
4035.434232480984 839.171630859375 28.968459242068345
4036.834591375857 877.9813232421875 29.630749623358966
4038.234950270729 959.9473876953124 30.983017730610303
4039.635309165601 970.5471801757812 31.15360621462275
4041.0356680604737 915.332763671875 30.254466838334384
4042.4360269553454 899.1504516601562 29.98583751807103
4043.836385850219 888.4801635742188 29.807384379952207
4045.236744745091 798.4696655273438 28.25720555057318
4046.637103639964 817.2960815429688 28.588390677737856
4048.037462534836 870.6538696289062 29.506844453938246
4049.437821429709 913.200927734375 30.21921454529179
4050.838180324581 944.5635375976562 30.7337524164827
4052.2385392194533 879.8572387695312 29.662387610735777
4053.6388981143264 833.0260620117188 28.86219087338518
4055.039257009198 821.6751708984375 28.66487695592705
4056.439615904071 832.294677734375 28.849517807657982
4057.839974798943 842.1229248046875 29.01935431405543
4059.240333693816 852.5855712890625 29.199067986650917
4060.6406925886877 883.6239624023438 29.72581306545447
4062.0410514835603 862.4833984375 29.36806766604674
4063.4414103784334 795.1144409179688 28.197773687260643
4064.8417692733055 775.1942749023438 27.84231087575785
4066.2421281681777 807.6004028320312 28.41831104819622
4067.6424870630494 826.6128540039062 28.75087570847028
4069.0428459579225 852.04931640625 29.18988380254793
4070.4432048527947 839.0328979492188 28.966064592022484
4071.8435637476673 802.625732421875 28.33065005293516
4073.2439226425395 805.4202880859375 28.379927556037515
4074.6442815374126 812.2573852539062 28.50012956556349
4076.044640432285 753.1078491210938 27.442810517895097
4077.444999327157 735.0361328125 27.111549804695784
4078.8453582220295 739.4071044921875 27.192041197603896
4080.2457171169017 808.5347290039062 28.434745101792387
4081.6460760117748 846.80126953125 29.099849991559235
4083.046434906647 793.9909057617188 28.177844235528713
4084.4467938015196 787.3488159179688 28.059736561806293
4085.847152696392 792.0493774414062 28.14337182075748
4087.247511591264 822.743408203125 28.68350411304597
4088.647870486137 856.880859375 29.272527382769667
4090.0482293810087 868.0711669921875 29.463047483113275
4091.448588275882 855.416259765625 29.24750006010129
4092.848947170754 824.0652465820312 28.706536652512284
4094.249306065626 810.4553833007812 28.468498086495206
4095.6496649604987 776.6102905273438 27.867728478068386
4097.050023855371 739.7527465820312 27.198396029582906
4098.450382750244 703.8286743164062 26.529769586568335
4099.8507416451175 625.5741577148438 25.011480518250888
4101.251100539987 539.0335693359375 23.217096488061067
4102.651459434861 507.4065856933594 22.525687241310962
4104.051818329734 591.0617065429688 24.311760663164005
4105.452177224605 691.040283203125 26.28764506765726
4106.852536119479 722.379150390625 26.877112017302473
4108.252895014351 753.4463500976562 27.44897721405401
4109.653253909223 771.6397705078125 27.778404750953797
4111.053612804096 788.9149169921875 28.08762925189998
4112.4539716989675 797.5193481445312 28.24038505659105
4113.854330593841 811.8391723632812 28.49279158600086
4115.254689488713 840.5078125 28.99151276667018
4116.655048383585 840.6250610351562 28.99353481442296
4118.055407278458 820.5195922851562 28.644713164651453
4119.4557661733315 789.3616333007812 28.09558031614192
4120.856125068203 768.8550415039062 27.72823545600957
4122.256483963075 771.0521850585938 27.767826437418428
4123.656842857948 789.0840454101562 28.090639818454765
4125.05720175282 811.0989990234375 28.479799841702494
4126.457560647693 785.5341186523438 28.027381587518015
4127.8579195425655 764.3174438476562 27.646291683472782
4129.258278437437 776.41748046875 27.864268884518573
4130.65863733231 778.8650512695312 27.90815384918055
4132.058996227182 747.2257080078125 27.335429537649716
4133.459355122055 728.4524536132812 26.989858347410443
4134.859714016928 766.2803344726562 27.681768991028306
4136.2600729117985 810.9048461914062 28.4763910317197
4137.660431806672 834.836669921875 28.89354028017119
4139.060790701545 861.9922485351562 29.359704503539476
4140.461149596417 867.8529663085938 29.459344295292688
4141.86150849129 813.679931640625 28.52507548878048
4143.2618673861625 772.2632446289062 27.78962476588891
4144.662226281034 768.3949584960938 27.719937923741707
4146.062585175907 774.845458984375 27.83604603718666
4147.46294407078 785.6053466796875 28.028652245152415
4148.863302965652 801.8170166015625 28.316373648501717
4150.263661860525 810.6838989257812 28.472511285901376
4151.664020755396 806.042236328125 28.390882979015025
4153.064379650269 780.23095703125 27.93261457563989
4154.464738545143 743.4427490234375 27.266146574524196
4155.865097440014 731.747314453125 27.050828350590763
4157.265456334886 750.947265625 27.403417042861644
4158.665815229759 766.0680541992188 27.677934427973824
4160.06617412463 773.47802734375 27.81147294451968
4161.466533019504 779.8343505859375 27.925514329837107
4162.8668919143765 789.4603271484375 28.097336655783543
4164.267250809248 820.091552734375 28.637240662018662
4165.667609704121 822.0842895507812 28.672012303826552
4167.0679685989935 806.3161010742188 28.395705680159082
4168.468327493866 787.9193725585938 28.06990154166191
4169.868686388738 759.17041015625 27.55304720273694
4171.2690452836105 713.1990356445312 26.705786557308723
4172.669404178483 651.0819091796875 25.5163067307886
4174.069763073356 652.0643920898438 25.535551532908855
4175.470121968228 681.9683227539062 26.114523215136558
4176.870480863101 689.05615234375 26.249879091983452
4178.270839757973 694.0377197265625 26.344595645531598
4179.671198652844 715.9517211914062 26.75727417341696
4181.071557547718 741.378662109375 27.22826953938452
4182.471916442591 734.5346069335938 27.102298923404888
4183.872275337462 725.598876953125 26.9369426058921
4185.272634232335 727.519287109375 26.97256545287035
4186.672993127208 708.5198364257812 26.618035923519624
4188.073352022079 716.957275390625 26.776057876218914
4189.473710916953 718.9437866210938 26.813127132453122
4190.874069811825 736.0675659179688 27.130565160312617
4192.274428706697 770.7440795898438 27.76227799712847
4193.674787601571 783.6463623046875 27.993684328874746
4195.075146496442 767.9649658203125 27.71218082035971
4196.475505391315 710.5843505859375 26.65678807707218
4197.875864286187 677.746826171875 26.03357113751156
4199.276223181059 676.8731079101562 26.016785118652848
4200.676582075932 674.3338012695312 25.967937947968284
4202.0769409708055 673.5166625976562 25.95219957147479
4203.477299865677 688.5396118164062 26.240038334888276
4204.877658760549 707.1719970703125 26.59270571172314
4206.2780176554215 726.2743530273438 26.94947778765562
4207.678376550294 727.4107666015625 26.970553694753146
4209.078735445167 720.1179809570312 26.835014085277304
4210.479094340039 749.4818725585938 27.37666657134491
4211.879453234911 756.7459106445312 27.509015079506778
4213.279812129784 758.357666015625 27.538294537164514
4214.6801710246555 730.8925170898438 27.03502389660205
4216.080529919529 681.3864135742188 26.103379351613054
4217.480888814402 676.3331298828125 26.006405554839993
4218.881247709273 701.9095458984375 26.493575558962167
4220.281606604146 727.9434814453125 26.980427747634256
4221.6819654990195 736.9259643554688 27.146380317741603
4223.082324393891 716.224365234375 26.762368453378244
4224.482683288764 663.6014404296875 25.760462737103296
4225.883042183636 607.5020141601562 24.647555946993126
4227.283401078508 597.9180297851562 24.45236245815844
4228.683759973381 648.0178833007812 25.4561953814937
4230.084118868253 715.1849975585938 26.74294294872189
4231.484477763126 733.707275390625 27.08703149831345
4232.884836657998 693.9176635742188 26.34231697429478
4234.28519555287 669.3744506835938 25.87227185006361
4235.685554447743 663.3554077148438 25.755686900466152
4237.085913342616 670.8689575195312 25.90113815104524
4238.486272237487 670.4378051757812 25.89281377478665
4239.88663113236 662.0642700195312 25.73060959284741
4241.2869900272335 680.6785278320312 26.089816554204273
4242.687348922105 699.6354370117188 26.450622620492673
4244.087707816978 695.8081665039062 26.37817595103775
4245.4880667118505 680.1708374023438 26.08008507275894
4246.888425606722 666.7149658203125 25.82082426686477
4248.288784501595 650.4306640625 25.50354218657675
4249.689143396467 633.3048706054688 25.165549280821764
4251.08950229134 638.576171875 25.270064738243153
4252.489861186212 659.4560546875 25.679876453898682
4253.890220081084 681.9332885742188 26.113852426905893
4255.290578975957 699.42822265625 26.446705327058226
4256.69093787083 703.4553833007812 26.522733330122318
4258.091296765702 688.0601806640625 26.23090125527643
4259.491655660575 650.69580078125 25.508739694097983
4260.892014555447 631.8809204101562 25.137241702504994
4262.292373450319 651.1476440429688 25.51759479345514
4263.692732345192 682.393310546875 26.122658948638346
4265.0930912400645 712.558837890625 26.69379774199664
4266.493450134936 713.4999389648438 26.711419635894377
4267.893809029809 703.9647216796875 26.532333513652496
4269.2941679246815 683.427734375 26.142450810415614
4270.694526819554 639.8414916992188 25.295088291983067
4272.094885714427 601.5468139648438 24.52645131210065
4273.495244609298 594.4876708984375 24.382117850966875
4274.895603504171 612.0564575195312 24.73977480737307
4276.295962399045 644.726806640625 25.3914711397474
4277.696321293916 679.7217407226562 26.07147369679467
4279.096680188789 695.43359375 26.371074944908862
4280.497039083661 681.39111328125 26.103469372503916
4281.897397978532 648.5189208984375 25.466034652030878
4283.297756873406 634.191162109375 25.18315234654659
4284.6981157682785 640.2002563476562 25.302178885377764
4286.098474663151 638.5885009765625 25.270308683840064
4287.498833558023 614.9518432617188 24.798222582711826
4288.899192452896 563.0177612304688 23.727995305766324
4290.299551347768 539.02001953125 23.216804679611922
4291.699910242641 563.9685668945312 23.748022378600943
4293.100269137512 602.4991455078125 24.5458580112371
4294.500628032385 618.215087890625 24.863931464887546
4295.900986927259 614.6442260742188 24.792019402909048
4297.301345822129 609.2681274414062 24.683357296798306
4298.701704717003 568.4382934570312 23.841943994922715
4300.1020636118765 511.332763671875 22.61266821213001
4301.502422506747 486.6325073242188 22.05974857799197
4302.902781401621 484.92327880859375 22.020973611731925
4304.3031402964925 507.9372253417969 22.537462708605794
4305.703499191365 543.97607421875 23.323294669037434
4307.103858086238 551.2868041992189 23.47949752867848
4308.5042169811095 531.3782958984375 23.051644104020813
4309.904575875982 535.1813354492189 23.133986587901767
4311.304934770855 560.4267578125 23.673334319704523
4312.705293665727 575.2896728515625 23.985196952528085
4314.1056525606 553.3478393554689 23.523346686971838
4315.506011455472 543.7261962890625 23.317937221998488
4316.906370350344 593.4378051757812 24.360578917090233
4318.306729245217 644.2308349609375 25.381702759289762
4319.70708814009 638.0297241210938 25.259250268388683
4321.107447034962 617.158935546875 24.842683742842176
4322.507805929834 613.0684204101562 24.76021850489523
4323.9081648247075 601.1385498046875 24.518126963630145
4325.308523719579 558.6217041015625 23.635179375277914
4326.708882614452 528.1565551757811 22.98165692842405
4328.1092415093235 566.4797973632812 23.80083606437558
4329.509600404196 596.0263671875 24.41365124653623
4330.909959299069 584.6201782226562 24.178920121102518
4332.310318193941 582.8182983398438 24.141629985148967
4333.710677088814 588.902099609375 24.267305157544275
4335.111035983686 579.7965698242188 24.07896529804009
4336.511394878557 538.2117309570311 23.19939074538448
4337.911753773431 472.466552734375 21.73629574546627
4339.312112668304 399.9247741699219 19.99811926581902
4340.712471563176 347.7299499511719 18.647518600370717
4342.112830458049 364.22271728515625 19.084619914610723
4343.5131893529215 412.8635559082031 20.31904416817393
4344.913548247793 465.0043640136719 21.563959840754478
4346.313907142666 515.9920043945311 22.715457389067275
4347.7142660375375 558.830810546875 23.639602588598546
4349.11462493241 578.2957763671875 24.04778111109604
4350.514983827283 571.9439086914062 23.915348809737363
4351.915342722155 536.1856689453125 23.15568329687795
4353.315701617028 516.785400390625 22.73291447198588
4354.716060511902 548.7202758789061 23.42477909989561
4356.116419406773 596.719482421875 24.42784236116393
4357.516778301645 615.6564331054688 24.81242497430408
4358.917137196518 603.4605102539062 24.565433239694883
4360.317496091389 595.0510864257812 24.39366898245898
4361.717854986263 605.7081298828125 24.61113832968342
4363.1182138811355 619.006103515625 24.87983326944988
4364.518572776007 625.4088134765625 25.00817493294068
4365.91893167088 629.7891235351562 25.095599684708798
4367.3192905657515 612.5199584960938 24.749140560756725
4368.719649460625 584.9207763671875 24.185135442399066
4370.120008355497 574.1639404296875 23.961718227825138
4371.520367250369 592.8876342773438 24.349284060878336
4372.920726145242 649.3527221679688 25.48240024346154
4374.321085040115 613.6726684570312 24.77241749319253
4375.721443934987 543.777099609375 23.319028702100244
4377.121802829859 537.0156860351561 23.173598901231465
4378.522161724732 572.2108154296875 23.92092839815561
4379.922520619604 602.6787719726562 24.5495167360308
4381.322879514477 603.7923583984375 24.572186683289654
4382.7232384093495 575.7788696289062 23.995392675030477
4384.123597304221 522.9424438476561 22.867934840025587
4385.523956199094 484.1138305664063 22.0025869062346
4386.924315093967 505.8130187988281 22.490287210234293
4388.324673988839 534.665283203125 23.122830345853533
4389.725032883712 550.3153076171875 23.4588002169162
4391.1253917785825 554.5577392578125 23.54904964659535
4392.525750673456 568.5236206054688 23.84373336131464
4393.926109568329 580.9256591796875 24.102399448596138
4395.326468463201 534.4883422851561 23.11900392069598
4396.726827358074 523.7755126953125 22.88614237252125
4398.127186252947 555.4745483398439 23.56850755435829
4399.527545147818 562.3292846679689 23.713483182948238
4400.927904042691 528.3280639648439 22.985388053388263
4402.328262937564 517.5206909179689 22.74908110051852
4403.728621832436 546.7186279296875 23.382015052806878
4405.128980727308 561.096923828125 23.687484539902606
4406.5293396221805 554.1700439453125 23.540816552220793
4407.929698517053 550.2217407226561 23.456805850811318
4409.330057411927 550.5205688476561 23.463174739315566
4410.730416306798 549.3085327148439 23.43733203064811
4412.130775201671 567.6747436523438 23.825925871880482
4413.531134096543 591.3941040039062 24.318595847702767
4414.931492991414 565.0090942382812 23.76991994597965
4416.331851886288 499.3561401367188 22.346277992916825
4417.732210781161 484.9502868652344 22.02158683803768
4419.132569676032 508.6392211914063 22.553031308261122
4420.532928570905 558.8983154296875 23.641030337734595
4421.9332874657775 577.4976196289062 24.031180154726197
4423.33364636065 555.8724365234375 23.576947141719547
4424.734005255523 546.5972290039061 23.379418919295368
4426.1343641503945 543.4935302734375 23.312947695935783
4427.534723045267 547.6236572265625 23.401360157618242
4428.93508194014 548.255859375 23.414864069112166
4430.335440835012 541.2823486328125 23.26547546543617
4431.735799729884 538.1875 23.19886850689059
4433.136158624757 543.9542846679689 23.322827544445996
4434.536517519629 535.580810546875 23.142618921523876
4435.936876414502 509.9725341796875 22.582571469602115
4437.337235309375 508.8016357421875 22.556631746388632
4438.737594204247 542.8622436523439 23.299404362608584
4440.137953099119 569.4751586914062 23.863678649600658
4441.538311993992 562.8822021484375 23.72513861178555
4442.938670888864 508.5315856933594 22.55064490637373
4444.339029783737 459.739990234375 21.44154822381945
4445.739388678609 475.2724304199219 21.800743804281584
4447.139747573481 527.04736328125 22.957512131789237
4448.540106468354 536.7828979492189 23.16857565646233
4449.9404653632255 540.5408325195311 23.24953402800863
4451.340824258099 526.721923828125 22.950423173181907
4452.741183152972 525.8004150390625 22.930338310610736
4454.141542047843 533.7388305664061 23.102788372107945
4455.541900942716 505.0636901855469 22.473622097595815
4456.9422598375895 480.2058410644531 21.913599454778147
4458.342618732461 502.9140930175781 22.42574620871239
4459.742977627333 511.8766174316406 22.624690438360492
4461.143336522206 494.6293029785156 22.240263104975078
4462.543695417078 489.9086608886719 22.13388038480085
4463.944054311952 492.66448974609375 22.196046714360953
4465.344413206823 504.6524963378906 22.46447186866165
4466.744772101696 511.2306213378906 22.610409579171506
4468.145130996568 501.8893127441406 22.40288625923322
4469.5454898914395 476.9592590332031 21.83939694756252
4470.945848786313 461.0982971191406 21.47319950820419
4472.346207681186 492.3034057617188 22.18791125279076
4473.746566576057 526.52099609375 22.946045325801787
4475.14692547093 543.6087646484375 23.31541903222924
4476.5472843658035 540.16455078125 23.24144037664727
4477.947643260675 533.6504516601561 23.10087556046645
4479.348002155548 547.8076171875 23.405290367510933
4480.7483610504205 535.2847900390625 23.136222466925375
4482.148719945291 480.0913391113281 21.910986721536027
4483.549078840165 458.4874572753906 21.41232022167123
4484.9494377350375 493.2834167480469 22.209984618365834
4486.34979662991 522.9342651367189 22.867756014456663
4487.750155524782 534.0885620117189 23.110356163670843
4489.1505144196535 518.3831787109375 22.7680297503086
4490.550873314527 482.46319580078125 21.96504486225287
4491.9512322094 469.6501159667969 21.671412412826186
4493.351591104272 495.2961120605469 22.255249090058438
4494.751949999144 510.6036376953125 22.59654039217757
4496.152308894017 497.3647155761719 22.301675174214424
4497.552667788889 508.6697082519531 22.55370719531388
4498.953026683762 527.358154296875 22.964279964694626
4500.353385578634 525.1172485351561 22.91543690474079
4501.753744473506 510.3855895996094 22.591715065474986
4503.154103368379 492.9469604492188 22.202408888434128
4504.554462263252 521.4335327148439 22.834919152798502
4505.954821158124 546.2399291992189 23.371776338122416
4507.355180052997 540.7039794921875 23.253042370670283
4508.755538947868 522.5015869140625 22.8582936133488
4510.155897842741 507.3804321289063 22.525106706271256
4511.556256737614 519.4478759765625 22.791399166715554
4512.956615632486 533.5411987304689 23.098510747025855
4514.356974527358 526.8951416015625 22.954196601091542
4515.757333422231 504.5680847167969 22.462593009641537
4517.157692317103 493.1056213378906 22.205981656704363
4518.558051211976 503.6094970703125 22.441245443832045
4519.9584101068485 493.7933349609375 22.221461134698984
4521.358769001721 495.9705505371094 22.270396281546258
4522.759127896593 491.8251953125 22.177132260788365
4524.159486791466 475.6627807617188 21.809694650813405
4525.559845686338 486.6145935058594 22.059342544732818
4526.960204581211 483.2696228027344 21.983394251178193
4528.3605634760825 477.9242248535156 21.86147810312733
4529.760922370955 455.69580078125 21.34703259896443
4531.161281265829 440.79376220703125 20.995089002122167
4532.5616401607 459.5902099609375 21.43805518140434
4533.961999055573 461.5058288574219 21.48268672343899
4535.3623579504465 426.07647705078125 20.641620020017353
4536.762716845316 439.6178894042969 20.967066781128374
4538.16307574019 491.563720703125 22.17123633681994
4539.563434635063 516.3416748046875 22.723152835922384
4540.963793529935 503.5445251464844 22.439797796470547
4542.364152424807 482.6324157714844 21.968896553342965
4543.76451131968 491.8683776855469 22.17810581825118
4545.164870214552 492.9487915039063 22.202450123891875
4546.565229109425 481.5680847167969 21.94465959446163
4547.9655880042965 480.7958679199219 21.927057894754643
4549.365946899171 465.4411010742188 21.574084014720505
4550.766305794042 418.1236267089844 20.448071466741904
4552.166664688914 436.4118957519531 20.89047380391247
4553.567023583787 471.93743896484375 21.724121132161912
4554.9673824786605 457.5828857421875 21.39118710455751
4556.367741373531 429.6107177734375 20.727052799986723
4557.768100268404 434.2250671386719 20.838067740044227
4559.168459163277 466.7769165039063 21.605020631878748
4560.568818058149 482.83056640625 21.97340588999006
4561.969176953022 493.6174621582031 22.217503508679886
4563.369535847894 497.6122741699219 22.307224707926395
4564.769894742766 463.1163940429688 21.520139266346973
4566.170253637639 448.7339477539063 21.183341279267214
4567.570612532511 464.5393981933594 21.553176058144178
4568.970971427384 487.8706970214844 22.0877952050784
4570.371330322256 500.6359558105469 22.3748956603276
4571.771689217128 483.29046630859375 21.983868319943006
4573.172048112001 438.6054992675781 20.942910477476097
4574.572407006874 457.87054443359375 21.397909814596233
4575.972765901746 474.6564025878906 21.786610626435003
4577.373124796618 467.0049743652344 21.61029787775343
4578.7734836914915 467.17315673828125 21.61418878279454
4580.173842586363 472.4841003417969 21.736699389323046
4581.574201481236 455.03802490234375 21.331620306538923
4582.974560376109 442.1241149902344 21.026747608468465
4584.374919270979 412.7263488769531 20.315667571530923
4585.775278165854 412.0949401855469 20.30012167908229
4587.175637060725 454.3450927734375 21.315372217567244
4588.575995955598 462.8414306640625 21.513749804812328
4589.976354850472 452.38671875 21.269384540931128
4591.3767137453415 447.9029846191406 21.163718591474908
4592.777072640215 433.6619567871094 20.82455177878048
4594.177431535088 431.3290100097656 20.768461907656178
4595.57779042996 455.0076599121094 21.330908558055125
4596.978149324832 454.53314208984375 21.319782880926432
4598.3785082197055 454.53656005859375 21.31986304033386
4599.778867114577 461.3282165527344 21.478552478059
4601.17922600945 453.05706787109375 21.28513725281314
4602.579584904322 440.8054504394531 20.995367356620676
4603.979943799195 449.7408142089844 21.207093488005007
4605.380302694067 451.86614990234375 21.2571435028873
4606.780661588939 448.6529846191406 21.18143018351548
4608.181020483812 453.3267517089844 21.291471337345016
4609.581379378686 462.9937133789063 21.5172887088245
4610.9817382735555 463.5804138183594 21.530917626017693
4612.382097168429 454.50823974609375 21.319198853289347
4613.782456063302 451.158203125 21.2404850021133
4615.182814958174 453.52838134765625 21.29620579698779
4616.583173853047 444.9796142578125 21.09453991576523
4617.9835327479195 438.0553588867188 20.92977206963131
4619.383891642791 438.5439453125 20.941440860468507
4620.784250537664 425.68695068359375 20.632182402344007
4622.184609432537 438.7631530761719 20.94667403374989
4623.584968327409 459.8275451660156 21.44358983859782
4624.985327222281 459.53350830078125 21.436732687160635
4626.3856861171525 445.8693542480469 21.115618727568627
4627.786045012026 444.4054565429688 21.08092636823555
4629.186403906899 445.8486633300781 21.115128778439363
4630.586762801771 418.8017272949219 20.464645789627582
4631.987121696644 431.6139831542969 20.775321493404064
4633.387480591516 447.6737976074219 21.158303278084986
4634.787839486388 430.0118103027344 20.736726123058443
4636.188198381261 428.1007690429688 20.69059615001387
4637.588557276134 434.4410095214844 20.843248535712576
4638.988916171005 426.9331359863281 20.66236036822338
4640.389275065878 429.6175537109375 20.727217703081557
4641.7896339607505 444.8081665039063 21.090475729672537
4643.189992855623 448.6423034667969 21.181178047190787
4644.590351750497 438.7991027832031 20.947532140641368
4645.990710645368 430.88427734375 20.75775222281425
4647.39106954024 412.7624206542969 20.316555334364555
4648.791428435113 401.251220703125 20.031256093992834
4650.191787329984 414.5448913574219 20.360375521031578
4651.592146224858 432.64166259765625 20.80003996625142
4652.99250511973 426.4952392578125 20.65176116600743
4654.392864014602 419.12921142578125 20.472645442780014
4655.793222909475 410.5740661621094 20.26262732624053
4657.1935818043485 401.0830078125 20.027056893425453
4658.59394069922 411.3615112304688 20.282048989943515
4659.994299594092 438.1343994140625 20.931660216381847
4661.3946584889645 438.1623840332031 20.93232868156821
4662.795017383837 430.4230346679688 20.746639117408122
4664.195376278711 418.5233154296875 20.457842394291912
4665.595735173582 412.569580078125 20.311808882473393
4666.996094068454 397.3597412109375 19.93388424795673
4668.396452963327 368.8649597167969 19.20585743248129
4669.796811858198 382.3411560058594 19.553545867843493
4671.197170753072 402.7430725097656 20.06845964467043
4672.597529647945 413.2142639160156 20.32767236837547
4673.997888542816 417.7107238769531 20.437972597030097
4675.398247437689 421.30804443359375 20.52578973958356
4676.7986063325625 422.4871520996094 20.55449226080784
4678.198965227434 415.0047302246094 20.371664885929412
4679.599324122306 403.1246032714844 20.077963125563418
4680.999683017178 403.198974609375 20.079815103963856
4682.400041912051 409.3244018554688 20.23176714613602
4683.800400806924 411.9158935546875 20.29571121086146
4685.200759701796 416.7821044921875 20.415241965065892
4686.601118596669 416.9247131347656 20.418734366624335
4688.001477491541 410.8195190429688 20.268683209398898
4689.401836386413 410.994384765625 20.272996442697487
4690.802195281286 406.38519287109375 20.158997814154695
4692.202554176159 396.5826110839844 19.91438201612052
4693.602913071029 404.5201721191406 20.11268684485344
4695.003271965903 408.3105163574219 20.206694840013345
4696.403630860776 413.2331237792969 20.328136259364676
4697.803989755648 408.9289245605469 20.221991112661158
4699.204348650521 396.8611755371094 19.92137484053521
4700.604707545394 392.7311401367188 19.817445348397428
4702.005066440265 390.0040283203125 19.748519648832225
4703.405425335138 369.6148986816406 19.22537122350673
4704.80578423001 384.0117492675781 19.596217728622484
4706.206143124883 391.6424560546875 19.789958465208752
4707.606502019756 371.8050537109375 19.28224711258876
4709.006860914627 362.8179626464844 19.047781042590877
4710.4072198095 374.9954833984375 19.36480011253505
4711.807578704374 393.0796508789063 19.82623642749441
4713.207937599245 393.16729736328125 19.828446670460124
4714.608296494118 383.2497253417969 19.576764935550433
4716.00865538899 383.71295166015625 19.58859238588001
4717.409014283862 394.19854736328125 19.854433947188756
4718.809373178735 398.5538940429688 19.96381461652479
4720.2097320736075 396.1654968261719 19.90390657198159
4721.610090968479 393.0435791015625 19.825326708570593
4723.010449863352 395.1235961914063 19.877716070801654
4724.4108087582235 397.635009765625 19.940787591407343
4725.811167653097 391.3462219238281 19.78247259378433
4727.211526547971 378.5735778808594 19.45696733514397
4728.611885442841 371.2657775878906 19.26825829149824
4730.012244337714 363.4159851074219 19.063472535386147
4731.412603232588 361.7113037109375 19.018709307177957
4732.812962127459 368.40557861328125 19.193894305567103
4734.213321022332 374.0518493652344 19.340420092780672
4735.613679917204 373.6404113769531 19.329780427541156
4737.014038812076 367.559814453125 19.171849531360426
4738.414397706949 376.1611022949219 19.39487309303471
4739.8147566018215 379.09796142578125 19.47043814159767
4741.215115496694 377.1379089355469 19.420038850000967
4742.615474391566 381.7110900878906 19.537427929179692
4744.015833286439 373.6964416503906 19.33122969835056
4745.416192181311 375.45635986328125 19.37669630931138
4746.816551076184 380.1274719238281 19.496858001324934
4748.216909971056 379.1941223144531 19.472907392437655
4749.617268865928 380.2423400878906 19.499803591008053
4751.017627760801 381.080810546875 19.52129121105658
4752.417986655673 366.96490478515625 19.15632806111746
4753.818345550546 359.41778564453125 18.95831705728468
4755.218704445419 359.7892150878906 18.96811047753283
4756.61906334029 363.8009643554688 19.073567163891205
4758.019422235163 370.7507629394531 19.25488932555711
4759.419781130036 370.56732177734375 19.25012524056256
4760.820140024908 351.269775390625 18.74219238484722
4762.220498919781 333.6527099609375 18.266162978604388
4763.6208578146525 337.3381042480469 18.366766298073454
4765.021216709525 344.6065368652344 18.563580927860723
4766.421575604399 350.27392578125 18.71560647644767
4767.82193449927 358.1903076171875 18.925916295312824
4769.222293394143 356.6709289550781 18.88573347675642
4770.622652289015 350.63055419921875 18.72513162034432
4772.023011183886 355.00421142578125 18.841555440721482
4773.42337007876 362.2047729492188 19.031678143275197
4774.823728973633 364.5535888671875 19.0932864868044
4776.224087868504 364.1109619140625 19.08169179905342
4777.624446763377 359.9349670410156 18.971952114661676
4779.02480565825 349.4896240234375 18.694641585851212
4780.425164553122 352.3206787109375 18.770207210122575
4781.825523447995 352.001708984375 18.76170858382506
4783.2258823428665 348.840087890625 18.67726125240596
4784.626241237739 347.0924072265625 18.630416185006776
4786.026600132613 341.20599365234375 18.471762061382876
4787.426959027484 342.9712219238281 18.519482226126843
4788.827317922357 341.85406494140625 18.4892959558066
4790.227676817229 347.6206359863281 18.644587310700338
4791.6280357121 355.1409606933594 18.84518401855921
4793.028394606974 354.6357421875 18.83177480184754
4794.428753501847 350.8815002441406 18.731831203706182
4795.829112396718 346.8682861328125 18.624400289212335
4797.229471291592 338.36419677734375 18.394678490730513
4798.6298301864645 340.6494140625 18.456690225024097
4800.030189081336 347.3718566894531 18.637914494101885
4801.430547976209 341.9201965332031 18.491084244392027
4802.8309068710805 329.9100646972656 18.163426568168948
4804.231265765953 330.4830017089844 18.179191448163596
4805.631624660826 337.0445556640625 18.35877326141544
4807.031983555698 338.3617858886719 18.394612958381916
4808.432342450571 335.1005554199219 18.305751976357648
4809.832701345444 333.2688903808594 18.255653655261412
4811.233060240316 335.916015625 18.328011775012587
4812.633419135188 340.8670959472656 18.462586382933072
4814.033778030061 341.7948303222656 18.487694023924824
4815.434136924933 340.5653991699219 18.454414083625682
4816.834495819806 340.74932861328125 18.45939675648371
4818.234854714678 341.7410583496094 18.48623970280623
4819.63521360955 334.30535888671875 18.284019221350615
4821.035572504423 319.0181884765625 17.861080271824616
4822.435931399295 316.732421875 17.796977886006378
4823.836290294168 320.8595275878906 17.91255223545463
4825.236649189041 324.88446044921875 18.02455160189065
4826.6370080839115 323.0001220703125 17.972204151698048
4828.037366978785 320.018798828125 17.88906925550139
4829.437725873658 323.109619140625 17.975250182977287
4830.838084768529 325.5234069824219 18.042267235090545
4832.238443663402 322.1742248535156 17.949212374182764
4833.6388025582755 322.2645568847656 17.951728520807283
4835.039161453147 318.1502685546875 17.836767323556348
4836.43952034802 310.2748718261719 17.614620967428504
4837.839879242893 308.61505126953125 17.56744293485911
4839.240238137764 311.80914306640625 17.65811833311823
4840.640597032637 313.6832275390625 17.711104639154005
4842.0409559275095 312.7012939453125 17.68336206566253
4843.441314822382 307.4520568847656 17.534310847158082
4844.841673717256 300.23626708984375 17.327327176741477
4846.2420326121255 295.79473876953125 17.19868421622803
4847.642391506999 295.7424621582031 17.19716436387706
4849.042750401872 295.8299255371094 17.19970713521336
4850.443109296743 288.0042419433594 16.970687727471724
4851.843468191617 269.06594848632807 16.403229818737774
4853.24382708649 257.54208374023443 16.048117763159468
4854.644185981361 243.28602600097656 15.597628858290498
4856.044544876234 207.7453765869141 14.413374920084266
4857.444903771106 173.76947021484375 13.182164853120437
4858.845262665978 176.45762634277344 13.283735406231692
4860.245621560851 218.0494384765625 14.766497163395336
4861.6459804557235 247.6977844238281 15.738417468850802
4863.046339350596 259.435791015625 16.10701061698368
4864.446698245469 268.33221435546875 16.38084901204662
4865.847057140341 267.67446899414057 16.360760037178608
4867.247416035213 258.57861328125 16.080379761723602
4868.647774930086 259.6392822265625 16.113326230997824
4870.048133824958 269.20944213867193 16.407603180802244
4871.448492719831 274.01031494140625 16.553256928514287
4872.848851614703 274.27313232421875 16.561193565809766
4874.249210509575 277.00799560546875 16.64355718004624
4875.649569404448 280.83584594726557 16.758157594057455
4877.049928299321 283.3231201171875 16.832204850143295
4878.450287194193 283.23040771484375 16.829450606447132
4879.850646089066 276.7245483398437 16.63503977572172
4881.251004983938 275.55471801757807 16.599840903381516
4882.65136387881 275.41921997070307 16.595759095946864
4884.051722773683 266.38949584960943 16.321442823770496
4885.452081668555 261.37698364257807 16.167157562248786
4886.852440563427 261.7586669921875 16.178957537251513
4888.252799458301 269.43142700195307 16.41436648189485
4889.653158353172 281.08200073242193 16.765500312618826
4891.053517248045 286.382568359375 16.92284161597499
4892.4538761429185 286.5414733886719 16.927535951480706
4893.85423503779 287.4457702636719 16.954225734714985
4895.254593932662 282.64276123046875 16.811982668039743
4896.6549528275345 278.63186645507807 16.69226966158521
4898.055311722407 276.69244384765625 16.634074781834315
4899.45567061728 274.90252685546875 16.5801847654201
4900.856029512152 276.79873657226557 16.637269504707362
4902.256388407024 278.39273071289057 16.685105055494574
4903.656747301897 269.87481689453125 16.42786708293354
4905.0571061967685 260.091552734375 16.127354176503193
4906.457465091642 262.39425659179693 16.198588104887317
4907.857823986515 272.97366333007807 16.52191463874808
4909.258182881386 275.539794921875 16.599391402153124
4910.658541776259 269.16802978515625 16.406341145580154
4912.0589006711325 258.25607299804693 16.070347631524555
4913.459259566004 243.51568603515625 15.604989139219427
4914.859618460876 240.5383453369141 15.509298673277076
4916.259977355749 243.5990753173828 15.607660789413089
4917.66033625062 245.2090759277344 15.659153103783563
4919.060695145494 252.76950073242188 15.898726387117362
4920.461054040366 264.80459594726557 16.27281770153115
4921.861412935238 270.50076293945307 16.44690739742439
4923.261771830111 269.39450073242193 16.413241627796197
4924.6621307249825 265.24002075195307 16.286191106331557
4926.062489619856 259.00216674804693 16.093544256876637
4927.462848514728 249.99496459960938 15.811229066698433
4928.8632074096 247.9178771972656 15.745408130539698
4930.263566304473 249.62083435058597 15.799393480465824
4931.663925199346 244.2354431152344 15.628033885144811
4933.064284094218 242.02099609375 15.557024011479509
4934.464642989091 255.7670135498047 15.99271751610103
4935.865001883964 262.64321899414057 16.206270977437732
4937.265360778835 262.160888671875 16.191383161171718
4938.665719673708 258.07376098632807 16.06467431933583
4940.0660785685795 256.63555908203125 16.01984890946326
4941.466437463452 259.11932373046875 16.09718372046703
4942.866796358325 256.9117431640625 16.02846665043361
4944.267155253197 255.5577850341797 15.986174809321325
4945.66751414807 251.83763122558597 15.869392906648507
4947.067873042943 250.0667266845703 15.813498243101376
4948.468231937815 250.0667266845703 15.813498243101376
4949.868590832687 250.0667266845703 15.813498243101376
4951.2689497275605 250.0667266845703 15.813498243101376
