3905.22256366827 663.5327758789062 25.759129951900672
3906.624438434715 674.0729370117188 25.962914647853363
3908.02631320116 709.4518432617188 26.635537224950404
3909.428187967605 734.7898559570312 27.107007506492327
3910.8300627340495 739.1505126953125 27.187322646691648
3912.2319375004963 724.1874389648438 26.910730925874976
3913.633812266941 705.2842407226562 26.557188117770608
3915.035687033385 706.8744506835938 26.587110611790703
3916.4375617998303 710.0098266601562 26.646009582302494
3917.839436566275 715.4525756835938 26.747945260965256
3919.24131133272 718.2508544921875 26.800202508417495
3920.643186099165 712.9443359375 26.701017507531432
3922.04506086561 714.495849609375 26.730055174080263
3923.4469356320565 713.939453125 26.719645452831145
3924.848810398501 705.421630859375 26.559774676366796
3926.2506851649455 679.9756469726562 26.07634266864616
3927.6525599313904 633.4912109375 25.169251298707714
3929.054434697835 569.1140747070312 23.856111894167316
3930.45630946428 471.5641174316406 21.715527104623565
3931.858184230725 345.4346008300781 18.58587100003866
3933.2600589971703 264.90115356445307 16.27578426879802
3934.6619337636157 306.34124755859375 17.502606878936454
3936.063808530061 443.8937377929688 21.06878586423453
3937.4656832965056 578.2610473632812 24.047059016920993
3938.867558062951 663.177734375 25.752237463471015
3940.2694328293956 721.9077758789062 26.868341517088588
3941.671307595841 746.7269897460938 27.326305819596136
3943.073182362286 745.0927124023438 27.296386434880784
3944.475057128731 750.5052490234375 27.395350865127416
3945.876931895176 755.4816284179688 27.486026057216215
3947.2788066616213 752.5809936523438 27.433209685568034
3948.680681428066 760.9178466796875 27.584739380311127
3950.082556194511 769.2355346679688 27.735095721269268
3951.4844309609557 754.53955078125 27.4688833187891
3952.886305727401 745.7835693359375 27.309038235279132
3954.288180493845 751.3860473632812 27.411421841328867
3955.690055260291 743.9381103515625 27.275228878078412
3957.091930026736 734.285400390625 27.097701016702967
3958.493804793181 736.4509887695312 27.137630492906545
3959.895679559626 730.3372192382812 27.024751973668163
3961.2975543260713 698.2319946289062 26.42407982558534
3962.699429092516 639.9984130859375 25.29818991718454
3964.1013038589613 560.7384643554689 23.679916899251754
3965.503178625406 463.8467102050781 21.537100784578183
3966.905053391851 356.2338562011719 18.87415842365354
3968.3069281582957 282.9971923828125 16.822520393294592
3969.708802924741 297.59344482421875 17.250896928108368
3971.110677691186 388.9427185058594 19.721630726333444
3972.512552457631 500.5875854492188 22.373814727247986
3973.914427224076 599.8689575195312 24.492222388332408
3975.3163019905214 680.5406494140625 26.087174040398903
3976.7181767569664 725.0983276367188 26.927649872142922
3978.1200515234113 748.1593627929688 27.352501947590987
3979.521926289856 779.9422607421875 27.927446369873984
3980.9238010563013 802.6107177734375 28.330385062216106
3982.3256758227453 793.9949340820312 28.177915715716647
3983.727550589191 790.0716552734375 28.10821330631738
3985.129425355636 808.8722534179688 28.4406795526754
3986.531300122081 829.3140258789062 28.797812866238754
3987.9331748885274 840.9043579101562 28.99835095156544
3989.335049654972 845.1754760742188 29.07190183105018
3990.7369244214174 854.5070190429688 29.231952022452568
3992.1387991878605 865.6320190429688 29.421625023831854
3993.5406739543055 873.856201171875 29.56105886418609
3994.942548720751 867.6319580078125 29.455592983469412
3996.344423487196 851.5841064453125 29.181914029845824
3997.746298253641 857.73291015625 29.287077528429666
3999.148173020087 870.2035522460938 29.49921273942906
4000.550047786532 892.290771484375 29.871236524194558
4001.9519225529775 910.0150756835938 30.166456133984212
4003.3537973194216 891.974365234375 29.865939885333844
4004.7556720858665 872.00390625 29.529712261551076
4006.157546852312 886.3843383789062 29.77220748246435
4007.559421618757 912.8345336914062 30.21315166763319
4008.9612963852014 919.5614013671876 30.324270829934026
4010.363171151647 907.5389404296876 30.125386975600623
4011.7650459180923 905.9301147460938 30.098672973174313
4013.1669206845368 925.7965698242188 30.42690536062152
4014.5687954509813 937.5313720703124 30.619134084266857
4015.9706702174267 949.8565063476562 30.819742152517374
4017.372544983872 963.0003051757812 31.032246215441468
4018.7744197503166 953.1244506835938 30.87271369160142
4020.1762945167616 938.2416381835938 30.630730291385376
4021.578169283207 942.8701171875 30.70619020958966
4022.980044049652 949.06005859375 30.806818378303042
4024.381918816097 937.2767944335938 30.61497663617586
4025.7837935825423 937.954833984375 30.626048292007493
4027.185668348987 947.2050170898438 30.77669600671657
4028.5875431154323 934.3720092773438 30.56749923165688
4029.9894178818768 917.09130859375 30.283515459631666
4031.3912926483217 912.4230346679688 30.20634096788237
4032.7931674147667 922.4853515625 30.37244395109653
4034.195042181212 949.13916015625 30.80810218361803
4035.596916947657 978.66357421875 31.283599125080702
4036.998791714102 998.6942749023438 31.602124531466927
4038.400666480547 1010.378662109375 31.7864540663059
4039.8025412469924 1007.9100952148438 31.747599833921992
4041.204416013437 1000.0523681640624 31.623604604220283
4042.6062907798814 989.2345581054688 31.452099422859973
4044.008165546327 970.8259887695312 31.158080633593773
4045.4100403127723 961.7070922851562 31.011402617185123
4046.8119150792168 974.1542358398438 31.21144398838099
4048.213789845662 999.3827514648438 31.613015538933386
4049.615664612107 1017.5847778320312 31.89960466576398
4051.017539378552 1019.3319702148438 31.926978720430842
4052.419414144997 1007.3346557617188 31.73853581628678
4053.8212889114425 998.1622924804688 31.593706532796507
4055.2231636778884 1013.1143798828124 31.829457737806536
4056.625038444333 1025.4798583984377 32.02311443939264
4058.0269132107774 1033.587646484375 32.14945795008642
4059.4287879772223 1042.2095947265623 32.283271128040326
4060.830662743667 1028.452880859375 32.06950078905774
4062.2325375101123 1002.4239501953124 31.661079422459878
4063.634412276557 986.2056884765624 31.40391199319859
4065.036287043002 1003.23291015625 31.673852152149887
4066.438161809448 1030.0753173828123 32.09478645174029
4067.840036575893 1037.718505859375 32.21363850699537
4069.2419113423375 1032.9676513671877 32.1398141153179
4070.643786108783 1019.0260009765624 31.9221866571913
4072.045660875227 1017.814208984375 31.903200607217688
4073.447535641672 1021.5930786132812 31.962369727748303
4074.849410408117 1017.4465942382812 31.89743867833719
4076.251285174563 1007.2569580078124 31.737311764039063
4077.653159941008 993.7141723632812 31.523232263891995
4079.055034707453 1003.0813598632812 31.67145970528168
4080.4569094738977 1022.8993530273438 31.98279776735212
4081.858784240343 1038.71875 32.22915993320335
4083.2606590067876 1038.6737060546877 32.228461118314165
4084.662533773233 1020.51123046875 31.94544146617401
4086.0644085396775 1012.6822509765624 31.822668822343648
4087.466283306123 1011.2698364257812 31.80046912273121
4088.868158072568 1020.2694702148438 31.941657286603707
4090.270032839013 1017.0646362304688 31.891450832950024
4091.671907605458 994.2803344726562 31.53221106222423
4093.0737823719032 979.833984375 31.30229998538446
4094.4756571383477 956.4163818359376 30.925982309959657
4095.877531904793 907.92578125 30.131806803608708
4097.279406671238 832.6157836914062 28.855082458579222
4098.6812814376835 749.5555419921875 27.3780120168026
4100.083156204128 682.966552734375 26.13362877088398
4101.4850309705735 648.4337158203125 25.464361680990798
4102.8869057370175 682.0374755859375 26.115847211720656
4104.288780503463 795.472412109375 28.204120481046292
4105.690655269907 890.2825927734375 29.83760367009116
4107.092530036353 939.4586181640624 30.650589197665717
4108.494404802798 991.0294189453124 31.480619735724904
4109.896279569243 1027.4261474609377 32.05348885006026
4111.298154335688 1048.593994140625 32.382001083018714
4112.700029102133 1072.0771484375 32.74258921401147
4114.101903868578 1087.2874755859377 32.974042451387994
4115.503778635023 1093.552001953125 33.06889780372374
4116.905653401468 1101.6072998046877 33.190470014820335
4118.307528167913 1102.1884765625 33.19922403554788
4119.709402934358 1086.442626953125 32.961229148093445
4121.111277700803 1099.052734375 33.1519642611867
4122.513152467248 1123.77392578125 33.5227374446248
4123.915027233693 1128.1766357421875 33.588340770901254
4125.316902000139 1139.68408203125 33.75920736675033
4126.718776766584 1150.7969970703125 33.92339896104623
4128.12065153303 1146.2471923828125 33.85627257071889
4129.522526299474 1131.11474609375 33.6320493888456
4130.9244010659195 1130.5582275390625 33.62377473662144
4132.3262758323635 1151.3475341796875 33.93151240631174
4133.728150598809 1172.0802001953125 34.235656853568806
4135.1300253652535 1197.4119873046875 34.603641243439796
4136.531900131698 1215.6427001953125 34.86606803462806
4137.9337748981425 1213.0164794921875 34.82838611667482
4139.335649664588 1212.0960693359375 34.81517010350427
4140.737524431032 1216.7969970703125 34.882617405669436
4142.139399197478 1204.07080078125 34.699723353093894
4143.541273963922 1186.6751708984375 34.44815192283089
4144.943148730368 1195.6307373046875 34.57789376617216
4146.345023496813 1219.7073974609375 34.924309548807656
4147.746898263259 1229.927978515625 35.070329033466805
4149.148773029704 1225.9652099609375 35.013785998673974
4150.550647796149 1224.6876220703125 34.99553717362133
4151.952522562594 1219.95458984375 34.92784834260121
4153.354397329039 1212.696044921875 34.82378562020325
4154.756272095484 1209.1153564453125 34.77233607978205
4156.158146861929 1216.4267578125 34.87731007134151
4157.560021628374 1238.5814208984375 35.19348548948282
4158.961896394819 1247.1708984375 35.31530685747329
4160.363771161264 1253.5125732421875 35.404979497836
4161.765645927709 1258.0152587890625 35.46851080591152
4163.167520694154 1260.1793212890625 35.499004511240344
4164.569395460599 1276.1522216796875 35.723272829903024
4165.971270227044 1282.5455322265625 35.81264486499933
4167.3731449934885 1281.7840576171875 35.80201192135978
4168.775019759934 1275.1905517578125 35.70981030134174
4170.176894526378 1254.849853515625 35.42385994659002
4171.578769292824 1225.1136474609375 35.00162349750276
4172.980644059269 1193.1475830078125 34.54196842983637
4174.382518825714 1184.4400634765625 34.415695016613604
4175.784393592159 1207.7618408203125 34.75286809488265
4177.186268358604 1237.83935546875 35.182941256648085
4178.588143125049 1255.6683349609375 35.43541074914947
4179.990017891494 1261.84033203125 35.52239198071056
4181.391892657939 1259.0166015625 35.48262393852095
4182.793767424384 1251.1400146484375 35.371457626855545
4184.195642190829 1257.326171875 35.45879540924931
4185.597516957274 1257.2030029296875 35.45705857695598
4186.999391723719 1240.34912109375 35.21859056086359
4188.401266490164 1240.5589599609375 35.22156952722206
4189.803141256609 1261.656982421875 35.519811125931895
4191.205016023054 1287.917236328125 35.88756381155072
4192.6068907895005 1305.1951904296875 36.12748524917957
4194.008765555945 1305.3907470703125 36.13019162792127
4195.4106403223905 1294.6268310546875 35.980923154564664
4196.8125150888345 1280.6005859375 35.785480099301445
4198.21438985528 1265.256591796875 35.57044548212568
4199.616264621724 1260.574462890625 35.504569605765184
4201.0181393881685 1279.14501953125 35.765136928736204
4202.420014154614 1298.0489501953125 36.02844640274282
4203.821888921059 1306.0050048828125 36.13869124474228
4205.223763687504 1322.9007568359375 36.37170269365922
4206.625638453949 1327.0469970703125 36.42865626221083
4208.027513220394 1327.0511474609375 36.42871322817946
4209.429387986839 1335.8333740234375 36.549054351972465
4210.831262753284 1336.6676025390625 36.560465020826285
4212.233137519729 1331.827392578125 36.49421039806349
4213.635012286175 1322.863525390625 36.37119087121874
4215.03688705262 1315.385986328125 36.268250389674506
4216.438761819065 1311.42724609375 36.21363342849969
4217.84063658551 1323.346435546875 36.37782890095112
4219.242511351955 1347.77783203125 36.71209381159361
4220.644386118401 1352.1796875 36.77199596839965
4222.046260884845 1337.268310546875 36.5686793656385
4223.44813565129 1315.4385986328125 36.26897570421327
4224.850010417735 1296.01953125 36.00027126633909
4226.25188518418 1297.1318359375 36.01571651289892
4227.653759950625 1315.741943359375 36.27315733926915
4229.0556347170705 1332.5863037109375 36.50460660945325
4230.4575094835145 1355.159912109375 36.812496683998155
4231.8593842499595 1356.6669921875 36.83296067637653
4233.2612590164035 1335.678955078125 36.54694180199111
4234.663133782849 1341.7684326171875 36.630157420043766
4236.065008549295 1372.399658203125 37.04591284073217
4237.466883315739 1388.3209228515625 37.26017878179817
4238.868758082185 1392.3590087890625 37.31432712496719
4240.27063284863 1402.4361572265625 37.4491142382108
4241.672507615075 1411.779052734375 37.57364838200271
4243.07438238152 1404.4578857421875 37.47609752551868
4244.476257147965 1376.5106201171875 37.10135604148705
4245.87813191441 1351.8043212890625 36.76689164573288
4247.280006680855 1340.9434814453125 36.618895142334814
4248.6818814473 1351.661865234375 36.76495430752465
4250.083756213745 1374.702392578125 37.07697928065507
4251.48563098019 1388.8663330078125 37.26749700486756
4252.887505746635 1412.809326171875 37.58735593483366
4254.28938051308 1428.1719970703125 37.79116294942923
4255.691255279525 1435.448486328125 37.887312999579756
4257.0931300459715 1449.2037353515625 38.068408626465626
4258.495004812416 1452.6038818359375 38.11304083690958
4259.896879578861 1444.07080078125 38.00093157780806
4261.2987543453055 1426.7574462890625 37.77244294838583
4262.700629111751 1455.5860595703125 38.152143577659075
4264.102503878195 1506.9759521484375 38.81978815177174
4265.5043786446395 1511.6087646484375 38.87941312119355
4266.906253411085 1493.7823486328125 38.64948057390697
4268.30812817753 1480.6248779296875 38.47888873044136
4269.710002943975 1453.55029296875 38.12545465917423
4271.11187771042 1413.7667236328125 37.6000894099045
4272.513752476865 1403.965087890625 37.46952211985929
4273.91562724331 1435.4398193359375 37.88719862085263
4275.317502009755 1476.401611328125 38.42397183176311
4276.7193767762 1514.560302734375 38.917352206109484
4278.121251542645 1519.028076171875 38.97471072595504
4279.52312630909 1504.4906005859375 38.78776354194628
4280.925001075536 1505.126220703125 38.79595624163844
4282.326875841981 1504.1715087890625 38.78365001890697
4283.728750608426 1499.138671875 38.718712167051734
4285.130625374872 1491.038330078125 38.61396547983806
4286.532500141316 1478.3082275390625 38.448774070691286
4287.934374907762 1455.8446044921875 38.1555317679126
4289.336249674206 1425.7362060546875 37.75892220462188
4290.7381244406515 1417.99560546875 37.65628241699849
4292.139999207096 1450.95361328125 38.091385027079944
4293.541873973541 1495.174072265625 38.667480810955674
4294.9437487399855 1495.769287109375 38.675176626737915
4296.345623506431 1463.9163818359375 38.261160225951556
4297.7474982728745 1443.7008056640625 37.99606302847786
4299.14937303932 1423.434326171875 37.728428620496175
4300.551247805766 1405.281494140625 37.487084364359745
4301.953122572211 1417.0440673828125 37.643645776980904
4303.354997338656 1444.1982421875 38.002608360315214
4304.756872105101 1460.400390625 38.2151853407124
4306.158746871546 1471.5511474609375 38.36080222650378
4307.560621637991 1485.610107421875 38.54361305614557
4308.962496404436 1478.740234375 38.454391613637576
4310.364371170881 1471.780517578125 38.363791751834505
4311.766245937326 1483.56591796875 38.51708605240991
4313.168120703771 1477.446533203125 38.43756669201531
4314.569995470216 1454.679931640625 38.14026653866783
4315.971870236661 1469.744873046875 38.33725176700692
4317.373745003106 1510.0374755859375 38.859200655519636
4318.775619769551 1539.168212890625 39.23223436016135
4320.177494535996 1546.276123046875 39.3227176457436
4321.579369302441 1526.258056640625 39.06735282356132
4322.981244068887 1514.2313232421875 38.91312533377636
4324.383118835332 1510.448974609375 38.864495038651604
4325.7849936017765 1495.217529296875 38.668042739410474
4327.1868683682205 1495.45703125 38.67113951320804
4328.588743134666 1519.6456298828125 38.98263241345833
4329.99061790111 1527.10302734375 39.0781656087354
4331.392492667556 1506.7991943359375 38.81751143924527
4332.794367434001 1481.2403564453125 38.48688551240945
4334.196242200446 1438.8726806640625 37.932475277314325
4335.598116966891 1350.2099609375 36.74520323712335
4336.999991733336 1220.6842041015625 34.93829137352831
4338.401866499781 1094.619140625 33.085028950040225
4339.803741266226 1015.1309204101562 31.861119258590968
4341.205616032671 1009.6735229492188 31.775360311870877
4342.607490799116 1107.72412109375 33.28248970695777
4344.009365565561 1271.7315673828125 35.66134556326797
4345.411240332007 1397.8538818359375 37.38788415831976
4346.813115098452 1476.3387451171875 38.42315376328689
4348.214989864897 1510.6099853515625 38.866566420917124
4349.616864631342 1516.7237548828125 38.94513775662904
4351.018739397787 1528.8834228515625 39.1009388998725
4352.420614164233 1537.25927734375 39.207898150037956
4353.822488930677 1561.80029296875 39.519619089368135
4355.2243636971225 1613.498291015625 40.16837426403544
4356.626238463567 1652.3880615234375 40.64957640029521
4358.028113230012 1674.59765625 40.921848152912155
4359.4299879964565 1698.5008544921875 41.21287243680289
4360.831862762901 1714.6044921875 41.40778299048984
4362.2337375293455 1744.5360107421875 41.76764310734073
4363.635612295791 1762.61767578125 41.98354053413373
4365.037487062235 1745.8779296875 41.783704116407634
4366.439361828681 1723.2445068359375 41.51198028082902
4367.841236595125 1707.836181640625 41.32597466050407
4369.243111361572 1712.00244140625 41.37635123360022
4370.644986128017 1723.0574951171875 41.509727716731504
4372.046860894462 1733.3192138671875 41.63315041967383
4373.448735660907 1731.5137939453125 41.611462290399174
4374.850610427352 1714.5390625 41.406992917863526
4376.252485193797 1722.5748291015625 41.503913419117026
4377.654359960242 1756.2874755859375 41.90808365442087
4379.056234726687 1788.927490234375 42.29571479753445
4380.458109493132 1786.0916748046875 42.262177828463685
4381.859984259577 1756.4683837890625 41.910241991535464
4383.261859026022 1736.6915283203125 41.67363109113858
4384.663733792467 1701.7958984375 41.25282897496243
4386.065608558912 1714.8004150390625 41.410148696171845
4387.467483325357 1764.3524169921875 42.00419523085983
4388.8693580918025 1791.0299072265625 42.320561282035975
4390.271232858248 1804.9195556640625 42.48434483034971
4391.6731076246915 1783.6563720703125 42.233356154470044
4393.074982391137 1772.2821044921875 42.09848102357361
4394.476857157581 1762.71826171875 41.98473843813666
4395.878731924027 1734.633056640625 41.64892623634642
4397.280606690471 1736.7572021484375 41.674419037923464
4398.682481456917 1767.34228515625 42.03977027953709
4400.084356223362 1780.6524658203125 42.197777972546284
4401.486230989807 1759.37841796875 41.944945082438124
4402.888105756252 1770.2960205078125 42.074885864465664
4404.289980522697 1815.3131103515625 42.60649141095242
4405.691855289142 1829.9376220703125 42.77777018581394
4407.093730055587 1838.14599609375 42.87360488801647
4408.495604822032 1860.865478515625 43.1377500400244
4409.897479588477 1865.8624267578125 43.195629718269096
4411.299354354922 1862.5982666015625 43.15782972534141
4412.701229121368 1863.2579345703125 43.16547155505558
4414.103103887813 1840.2100830078125 42.8976699018468
4415.504978654258 1799.85400390625 42.424686255837535
4416.906853420704 1779.392578125 42.18284696562099
4418.308728187148 1803.3184814453125 42.465497541478456
4419.7106029535935 1854.9091796875 43.068656580946424
4421.1124777200375 1897.25537109375 43.557495004806576
4422.5143524864825 1918.646484375 43.802357064146676
4423.9162272529275 1917.9884033203125 43.7948444833443
4425.3181020193715 1902.685791015625 43.619786691542004
4426.719976785817 1886.7745361328125 43.43701803914275
4428.121851552262 1889.7449951171875 43.47119730484988
4429.523726318707 1918.3468017578125 43.79893608020419
4430.925601085152 1936.769287109375 44.00874103072451
4432.327475851598 1931.8961181640625 43.95334023898596
4433.729350618043 1923.982421875 43.86322402508735
4435.131225384488 1923.8865966796875 43.862131693291964
4436.533100150933 1938.1910400390625 44.02489114170599
4437.934974917378 1963.1417236328125 44.30735518661447
4439.336849683823 1964.77587890625 44.325792479167816
4440.738724450268 1935.37158203125 43.992858307130376
4442.140599216713 1893.02099609375 43.50886112154339
4443.542473983158 1859.858154296875 43.12607279009851
4444.944348749604 1869.612060546875 43.23901086457546
4446.346223516048 1921.33642578125 43.833051750719456
4447.748098282494 1961.9796142578125 44.29423906398904
4449.149973048938 1971.04248046875 44.3964241856115
4450.551847815384 1961.5140380859373 44.28898325866081
4451.953722581828 1953.62353515625 44.199813745719
4453.355597348273 1970.01904296875 44.384896563682
4454.7574721147175 1961.599853515625 44.289952060434935
4456.1593468811625 1954.356201171875 44.2081010808186
4457.561221647608 1988.1046142578125 44.588166751480294
4458.963096414052 2009.5321044921875 44.827805037634704
4460.364971180498 2001.0301513671875 44.73287550970972
4461.766845946942 1999.3353271484373 44.71392766407842
4463.168720713388 2008.62744140625 44.817713478113205
4464.570595479833 2020.6005859375 44.95109104279339
4465.972470246278 2015.00927734375 44.888854711874195
4467.374345012723 1980.71435546875 44.50521717134689
4468.776219779168 1970.8546142578125 44.39430835431286
4470.178094545613 1987.8468017578125 44.585275616035084
4471.579969312058 2021.081298828125 44.956437790689385
4472.981844078503 2060.425537109375 45.391910480936744
4474.383718844948 2091.68017578125 45.73489013631988
4475.785593611393 2126.391357421875 46.11281120710247
4477.187468377839 2128.61181640625 46.13688130342416
4478.589343144284 2115.8056640625 45.99788760435092
4479.991217910729 2098.790771484375 45.81256128491808
4481.393092677174 2058.178955078125 45.36715722941129
4482.794967443619 2040.6448974609373 45.17349773330528
4484.1968422100645 2081.794189453125 45.62668286708037
4485.5987169765085 2135.609130859375 46.21265119920491
4487.0005917429535 2164.390380859375 46.52300915524892
4488.402466509398 2152.62451171875 46.396384683709464
4489.8043412758425 2112.92333984375 45.966545876797724
4491.206216042288 2102.555419921875 45.853630389772576
4492.608090808733 2122.689208984375 46.072651421253966
4494.009965575178 2156.97021484375 46.44319341780612
4495.411840341623 2175.224609375 46.63930326854165
4496.813715108068 2169.79296875 46.58103657874092
4498.215589874513 2172.9501953125 46.61491387219867
4499.617464640958 2164.033935546875 46.51917814780131
4501.019339407404 2148.226806640625 46.34896769768044
4502.421214173849 2160.468017578125 46.48083494923607
4503.823088940294 2199.963134765625 46.90376461186911
4505.224963706739 2238.6123046875 47.31397578609834
4506.626838473184 2240.0341796875 47.32899935227344
4508.028713239629 2208.018310546875 46.9895553346366
4509.430588006074 2202.861328125 46.934649547269444
4510.832462772519 2237.031494140625 47.29726730098289
4512.234337538965 2261.166748046875 47.5517270774351
4513.636212305409 2253.255859375 47.46847226712695
4515.0380870718545 2235.32568359375 47.2792309962181
4516.439961838299 2234.976806640625 47.275541315151806
4517.8418366047445 2236.993896484375 47.29686983812327
4519.2437113711885 2222.677001953125 47.14527549981148
4520.645586137634 2209.5908203125 47.006284902260674
4522.047460904079 2210.369873046875 47.01457085890368
4523.449335670524 2210.890869140625 47.02011132633168
4524.851210436969 2233.109619140625 47.25578926587329
4526.253085203413 2248.68408203125 47.42029188049405
4527.654959969859 2216.153076171875 47.07603505151931
4529.056834736304 2189.579833984375 46.79294641272737
4530.458709502749 2201.91845703125 46.924603962433714
4531.860584269194 2214.73486328125 47.060969638132725
4533.262459035639 2189.76416015625 46.794915964838
4534.664333802084 2152.394775390625 46.39390881775996
4536.066208568529 2170.33935546875 46.58690111467761
4537.468083334974 2255.728759765625 47.49451294376672
4538.869958101419 2323.4384765625 48.202058841531866
4540.271832867864 2321.97705078125 48.186897086046635
4541.673707634309 2303.152099609375 47.99116689151635
4543.075582400754 2313.701171875 48.10094772325177
4544.477457167199 2331.322998046875 48.28377572277126
4545.879331933645 2325.59375 48.224410312620726
4547.28120670009 2312.02880859375 48.08356068963435
4548.683081466535 2267.95703125 47.623072467555055
4550.0849562329795 2199.934326171875 46.90345750764942
4551.486830999425 2194.27490234375 46.8430880957239
4552.888705765869 2252.8359375 47.464048894926776
4554.2905805323135 2254.1201171875 47.477574887387625
4555.692455298759 2227.354248046875 47.19485404201262
4557.094330065204 2267.14697265625 47.61456681159926
4558.496204831649 2327.380859375 48.24293584945883
4559.898079598094 2350.791259765625 48.48495910863105
4561.299954364539 2364.697265625 48.62815301474034
4562.701829130984 2368.96826171875 48.67204805346442
4564.10370389743 2333.251708984375 48.30374425429539
4565.505578663875 2326.8740234375 48.23768260849084
4566.907453430321 2391.80419921875 48.90607527924062
4568.309328196765 2413.8525390625 49.130973316864996
4569.711202963211 2398.865234375 48.97821183317129
4571.113077729655 2380.8525390625 48.79398056177114
4572.5149524961 2353.94287109375 48.51744914042524
4573.916827262545 2370.49072265625 48.68768553398539
4575.31870202899 2419.93212890625 49.19280566207065
4576.720576795436 2432.39404296875 49.319307000086184
4578.12245156188 2423.756103515625 49.23165753370107
4579.5243263283255 2428.17333984375 49.27649885943349
4580.9262010947705 2412.365966796875 49.1158423199366
4582.328075861215 2367.025146484375 48.65208265310309
4583.7299506276595 2340.4873046875 48.37858311988374
4585.131825394104 2340.7509765625 48.381308131989364
4586.5337001605485 2380.416748046875 48.78951473469351
4587.935574926994 2427.752197265625 49.27222541417857
4589.33744969344 2419.873779296875 49.19221258793789
4590.739324459885 2400.7763671875 48.99771797938655
4592.14119922633 2408.236083984375 49.073782042801376
4593.543073992775 2435.2216796875 49.34796530443276
4594.944948759221 2473.269775390625 49.731979403504795
4596.346823525665 2505.283935546875 50.052811464960435
4597.74869829211 2520.53955078125 50.204975358835206
4599.150573058555 2519.624755859375 50.19586393179596
4600.552447825 2500.552978515625 50.00552947940483
4601.954322591445 2489.274658203125 49.89263130165741
4603.35619735789 2491.625732421875 49.91618707816008
4604.758072124335 2502.0849609375 50.02084526412464
4606.15994689078 2544.69384765625 50.444958595049414
4607.561821657225 2557.977294921875 50.57645000315735
4608.9636964236715 2544.1728515625 50.43979432514074
4610.365571190116 2553.8984375 50.53611023317881
4611.7674459565615 2566.32275390625 50.65888622844219
4613.169320723006 2564.804443359375 50.64389838232613
4614.5711954894505 2550.192626953125 50.49943194683605
4615.9730702558945 2550.480224609375 50.50227940013574
4617.37494502234 2556.475341796875 50.561599478229276
4618.776819788784 2544.326416015625 50.441316557120366
4620.178694555229 2543.569091796875 50.433809015350754
4621.580569321674 2574.796630859375 50.742453930208924
4622.98244408812 2595.769287109375 50.94869269283928
4624.384318854565 2612.69189453125 51.11449788984775
4625.78619362101 2627.655029296875 51.260657714243926
4627.188068387455 2613.768310546875 51.12502626451037
4628.5899431539 2586.520751953125 50.857848479395244
4629.991817920345 2545.349853515625 50.45146037049498
4631.393692686789 2570.925048828125 50.70429024084772
4632.795567453236 2613.13623046875 51.11884418165918
4634.197442219681 2595.65869140625 50.947607317775486
4635.599316986126 2605.935546875 51.04836478159707
4637.001191752571 2626.6015625 51.250381096144054
4638.403066519016 2611.05419921875 51.09847550777567
4639.804941285461 2616.18115234375 51.14861828381828
4641.206816051907 2650.929931640625 51.4871822072312
4642.608690818351 2660.659912109375 51.58158500966576
4644.0105655847965 2644.917724609375 51.4287635920734
4645.412440351241 2647.034912109375 51.44934316499459
4646.814315117686 2630.246826171875 51.28593204936296
4648.2161898841305 2612.710205078125 51.114677002580436
4649.6180646505745 2639.278076171875 51.373904622598765
4651.01993941702 2660.66796875 51.581663105700656
4652.421814183466 2665.1337890625 51.624933792330424
4653.823688949911 2665.364501953125 51.627168254254705
4655.225563716356 2650.4912109375 51.482921546251625
4656.627438482801 2623.212646484375 51.21730807534085
4658.029313249246 2623.6533203125 51.22160989575103
4659.431188015691 2680.531982421875 51.77385423572283
4660.833062782136 2724.619384765625 52.197886784482236
4662.234937548581 2726.528076171875 52.216166808488296
4663.636812315026 2718.421630859375 52.13848512240622
4665.038687081471 2712.66015625 52.0832041665065
4666.440561847916 2700.510986328125 51.96644096268403
4667.842436614361 2652.753662109375 51.50488969126499
4669.244311380807 2618.470703125 51.17099474433734
4670.646186147251 2638.545166015625 51.366771029680514
4672.048060913697 2678.83544921875 51.75746756960535
4673.449935680141 2707.797119140625 52.03649795230868
4674.851810446587 2714.230712890625 52.09827936593132
4676.253685213031 2712.935302734375 52.08584551233065
4677.6555599794765 2722.155517578125 52.174280230570744
4679.057434745922 2733.1806640625 52.27983037522693
4680.4593095123655 2732.119140625 52.2696770663929
4681.861184278811 2730.8837890625 52.25785863449152
4683.263059045255 2749.10986328125 52.43195460099928
4684.664933811701 2761.24560546875 52.54755565645989
4686.066808578145 2756.494873046875 52.50233207246013
4687.468683344591 2757.199951171875 52.50904637461887
4688.870558111036 2771.271240234375 52.6428650458386
4690.272432877481 2792.36474609375 52.842830602587426
4691.674307643926 2797.99267578125 52.8960553896153
4693.076182410371 2792.920166015625 52.848085736529995
4694.478057176816 2793.466064453125 52.853250273309826
4695.879931943262 2804.64111328125 52.95886246211535
4697.281806709707 2823.235595703125 53.13412835177712
4698.683681476152 2818.130615234375 53.08606799560856
4700.085556242597 2798.429443359375 52.900183774344065
4701.487431009042 2784.030029296875 52.76390839671446
4702.889305775487 2751.024658203125 52.45021123125363
4704.291180541932 2719.172119140625 52.14568169216532
4705.693055308377 2749.964111328125 52.44010022233105
4707.094930074822 2776.35791015625 52.69115590074154
4708.4968048412675 2766.926513671875 52.60158280576617
4709.8986796077115 2774.85107421875 52.676855204337606
4711.300554374157 2805.365966796875 52.965705572538866
4712.702429140601 2840.061767578125 53.29222989872093
4714.1043039070455 2840.21728515625 53.293688980556134
4715.506178673491 2813.739990234375 53.04469804075026
4716.908053439936 2822.70849609375 53.129168035023376
4718.309928206381 2854.154296875 53.424285646838555
4719.711802972826 2849.524658203125 53.38093909068222
4721.113677739272 2839.57861328125 53.28769664079364
4722.515552505717 2853.49658203125 53.4181297129659
4723.917427272162 2860.953125 53.48787829966711
4725.319302038607 2859.78076171875 53.476918027488736
4726.721176805052 2860.201904296875 53.48085549331532
4728.123051571497 2854.7236328125 53.42961381867269
4729.524926337942 2863.355712890625 53.51033276751907
4730.926801104387 2853.487548828125 53.41804516105138
4732.328675870832 2831.97998046875 53.21635068725354
4733.730550637277 2853.10693359375 53.41448243307942
4735.132425403722 2875.293212890625 53.62176062841116
4736.534300170168 2850.04638671875 53.38582570981505
4737.936174936612 2844.4345703125 53.33324076326602
4739.338049703058 2871.67138671875 53.587978005507445
4740.739924469503 2893.03076171875 53.78690139540249
4742.1417992359475 2911.10107421875 53.95462050852318
4743.5436740023915 2911.458984375 53.95793717679541
4744.945548768837 2909.3369140625 53.938269475971325
4746.347423535282 2919.209716796875 54.02971142618546
4747.749298301727 2915.043701171875 53.9911446551365
4749.151173068172 2906.158447265625 53.90879749415326
4750.553047834616 2923.979248046875 54.07383145336453
4751.954922601062 2936.333740234375 54.187948293272505
4753.356797367506 2922.79638671875 54.062892881520405
4754.758672133952 2905.9453125 53.90682064915348
4756.160546900397 2903.763427734375 53.886579291456
4757.562421666842 2917.8740234375 54.017349281851104
4758.964296433287 2932.062744140625 54.14852485655196
4760.366171199732 2940.395751953125 54.22541610677713
4761.768045966177 2938.5283203125 54.20819421741053
4763.169920732622 2907.28173828125 53.91921492641793
4764.571795499067 2874.09619140625 53.610597752741484
4765.973670265513 2890.530517578125 53.76365424316064
4767.375545031958 2924.086181640625 54.07482021829222
4768.777419798403 2936.89208984375 54.19310002060917
4770.179294564848 2947.293212890625 54.288978742380344
4771.581169331293 2956.3984375 54.37277294289854
4772.9830440977385 2956.765380859375 54.37614716821499
4774.3849188641825 2968.638427734375 54.485212927310606
4775.786793630628 2984.0625 54.62657320389043
4777.188668397072 2973.825439453125 54.532792331340644
4778.5905431635165 2947.2080078125 54.288194000284264
4779.992417929962 2930.676025390625 54.135718572774344
4781.394292696406 2931.5029296875 54.14335536044566
4782.796167462852 2946.2177734375 54.27907307091288
4784.198042229298 2969.40625 54.49225862450555
4785.599916995743 2969.7080078125 54.49502736775622
4787.001791762188 2947.34033203125 54.28941270663415
4788.403666528633 2938.235107421875 54.205489642856975
4789.805541295078 2943.312744140625 54.252306348584156
4791.207416061523 2972.390380859375 54.51963298536936
4792.609290827968 2990.814697265625 54.68834151138271
4794.011165594413 2992.7939453125 54.70643422224209
4795.413040360858 3009.154541015625 54.85576123813819
4796.814915127303 3006.864990234375 54.83488844006501
4798.216789893748 2987.763671875 54.660439733641
4799.618664660193 2975.486572265625 54.548020791460665
4801.020539426639 2986.586181640625 54.649667717568285
4802.422414193083 3017.053955078125 54.92771572783748
4803.8242889595285 3010.394775390625 54.86706457785604
4805.226163725973 2947.906982421875 54.2946312486039
4806.628038492418 2949.512451171875 54.309414019779986
4808.0299132588625 2998.447021484375 54.75807722596161
4809.431788025308 3001.685546875 54.78764045726919
4810.833662791753 2984.681884765625 54.632242172234015
4812.235537558198 2977.90576171875 54.570191146071224
4813.637412324643 2995.87353515625 54.734573490219596
4815.039287091088 3010.11767578125 54.86453932898052
4816.441161857533 3008.775390625 54.852305244401535
4817.843036623978 3010.717529296875 54.8700057344345
4819.244911390423 3010.276123046875 54.86598329609044
4820.646786156868 3008.251220703125 54.84752702449879
4822.048660923313 3014.413330078125 54.9036731929488
4823.450535689758 2973.408203125 54.528966642739526
4824.852410456203 2934.71484375 54.17300844285833
4826.254285222648 2980.34326171875 54.59252019937118
4827.656159989093 3022.732421875 54.97938178876696
4829.058034755539 3017.227783203125 54.92929804032749
4830.459909521985 3020.237548828125 54.95668793539259
4831.861784288429 3019.9912109375 54.95444668939448
4833.263659054875 3000.06494140625 54.772848578527025
4834.665533821319 2992.776123046875 54.706271331967734
4836.0674085877645 2992.275634765625 54.701696817974714
4837.469283354209 2999.02392578125 54.76334472784921
4838.871158120654 3003.87109375 54.8075824475957
4840.2730328870975 2988.69970703125 54.66900133559465
4841.674907653543 2972.960205078125 54.52485859750693
4843.0767824199875 2969.7578125 54.495484331272806
4844.478657186433 2955.82373046875 54.36748780722492
4845.880531952877 2935.536376953125 54.18059040794152
4847.282406719323 2918.6953125 54.024950832925335
4848.684281485768 2891.78857421875 53.77535285071359
4850.086156252213 2860.629150390625 53.484849727662365
4851.488031018658 2840.626220703125 53.29752546510133
4852.889905785104 2815.796875 53.0640827208009
4854.291780551549 2763.636962890625 52.57030495337292
4855.693655317994 2683.3935546875 51.80148216689847
4857.095530084439 2595.940673828125 50.950374619114676
4858.497404850884 2494.631103515625 49.94628217911344
4859.899279617329 2259.73388671875 47.536658346151654
4861.301154383774 1728.90087890625 41.580053858866634
4862.703029150219 1552.3037109375 39.39928566532013
4864.104903916664 2023.7486572265625 44.98609404278796
4865.506778683109 2420.704345703125 49.200653915401624
4866.908653449554 2585.84814453125 50.85123542777747
4868.3105282159995 2686.76025390625 51.83396814740552
4869.712402982444 2736.962158203125 52.315983773633896
4871.114277748889 2718.14453125 52.13582771233233
4872.5161525153335 2681.1767578125 51.780080704963176
4873.918027281779 2765.89404296875 52.591767825095495
4875.319902048224 2850.41015625 53.389232587198705
4876.721776814669 2849.007568359375 53.37609547690216
4878.123651581114 2829.025634765625 53.18858556838699
4879.525526347559 2846.276123046875 53.35050255664772
4880.927401114004 2911.1103515625 53.95470648203454
4882.329275880449 2929.9521484375 54.12903239886614
4883.731150646894 2899.899169921875 53.85071187943456
4885.133025413339 2888.240966796875 53.74235728730993
4886.534900179784 2903.585693359375 53.884930113709665
4887.936774946229 2930.816650390625 54.13701737619672
4889.338649712674 2924.02685546875 54.07427165916107
4890.740524479119 2825.544677734375 53.15585271382987
4892.142399245564 2791.164306640625 52.83147079762804
4893.544274012009 2880.686279296875 53.67202510896039
4894.946148778454 2948.336669921875 54.29858810247164
4896.3480235449 2963.861083984375 54.44135453847906
4897.7498983113455 2974.052001953125 54.53486959692051
4899.15177307779 2950.335205078125 54.31698818121385
4900.5536478442355 2912.1357421875 53.96420797331783
4901.9555226106795 2907.513427734375 53.921363370508125
4903.357397377125 2906.02197265625 53.907531687661695
4904.7592721435685 2898.003173828125 53.83310481319209
4906.161146910014 2932.231689453125 54.15008485176293
4907.563021676458 2965.1923828125 54.45358007342125
4908.964896442904 2951.563232421875 54.32829127095638
4910.366771209348 2911.5791015625 53.95905022850662
4911.768645975794 2876.75 53.6353428254169
4913.170520742239 2896.021484375 53.81469580305179
4914.572395508684 2928.9951171875 54.120191400137344
4915.974270275129 2942.8408203125 54.2479568307646
4917.376145041575 2922.670166015625 54.06172551829644
4918.77801980802 2832.7734375 53.22380517681914
4920.179894574465 2734.367919921875 52.291183959840446
4921.58176934091 2742.538330078125 52.36924985216157
4922.983644107355 2768.90966796875 52.62043013857593
4924.3855188738 2745.638671875 52.39884227609423
4925.787393640245 2784.802001953125 52.77122323722585
4927.18926840669 2889.957275390625 53.75832284763565
4928.591143173135 2927.9755859375 54.1107714409756
4929.99301793958 2911.911376953125 53.96212909951872
4931.394892706025 2918.70361328125 54.025027656459834
4932.7967674724705 2861.902099609375 53.496748495673785
4934.1986422389145 2757.977294921875 52.51644785133392
4935.60051700536 2771.778564453125 52.64768337214017
4937.0023917718045 2843.304931640625 53.32264933066084
4938.4042665382485 2835.492431640625 53.24934207706819
4939.806141304694 2810.64111328125 53.015479940119846
4941.208016071139 2837.10205078125 53.26445391423111
4942.609890837585 2876.82666015625 53.63605746283231
4944.011765604029 2890.1611328125 53.76021886871835
4945.413640370475 2867.848876953125 53.55230038899473
4946.81551513692 2844.3349609375 53.332306915578855
4948.217389903365 2859.380859375 53.473178878527506
4949.61926466981 2887.43310546875 53.734840703855724
4951.021139436255 2882.656005859375 53.690371630855516
4952.4230142027 2858.8046875 53.46779112231961
4953.824888969145 2845.380615234375 53.34210921246342
4955.22676373559 2848.424072265625 53.37062930363127
4956.628638502035 2757.47607421875 52.5116755990394
