3901.0687966017604 2766.268310546875 52.59532593821313
3902.469180272335 2862.671630859375 53.503940330216565
3903.8695639429097 2881.839599609375 53.6827681813203
3905.2699476134853 2894.465087890625 53.800233158329576
3906.67033128406 2985.387451171875 54.638699208270644
3908.0707149546342 3093.08251953125 55.61548812634166
3909.47109862521 3188.46044921875 56.46645419378439
3910.871482295785 3194.313720703125 56.51826006436438
3912.2718659663597 3048.4375 55.21265706339444
3913.672249636935 3009.740234375 54.86109946378217
3915.0726333075104 3083.02587890625 55.52500228641373
3916.4730169780846 3123.786865234375 55.89084777702316
3917.87340064866 3108.38818359375 55.75292085257731
3919.2737843192353 3098.413330078125 55.66339308808011
3920.6741679898096 3055.01123046875 55.272156014296655
3922.074551660385 3015.812255859375 54.91641153479873
3923.4749353309603 3065.31005859375 55.36524233301747
3924.875319001535 3088.023193359375 55.56998464422475
3926.275702672109 3004.430908203125 54.8126892991315
3927.676086342685 2945.08935546875 54.26867748037306
3929.07647001326 2886.851806640625 53.729431475129395
3930.476853683834 2587.566162109375 50.8681252073376
3931.8772373544098 1806.8582763671875 42.50715559017314
3933.277621024985 1336.03271484375 36.55178128140611
3934.6780046955605 1943.3232421875 44.083140112604276
3936.078388366135 2645.8154296875 51.437490507289525
3937.4787720367103 2927.75927734375 54.10877264680608
3938.879155707285 3018.29931640625 54.939050923785075
3940.27953937786 3090.509765625 55.59235348161651
3941.6799230484353 3064.3935546875 55.35696482546257
3943.0803067190095 2961.762939453125 54.422081359069
3944.480690389585 2964.66259765625 54.44871529849212
3945.88107406016 2995.8740234375 54.7345779506657
3947.281457730735 2954.788330078125 54.35796473450901
3948.681841401309 2909.111083984375 53.93617602300311
3950.0822250718847 2912.9248046875 53.97151845823406
3951.482608742459 2840.827880859375 53.299417265664125
3952.8829924130346 2848.779052734375 53.37395481631818
3954.2833760836097 2845.719482421875 53.345285475118374
3955.683759754184 2767.850341796875 52.61036344482782
3957.08414342476 2690.496337890625 51.86999458155577
3958.484527095335 2641.568115234375 51.396187750010945
3959.884910765909 2556.254638671875 50.55941691388336
3961.285294436485 2489.7998046875 49.89789379009399
3962.68567810706 2421.879150390625 49.21259138056667
3964.086061777634 2289.9189453125 47.8530975519088
3965.4864454482095 2009.4947509765625 44.82738840236583
3966.8868291187846 1483.499267578125 38.516220837176185
3968.2872127893593 991.933837890625 31.49498115399698
3969.687596459935 952.4415283203124 30.861651419201667
3971.0879801305095 1347.2818603515625 36.70533830863792
3972.488363801084 1798.7763671875 42.411983768594226
3973.888747471659 2081.784912109375 45.626581201196466
3975.2891311422345 2278.940673828125 47.738251683824004
3976.6895148128087 2434.09521484375 49.33655049599384
3978.089898483384 2515.5244140625 50.155003878601185
3979.49028215396 2573.113037109375 50.725861620177284
3980.890665824534 2654.630615234375 51.52310758518332
3982.2910494951093 2651.64404296875 51.494116585963006
3983.691433165685 2716.86669921875 52.12357143575975
3985.091816836259 2817.291748046875 53.07816639680458
3986.4922005068333 2871.966796875 53.590734244596796
3987.89258417741 2877.184326171875 53.6393915529611
3989.292967847984 2863.807373046875 53.51455290896931
3990.6933515185588 2882.1748046875 53.685890182500465
3992.0937351891343 2935.508544921875 54.180333562297996
3993.494118859709 2959.4521484375 54.40084694595756
3994.8945025302837 2945.944091796875 54.27655195198821
3996.294886200859 2918.577880859375 54.023863994158866
3997.6952698714335 2829.480712890625 53.19286336427684
3999.095653542009 2850.741943359375 53.39233974419341
4000.4960372125843 2923.673583984375 54.07100502103114
4001.89642088316 2963.8974609375 54.44168863047417
4003.296804553734 2937.717041015625 54.200710705816626
4004.6971882243092 2844.185546875 53.33090611338795
4006.0975718948853 2857.751220703125 53.45793879961259
4007.497955565459 2905.9111328125 53.90650362259177
4008.8983392360337 2953.21240234375 54.34346697022329
4010.298722906609 2971.220458984375 54.50890256631824
4011.699106577184 2914.24853515625 53.98378029701375
4013.0994902477587 2864.54150390625 53.52141163970033
4014.4998739183343 2887.786376953125 53.738127776776196
4015.9002575889094 2937.1474609375 54.19545609123979
4017.300641259484 2946.724609375 54.28374166704981
4018.7010249300592 2954.19189453125 54.35247827405159
4020.101408600634 3011.140380859375 54.873858811453886
4021.501792271209 2958.398193359375 54.39115914704682
4022.902175941784 2903.533203125 53.88444305293505
4024.302559612359 2899.072021484375 53.84303131775156
4025.702943282934 2914.415283203125 53.98532470221074
4027.1033269535087 2922.657470703125 54.06160810319209
4028.503710624084 2905.288330078125 53.90072661920362
4029.904094294659 2907.929931640625 53.92522537403645
4031.3044779652337 2908.294677734375 53.92860722969188
4032.704861635809 2878.4853515625 53.65151770045746
4034.1052453063844 2860.8603515625 53.48701105467102
4035.505628976959 2903.596435546875 53.885029790720864
4036.9060126475338 2923.649169921875 54.07077926127822
4038.306396318109 2913.204833984375 53.97411262804026
4039.706779988684 2934.5390625 54.17138601235896
4041.1071636592583 2947.12841796875 54.28746096446904
4042.507547329834 2890.264892578125 53.76118388371042
4043.907931000409 2856.333251953125 53.44467468282621
4045.3083146709837 2732.603271484375 52.274307948402104
4046.708698341559 2724.347900390625 52.195286189373704
4048.109082012134 2846.7744140625 53.355172327174614
4049.5094656827087 2900.077880859375 53.85237117211623
4050.9098493532842 2859.135498046875 53.4708845826107
4052.3102330238594 2859.506591796875 53.474354524359384
4053.7106166944336 2851.55126953125 53.39991825397535
4055.111000365009 2809.947265625 53.00893571488679
4056.511384035584 2794.561767578125 52.86361477971521
4057.911767706159 2823.12841796875 53.13311978388574
4059.3121513767333 2820.54736328125 53.108825662795915
4060.712535047309 2797.763916015625 52.8938929935737
4062.112918717884 2754.935791015625 52.48748223162952
4063.513302388458 2699.66748046875 51.958324457864784
4064.913686059034 2704.245361328125 52.002359190022574
4066.314069729609 2785.261962890625 52.77558112319205
4067.7144534001836 2735.08349609375 52.29802573801185
4069.114837070759 2713.616943359375 52.092388535748434
4070.5152207413344 2708.943359375 52.04751059728986
4071.915604411909 2654.736083984375 51.52413108422475
4073.315988082484 2635.255859375 51.33474319965963
4074.716371753059 2702.134765625 51.98206196011274
4076.1167554236335 2672.7021484375 51.698183221826085
4077.517139094209 2550.7890625 50.505336970462835
4078.917522764784 2526.558837890625 50.26488672911364
4080.317906435359 2613.76123046875 51.124957021681205
4081.718290105933 2628.90087890625 51.272808377406534
4083.118673776509 2614.693359375 51.134072391850424
4084.519057447084 2564.256591796875 50.638489232962655
4085.9194411176586 2520.89892578125 50.208554308815245
4087.3198247882337 2517.901611328125 50.178696787861334
4088.720208458808 2519.470947265625 50.19433182407776
4090.120592129384 2483.8349609375 49.83808745264509
4091.520975799959 2427.718505859375 49.271883522546354
4092.921359470533 2335.358642578125 48.32554854916936
4094.321743141109 2256.293701171875 47.50046001010806
4095.722126811684 2199.181884765625 46.895435649598404
4097.122510482259 2082.89404296875 45.638734020223986
4098.522894152833 1898.589599609375 43.572808029886886
4099.923277823408 1649.93603515625 40.61940466275016
4101.323661493983 1379.078125 37.13594114870391
4102.724045164558 1270.0501708984375 35.637763270138564
4104.1244288351345 1457.5548095703125 38.17793616174547
4105.52481250571 1774.449462890625 42.124214685743695
4106.925196176284 1984.789794921875 44.550979730213285
4108.325579846858 2112.064697265625 45.957205063685336
4109.725963517433 2222.0947265625 47.13909976402286
4111.1263471880075 2301.19091796875 47.97072980442084
4112.526730858584 2340.201904296875 48.3756333735991
4113.927114529159 2397.344482421875 48.96268459165485
4115.327498199734 2394.229736328125 48.93086690758835
4116.727881870308 2412.570556640625 49.11792500341016
4118.128265540883 2449.82470703125 49.495703924999894
4119.528649211458 2453.34716796875 49.531274645104276
4120.929032882033 2485.941650390625 49.85921830906121
4122.3294165526095 2485.358154296875 49.853366529221226
4123.729800223185 2526.1982421875 50.26129964682072
4125.130183893758 2543.155517578125 50.429708680282154
4126.530567564333 2508.597900390625 50.085905206860595
4127.930951234908 2512.970703125 50.12953922713633
4129.331334905482 2521.47119140625 50.214252871134605
4130.7317185760585 2518.9677734375 50.189319316339606
4132.132102246634 2516.648681640625 50.16621055691395
4133.532485917208 2495.890869140625 49.95889179255906
4134.932869587783 2484.0166015625 49.83990972666885
4136.333253258358 2543.883544921875 50.43692640240754
4137.733636928933 2563.010986328125 50.62618873990146
4139.134020599508 2569.19287109375 50.68720618749617
4140.534404270084 2570.64794921875 50.70155766067498
4141.934787940658 2526.86181640625 50.26790045751115
4143.335171611233 2459.89306640625 49.597309064164456
4144.735555281808 2463.094970703125 49.629577579333926
4146.135938952383 2499.986083984375 49.9998608396501
4147.536322622957 2538.7734375 50.38624254198759
4148.9367062935335 2535.792236328125 50.35665036842825
4150.337089964109 2507.2900390625 50.07284732329988
4151.737473634683 2520.26708984375 50.20226180007978
4153.137857305258 2498.46875 49.98468515455509
4154.538240975833 2452.291259765625 49.52061449301316
4155.938624646408 2448.483642578125 49.48215478915732
4157.339008316983 2473.24853515625 49.73176585600244
4158.739391987558 2467.9296875 49.67826171979048
4160.139775658133 2462.771484375 49.6263184648529
4161.540159328708 2464.4833984375 49.64356351469443
4162.940542999283 2417.818359375 49.171316429143936
4164.340926669858 2407.601806640625 49.06731913036033
4165.741310340432 2449.445068359375 49.49186870951
4167.141694011008 2418.379150390625 49.17701851872097
4168.542077681584 2394.7421875 48.936103109054365
4169.942461352158 2420.59814453125 49.199574637706476
4171.342845022733 2411.7763671875 49.10983982042193
4172.743228693308 2335.515625 48.32717273956754
4174.143612363883 2295.836181640625 47.914884760798756
4175.543996034458 2358.972900390625 48.5692588000952
4176.944379705033 2346.766357421875 48.44343461628082
4178.344763375608 2317.587158203125 48.14132484885646
4179.745147046183 2332.298828125 48.29387982058389
4181.145530716758 2345.5 48.43036237733515
4182.545914387333 2334.225341796875 48.31382143648828
4183.946298057907 2357.152099609375 48.550510806884155
4185.3466817284825 2348.021240234375 48.456384927420814
4186.747065399059 2312.039794921875 48.08367493153862
4188.147449069633 2301.111572265625 47.96990277523632
4189.547832740208 2318.705810546875 48.152941868040365
4190.948216410783 2330.45751953125 48.27481247536079
4192.348600081358 2362.12158203125 48.60166233814693
4193.7489837519315 2373.654541015625 48.720165650535556
4195.149367422508 2363.219482421875 48.61295591117531
4196.549751093083 2330.543212890625 48.2757000248637
4197.950134763658 2268.989501953125 47.633911260289395
4199.350518434233 2229.414794921875 47.216679202606734
4200.750902104808 2220.212890625 47.11913507933905
4202.151285775382 2216.49658203125 47.079683325520044
4203.5516694459575 2223.27880859375 47.15165753813698
4204.9520531165335 2250.644775390625 47.440960945059125
4206.352436787108 2279.02734375 47.73915943698632
4207.752820457683 2306.29833984375 48.02393507245892
4209.153204128258 2294.001220703125 47.895732802652944
4210.553587798831 2278.81494140625 47.736934771791226
4211.9539714694065 2278.873291015625 47.737545925776544
4213.3543551399825 2253.050048828125 47.466304351909734
4214.754738810558 2200.060302734375 46.904800423137665
4216.155122481133 2170.5263671875 46.588908199135766
4217.555506151708 2186.83837890625 46.763643772767004
4218.955889822282 2215.334716796875 47.06734235961146
4220.356273492857 2233.744384765625 47.2625050623179
4221.756657163433 2244.02490234375 47.37113997302313
4223.1570408340085 2208.0068359375 46.98943323703213
4224.557424504583 2190.939697265625 46.807474801206965
4225.957808175158 2112.6513671875 45.96358740554854
4227.358191845733 2041.26220703125 45.18032986855286
4228.758575516306 2099.797119140625 45.8235432844365
4230.1589591868815 2171.22265625 46.596380291284426
4231.5593428574575 2186.713134765625 46.762304634883264
4232.959726528033 2155.1298828125 46.42337646932308
4234.360110198608 2111.035888671875 45.946010584944965
4235.760493869182 2106.948486328125 45.90150854087614
4237.160877539757 2154.474853515625 46.41632098212465
4238.561261210332 2168.315185546875 46.56517137890587
4239.9616448809065 2154.918701171875 46.421101895278994
4241.3620285514835 2146.294677734375 46.3281197301852
4242.762412222058 2145.32470703125 46.31765005946707
4244.162795892633 2146.44091796875 46.32969801292417
4245.563179563207 2147.490966796875 46.34102897861543
4246.963563233781 2101.8466796875 45.845901449175365
4248.363946904357 2058.47021484375 45.37036714468762
4249.7643305749325 2050.802001953125 45.28578145459262
4251.164714245508 2043.181640625 45.201566793917664
4252.565097916083 2030.951416015625 45.066078329666375
4253.965481586657 2078.385009765625 45.58930806412425
4255.365865257232 2072.62744140625 45.526118233451996
4256.766248927807 2062.4677734375 45.41440050730054
4258.1666325983815 2066.474609375 45.45849325896097
4259.5670162689585 2059.314697265625 45.37967273202425
4260.967399939533 2052.80322265625 45.30787153085267
4262.367783610107 2036.942626953125 45.13250078328394
4263.768167280682 2068.350830078125 45.479125212322685
4265.168550951256 2098.81640625 45.81284106285049
4266.568934621832 2093.798828125 45.758046594287656
4267.9693182924075 2079.23876953125 45.59867069916896
4269.369701962983 2049.536376953125 45.271805541121566
4270.770085633557 2010.6617431640625 44.840403021873726
4272.170469304132 1968.15380859375 44.36387954849925
4273.570852974707 1963.853759765625 44.3153896492587
4274.971236645282 1981.508056640625 44.514133223512566
4276.3716203158565 1975.6260986328125 44.4480156883613
4277.772003986433 2020.2197265625 44.94685446794358
4279.172387657007 2039.1904296875 45.157396179225174
4280.572771327582 2023.2138671875 44.98014970170175
4281.973154998157 2011.2679443359373 44.84716205442589
4283.373538668732 2000.78564453125 44.730142460439914
4284.773922339307 1975.009033203125 44.44107371793716
4286.1743060098825 2000.47314453125 44.72664915384619
4287.574689680458 1981.9696044921875 44.519317206042004
4288.975073351032 1906.8472900390625 43.66746260133582
4290.375457021607 1854.5333251953125 43.064292925755936
4291.775840692182 1866.1065673828125 43.198455613399105
4293.176224362757 1902.5653076171875 43.618405606087755
4294.5766080333315 1894.9979248046875 43.53157388384536
4295.976991703907 1885.0953369140625 43.41768461023759
4297.377375374482 1893.376953125 43.51295155611717
4298.777759045057 1874.1331787109373 43.29125984203898
4300.178142715632 1807.441162109375 42.51401136224827
4301.578526386207 1760.602783203125 41.95953745220656
4302.978910056782 1782.553955078125 42.22030264076899
4304.379293727357 1842.9400634765625 42.92947779179899
4305.779677397933 1862.74755859375 43.159559295638665
4307.180061068507 1814.561279296875 42.5976675335267
4308.580444739082 1780.1307373046875 42.19159557666298
4309.980828409657 1828.08251953125 42.756081667188
4311.381212080232 1865.537841796875 43.19187240438732
4312.781595750806 1816.352294921875 42.61868480985628
4314.181979421382 1739.688232421875 41.709570034008685
4315.582363091957 1729.065673828125 41.582035469997436
4316.982746762532 1758.35009765625 41.932685314158576
4318.383130433107 1773.506591796875 42.11302164173066
4319.783514103682 1754.4224853515625 41.885826783669465
4321.183897774257 1736.1263427734375 41.66684944621368
4322.584281444832 1749.0382080078125 41.821504133732596
4323.984665115408 1752.9993896484375 41.86883554206443
4325.385048785982 1685.66455078125 41.056845358371724
4326.785432456557 1623.9659423828125 40.29846079421412
4328.185816127132 1633.6201171875 40.4180667175893
4329.586199797707 1656.1641845703125 40.695997156603894
4330.986583468281 1617.8988037109375 40.22311280484067
4332.386967138857 1576.6727294921875 39.70733848411635
4333.787350809432 1527.017822265625 39.07707540573661
4335.187734480007 1467.4647216796875 38.30750215923361
4336.588118150582 1379.6624755859375 37.14380803829808
4337.988501821157 1236.0863037109375 35.1580190527131
4339.388885491731 1043.8076171875 32.3080116563601
4340.7892691623065 876.1895751953125 29.600499576786074
4342.1896528328825 895.9281005859375 29.932058074678686
4343.590036503457 1081.4256591796877 32.88503701046553
4344.990420174032 1271.767578125 35.66185045850818
4346.390803844607 1375.8695068359375 37.092715010308126
4347.791187515182 1446.2291259765625 38.02931929415201
4349.191571185756 1509.2720947265625 38.849351278065924
4350.5919548563315 1532.229248046875 39.14369997901163
4351.992338526907 1527.49658203125 39.083200764922644
4353.392722197483 1543.133544921875 39.282738510978014
4354.793105868057 1585.3779296875 39.81680461422664
4356.193489538631 1613.762939453125 40.17166836780774
4357.593873209206 1638.8087158203125 40.48220245762714
4358.9942568797815 1655.0604248046875 40.68243386038608
4360.3946405503575 1666.8807373046875 40.82745078136385
4361.795024220932 1678.22900390625 40.96619342709608
4363.195407891507 1673.6778564453125 40.91060811629806
4364.595791562082 1676.3087158203125 40.94274924599364
4365.996175232656 1675.8839111328125 40.93756112829406
4367.396558903231 1681.5792236328125 41.00706309445743
4368.7969425738065 1682.0040283203125 41.01224242004224
4370.197326244382 1673.5247802734375 40.908737211914
4371.597709914958 1702.4620361328125 41.26090202761947
4372.998093585532 1679.103271484375 40.97686263593609
4374.398477256106 1629.037841796875 40.36134093160032
4375.798860926681 1615.766845703125 40.19660241491966
4377.1992445972555 1634.8792724609375 40.43364035627929
4378.599628267832 1647.4097900390625 40.58829621995807
4380.000011938407 1670.30615234375 40.86937915290309
4381.400395608982 1670.852783203125 40.876066141485836
4382.800779279556 1625.7720947265625 40.320864260659924
4384.201162950131 1567.755859375 39.59489688552049
4385.601546620706 1557.5054931640625 39.465244116362214
4387.0019302912815 1607.8905029296875 40.09850998390947
4388.4023139618575 1645.6456298828125 40.566558023608714
4389.802697632433 1650.3353271484375 40.62431940535666
4391.203081303006 1637.0413818359375 40.46036803880975
4392.603464973581 1624.5904541015625 40.30620862970819
4394.003848644156 1601.0328369140625 40.01290837859781
4395.4042323147305 1537.1688232421875 39.20674461418835
4396.804615985307 1555.7176513671875 39.44258677327322
4398.204999655882 1596.6595458984375 39.95822250674368
4399.605383326456 1586.2586669921875 39.82786294784328
4401.005766997031 1572.068359375 39.649317262406925
4402.406150667606 1600.0030517578125 40.000038146954466
4403.806534338181 1581.937744140625 39.773580982112044
4405.2069180087565 1552.6551513671875 39.40374539770537
4406.6073016793325 1557.9071044921875 39.47033195315423
4408.007685349906 1585.52734375 39.81868083889771
4409.408069020481 1595.7401123046875 39.94671591388568
4410.808452691056 1581.271728515625 39.765207512543235
4412.208836361631 1588.7608642578125 39.859263217699
4413.6092200322055 1581.0943603515625 39.7629772571366
4415.0096037027815 1536.7266845703125 39.201105654946936
4416.409987373356 1497.4071044921875 38.6963448466672
4417.810371043931 1504.605712890625 38.78924738752513
4419.210754714506 1534.8782958984375 39.17752284025162
4420.611138385081 1568.2222900390625 39.600786482582166
4422.011522055656 1565.132080078125 39.56175021505147
4423.411905726231 1543.168701171875 39.28318598550626
4424.8122893968075 1539.236572265625 39.23310556488774
4426.212673067381 1525.8065185546875 39.061573426510705
4427.613056737956 1520.3372802734375 38.991502667548446
4429.013440408531 1528.3626708984375 39.0942792605061
4430.413824079106 1534.3662109375 39.17098685171845
4431.8142077496805 1537.0853271484375 39.20567978174129
4433.214591420256 1534.5369873046875 39.17316667445571
4434.614975090832 1497.334228515625 38.695403196188884
4436.015358761406 1482.8658447265625 38.50799715288452
4437.415742431981 1508.3798828125 38.837866609952975
4438.816126102556 1532.484130859375 39.14695557587301
4440.216509773131 1535.157958984375 39.18109185543934
4441.616893443706 1526.599365234375 39.071720786706784
4443.017277114281 1457.0040283203125 38.17072213516942
4444.417660784856 1416.0350341796875 37.63024095298471
4445.818044455431 1446.892822265625 38.03804440643111
4447.218428126006 1493.3477783203125 38.64385822249523
4448.618811796581 1495.61767578125 38.6732165171356
4450.019195467155 1474.5592041015625 38.39998963673769
4451.419579137731 1467.92724609375 38.313538678824095
4452.819962808307 1480.1014404296875 38.47208650995794
4454.220346478881 1473.634033203125 38.387941247260514
4455.620730149456 1450.52734375 38.08578926253203
4457.021113820031 1456.2322998046875 38.16061188980973
4458.421497490606 1467.98828125 38.31433519258817
4459.821881161181 1469.6302490234375 38.335756794713696
4461.222264831756 1466.833740234375 38.29926553126541
4462.622648502331 1464.1053466796875 38.26362955444357
4464.023032172906 1453.4932861328125 38.12470703012434
4465.423415843481 1436.395751953125 37.899812030577735
4466.823799514056 1438.594482421875 37.92880808069079
4468.22418318463 1400.6962890625 37.42587726510229
4469.6245668552065 1382.150146484375 37.17727997694795
4471.024950525782 1417.6263427734375 37.651379028840864
4472.425334196356 1437.4410400390625 37.91359967134567
4473.825717866931 1450.0228271484375 38.079165263283244
4475.226101537506 1442.576416015625 37.98126401287384
4476.626485208079 1425.198486328125 37.75180110045248
4478.026868878656 1429.0303955078125 37.80251837520633
4479.427252549231 1435.574951171875 37.88898192313796
4480.827636219806 1395.0899658203125 37.35090314597912
4482.228019890381 1371.7813720703125 37.03756703767558
4483.628403560956 1394.3038330078125 37.34037805121706
4485.028787231531 1421.74658203125 37.7060549783619
4486.429170902105 1419.6434326171875 37.67815590786242
4487.829554572681 1405.119384765625 37.484922098967004
4489.229938243257 1399.67138671875 37.41218233034194
4490.630321913831 1385.18798828125 37.21811371202536
4492.030705584406 1389.5096435546875 37.2761269924155
4493.43108925498 1397.0748291015625 37.3774641876835
4494.831472925554 1385.24560546875 37.21888775163425
4496.2318565961305 1379.72412109375 37.14463785115895
4497.632240266706 1387.8302001953125 37.25359311791699
4499.032623937281 1381.710205078125 37.171362701387814
4500.433007607856 1341.52734375 36.62686642002016
4501.833391278431 1316.69140625 36.28624265820312
4503.233774949005 1344.6787109375 36.66986107060538
4504.6341586195795 1369.622314453125 37.00840869928245
4506.034542290156 1367.5687255859375 36.9806533958763
4507.434925960732 1345.2857666015625 36.67813744727999
4508.835309631306 1346.2073974609375 36.69069905931117
4510.23569330188 1365.00390625 36.94595926823392
4511.636076972455 1361.3955078125 36.897093487326345
4513.036460643029 1358.653076171875 36.85991150520949
4514.4368443136045 1334.01025390625 36.5241051075348
4515.837227984181 1324.3890380859375 36.39215627145412
4517.237611654756 1338.7843017578125 36.58940149493856
4518.637995325331 1341.1168212890625 36.62126187461408
4520.038378995905 1321.3968505859375 36.35102268968423
4521.438762666479 1307.6514892578125 36.16146414704212
4522.839146337055 1300.0399169921875 36.0560662994757
4524.239530007631 1306.7425537109375 36.148894225286305
4525.6399136782065 1321.7734375 36.356202187522285
4527.040297348781 1315.4329833984375 36.26889829314419
4528.440681019356 1284.5872802734375 35.84113949462876
4529.84106468993 1281.7021484375 35.80086798441485
4531.241448360504 1299.30078125 36.045815031012964
4532.6418320310795 1270.415283203125 35.642885450018284
4534.042215701656 1223.2197265625 34.97455827544503
4535.442599372231 1249.963134765625 35.35481770233903
4536.842983042805 1278.3699951171875 35.754300372363424
4538.243366713379 1281.638427734375 35.79997804097616
4539.643750383955 1281.2708740234375 35.794844238010555
4541.044134054529 1281.6893310546875 35.80068897458103
4542.444517725106 1275.8023681640625 35.718375777239125
4543.8449013956815 1278.3148193359375 35.753528767604706
4545.245285066256 1274.9388427734375 35.70628575998122
4546.64566873683 1271.272705078125 35.6549113738644
4548.046052407405 1227.8116455078125 35.0401433431402
4549.446436077979 1166.91650390625 34.16015960012848
4550.846819748555 1178.873291015625 34.33472427464105
4552.2472034191305 1239.07421875 35.20048605843391
4553.647587089705 1239.010498046875 35.19958093567131
4555.04797076028 1209.8154296875 34.78240114896469
4556.448354430855 1209.3948974609375 34.776355436717886
4557.848738101429 1223.528564453125 34.978973176082874
4559.249121772005 1224.6754150390625 34.995362764787316
4560.6495054425795 1241.7327880859375 35.23822907136421
4562.0498891131565 1237.069580078125 35.1719999442472
4563.45027278373 1192.47802734375 34.532275154466
4564.850656454305 1173.3974609375 34.25488959166997
4566.25104012488 1212.2861328125 34.81789960368804
4567.651423795454 1218.912109375 34.91292181091408
4569.0518074660295 1223.902099609375 34.9843121928869
4570.4521911366055 1198.8529052734375 34.624455306523416
4571.85257480718 1158.5831298828125 34.03796600684025
4573.252958477755 1158.4810791015625 34.03646690098081
4574.653342148329 1191.470458984375 34.51768327950726
4576.053725818905 1186.9866943359375 34.45267325384109
4577.45410948948 1192.5250244140625 34.53295562812518
4578.8544931600545 1191.6077880859375 34.51967247941292
4580.25487683063 1185.80029296875 34.435451107379876
4581.655260501205 1186.0980224609375 34.43977384450916
4583.05564417178 1150.898681640625 33.92489766588287
4584.456027842355 1131.57666015625 33.63891585881225
4585.856411512929 1151.2156982421875 33.929569673695944
4587.256795183505 1166.6771240234375 34.15665563288417
4588.65717885408 1155.2574462890625 33.98907833832895
4590.057562524655 1150.02587890625 33.91203147713581
4591.45794619523 1160.384521484375 34.064417233887546
4592.858329865805 1168.228271484375 34.179354462663206
4594.258713536379 1164.753662109375 34.12848754500227
4595.659097206955 1163.9205322265625 34.116279577740634
4597.0594808775295 1169.1182861328125 34.19237175354779
4598.459864548105 1160.3104248046875 34.063329620057516
4599.86024821868 1152.5816650390625 33.94969315088227
4601.260631889255 1143.9873046875 33.822881377663556
4602.66101555983 1141.9383544921875 33.79257839366785
4604.061399230405 1144.0302734375 33.82351657408644
4605.461782900979 1138.54296875 33.74230236290938
4606.8621665715555 1133.61376953125 33.669181301766905
4608.26255024213 1137.6851806640625 33.729589097171974
4609.662933912705 1144.1241455078125 33.82490422023117
4611.063317583279 1142.8011474609375 33.805341995917416
4612.463701253855 1135.2164306640625 33.69297301610623
4613.864084924428 1125.6171875 33.55021888900279
4615.2644685950045 1111.0528564453123 33.33245950189263
4616.66485226558 1110.037353515625 33.31722307629531
4618.065235936155 1101.9095458984377 33.19502290853913
4619.46561960673 1095.3563232421877 33.09616780296758
4620.866003277305 1106.5777587890623 33.265263546063515
4622.266386947879 1101.055908203125 33.182162500402605
4623.666770618454 1102.171142578125 33.198962974438295
4625.06715428903 1098.064208984375 33.1370519054483
4626.467537959605 1093.5576171875 33.06898270566393
4627.86792163018 1079.387451171875 32.85403249483806
4629.268305300755 1050.096435546875 32.4051914906682
4630.668688971329 1071.20068359375 32.72920230610196
4632.069072641904 1076.5667724609377 32.81107697807156
4633.469456312479 1067.9954833984377 32.68020017378164
4634.869839983055 1064.9178466796877 32.633079025425836
4636.27022365363 1064.8070068359377 32.63138070685851
4637.670607324205 1069.318359375 32.70043362671205
4639.07099099478 1067.4814453125 32.672334555591526
4640.471374665354 1060.679931640625 32.5680814854149
4641.871758335929 1061.348876953125 32.57834981936816
4643.272142006505 1063.9375 32.618054816313006
4644.67252567708 1056.1822509765623 32.49895769061774
4646.072909347655 1052.9495849609377 32.44918465787604
4647.47329301823 1040.2808837890623 32.25338561746754
4648.873676688804 1039.10986328125 32.23522705490455
4650.274060359379 1042.1676025390623 32.282620750785746
4651.674444029954 1036.381591796875 32.1928810732571
4653.07482770053 1037.50927734375 32.21039082879545
4654.475211371105 1031.2281494140623 32.11274123169902
4655.87559504168 1021.3521118164062 31.95859996646296
4657.275978712254 1014.169189453125 31.84602313402923
4658.676362382829 1016.9176635742188 31.889146485508494
4660.076746053404 1021.9500732421876 31.967953848224123
4661.47712972398 1008.75146484375 31.760847986849313
4662.877513394555 1013.3944091796876 31.833856335349754
4664.27789706513 1013.3016967773438 31.83240011022329
4665.678280735705 1002.7822875976562 31.666737874268897
4667.078664406279 998.9647827148438 31.60640414085164
4668.479048076854 999.2798461914062 31.611387919409776
4669.879431747429 994.1747436523438 31.530536685130237
4671.279815418005 990.7482299804688 31.47615335425326
4672.68019908858 991.8768920898438 31.494077095381662
4674.080582759154 990.2799072265624 31.468713148563328
4675.480966429729 983.8003540039062 31.3655918803377
4676.881350100304 981.5068969726562 31.329010469094875
4678.281733770879 979.60888671875 31.298704233861663
4679.682117441455 977.5223999023438 31.265354626204765
4681.08250111203 973.101806640625 31.19457976380873
4682.482884782605 966.966064453125 31.096077959336366
4683.883268453179 963.0650634765624 31.033289601274344
4685.283652123754 960.942626953125 30.999074614464302
4686.684035794329 958.5573120117188 30.960576739003404
4688.084419464904 955.5820922851562 30.912490878044043
4689.4848031354795 955.1165771484376 30.90496039713427
4690.885186806054 955.8217163085938 30.91636647972387
4692.285570476629 951.3185424804688 30.84345218162955
4693.685954147204 951.2486572265624 30.84231925822963
4695.086337817779 948.840087890625 30.803248008783505
4696.486721488354 941.9240112304688 30.69078055753012
4697.8871051589285 938.3222045898438 30.632045386977406
4699.287488829505 938.0292358398438 30.627262950512634
4700.687872500079 927.8551635742188 30.460715086389857
4702.088256170654 910.6550903320312 30.17706232110792
4703.488639841229 907.89501953125 30.131296346676656
4704.889023511804 912.1625366210938 30.202028683866484
4706.289407182379 909.024169921875 30.150027693550715
4707.6897908529545 911.0264892578124 30.18321535651582
4709.090174523529 917.3812866210938 30.28830280192493
4710.490558194104 915.0435791015624 30.249687256260394
4711.890941864679 908.3590698242188 30.138995833043587
4713.291325535254 903.9814453125 30.066284195299225
4714.691709205829 903.2057495117188 30.05338166515906
4716.0920928764035 905.9989624023438 30.0998166506433
4717.492476546979 894.5786743164062 29.909508092183767
4718.892860217554 883.7933349609375 29.728661842756015
4720.293243888129 882.1959228515625 29.701783159459676
4721.693627558704 887.13232421875 29.784766647042076
4723.094011229279 892.8610229492188 29.880780159648086
4724.494394899854 885.46044921875 29.756687470529208
4725.89477857043 875.9418334960938 29.596314525563717
4727.295162241004 869.5189819335938 29.48760726023042
4728.695545911579 864.0043334960938 29.393950627571208
4730.095929582154 860.5755615234375 29.33556819840784
4731.496313252729 862.0176391601562 29.360136906359212
4732.896696923304 866.203125 29.431328971013183
4734.2970805938785 860.297119140625 29.330821999061413
4735.697464264454 853.9273071289062 29.2220346165168
4737.09784793503 854.6055297851562 29.233636957880492
4738.498231605604 853.0396728515625 29.206842911406266
4739.898615276179 851.6627807617188 29.183261996591792
4741.298998946754 844.8238525390625 29.065853721146098
4742.699382617329 842.1749877929688 29.020251339245302
4744.0997662879045 844.8379516601562 29.066096257670313
4745.500149958479 839.7200927734375 28.977924231618758
4746.900533629054 826.7099609375 28.752564423673586
4748.300917299629 829.096923828125 28.79404320042819
4749.701300970204 829.3749389648438 28.79887044598874
4751.101684640778 823.8440551757812 28.702683762599296
4752.5020683113535 818.2825317382812 28.605638111013732
4753.902451981929 813.0823364257812 28.51459865447489
4755.302835652505 815.2435913085938 28.552470844194794
4756.703219323079 812.8191528320312 28.50998338884173
4758.103602993654 809.343994140625 28.44897175893401
4759.503986664229 811.0838623046875 28.47953409563941
4760.9043703348025 811.8017578125 28.49213501674629
4762.304754005378 802.4320678710938 28.327231913321388
4763.705137675954 792.850830078125 28.15760696646867
4765.105521346529 793.2915649414062 28.165432092219113
4766.505905017104 798.5775146484375 28.259113833388998
4767.906288687678 799.455078125 28.27463665770084
4769.306672358253 794.2101440429688 28.181734227030258
4770.707056028828 789.3311157226562 28.09503720806677
4772.1074396994045 789.7493286132812 28.10247904746628
4773.50782336998 785.4995727539062 28.02676529237554
4774.908207040554 780.1033935546875 27.930331067760143
4776.308590711129 779.545166015625 27.920336065592494
4777.708974381703 776.0833129882812 27.858271895224966
4779.1093580522775 771.1172485351562 27.768997974992836
4780.509741722854 771.0120849609375 27.767104367595437
4781.910125393429 770.7992553710938 27.76327169789421
4783.310509064004 766.2492065429688 27.681206739283763
4784.710892734579 761.6612548828125 27.5982110812062
4786.111276405153 760.5640258789062 27.57832529141148
4787.511660075728 763.7579956054688 27.636171869589116
4788.912043746303 759.7955932617188 27.56438994902152
4790.3124274168795 753.8370361328125 27.456092878135674
4791.712811087455 752.7453002929688 27.436204188862728
4793.113194758029 750.0438842773438 27.38692907715912
4794.513578428603 748.3685302734375 27.35632523336125
4795.913962099178 743.3501586914062 27.26444862254519
4797.314345769752 736.843505859375 27.144861500095647
4798.714729440329 733.5322265625 27.08380007610638
4800.115113110904 731.311279296875 27.042767596843245
4801.515496781479 725.701904296875 26.93885491807094
4802.915880452054 723.6495361328125 26.900734862319513
4804.316264122628 732.8800659179688 27.071757717554448
4805.716647793203 730.9046630859375 27.03524853013076
4807.117031463778 714.8314819335938 26.736332619370103
4808.517415134354 715.3880004882812 26.74673812800883
4809.91779880493 718.223876953125 26.799699195198535
4811.318182475503 715.3897705078125 26.746771216500367
4812.718566146078 714.689453125 26.733676386254846
4814.118949816653 713.5614013671875 26.712570100370115
4815.519333487227 706.6112060546875 26.58215954460223
4816.919717157804 707.2479858398438 26.594134425467654
4818.320100828379 707.6253662109375 26.601228659799485
4819.720484498954 700.9445190429688 26.475356825602347
4821.120868169528 693.3966674804688 26.332426160163607
4822.521251840103 691.6453247070312 26.299150646114626
4823.921635510678 691.3923950195312 26.294341501918836
4825.322019181253 687.7103881835938 26.22423284261322
4826.722402851829 684.2343139648438 26.157872886854616
4828.122786522403 685.0498046875 26.17345610895703
4829.523170192978 680.787353515625 26.091902067799214
4830.923553863553 670.1146850585938 25.886573451474682
4832.323937534128 671.3878784179688 25.911153552437003
4833.724321204702 667.2725219726562 25.83161864794106
4835.1247048752775 663.3920288085938 25.756397822843816
4836.525088545854 661.523193359375 25.720093183333823
4837.925472216428 655.2385864257812 25.597628531287448
4839.325855887003 645.8333740234375 25.41325193719681
4840.726239557578 641.4949340820312 25.32775027676227
4842.126623228153 639.5733642578125 25.289787746397014
4843.527006898728 633.9874877929688 25.17910816119127
4844.927390569304 625.209228515625 25.004184220158532
4846.327774239878 617.7782592773438 24.85514552919262
4847.728157910453 612.0370483398438 24.739382537562324
4849.128541581028 600.6002197265625 24.507146299121864
4850.528925251603 587.0988159179688 24.23012207806574
4851.929308922177 570.7748413085938 23.89089452717486
4853.329692592753 549.9686889648439 23.45141123610355
4854.730076263329 528.4822998046875 22.98874289309199
4856.130459933903 502.0262756347656 22.40594286422166
4857.530843604478 447.2783508300781 21.14895625864497
4858.931227275053 374.3741455078125 19.348750489574577
4860.331610945628 336.08697509765625 18.332675066603244
4861.731994616203 368.58526611328125 19.19857458545507
4863.132378286778 438.1366271972656 20.931713431949753
4864.532761957353 489.580078125 22.126456519854237
4865.933145627928 520.198974609375 22.807870891632454
4867.333529298503 539.5521240234375 23.228261321576298
4868.733912969078 548.825927734375 23.42703412159497
4870.134296639652 549.5670166015625 23.44284574452433
4871.534680310228 552.5125732421875 23.505586000825154
4872.9350639808035 566.719970703125 23.805881010857906
4874.335447651378 573.8508911132812 23.955185056961703
4875.735831321953 574.50341796875 23.96880092888983
4877.136214992528 579.1085815429688 24.06467497272649
4878.536598663103 577.5223388671875 24.031694465168027
4879.936982333678 586.235107421875 24.212292485881527
4881.3373660042525 588.0725708007812 24.25020764448794
4882.737749674828 581.75634765625 24.119625777699163
4884.138133345403 578.3089599609375 24.04805522201198
4885.538517015978 577.7430419921875 24.036285944217493
4886.938900686553 578.1758422851562 24.045287319663206
4888.339284357127 575.2866821289062 23.985134607270943
4889.739668027703 569.6810913085938 23.867993030596303
4891.1400516982785 569.4750366210938 23.86367609194136
4892.540435368853 576.0454711914062 24.000947297792358
4893.940819039428 577.9463500976562 24.040514763574766
4895.341202710003 577.7886962890625 24.037235620783488
4896.741586380578 573.909423828125 23.956406738660224
4898.1419700511515 570.4970703125 23.885080496253305
4899.5423537217275 569.854248046875 23.871620138710213
4900.942737392303 568.6439208984375 23.846255909438646
4902.343121062878 570.6268920898438 23.887797974904338
4903.743504733453 564.6727905273438 23.76284474820605
4905.143888404028 561.0933837890625 23.687409815956293
4906.544272074602 563.179443359375 23.731402052120202
4907.944655745177 561.8749389648439 23.703901344817563
4909.3450394157535 559.2376098632811 23.64820521441915
4910.745423086328 556.2262573242189 23.58444948105041
4912.145806756903 556.2241821289061 23.584405486017793
4913.546190427478 556.2682495117189 23.585339715842952
4914.946574098051 553.3523559570311 23.523442689305302
4916.346957768626 548.3684692382811 23.41726861182322
4917.7473414392025 540.2257690429689 23.24275734595551
4919.147725109778 532.5409545898439 23.076848887788902
4920.548108780353 524.9954223632811 22.912778582338746
4921.948492450928 521.5135498046875 22.83667116294946
4923.348876121503 525.7921752929689 22.930158640815566
4924.749259792077 532.0355834960939 23.065896546548842
4926.149643462652 537.9620361328125 23.194008625781194
4927.5500271332285 540.65771484375 23.25204754088874
4928.950410803803 539.3377685546875 23.223646754002427
4930.350794474378 534.9034423828125 23.127979643341362
4931.751178144952 531.2466430664061 23.04878832100304
4933.151561815526 535.7353515625 23.14595756417306
4934.551945486102 532.2194213867189 23.069881260785
4935.9523291566775 529.2229614257811 23.00484647690093
4937.352712827253 529.2568359375 23.005582712409176
4938.753096497828 523.6956787109375 22.884398150507202
4940.153480168403 521.9118041992189 22.84538912339247
4941.553863838977 526.0770263671875 22.93636907549204
4942.954247509552 524.478515625 22.901495925484866
4944.354631180127 519.4780883789061 22.792061959789994
4945.755014850703 518.8888549804689 22.77913200673961
4947.155398521278 520.00927734375 22.80371192029381
4948.555782191852 522.3970947265625 22.856007847534585
4949.956165862427 523.0640258789061 22.870593037324287
4951.356549533001 518.7069702148439 22.775139301765947
