      3900.00      166.143      8.77480
      3901.40      169.096      8.70146
      3902.80      187.699      8.94262
      3904.20      182.115      9.30741
      3905.60      179.229      9.04490
      3907.00      184.979      9.41276
      3908.40      191.527      9.54055
      3909.80      193.586      9.95020
      3911.20      199.551      9.84828
      3912.60      192.384      9.58382
      3914.00      185.627      9.26912
      3915.40      198.401      10.0543
      3916.80      188.543      9.61757
      3918.20      181.948      9.06816
      3919.60      194.799      9.36598
      3921.00      184.121      9.02701
      3922.40      187.554      9.21158
      3923.80      189.932      9.20489
      3925.20      199.504      9.52623
      3926.60      194.964      9.14000
      3928.00      177.314      8.98024
      3929.40      170.698      8.48712
      3930.80      157.249      8.15005
      3932.20      121.565      6.81087
      3933.60      66.5934      5.34802
      3935.00      93.1980      5.85409
      3936.40      165.756      8.38582
      3937.80      180.211      8.66094
      3939.20      194.401      9.07461
      3940.60      196.999      9.09760
      3942.00      195.025      8.98767
      3943.40      192.734      9.19261
      3944.80      191.470      8.91380
      3946.20      190.233      9.32658
      3947.60      205.203      9.57962
      3949.00      193.183      9.19113
      3950.40      188.752      8.95909
      3951.80      192.701      8.95679
      3953.20      186.901      8.94047
      3954.60      193.152      8.97938
      3956.00      185.102      9.13007
      3957.40      186.705      8.63680
      3958.80      189.071      8.89857
      3960.20      182.877      8.67423
      3961.60      176.310      8.55314
      3963.00      173.690      8.40680
      3964.40      167.784      8.11867
      3965.80      147.969      7.64113
      3967.20      106.302      6.46330
      3968.60      66.4685      5.01719
      3970.00      60.7764      4.80001
      3971.40      108.691      5.92725
      3972.80      138.269      7.18934
      3974.20      158.845      7.91004
      3975.60      163.813      8.14763
      3977.00      174.873      8.05117
      3978.40      179.605      8.44738
      3979.80      187.765      8.61726
      3981.20      185.850      8.76720
      3982.60      186.753      8.43798
      3984.00      191.262      9.12413
      3985.40      194.079      9.00648
      3986.80      196.217      8.89807
      3988.20      193.423      9.07931
      3989.60      201.521      8.95228
      3991.00      197.650      9.19876
      3992.40      200.572      9.09504
      3993.80      209.407      9.38221
      3995.20      203.103      9.31688
      3996.60      200.946      9.68337
      3998.00      202.380      10.3540
      3999.40      198.584      10.9368
      4000.80      202.763      9.69193
      4002.20      210.505      9.13680
      4003.60      208.147      9.18968
      4005.00      193.523      8.92757
      4006.40      190.852      8.85068
      4007.80      203.477      9.21312
      4009.20      198.257      8.95754
      4010.60      207.446      9.35881
      4012.00      199.937      8.85527
      4013.40      199.113      8.75723
      4014.80      203.274      9.01618
      4016.20      204.285      8.70091
      4017.60      203.437      9.14223
      4019.00      210.349      9.47557
      4020.40      208.027      9.41644
      4021.80      215.992      9.27926
      4023.20      205.085      9.04686
      4024.60      201.309      9.01301
      4026.00      200.669      9.09831
      4027.40      202.403      9.44864
      4028.80      201.108      9.04112
      4030.20      192.022      8.76447
      4031.60      196.629      8.60674
      4033.00      195.952      8.71539
      4034.40      200.964      8.54047
      4035.80      202.963      9.03276
      4037.20      208.071      9.16171
      4038.60      202.816      9.01080
      4040.00      208.468      8.95507
      4041.40      206.208      9.16447
      4042.80      209.899      9.31860
      4044.20      207.594      9.41301
      4045.60      181.489      8.56281
      4047.00      192.450      8.41679
      4048.40      210.631      9.21885
      4049.80      210.402      9.44133
      4051.20      208.968      9.37075
      4052.60      207.479      9.30018
      4054.00      202.195      9.06530
      4055.40      201.884      8.93197
      4056.80      213.550      9.11532
      4058.20      195.455      8.87510
      4059.60      212.199      9.13766
      4061.00      203.186      9.09558
      4062.40      196.996      8.67202
      4063.80      185.822      8.34340
      4065.20      201.572      8.79629
      4066.60      203.864      8.90294
      4068.00      201.693      8.76391
      4069.40      204.630      9.12662
      4070.80      196.199      8.50989
      4072.20      189.546      8.41604
      4073.60      201.410      8.67350
      4075.00      202.796      8.95966
      4076.40      198.446      8.61647
      4077.80      181.542      8.46028
      4079.20      186.815      8.64039
      4080.60      200.285      8.91123
      4082.00      196.881      8.65499
      4083.40      198.177      8.78829
      4084.80      195.821      8.94347
      4086.20      195.778      8.67308
      4087.60      198.706      8.58417
      4089.00      193.737      8.56858
      4090.40      196.929      8.79650
      4091.80      188.427      8.32020
      4093.20      187.407      8.44232
      4094.60      183.105      8.09761
      4096.00      181.986      7.84783
      4097.40      170.329      7.79616
      4098.80      159.606      7.35117
      4100.20      137.803      6.59045
      4101.60      104.384      5.82361
      4103.00      113.293      6.01761
      4104.40      147.305      6.71856
      4105.80      164.800      7.48667
      4107.20      176.980      7.84651
      4108.60      179.542      8.19247
      4110.00      184.266      7.94253
      4111.40      186.676      8.29572
      4112.80      186.696      8.26962
      4114.20      193.790      8.49806
      4115.60      194.696      8.27557
      4117.00      199.790      8.65427
      4118.40      198.481      8.52630
      4119.80      195.894      8.36764
      4121.20      199.817      8.45066
      4122.60      193.769      8.31172
      4124.00      197.295      8.42091
      4125.40      200.880      8.56656
      4126.80      196.020      8.59731
      4128.20      197.617      8.84995
      4129.60      200.496      8.70774
      4131.00      199.912      8.35681
      4132.40      187.089      7.97704
      4133.80      189.365      8.13259
      4135.20      200.816      8.34706
      4136.60      203.142      8.57505
      4138.00      200.963      8.17802
      4139.40      205.621      8.34420
      4140.80      209.298      8.75649
      4142.20      200.525      8.49133
      4143.60      191.482      8.10847
      4145.00      188.382      8.20569
      4146.40      205.622      8.42254
      4147.80      204.537      8.62124
      4149.20      201.752      8.54663
      4150.60      202.748      8.57687
      4152.00      197.722      8.41235
      4153.40      195.565      8.45216
      4154.80      196.253      8.15769
      4156.20      197.063      8.36474
      4157.60      192.135      8.09747
      4159.00      196.988      8.18042
      4160.40      196.959      8.27020
      4161.80      199.281      8.55821
      4163.20      199.411      8.38363
      4164.60      199.497      8.26443
      4166.00      203.375      8.27900
      4167.40      199.616      8.41568
      4168.80      202.586      8.55925
      4170.20      199.735      8.49796
      4171.60      196.382      8.33035
      4173.00      189.173      8.05577
      4174.40      185.655      7.91592
      4175.80      199.366      8.22143
      4177.20      197.202      8.35941
      4178.60      196.226      8.54948
      4180.00      195.112      8.48253
      4181.40      200.000      8.59572
      4182.80      194.641      8.36403
      4184.20      207.643      8.37532
      4185.60      193.981      8.22174
      4187.00      195.934      8.00403
      4188.40      186.364      8.08160
      4189.80      204.596      8.73333
      4191.20      195.264      9.36736
      4192.60      196.326      8.45954
      4194.00      200.747      8.28755
      4195.40      196.688      8.23789
      4196.80      200.505      8.47184
      4198.20      193.308      8.19675
      4199.60      196.270      8.22549
      4201.00      192.702      8.19667
      4202.40      194.378          Inf
      4203.80      196.054          Inf
      4205.20      197.731          Inf
      4206.60      199.407          Inf
      4208.00      201.083          Inf
      4209.40      202.760      8.29855
      4210.80      195.498      8.18779
      4212.20      201.428      8.42921
      4213.60      202.519      8.27055
      4215.00      183.870      7.87830
      4216.40      185.238      7.95409
      4217.80      194.808      8.02524
      4219.20      196.343      7.98140
      4220.60      197.911      8.19183
      4222.00      201.142      8.01823
      4223.40      200.737      8.32420
      4224.80      198.849      8.28328
      4226.20      179.946      7.55668
      4227.60      171.907      7.38292
      4229.00      195.442      8.06875
      4230.40      204.059      8.28929
      4231.80      199.739      8.12655
      4233.20      192.124      7.94766
      4234.60      188.147      8.01163
      4236.00      189.350      7.74342
      4237.40      195.656      8.10618
      4238.80      198.013      8.16010
      4240.20      195.892      8.15148
      4241.60      201.504      8.24635
      4243.00      203.551      8.34653
      4244.40      200.936      8.39070
      4245.80      197.732      8.13541
      4247.20      187.755      7.81138
      4248.60      187.636      8.15177
      4250.00      183.235      7.76559
      4251.40      182.160      7.62258
      4252.80      198.834      7.91685
      4254.20      192.607      8.07908
      4255.60      195.616      8.12843
      4257.00      200.780      8.29565
      4258.40      201.952      8.21148
      4259.80      190.513      7.81008
      4261.20      184.298      7.33236
      4262.60      198.309      8.31272
      4264.00      203.311      8.32391
      4265.40      202.630      8.19754
      4266.80      206.015      8.48602
      4268.20      198.636      8.16710
      4269.60      199.932      8.13227
      4271.00      184.702      7.44709
      4272.40      180.122      7.71751
      4273.80      195.026      8.09799
      4275.20      192.616      7.75721
      4276.60      197.368      7.88226
      4278.00      200.462      8.11316
      4279.40      196.474      7.95112
      4280.80      196.037      7.93958
      4282.20      196.477      7.99958
      4283.60      197.334      8.04756
      4285.00      197.932      8.15186
      4286.40      201.707      8.21484
      4287.80      195.711      7.93742
      4289.20      181.066      7.47871
      4290.60      177.945      7.47425
      4292.00      189.044      7.74563
      4293.40      190.349      7.71282
      4294.80      187.048      7.76753
      4296.20      194.868      7.88850
      4297.60      193.961      7.95780
      4299.00      182.785      7.60251
      4300.40      178.312      7.55955
      4301.80      179.767      7.72631
      4303.20      181.640      7.63811
      4304.60      191.224      7.82072
      4306.00      195.149      7.98475
      4307.40      188.553      7.76277
      4308.80      186.627      7.50838
      4310.20      191.635      7.65516
      4311.60      193.568      7.91666
      4313.00      178.401      7.38767
      4314.40      168.505      7.22659
      4315.80      180.670      7.67163
      4317.20      196.056      7.83020
      4318.60      190.240      7.83180
      4320.00      189.913      7.69079
      4321.40      186.963      7.72208
      4322.80      193.765      7.92518
      4324.20      192.593      7.77282
      4325.60      175.210      7.31044
      4327.00      183.082      7.53722
      4328.40      191.399      7.88081
      4329.80      179.797      7.59390
      4331.20      178.186      7.24879
      4332.60      183.828      7.50638
      4334.00      176.113      7.45128
      4335.40      169.013      7.15432
      4336.80      160.606      6.76836
      4338.20      140.578      6.28075
      4339.60      117.648      5.48661
      4341.00      98.9290      4.98705
      4342.40      129.891      5.73858
      4343.80      156.781      6.66001
      4345.20      166.000      6.88357
      4346.60      179.340      7.44281
      4348.00      181.366      7.38587
      4349.40      186.363      7.78395
      4350.80      184.327      8.73625
      4352.20      177.078      7.30685
      4353.60      188.844      7.61386
      4355.00      192.029      7.85060
      4356.40      199.479      8.03647
      4357.80      201.810      8.33122
      4359.20      198.361      8.26884
      4360.60      194.817      7.96427
      4362.00      199.683      7.93878
      4363.40      194.969      8.07140
      4364.80      197.579      7.98742
      4366.20      197.712      7.82321
      4367.60      192.423      7.79196
      4369.00      193.775      7.99918
      4370.40      196.229      7.96765
      4371.80      197.203      7.93693
      4373.20      195.841      7.79761
      4374.60      187.428      7.46557
      4376.00      188.178      7.56424
      4377.40      195.279      7.81448
      4378.80      199.473      8.03480
      4380.20      195.825      7.76897
      4381.60      198.251      8.01947
      4383.00      184.706      7.56218
      4384.40      180.290      7.27571
      4385.80      189.647      7.50588
      4387.20      191.876      7.85799
      4388.60      194.453      8.16746
      4390.00      201.683      7.92606
      4391.40      195.726      7.93209
      4392.80      196.278      8.07246
      4394.20      190.882      7.76908
      4395.60      180.890      7.53251
      4397.00      197.979      7.82352
      4398.40      196.056      7.82669
      4399.80      187.695      7.47072
      4401.20      182.725      7.33648
      4402.60      197.440      7.78062
      4404.00      192.140      7.76944
      4405.40      186.165      7.82893
      4406.80      202.788      7.94199
      4408.20      196.777      7.95193
      4409.60      198.993      8.10108
      4411.00      195.381      7.85418
      4412.40      194.465      7.87063
      4413.80      195.638      7.79379
      4415.20      181.587      7.47335
      4416.60      179.100      7.42051
      4418.00      186.385      7.65403
      4419.40      193.396      7.91571
      4420.80      195.439      7.90626
      4422.20      190.283      7.52569
      4423.60      195.268      7.64056
      4425.00      192.529      7.87158
      4426.40      190.338      7.57060
      4427.80      192.206      7.80202
      4429.20      193.521      7.83806
      4430.60      190.276      7.82892
      4432.00      195.168      7.99402
      4433.40      196.807      7.96389
      4434.80      190.627      7.52949
      4436.20      194.417      7.40723
      4437.60      195.183      7.74042
      4439.00      199.189      8.07324
      4440.40      197.301      7.69424
      4441.80      192.353      7.81311
      4443.20      178.791      7.31710
      4444.60      182.938      7.31583
      4446.00      192.606      7.53730
      4447.40      195.428      7.68851
      4448.80      189.095      7.61271
      4450.20      190.455      7.56119
      4451.60      190.278      7.59890
      4453.00      190.318      7.52502
      4454.40      182.907      7.36571
      4455.80      184.214      7.38958
      4457.20      196.386      7.77442
      4458.60      191.044      7.56882
      4460.00      190.336      7.65742
      4461.40      193.527      7.77167
      4462.80      191.462      7.65037
      4464.20      194.519      7.65401
      4465.60      190.247      7.46076
      4467.00      185.258      7.36222
      4468.40      180.006      7.21673
      4469.80      180.233      7.39748
      4471.20      186.178      7.45072
      4472.60      195.949      7.48716
      4474.00      200.648      7.72311
      4475.40      196.080      7.79299
      4476.80      187.100      7.38026
      4478.20      201.328      7.75269
      4479.60      194.212      7.59481
      4481.00      187.481      7.40918
      4482.40      187.075      7.54991
      4483.80      191.264      7.58772
      4485.20      194.467      7.58804
      4486.60      192.905      7.48746
      4488.00      193.834      7.77539
      4489.40      192.059      7.66690
      4490.80      191.042      7.47270
      4492.20      192.049      7.39448
      4493.60      193.895      7.78278
      4495.00      186.628      7.68979
      4496.40      189.345      7.56068
      4497.80      198.319      7.75210
      4499.20      197.717      7.77651
      4500.60      184.540      7.41032
      4502.00      182.062      7.35603
      4503.40      194.010      7.59578
      4504.80      192.432      7.52147
      4506.20      194.831      7.61890
      4507.60      194.349      7.56458
      4509.00      192.860      7.66614
      4510.40      197.440      7.63737
      4511.80      196.440      7.63580
      4513.20      193.461      7.63137
      4514.60      193.193      7.49351
      4516.00      187.923      7.38548
      4517.40      194.497      7.48503
      4518.80      191.234      7.44785
      4520.20      185.713      7.49207
      4521.60      185.477      7.38472
      4523.00      184.812      7.32667
      4524.40      188.924      7.47658
      4525.80      190.193      7.50908
      4527.20      189.187      7.30125
      4528.60      183.096      7.27672
      4530.00      187.135      7.38151
      4531.40      185.610      7.53970
      4532.80      188.788      7.39492
      4534.20      179.503      7.15041
      4535.60      184.383      7.36278
      4537.00      194.030      7.76991
      4538.40      195.655      7.77756
      4539.80      197.633      7.60746
      4541.20      191.783      7.50616
      4542.60      192.121      7.48282
      4544.00      189.640      7.48591
      4545.40      190.336      7.47221
      4546.80      191.131      7.67276
      4548.20      186.614      7.37791
      4549.60      170.838      6.80575
      4551.00      182.806      7.20155
      4552.40      195.903      7.91903
      4553.80      189.683      7.36818
      4555.20      184.518      7.33900
      4556.60      188.049      7.36291
      4558.00      188.034      7.59974
      4559.40      191.503      7.40597
      4560.80      196.943      7.52954
      4562.20      190.113      7.35151
      4563.60      181.083      7.00264
      4565.00      183.835      7.12248
      4566.40      193.285      7.48522
      4567.80      194.370      7.48593
      4569.20      191.174      7.33953
      4570.60      190.664      7.33067
      4572.00      180.144      7.18163
      4573.40      186.927      7.22975
      4574.80      197.168      7.70158
      4576.20      188.509      7.32109
      4577.60      191.204      7.35437
      4579.00      193.860      7.44752
      4580.40      188.088      7.60912
      4581.80      191.443      7.25894
      4583.20      181.915      7.20162
      4584.60      179.045      7.07105
      4586.00      187.190      7.41460
      4587.40      192.587      7.32418
      4588.80      188.440      7.25437
      4590.20      186.765      7.31910
      4591.60      189.613      7.64019
      4593.00      190.824      7.63260
      4594.40      192.999      7.57591
      4595.80      195.283      7.64525
      4597.20      192.119      7.34068
      4598.60      194.732      7.40178
      4600.00      192.656      7.35591
      4601.40      192.058      7.45693
      4602.80      191.486      7.43004
      4604.20      187.256      7.49647
      4605.60      191.015      7.49500
      4607.00      187.500      7.42410
      4608.40      191.565      7.48007
      4609.80      188.349      7.39092
      4611.20      188.967      7.36756
      4612.60      192.638      7.64007
      4614.00      194.649      7.60558
      4615.40      193.368      7.40154
      4616.80      191.716      7.20803
      4618.20      189.392      7.43228
      4619.60      185.028      7.35542
      4621.00      188.015      7.19579
      4622.40      188.753      7.27430
      4623.80      188.377      7.23401
      4625.20      189.711      7.30414
      4626.60      189.118      7.17845
      4628.00      185.674      7.31868
      4629.40      183.519      7.29804
      4630.80      186.304      7.33379
      4632.20      191.972      7.58056
      4633.60      188.291      7.38793
      4635.00      188.123      7.32378
      4636.40      192.626      7.40777
      4637.80      189.419      7.11540
      4639.20      188.829      7.26915
      4640.60      187.964      7.35380
      4642.00      190.730      7.41801
      4643.40      191.334      7.43422
      4644.80      194.561      7.41609
      4646.20      192.846      7.39830
      4647.60      189.706      7.34728
      4649.00      198.267      7.34219
      4650.40      191.453      7.36203
      4651.80      185.019      7.29752
      4653.20      193.494      7.19085
      4654.60      187.380      7.18409
      4656.00      188.678      7.38790
      4657.40      192.457      7.53353
      4658.80      192.145      7.35950
      4660.20      192.751      7.26827
      4661.60      190.175      7.38100
      4663.00      191.531      7.44573
      4664.40      191.380      7.30253
      4665.80      188.685      7.27365
      4667.20      189.799      7.09084
      4668.60      186.141      7.25448
      4670.00      189.332      7.39768
      4671.40      187.766      7.14289
      4672.80      187.628      7.07691
      4674.20      187.642      7.24492
      4675.60      188.273      7.15518
      4677.00      188.964      7.27019
      4678.40      188.527      7.39632
      4679.80      192.836      7.35680
      4681.20      194.529      7.36694
      4682.60      189.577      7.33139
      4684.00      190.138      7.24003
      4685.40      195.049      7.45005
      4686.80      189.344      7.32930
      4688.20      186.201      7.25592
      4689.60      189.246      7.20413
      4691.00      187.630      7.15194
      4692.40      189.679      7.19178
      4693.80      189.758      7.33121
      4695.20      187.486      7.20566
      4696.60      190.188      7.18515
      4698.00      187.376      7.38402
      4699.40      187.071      7.44778
      4700.80      191.421      7.29302
      4702.20      184.355      7.24411
      4703.60      186.918      7.30782
      4705.00      187.133      7.01569
      4706.40      195.544      7.32527
      4707.80      184.663      7.05747
      4709.20      185.274      7.24120
      4710.60      190.017      7.19254
      4712.00      185.785      7.22231
      4713.40      187.623      7.27055
      4714.80      186.711      7.23438
      4716.20      189.478      7.05303
      4717.60      188.455      7.24482
      4719.00      191.644      7.11598
      4720.40      189.439      7.29441
      4721.80      182.058      6.87827
      4723.20      193.167      7.35758
      4724.60      187.430      7.21963
      4726.00      192.983      7.25309
      4727.40      188.727      7.11471
      4728.80      188.075      7.35526
      4730.20      187.616      7.36760
      4731.60      186.691      7.20935
      4733.00      190.781      7.30244
      4734.40      189.050      7.34362
      4735.80      191.492      7.41426
      4737.20      187.111      7.21947
      4738.60      191.766      7.23863
      4740.00      186.679      7.21873
      4741.40      189.705      7.23635
      4742.80      189.833      7.24684
      4744.20      191.922      7.29040
      4745.60      187.215      7.13111
      4747.00      187.836      7.11112
      4748.40      186.893      7.12196
      4749.80      193.824      7.21871
      4751.20      184.395      7.16322
      4752.60      188.370      7.27490
      4754.00      188.855      7.31771
      4755.40      190.628      7.32144
      4756.80      183.745      7.07201
      4758.20      188.366      7.02027
      4759.60      190.372      7.24048
      4761.00      185.648      7.04016
      4762.40      188.032      7.10927
      4763.80      186.553      6.99006
      4765.20      186.878      7.29191
      4766.60      185.606      7.04899
      4768.00      187.762      7.12331
      4769.40      189.506      7.26247
      4770.80      187.644      7.35268
      4772.20      187.087      7.27506
      4773.60      183.732      7.05914
      4775.00      184.085      6.96838
      4776.40      184.282      7.03741
      4777.80      187.558      7.11151
      4779.20      188.017      7.09141
      4780.60      185.110      7.00402
      4782.00      187.451      7.01372
      4783.40      187.282      7.07446
      4784.80      188.702      7.22013
      4786.20      188.356      7.23630
      4787.60      189.632      7.13452
      4789.00      189.106      7.02524
      4790.40      188.440      7.05911
      4791.80      186.045      7.27186
      4793.20      188.689      7.19975
      4794.60      185.441      7.15150
      4796.00      184.079      6.94095
      4797.40      183.172      6.95629
      4798.80      184.419      7.01791
      4800.20      183.044      7.09212
      4801.60      187.145      7.05328
      4803.00      184.928      7.14002
      4804.40      187.993      7.15734
      4805.80      182.657      7.02401
      4807.20      191.029      7.12995
      4808.60      187.492      6.89598
      4810.00      186.559      7.09136
      4811.40      184.697      6.98800
      4812.80      184.961      7.06545
      4814.20      185.985      7.14287
      4815.60      184.134      7.14346
      4817.00      185.747      7.13860
      4818.40      187.165      7.18166
      4819.80      184.889      7.14676
      4821.20      187.304      7.14268
      4822.60      188.762      7.06557
      4824.00      181.677      6.89270
      4825.40      180.181      6.86661
      4826.80      184.493      7.02167
      4828.20      182.838      7.07810
      4829.60      180.297      6.99657
      4831.00      183.318      6.96390
      4832.40      181.895      6.85455
      4833.80      179.702      7.02316
      4835.20      187.514      7.01169
      4836.60      180.207      6.67115
      4838.00      186.015      7.00540
      4839.40      182.169      7.03623
      4840.80      179.298      6.90435
      4842.20      183.006      7.16569
      4843.60      182.137      7.17390
      4845.00      176.894      6.66921
      4846.40      177.074      6.78642
      4847.80      174.596      6.77054
      4849.20      176.915      6.71377
      4850.60      175.875      6.73927
      4852.00      171.181      6.71791
      4853.40      170.256      6.55731
      4854.80      165.543      6.42108
      4856.20      162.940      6.53599
      4857.60      160.434      6.26192
      4859.00      147.239      5.84415
      4860.40      118.967      5.02657
      4861.80      94.6249      4.32422
      4863.20      115.174      4.99670
      4864.60      150.671      6.10148
      4866.00      155.386      6.20673
      4867.40      159.968      6.31518
      4868.80      171.780      6.51250
      4870.20      165.272      6.30622
      4871.60      168.985      6.64528
      4873.00      169.082      6.58205
      4874.40      174.577      6.73130
      4875.80      176.386      6.80996
      4877.20      176.951          Inf
      4878.60      177.516      7.03799
      4880.00      180.124      6.84506
      4881.40      176.049      6.91982
      4882.80      179.467      6.75365
      4884.20      179.468      6.88016
      4885.60      178.474      6.87420
      4887.00      175.298      6.85215
      4888.40      175.436      6.94045
      4889.80      178.130      6.83746
      4891.20      172.502      6.70480
      4892.60      172.183      6.75243
      4894.00      182.304      6.89386
      4895.40      180.648      7.06253
      4896.80      180.465      7.07521
      4898.20      182.183      6.97471
      4899.60      180.907      7.10251
      4901.00      180.758      7.01374
      4902.40      180.478      6.85151
      4903.80      179.352      6.89904
      4905.20      180.292      7.03221
      4906.60      186.195      7.09935
      4908.00      182.739      6.99405
      4909.40      179.818      6.86763
      4910.80      183.417      6.97160
      4912.20      181.742      7.10492
      4913.60      179.875      7.02333
      4915.00      178.987      6.90409
      4916.40      180.318      7.02020
      4917.80      182.104      7.04552
      4919.20      176.082      6.98130
      4920.60      170.792      6.55647
      4922.00      175.334      6.67475
      4923.40      172.846      6.69226
      4924.80      171.393      6.70471
      4926.20      185.078      7.01803
      4927.60      185.930      6.96787
      4929.00      178.550      6.88277
      4930.40      183.265      6.99828
      4931.80      179.048      6.80030
      4933.20      179.492      6.79517
      4934.60      172.977      6.75230
      4936.00      178.877      6.82862
      4937.40      180.265      6.79279
      4938.80      176.502      6.77620
      4940.20      177.462      6.65655
      4941.60      181.877      7.03580
      4943.00      181.642      6.98425
      4944.40      177.823      6.96690
      4945.80      177.860      6.80180
      4947.20      180.128      6.95808
      4948.60      179.423      6.86374
      4950.00      179.095      6.77729
      4951.40      181.118      6.78497
      4952.80      177.661      6.59046
      4954.20      177.665      6.79029
      4955.60      177.295      6.74543
      4957.00      168.682      6.52424
      4958.40      170.440      6.58299
      4959.80      181.819      7.16176
      4961.20      181.292      7.05072
      4962.60      179.831      6.81580
      4964.00      179.121      6.80867
      4965.40      179.499      6.72781
      4966.80      180.958      6.80608
      4968.20      178.198      6.81004
      4969.60      177.836      6.78439
      4971.00      182.397      6.77589
      4972.40      177.884      6.90270
      4973.80      181.081      6.99479
      4975.20      180.036      6.60475
      4976.60      177.353      6.72794
      4978.00      176.753      6.75162
      4979.40      181.051      6.72422
      4980.80      177.669      6.71284
      4982.20      173.532      6.65339
      4983.60      174.967      6.76525
      4985.00      175.693      6.72465
      4986.40      175.065      6.76116
      4987.80      178.316      6.79723
      4989.20      180.373      6.68262
      4990.60      176.606      6.71984
      4992.00      177.138      6.65205
      4993.40      182.547      6.79264
      4994.80      178.028      6.69812
      4996.20      177.471      6.64706
      4997.60      180.251      6.88611
      4999.00      184.269      6.86277
