      3900.00      254.032      14.2253
      3901.40      260.376      14.5075
      3902.80      263.265      14.4698
      3904.20      275.811      14.5326
      3905.60      268.920      14.5666
      3907.00      287.515      15.6372
      3908.40      290.913      15.3966
      3909.80      296.036      15.5995
      3911.20      277.197      15.0386
      3912.60      273.876      14.8424
      3914.00      291.124      15.4898
      3915.40      292.450      15.3063
      3916.80      291.246      15.4897
      3918.20      281.687      14.8867
      3919.60      299.451      16.0246
      3921.00      283.829      14.8926
      3922.40      297.385      14.5536
      3923.80      296.999      14.5185
      3925.20      302.145      14.7418
      3926.60      287.649      14.2456
      3928.00      276.968      13.8166
      3929.40      243.856      12.7265
      3930.80      203.308      11.5040
      3932.20      147.786      9.98401
      3933.60      166.830      10.0886
      3935.00      255.848      12.5704
      3936.40      272.957      13.1235
      3937.80      293.924      13.8138
      3939.20      284.575      13.9894
      3940.60      294.064      13.9252
      3942.00      289.184      14.3741
      3943.40      278.055      13.7741
      3944.80      291.711      14.1222
      3946.20      285.665      13.6011
      3947.60      277.962      13.3083
      3949.00      268.308      13.4109
      3950.40      279.370      13.8183
      3951.80      275.540      13.4570
      3953.20      270.490      13.1577
      3954.60      265.577      13.6070
      3956.00      261.778      13.5139
      3957.40      250.333      12.7785
      3958.80      248.483      12.7850
      3960.20      235.289      11.8061
      3961.60      234.789      11.7456
      3963.00      211.418      11.3869
      3964.40      184.840      10.2433
      3965.80      140.542      8.75596
      3967.20      88.2269      7.59654
      3968.60      83.0636      7.01043
      3970.00      112.342      7.76505
      3971.40      159.859      9.30735
      3972.80      192.311      10.9135
      3974.20      217.347      11.9526
      3975.60      216.984      12.2231
      3977.00      228.140      12.8644
      3978.40      262.604      13.2721
      3979.80      237.963      13.1947
      3981.20      254.742      13.8343
      3982.60      259.579      13.7825
      3984.00      256.533      13.7516
      3985.40      272.282      14.3282
      3986.80      279.845      14.2060
      3988.20      269.919      14.3037
      3989.60      292.532      14.0426
      3991.00      279.945      13.7517
      3992.40      285.307      13.8836
      3993.80      278.713      13.5403
      3995.20      274.504      13.0897
      3996.60      280.894      13.3579
      3998.00      278.644      13.3098
      3999.40      301.771      13.8761
      4000.80      286.002      13.6338
      4002.20      290.487      13.4882
      4003.60      281.682      13.1383
      4005.00      276.367      12.6804
      4006.40      291.684      13.1785
      4007.80      286.753      13.6975
      4009.20      291.551      13.2316
      4010.60      275.577      12.8091
      4012.00      283.270      13.0946
      4013.40      294.565      13.6824
      4014.80      290.701      13.7704
      4016.20      289.963      13.0076
      4017.60      281.259      13.0191
      4019.00      290.202      12.6030
      4020.40      281.048      12.9095
      4021.80      284.405      12.9067
      4023.20      288.703      13.0682
      4024.60      286.062      13.0235
      4026.00      279.938      13.0956
      4027.40      283.795      13.2578
      4028.80      281.956      12.8540
      4030.20      279.031      13.1273
      4031.60      289.032      12.7681
      4033.00      292.039      13.1807
      4034.40      289.215      12.9370
      4035.80      291.382      13.2702
      4037.20      293.848      12.9118
      4038.60      291.657      13.0553
      4040.00      290.515      13.1002
      4041.40      286.926      13.0344
      4042.80      285.573      12.8810
      4044.20      282.633      13.0561
      4045.60      276.713      12.7950
      4047.00      280.531      12.8553
      4048.40      288.014      13.3834
      4049.80      290.973      13.5179
      4051.20      287.487      13.0642
      4052.60      285.205      13.0021
      4054.00      276.740      12.5526
      4055.40      291.387      13.2616
      4056.80      286.638      12.9352
      4058.20      288.107      13.1061
      4059.60      286.303      13.0636
      4061.00      276.081      12.9898
      4062.40      277.006      12.7565
      4063.80      274.172      12.9723
      4065.20      286.873      12.9571
      4066.60      276.619      12.9536
      4068.00      282.062      13.1139
      4069.40      272.668      13.4066
      4070.80      278.312      13.5565
      4072.20      277.500      13.2374
      4073.60      276.759      13.1004
      4075.00      282.552      12.7030
      4076.40      244.306      12.2534
      4077.80      257.715      12.6518
      4079.20      271.638      13.2950
      4080.60      284.411      13.5578
      4082.00      267.153      12.8197
      4083.40      261.313      12.3739
      4084.80      267.246      12.4570
      4086.20      257.546      11.9751
      4087.60      260.272      12.0313
      4089.00      255.768      12.0897
      4090.40      246.183      11.7152
      4091.80      230.448      11.3477
      4093.20      223.177      10.9284
      4094.60      213.254      10.2917
      4096.00      195.052      9.85351
      4097.40      176.231      9.03491
      4098.80      135.612      7.68726
      4100.20      105.509      7.05326
      4101.60      124.058      7.56821
      4103.00      159.523      8.45937
      4104.40      188.149      9.58688
      4105.80      200.370      9.64542
      4107.20      211.112      10.1529
      4108.60      227.733      10.7151
      4110.00      252.032      11.3926
      4111.40      236.883      11.0252
      4112.80      257.921      11.4231
      4114.20      258.269      11.8325
      4115.60      256.093      11.7018
      4117.00      264.848      11.8339
      4118.40      259.429      11.6721
      4119.80      267.916      11.7449
      4121.20      266.121      11.7930
      4122.60      263.443      11.9555
      4124.00      277.124      12.4149
      4125.40      267.396      12.1547
      4126.80      264.316      11.9728
      4128.20      272.466      11.9206
      4129.60      267.883      12.0669
      4131.00      263.238      11.7875
      4132.40      269.525      12.0396
      4133.80      271.951      11.6128
      4135.20      275.818      12.1854
      4136.60      286.078      12.3861
      4138.00      278.035      12.1855
      4139.40      276.513      12.0597
      4140.80      274.373      11.9431
      4142.20      268.038      11.8657
      4143.60      266.048      11.8654
      4145.00      278.618      11.9121
      4146.40      282.487      12.2314
      4147.80      276.044      11.8454
      4149.20      266.781      11.4126
      4150.60      270.001      11.6160
      4152.00      269.961      12.0535
      4153.40      277.714      11.6034
      4154.80      262.123      11.4764
      4156.20      270.815      11.5579
      4157.60      270.285      11.8390
      4159.00      268.168      11.7932
      4160.40      280.359      12.1428
      4161.80      272.069      11.8891
      4163.20      266.001      11.4667
      4164.60      278.313      11.9383
      4166.00      272.101      11.3846
      4167.40      271.703      11.6075
      4168.80      261.330      11.3904
      4170.20      261.081      11.5573
      4171.60      260.699      11.4011
      4173.00      269.122      11.4911
      4174.40      267.775      11.6958
      4175.80      262.531      11.3807
      4177.20      265.116      11.3126
      4178.60      264.567      11.0155
      4180.00      257.788      10.9809
      4181.40      266.080      11.4408
      4182.80      266.726      11.3897
      4184.20      274.117      11.2406
      4185.60      266.123      11.4808
      4187.00      265.865      11.3092
      4188.40      271.711      11.3123
      4189.80      264.385      11.1750
      4191.20      273.473      11.5030
      4192.60      279.886      11.4300
      4194.00      274.937      11.3545
      4195.40      260.783      11.2150
      4196.80      261.736      11.3417
      4198.20      258.262      11.1701
      4199.60      267.696      11.1149
      4201.00      253.654      10.8466
      4202.40      260.910      11.0353
      4203.80      274.611      11.4442
      4205.20      264.608      11.0354
      4206.60      275.282      11.4605
      4208.00      267.595      11.3510
      4209.40      268.425      11.2705
      4210.80      279.294      11.3933
      4212.20      264.381      10.9486
      4213.60      263.891      11.1389
      4215.00      262.897      11.0520
      4216.40      262.324      10.7137
      4217.80      267.325      11.1769
      4219.20      273.639      11.3911
      4220.60      269.960      11.4183
      4222.00      264.617      11.1286
      4223.40      262.668      10.9544
      4224.80      249.409      10.5596
      4226.20      256.969      10.6765
      4227.60      260.455      10.8185
      4229.00      259.730      10.9986
      4230.40      255.050      10.7252
      4231.80      251.720      10.5928
      4233.20      253.591      10.5794
      4234.60      257.878      10.7244
      4236.00      259.819      10.9127
      4237.40      266.960      11.0855
      4238.80      267.612      11.0732
      4240.20      268.785      10.9880
      4241.60      268.031      10.9090
      4243.00      263.140      10.7989
      4244.40      252.357      10.3618
      4245.80      252.866      10.4232
      4247.20      261.657      10.8607
      4248.60      262.281      10.8462
      4250.00      251.031      10.4354
      4251.40      264.573      10.8695
      4252.80      270.038      10.9456
      4254.20      267.497      10.9967
      4255.60      262.819      10.6097
      4257.00      263.461      10.8259
      4258.40      261.476      10.6606
      4259.80      258.814      10.7591
      4261.20      267.714      11.0056
      4262.60      260.047      10.6785
      4264.00      274.216      10.9438
      4265.40      261.482      10.8734
      4266.80      259.849      10.8873
      4268.20      258.192      10.5764
      4269.60      252.587      10.2861
      4271.00      248.972      10.1528
      4272.40      264.373      10.7988
      4273.80      262.879      10.7245
      4275.20      260.439      10.6950
      4276.60      268.491      10.8559
      4278.00      262.641      10.9842
      4279.40      260.240      10.8912
      4280.80      257.442      10.8578
      4282.20      262.918      10.7036
      4283.60      261.439      10.6645
      4285.00      262.343      10.3560
      4286.40      251.759      10.5458
      4287.80      243.119      10.0519
      4289.20      247.596      9.95745
      4290.60      252.938      10.4903
      4292.00      254.319      10.5283
      4293.40      247.077      10.2641
      4294.80      253.618      10.4480
      4296.20      258.755      10.4545
      4297.60      246.785      10.1907
      4299.00      231.053      9.81696
      4300.40      240.495      10.2717
      4301.80      240.900      10.5814
      4303.20      256.569      10.9060
      4304.60      249.305      10.5047
      4306.00      240.138      10.0579
      4307.40      242.931      10.0702
      4308.80      249.443      10.4158
      4310.20      247.838      9.98979
      4311.60      244.041      10.2693
      4313.00      240.214      9.91226
      4314.40      227.796      9.35950
      4315.80      258.635      10.2994
      4317.20      235.731      9.74075
      4318.60      242.054      10.0826
      4320.00      242.442      10.0597
      4321.40      232.273      9.77611
      4322.80      235.960      9.75166
      4324.20      222.620      9.65789
      4325.60      226.304      9.71070
      4327.00      230.638      9.72327
      4328.40      229.433      9.76841
      4329.80      214.959      9.38034
      4331.20      208.013      8.92391
      4332.60      208.368      8.94907
      4334.00      196.693      8.75498
      4335.40      171.660      7.84711
      4336.80      146.494      7.04185
      4338.20      112.861      5.92315
      4339.60      112.058      5.81623
      4341.00      139.549      6.63128
      4342.40      165.861      7.66464
      4343.80      177.901      7.96483
      4345.20      197.114      8.55906
      4346.60      203.618      8.96301
      4348.00      212.644      8.88588
      4349.40      218.249      9.13678
      4350.80      222.633      9.20613
      4352.20      225.039      9.42987
      4353.60      231.354      9.63449
      4355.00      237.591      9.79472
      4356.40      234.223      9.83679
      4357.80      234.577      9.59751
      4359.20      244.300      10.2432
      4360.60      244.797      10.0870
      4362.00      243.023      10.0653
      4363.40      245.289      10.0960
      4364.80      245.454      9.91005
      4366.20      245.382      10.2123
      4367.60      242.623      9.68315
      4369.00      240.229      9.74726
      4370.40      252.532      9.96748
      4371.80      244.784      9.78866
      4373.20      236.690      9.64813
      4374.60      240.668      9.76013
      4376.00      245.211      9.88342
      4377.40      247.497      9.98363
      4378.80      247.843      10.1964
      4380.20      244.843      9.85768
      4381.60      239.660      9.61323
      4383.00      238.437      9.77296
      4384.40      240.886      9.91032
      4385.80      246.674      9.97977
      4387.20      252.103      10.0385
      4388.60      247.071      9.98586
      4390.00      248.810      10.1598
      4391.40      246.233      9.97667
      4392.80      230.402      9.49674
      4394.20      229.954      9.50879
      4395.60      243.677      9.75708
      4397.00      245.132      10.1481
      4398.40      242.632      9.76663
      4399.80      245.724      9.81423
      4401.20      246.632      9.78829
      4402.60      240.298      10.0093
      4404.00      240.662      9.91828
      4405.40      245.731      10.0008
      4406.80      244.927      10.2546
      4408.20      244.481      10.0997
      4409.60      248.098      10.2786
      4411.00      257.030      10.0929
      4412.40      242.966      10.0204
      4413.80      240.434      9.71435
      4415.20      232.511      9.73888
      4416.60      242.715      10.1934
      4418.00      236.289      9.47116
      4419.40      243.805      9.61059
      4420.80      246.462      10.0218
      4422.20      254.541      10.0801
      4423.60      243.339      10.0170
      4425.00      250.855      10.1493
      4426.40      241.888      9.95766
      4427.80      245.802      10.0713
      4429.20      245.962      9.81898
      4430.60      251.124      9.89878
      4432.00      248.927      9.85459
      4433.40      246.759      9.70462
      4434.80      244.477      9.75793
      4436.20      248.133      10.1606
      4437.60      247.217      9.71304
      4439.00      247.383      9.78489
      4440.40      239.664      9.51000
      4441.80      231.185      9.20783
      4443.20      234.320      9.19280
      4444.60      236.941      9.58680
      4446.00      239.764      9.58069
      4447.40      236.175      9.47870
      4448.80      244.886      9.56162
      4450.20      241.593      9.56687
      4451.60      238.343      9.68334
      4453.00      241.069      9.87152
      4454.40      238.142      9.40538
      4455.80      236.532      9.56584
      4457.20      243.996      9.44836
      4458.60      233.578      9.43347
      4460.00      243.915      9.66611
      4461.40      247.677      9.63731
      4462.80      236.459      9.62667
      4464.20      247.798      9.67353
      4465.60      231.340      9.23031
      4467.00      243.587      9.58189
      4468.40      234.337      9.36038
      4469.80      236.308      9.26456
      4471.20      241.249      9.65042
      4472.60      244.539      9.94960
      4474.00      248.109      9.76936
      4475.40      238.152      9.53864
      4476.80      243.389      9.54642
      4478.20      236.668      9.37657
      4479.60      224.574      9.09844
      4481.00      233.956      9.29806
      4482.40      240.690      9.60094
      4483.80      241.649      9.56220
      4485.20      240.408      9.68389
      4486.60      235.537      9.49571
      4488.00      234.495      9.53106
      4489.40      235.853      9.48175
      4490.80      241.542      9.42946
      4492.20      241.183      9.65810
      4493.60      237.752      9.71067
      4495.00      235.675      9.29605
      4496.40      234.174      9.18497
      4497.80      238.915      9.31561
      4499.20      226.133      9.16700
      4500.60      228.583      8.91165
      4502.00      227.871      9.15954
      4503.40      241.032      9.40771
      4504.80      234.278      9.32491
      4506.20      239.391      9.41727
      4507.60      231.922      9.29051
      4509.00      234.779      9.35691
      4510.40      229.320      9.24082
      4511.80      238.686      9.29823
      4513.20      233.111      9.16478
      4514.60      236.572      9.24195
      4516.00      231.225      9.17707
      4517.40      236.999      9.44170
      4518.80      233.350      9.10498
      4520.20      225.317      9.10927
      4521.60      234.759      9.30540
      4523.00      230.823      9.21463
      4524.40      233.821      9.24710
      4525.80      236.061      9.36449
      4527.20      230.664      9.14682
      4528.60      230.059      9.19019
      4530.00      231.949      9.13235
      4531.40      226.269      8.83611
      4532.80      222.362      8.93720
      4534.20      234.910      9.36168
      4535.60      237.935      9.30361
      4537.00      231.410      9.05248
      4538.40      235.986      9.09243
      4539.80      230.566      9.20254
      4541.20      228.926      9.09527
      4542.60      232.259      9.18558
      4544.00      235.602      9.42817
      4545.40      232.392      9.02814
      4546.80      227.044      8.96897
      4548.20      218.144      8.90612
      4549.60      228.019      8.88743
      4551.00      230.246      9.28402
      4552.40      225.366      8.98036
      4553.80      227.930      9.20610
      4555.20      231.860      9.24369
      4556.60      235.244      9.19523
      4558.00      229.727      9.19712
      4559.40      241.250      9.59259
      4560.80      233.993      9.18158
      4562.20      227.264      8.96156
      4563.60      230.774      8.92254
      4565.00      232.305      9.14093
      4566.40      236.805      9.44586
      4567.80      236.052      9.18781
      4569.20      226.102      9.11285
      4570.60      226.691      9.05759
      4572.00      226.484      9.04479
      4573.40      234.329      9.10879
      4574.80      229.585      9.31996
      4576.20      231.825      9.61674
      4577.60      240.831      9.72949
      4579.00      226.865      9.08187
      4580.40      233.881      9.06763
      4581.80      226.513      9.26301
      4583.20      233.620      9.48160
      4584.60      221.388      9.03191
      4586.00      233.160      9.13681
      4587.40      222.032      8.82451
      4588.80      231.218      9.13544
      4590.20      233.404      9.98076
      4591.60      233.522      9.06943
      4593.00      228.535      9.00658
      4594.40      234.999      8.99497
      4595.80      225.330      8.91392
      4597.20      225.985      8.81592
      4598.60      226.678      8.92424
      4600.00      232.928      9.02869
      4601.40      223.299      8.99919
      4602.80      232.869      9.04804
      4604.20      229.663      9.04717
      4605.60      231.970      9.02486
      4607.00      228.292      9.09671
      4608.40      233.789      8.95751
      4609.80      229.529      8.98351
      4611.20      229.744      8.94189
      4612.60      228.701      9.06054
      4614.00      229.172      9.29001
      4615.40      229.341      8.90048
      4616.80      224.846      8.74751
      4618.20      225.370      9.04834
      4619.60      232.768      9.07014
      4621.00      231.834      9.08996
      4622.40      230.236      8.93215
      4623.80      231.989      8.89052
      4625.20      226.782      8.81096
      4626.60      227.645      8.70002
      4628.00      228.612      8.91619
      4629.40      224.938      8.87954
      4630.80      232.054      9.02352
      4632.20      226.141      8.95036
      4633.60      227.528      8.70686
      4635.00      230.621      8.82181
      4636.40      226.050      8.87982
      4637.80      225.098      8.80177
      4639.20      230.762      8.95318
      4640.60      224.866      8.77672
      4642.00      228.831      8.82429
      4643.40      229.757      8.92843
      4644.80      223.803      8.71268
      4646.20      227.819      8.76787
      4647.60      223.173      8.85541
      4649.00      222.556      8.70583
      4650.40      222.398      8.54140
      4651.80      229.487      8.71250
      4653.20      229.375      8.85222
      4654.60      229.136      8.79465
      4656.00      222.756      8.69187
      4657.40      224.196      8.79740
      4658.80      225.325      8.84364
      4660.20      230.208      8.87957
      4661.60      227.772      8.87423
      4663.00      229.792      8.85736
      4664.40      229.352      8.89347
      4665.80      227.894      8.74848
      4667.20      220.531      8.91847
      4668.60      224.169      8.89960
      4670.00      221.343      8.56887
      4671.40      221.071      8.44721
      4672.80      227.041      8.60826
      4674.20      222.383      8.66526
      4675.60      223.942      8.63511
      4677.00      222.931      8.70683
      4678.40      224.573      8.49818
      4679.80      227.220      8.67958
      4681.20      220.317      8.59829
      4682.60      224.375      8.47974
      4684.00      224.724      8.91255
      4685.40      217.819      8.41754
      4686.80      221.067      8.49418
      4688.20      224.980      8.76259
      4689.60      228.059      8.80269
      4691.00      227.001      8.88994
      4692.40      225.621      8.92717
      4693.80      223.879      8.95901
      4695.20      222.052      8.46078
      4696.60      223.366      8.63213
      4698.00      222.105      8.62893
      4699.40      221.652      8.63571
      4700.80      220.433      8.59888
      4702.20      221.043      8.60227
      4703.60      220.655      8.76029
      4705.00      226.459      8.71189
      4706.40      222.102      8.46828
      4707.80      226.986      8.68311
      4709.20      219.610      8.56649
      4710.60      225.209      8.73734
      4712.00      223.705      8.80593
      4713.40      220.514      8.64624
      4714.80      226.145      8.61194
      4716.20      224.298      8.69516
      4717.60      227.168      8.60624
      4719.00      222.607      8.73848
      4720.40      220.939      8.52560
      4721.80      227.080      8.57859
      4723.20      217.695      8.55765
      4724.60      223.175      8.60121
      4726.00      219.490      8.58008
      4727.40      223.164      8.66096
      4728.80      219.997      8.48126
      4730.20      215.042      8.39417
      4731.60      224.057      8.84155
      4733.00      221.823      8.77836
      4734.40      223.580      8.57995
      4735.80      225.846      8.97865
      4737.20      222.956      8.78045
      4738.60      223.708      8.94305
      4740.00      225.683      8.75053
      4741.40      224.165      8.73805
      4742.80      223.146      8.74865
      4744.20      220.721      8.65435
      4745.60      221.594      8.62831
      4747.00      225.828      8.65843
      4748.40      221.485      8.61415
      4749.80      217.604      8.40195
      4751.20      221.409      8.65382
      4752.60      222.036      8.46048
      4754.00      220.446      8.45397
      4755.40      220.429      8.49226
      4756.80      222.233      8.50858
      4758.20      217.669      8.27311
      4759.60      223.185      8.71685
      4761.00      216.893      8.36160
      4762.40      212.929      8.22097
      4763.80      222.240      8.54681
      4765.20      220.119      8.40202
      4766.60      215.972      8.29332
      4768.00      220.951      8.51055
      4769.40      217.553      8.48807
      4770.80      218.063      8.28074
      4772.20      216.985      8.28642
      4773.60      220.669      8.42931
      4775.00      218.576      8.54002
      4776.40      217.640      8.46441
      4777.80      216.119      8.37808
      4779.20      218.649      8.47167
      4780.60      217.864      8.35567
      4782.00      215.124      8.27562
      4783.40      212.492      7.92062
      4784.80      216.492      8.36882
      4786.20      213.299      8.26457
      4787.60      215.784      8.33578
      4789.00      222.497      8.34305
      4790.40      217.333      8.12971
      4791.80      216.705      8.31687
      4793.20      216.182      8.25859
      4794.60      215.772      8.24579
      4796.00      211.700      8.18499
      4797.40      209.156      7.87455
      4798.80      220.974      8.31813
      4800.20      210.222      8.17949
      4801.60      208.325      8.03877
      4803.00      209.956      8.20370
      4804.40      206.748      8.11060
      4805.80      217.041      8.34308
      4807.20      208.005      8.15547
      4808.60      210.722      8.10320
      4810.00      217.381      8.37421
      4811.40      211.632      8.10783
      4812.80      209.677      8.08100
      4814.20      213.555      8.07706
      4815.60      214.519      8.27454
      4817.00      212.770      8.11009
      4818.40      213.411      8.21374
      4819.80      212.887      8.08097
      4821.20      209.165      8.11517
      4822.60      210.303      8.22868
      4824.00      207.041      8.00765
      4825.40      203.793      7.75721
      4826.80      208.619      7.84626
      4828.20      201.203      7.86912
      4829.60      209.851      8.08428
      4831.00      212.165      8.24603
      4832.40      207.607      8.03342
      4833.80      205.387      7.84091
      4835.20      206.308      7.79040
      4836.60      198.332      7.59113
      4838.00      200.679      7.70295
      4839.40      203.734      8.01657
      4840.80      202.902      7.91987
      4842.20      198.111      7.77343
      4843.60      198.671      7.69628
      4845.00      197.173      7.43167
      4846.40      191.541      7.42812
      4847.80      188.736      7.28212
      4849.20      186.347      7.32407
      4850.60      183.956      7.08363
      4852.00      180.555      7.07647
      4853.40      172.987      6.94758
      4854.80      162.742      6.62554
      4856.20      151.588      6.10649
      4857.60      129.881      5.42934
      4859.00      97.9006      4.58274
      4860.40      99.7020      4.67695
      4861.80      125.959      5.38706
      4863.20      143.244      5.81348
      4864.60      156.301      6.28219
      4866.00      168.213      6.74528
      4867.40      171.017      7.03633
      4868.80      178.514      7.19276
      4870.20      184.020      7.51650
      4871.60      189.142      7.30988
      4873.00      185.649      7.39569
      4874.40      193.087      7.46072
      4875.80      192.696      7.54053
      4877.20      195.144      7.69607
      4878.60      201.235      7.80492
      4880.00      197.738      7.76390
      4881.40      197.605      7.68804
      4882.80      201.638      7.90353
      4884.20      199.056      7.70897
      4885.60      202.458      7.99899
      4887.00      207.850      8.05208
      4888.40      199.896      7.73102
      4889.80      200.137      7.65959
      4891.20      206.183      8.09719
      4892.60      199.812      8.01603
      4894.00      204.993      7.90603
      4895.40      205.494      7.91582
      4896.80      204.755      7.91260
      4898.20      204.150      7.90323
      4899.60      204.990      7.82548
      4901.00      200.146      7.70039
      4902.40      203.613      7.86326
      4903.80      209.000      8.14671
      4905.20      204.686      7.82456
      4906.60      203.155      7.75464
      4908.00      202.643      7.83734
      4909.40      203.753      7.69498
      4910.80      202.180      7.71001
      4912.20      207.401      7.98339
      4913.60      201.938      7.79387
      4915.00      201.837      7.82335
      4916.40      198.223      7.79930
      4917.80      200.713      7.52266
      4919.20      196.671      7.64511
      4920.60      197.072      7.50897
      4922.00      196.097      7.65263
      4923.40      195.763      7.56826
      4924.80      199.501      7.63798
      4926.20      202.962      7.48662
      4927.60      205.630      7.77407
      4929.00      207.554      7.93572
      4930.40      202.057      7.59357
      4931.80      194.676      7.45754
      4933.20      199.179      7.63845
      4934.60      200.160      7.58349
      4936.00      201.801      7.74272
      4937.40      204.012      7.82935
      4938.80      204.139      7.92562
      4940.20      199.215      7.64278
      4941.60      204.598      7.85392
      4943.00      200.728      7.69666
      4944.40      199.664      7.66617
      4945.80      205.277      7.91166
      4947.20      202.827      7.78249
      4948.60      200.184      7.66442
      4950.00      202.227      7.66610
      4951.40      197.434      7.60432
      4952.80      203.794      7.81840
      4954.20      201.014      7.70950
      4955.60      196.164      7.48365
      4957.00      199.568      7.49865
      4958.40      201.939      7.75201
      4959.80      203.033      7.76282
      4961.20      203.925      7.71062
      4962.60      201.667      7.75233
      4964.00      203.776      7.69759
      4965.40      203.632      7.72743
      4966.80      201.586      7.67420
      4968.20      202.342      7.71498
      4969.60      200.881      7.84850
      4971.00      197.232      7.63476
      4972.40      199.028      7.74742
      4973.80      202.596      7.78992
      4975.20      202.439      7.70183
      4976.60      193.464      7.43075
      4978.00      199.176      7.52864
      4979.40      201.694      7.68555
      4980.80      202.348      7.65544
      4982.20      197.651      7.72499
      4983.60      198.995      7.74890
      4985.00      200.170      7.78134
      4986.40      195.382      7.49926
      4987.80      195.752      7.67916
      4989.20      200.195      7.81178
      4990.60      196.445      7.52697
      4992.00      196.299      7.49657
      4993.40      194.633      7.48765
      4994.80      200.650      7.63924
      4996.20      192.987      7.40676
      4997.60      196.548      7.50190
      4999.00      196.763      7.54346
