      3900.00      71.2156      5.07065
      3901.40      60.0196      4.79322
      3902.80      80.9332      5.31604
      3904.20      70.2175      5.11115
      3905.60      87.6195      5.52061
      3907.00      88.1768      5.69443
      3908.40      90.8504      5.78831
      3909.80      82.7276      5.63549
      3911.20      88.6313      5.78677
      3912.60      91.8840      5.76123
      3914.00      81.4246      5.50485
      3915.40      89.5167      5.73794
      3916.80      89.7858      5.53842
      3918.20      81.2844      5.44357
      3919.60      87.7591      5.61176
      3921.00      97.3556      5.78361
      3922.40      83.3830      5.37641
      3923.80      86.6520      5.57338
      3925.20      85.4145      5.27429
      3926.60      89.5173      5.37154
      3928.00      86.2703      5.33466
      3929.40      86.7798      5.36481
      3930.80      84.9090      5.48944
      3932.20      70.4026      4.81868
      3933.60      47.5582      4.14857
      3935.00      62.7156      4.46631
      3936.40      90.5305      5.21784
      3937.80      81.4466      5.09942
      3939.20      83.5049      5.04976
      3940.60      91.4495      5.29901
      3942.00      84.0358      5.06921
      3943.40      79.3266      4.97681
      3944.80      87.3484      5.18749
      3946.20      76.7467      4.99142
      3947.60      79.2214      5.04930
      3949.00      82.3466      5.19435
      3950.40      78.9494      5.08754
      3951.80      75.9091      4.95590
      3953.20      74.8180      4.85478
      3954.60      74.6462      4.75535
      3956.00      74.7250      4.56116
      3957.40      70.5002      4.50563
      3958.80      68.5755      4.35042
      3960.20      64.7425      4.28608
      3961.60      64.8218      4.26843
      3963.00      60.5058      4.11861
      3964.40      54.6785      3.99399
      3965.80      48.7381      3.71937
      3967.20      42.2335      3.43308
      3968.60      17.3672      2.68116
      3970.00      24.0517      2.63977
      3971.40      26.1785      2.85909
      3972.80      38.4653      3.37398
      3974.20      48.7554      3.79550
      3975.60      55.4496      4.32447
      3977.00      66.2553      4.50842
      3978.40      56.9863      4.45656
      3979.80      61.8953      4.69232
      3981.20      68.8733      4.99645
      3982.60      68.1276      4.94664
      3984.00      70.0678      5.09322
      3985.40      72.1588      5.12292
      3986.80      74.1627      5.06125
      3988.20      80.0409      5.06557
      3989.60      73.6663      4.82587
      3991.00      71.6485      4.71114
      3992.40      74.8910      4.75654
      3993.80      81.4838      4.97163
      3995.20      75.5316      4.69884
      3996.60      86.7353      4.83338
      3998.00      76.2483      4.58584
      3999.40      87.1738      4.88583
      4000.80      87.1207      4.94964
      4002.20      87.0440      4.93293
      4003.60      83.7673      4.78595
      4005.00      89.4788      4.82810
      4006.40      85.6796      4.76626
      4007.80      89.4753      4.74226
      4009.20      76.3920      4.47028
      4010.60      87.4475      4.73877
      4012.00      80.4392      4.55649
      4013.40      82.0075      4.66023
      4014.80      84.3247      4.52200
      4016.20      77.1919      4.49618
      4017.60      90.8715      4.86438
      4019.00      75.2577      4.57909
      4020.40      89.0538      4.88046
      4021.80      86.6205      4.72135
      4023.20      83.6459      4.59728
      4024.60      76.4466      4.35330
      4026.00      77.7689      4.39585
      4027.40      84.7721      4.64030
      4028.80      81.2129      4.60716
      4030.20      81.9661      4.59838
      4031.60      84.1628      4.58810
      4033.00      78.0564      4.33750
      4034.40      80.7111      4.54104
      4035.80      79.5501      4.47465
      4037.20      83.4341      4.49333
      4038.60      86.9505      4.63230
      4040.00      88.2084      4.81352
      4041.40      87.2879      4.58443
      4042.80      80.4895      4.52811
      4044.20      83.1659      4.54250
      4045.60      75.7270      4.41209
      4047.00      77.3204      4.44473
      4048.40      82.8961      4.62628
      4049.80      80.4817      4.52625
      4051.20      86.9413      4.64312
      4052.60      85.2447      4.67762
      4054.00      79.9028      4.50725
      4055.40      79.2434      4.45151
      4056.80      78.2001      4.47114
      4058.20      85.3368      4.70103
      4059.60      81.7472      4.63651
      4061.00      79.0348      4.53709
      4062.40      80.4799      4.44107
      4063.80      73.9977      4.34137
      4065.20      80.7429      4.61059
      4066.60      80.2656      4.53520
      4068.00      77.4472      4.54102
      4069.40      82.6369      4.66801
      4070.80      68.5562      4.34915
      4072.20      80.8173      4.49713
      4073.60      80.1391      4.55151
      4075.00      81.2934      4.56774
      4076.40      75.3704      4.49641
      4077.80      69.8114      4.32482
      4079.20      67.6782      4.25161
      4080.60      75.3170      4.37198
      4082.00      72.8449      4.31282
      4083.40      75.8489      4.50724
      4084.80      70.2620      4.20251
      4086.20      69.9487      4.29274
      4087.60      67.5547      4.04278
      4089.00      68.7796      4.01617
      4090.40      65.3636      4.01129
      4091.80      62.6330      3.89712
      4093.20      53.4067      3.53754
      4094.60      52.5354      3.43634
      4096.00      49.0278      3.35939
      4097.40      43.5770      3.18511
      4098.80      34.2436      2.78237
      4100.20      30.2350      2.60889
      4101.60      23.9462      2.40928
      4103.00      24.9434      2.46022
      4104.40      35.7708      2.97933
      4105.80      43.0116      3.24682
      4107.20      46.7449      3.30505
      4108.60      52.6311      3.47833
      4110.00      53.8290      3.40728
      4111.40      58.9659      3.61171
      4112.80      62.6771      3.81173
      4114.20      70.0698      4.11946
      4115.60      72.2968      4.08240
      4117.00      66.4703      3.84171
      4118.40      69.5383      3.94245
      4119.80      70.3841      3.88804
      4121.20      72.8948      4.02109
      4122.60      74.7871      3.95582
      4124.00      72.8501      4.01380
      4125.40      73.4496      4.02498
      4126.80      77.3892      4.21036
      4128.20      70.9653      4.08693
      4129.60      76.8404      4.13354
      4131.00      73.2594      4.04912
      4132.40      67.9572      3.84785
      4133.80      71.9934      3.92038
      4135.20      76.0974      4.02721
      4136.60      70.8145      4.04829
      4138.00      79.2846      4.24863
      4139.40      75.7674      4.15704
      4140.80      76.8753      4.16559
      4142.20      78.5953      4.22582
      4143.60      77.6944      4.07549
      4145.00      73.1291      4.00300
      4146.40      73.3393      4.00243
      4147.80      73.0423      4.00805
      4149.20      82.6412      4.25823
      4150.60      76.0423      4.13286
      4152.00      76.2127      4.15489
      4153.40      79.4201      4.18618
      4154.80      73.0093      4.06599
      4156.20      80.7793      4.27264
      4157.60      78.4315      4.17636
      4159.00      74.4846      4.12382
      4160.40      76.2219      4.23507
      4161.80      70.6931      4.05559
      4163.20      73.3771      4.08817
      4164.60      80.1279      4.13276
      4166.00      72.2349      4.04419
      4167.40      80.4375      4.08268
      4168.80      73.0729      3.83697
      4170.20      74.8762      3.92993
      4171.60      70.6321      3.86692
      4173.00      74.3213      3.72680
      4174.40      76.7073      4.12050
      4175.80      77.2830      3.95422
      4177.20      72.1942      3.92067
      4178.60      71.2539      3.76721
      4180.00      75.7405      3.97317
      4181.40      78.0594      4.01653
      4182.80      74.9639      4.17437
      4184.20      72.9948      3.84402
      4185.60      71.6849      3.82484
      4187.00      71.8919      3.91968
      4188.40      72.7289      3.76084
      4189.80      73.2970      3.71739
      4191.20      72.6899      3.82725
      4192.60      78.0485      3.85395
      4194.00      70.6192      3.71551
      4195.40      70.0950      3.68009
      4196.80      77.5898      3.86552
      4198.20      74.6856      3.79772
      4199.60      71.6993      3.66610
      4201.00      70.5103      3.65833
      4202.40      70.1221      3.65937
      4203.80      75.3022      3.82515
      4205.20      76.5398      3.79879
      4206.60      74.8941      3.85042
      4208.00      75.8387      3.85694
      4209.40      86.6411      4.16568
      4210.80      69.2605      3.80069
      4212.20      80.2821      3.96078
      4213.60      71.5206      3.74975
      4215.00      70.8598      3.68597
      4216.40      71.4791      3.69178
      4217.80      74.3660      3.92738
      4219.20      77.0263      3.91394
      4220.60      72.2689      3.79907
      4222.00      74.7618      3.80971
      4223.40      71.3671      3.74255
      4224.80      74.3994      3.73100
      4226.20      69.4774      3.62843
      4227.60      67.8588      3.57036
      4229.00      68.7999      3.63044
      4230.40      75.9850      3.82267
      4231.80      77.2954      3.87381
      4233.20      72.0553      3.76027
      4234.60      72.8620      3.83876
      4236.00      75.3564      3.85943
      4237.40      75.3664      3.92462
      4238.80      75.4228      3.86885
      4240.20      75.9507      3.76348
      4241.60      72.8757      3.73883
      4243.00      72.8842      3.69894
      4244.40      72.7999      3.75785
      4245.80      73.2246      3.83574
      4247.20      67.2619      3.74734
      4248.60      69.8525      3.79337
      4250.00      71.5781      3.59087
      4251.40      69.9519      3.59769
      4252.80      67.6994      3.51272
      4254.20      72.6864      3.75707
      4255.60      70.9522      3.65927
      4257.00      72.0973      3.63868
      4258.40      71.4919      3.66066
      4259.80      78.7422      3.89531
      4261.20      76.5911      3.97670
      4262.60      72.3574      3.70361
      4264.00      75.9502      3.77125
      4265.40      71.0734      3.62995
      4266.80      69.1771      3.57144
      4268.20      77.8011      3.90887
      4269.60      71.4344      3.74412
      4271.00      70.2614      3.72990
      4272.40      65.8515      3.42460
      4273.80      72.0295      3.72685
      4275.20      76.6099      3.80266
      4276.60      70.5347      3.66402
      4278.00      75.6286      3.77200
      4279.40      71.0721      3.65936
      4280.80      76.9261      3.74535
      4282.20      71.0094      3.59604
      4283.60      72.2006      3.60096
      4285.00      68.9455      3.57026
      4286.40      73.1477      3.75103
      4287.80      68.5669      3.50482
      4289.20      69.6490      3.55152
      4290.60      69.4496      3.53069
      4292.00      68.6431      3.53409
      4293.40      68.6016      3.50407
      4294.80      71.0320      3.54739
      4296.20      65.1225      3.40304
      4297.60      69.3834      3.45809
      4299.00      62.2962      3.34981
      4300.40      67.8596      3.47901
      4301.80      65.8444      3.45571
      4303.20      64.5715      3.43052
      4304.60      69.0001      3.55373
      4306.00      69.8405      3.47365
      4307.40      65.2814      3.38188
      4308.80      62.6838      3.30770
      4310.20      66.5538      3.40075
      4311.60      66.2299      3.39646
      4313.00      66.7234      3.41897
      4314.40      66.7454      3.49280
      4315.80      77.9705      4.37135
      4317.20      71.8240      3.71512
      4318.60      65.8822      3.49974
      4320.00      63.5903      3.42997
      4321.40      60.4613      3.29325
      4322.80      62.7706      3.27599
      4324.20      59.1276      3.18104
      4325.60      57.2141      3.07308
      4327.00      58.4931      3.14456
      4328.40      59.2590      3.09806
      4329.80      54.2126      3.06536
      4331.20      55.0828      2.97027
      4332.60      46.7546      2.75358
      4334.00      45.4777      2.71562
      4335.40      44.2272      2.64905
      4336.80      40.2125      2.51200
      4338.20      34.7482      2.35948
      4339.60      23.6414      2.10609
      4341.00      19.9090      1.93327
      4342.40      30.4548      2.15848
      4343.80      32.3292      2.24673
      4345.20      37.8559      2.43527
      4346.60      44.2923      2.65144
      4348.00      48.7882      2.80137
      4349.40      51.5515      2.93057
      4350.80      48.3302      2.81528
      4352.20      54.6907      2.96598
      4353.60      57.6505      3.07478
      4355.00      60.9165      3.24853
      4356.40      66.4776      3.44337
      4357.80      62.0964      3.44541
      4359.20      63.8412      3.68459
      4360.60      63.2073      3.52018
      4362.00      62.4334      3.52480
      4363.40      65.2806      3.41980
      4364.80      61.4534      3.23641
      4366.20      69.9576      3.38209
      4367.60      64.1501      3.31331
      4369.00      64.9306      3.33850
      4370.40      68.5095      3.45434
      4371.80      67.2451      3.33970
      4373.20      60.0142      3.16629
      4374.60      63.9476      3.28324
      4376.00      62.6143      3.26726
      4377.40      68.6256      3.37078
      4378.80      64.8173      3.37221
      4380.20      66.9652      3.34307
      4381.60      63.8161      3.27459
      4383.00      65.3270      3.26578
      4384.40      62.8134      3.17352
      4385.80      64.4136      3.28407
      4387.20      67.2909      3.33297
      4388.60      62.4538      3.22747
      4390.00      65.7679      3.26831
      4391.40      62.5427      3.27385
      4392.80      68.1176      3.38238
      4394.20      63.4352      3.26017
      4395.60      64.3064      3.25579
      4397.00      63.5964      3.26495
      4398.40      66.2751      3.35801
      4399.80      64.3349      3.41952
      4401.20      62.4449      3.41152
      4402.60      69.9000      3.45638
      4404.00      65.2242      3.32708
      4405.40      65.0473      3.28433
      4406.80      66.6868      3.36544
      4408.20      64.2763      3.29124
      4409.60      63.5229      3.26332
      4411.00      67.7878      3.37838
      4412.40      68.3745      3.43193
      4413.80      62.7836      3.31509
      4415.20      59.8912      3.12144
      4416.60      59.3521      3.12076
      4418.00      61.3836      3.15101
      4419.40      64.4284      3.32392
      4420.80      71.4091      3.39253
      4422.20      62.0656      3.25049
      4423.60      64.1992      3.22758
      4425.00      70.5684      3.41033
      4426.40      67.5928      3.43472
      4427.80      61.2529      3.29290
      4429.20      67.2807      3.30990
      4430.60      62.5516      3.14542
      4432.00      65.8015      3.36659
      4433.40      65.3102      3.38027
      4434.80      63.8187      3.21226
      4436.20      60.6698      3.08496
      4437.60      61.9906      3.16986
      4439.00      64.9840      3.34943
      4440.40      67.9950      3.39252
      4441.80      62.0577      3.16665
      4443.20      63.2996      3.14376
      4444.60      59.8058      3.11590
      4446.00      64.8503      3.23948
      4447.40      63.1131      3.14273
      4448.80      62.6154      3.14356
      4450.20      63.8966      3.15366
      4451.60      66.8189      3.32536
      4453.00      63.4590      3.13674
      4454.40      64.4803      3.17029
      4455.80      62.6816      3.16221
      4457.20      63.2732      3.12961
      4458.60      64.0317      3.17099
      4460.00      62.2084      3.08232
      4461.40      61.8002      3.11905
      4462.80      59.6937      2.99376
      4464.20      60.6246      3.06063
      4465.60      62.3853      3.11190
      4467.00      66.1754      3.20993
      4468.40      62.1900      3.13747
      4469.80      63.4860      3.09868
      4471.20      60.3633      3.05850
      4472.60      59.7800      3.00312
      4474.00      62.2492      3.25228
      4475.40      56.7187      3.86973
      4476.80      68.4214      3.69878
      4478.20      63.1540      3.21717
      4479.60      60.2175      3.12461
      4481.00      56.9922      3.02228
      4482.40      60.8051      3.07449
      4483.80      62.4851      3.10892
      4485.20      62.1418      3.13290
      4486.60      61.3056      3.11131
      4488.00      61.8233      3.15896
      4489.40      62.7228      3.19535
      4490.80      59.6875      3.10920
      4492.20      61.2202      3.18614
      4493.60      65.5575      3.24950
      4495.00      61.1942      3.11951
      4496.40      64.7543      3.13144
      4497.80      60.9616      3.06231
      4499.20      63.7973      3.12015
      4500.60      59.1266      3.04130
      4502.00      55.0928      2.98047
      4503.40      61.3760      3.08737
      4504.80      63.4053      3.14345
      4506.20      62.8226      3.11101
      4507.60      62.2755      3.13281
      4509.00      62.6029      3.14242
      4510.40      65.0365      3.27784
      4511.80      64.8971      3.10343
      4513.20      63.5227      3.09476
      4514.60      57.7766      3.00380
      4516.00      60.6324      3.07035
      4517.40      60.0666      3.09303
      4518.80      61.0364      3.02440
      4520.20      58.6215      2.98446
      4521.60      62.0378      3.03771
      4523.00      60.7688      3.03316
      4524.40      59.8443      2.96770
      4525.80      60.7324      3.00248
      4527.20      62.2107      3.01584
      4528.60      61.8376      3.04816
      4530.00      57.2054      2.87706
      4531.40      56.0357      2.87629
      4532.80      54.9845      2.76899
      4534.20      56.5294      2.97250
      4535.60      60.4246      2.98004
      4537.00      61.5945      3.03017
      4538.40      62.3453      3.06854
      4539.80      59.8987      2.95465
      4541.20      58.3549      2.94567
      4542.60      60.0034      2.97372
      4544.00      62.0295      3.17968
      4545.40      60.6146      3.03309
      4546.80      62.8845      3.17579
      4548.20      60.1612      3.00223
      4549.60      55.7916      2.84158
      4551.00      59.2771      3.02198
      4552.40      61.3797      3.03873
      4553.80      58.8336      3.05924
      4555.20      61.4164      3.08256
      4556.60      63.9289      3.15627
      4558.00      60.2218      3.00938
      4559.40      61.5102      3.03062
      4560.80      60.1997      3.00721
      4562.20      60.0948      3.00328
      4563.60      55.6264      2.93980
      4565.00      58.7773      2.93990
      4566.40      58.0504      2.93150
      4567.80      58.4270      2.95249
      4569.20      62.0559      3.03016
      4570.60      61.3297      3.02206
      4572.00      57.7717      2.88718
      4573.40      55.0236      2.82873
      4574.80      58.0999      2.87105
      4576.20      60.9454      2.97796
      4577.60      57.4438      2.90945
      4579.00      61.1203      3.02502
      4580.40      60.6613      3.06317
      4581.80      57.9535      2.93846
      4583.20      54.7120      2.80068
      4584.60      55.7746      2.80661
      4586.00      58.8178      2.88777
      4587.40      55.7597      2.84192
      4588.80      58.4753      2.90154
      4590.20      58.9818      2.92640
      4591.60      60.3491      2.97479
      4593.00      56.9215      2.87954
      4594.40      60.1463      2.93947
      4595.80      62.8589      3.01073
      4597.20      56.7871      2.87931
      4598.60      58.2807      2.88788
      4600.00      56.2754      2.86322
      4601.40      56.5773      2.83645
      4602.80      59.8293      2.89175
      4604.20      58.2132      2.86142
      4605.60      58.3788      2.84923
      4607.00      60.6681      2.90296
      4608.40      56.3757      2.79341
      4609.80      63.0915      2.94049
      4611.20      59.0331      2.90062
      4612.60      57.3743      2.84788
      4614.00      58.4014      2.89430
      4615.40      60.7805      2.89553
      4616.80      59.8689      2.89750
      4618.20      57.1331      2.82483
      4619.60      59.3110      2.86142
      4621.00      59.4819      2.91375
      4622.40      59.1084      2.84365
      4623.80      57.1215      2.82387
      4625.20      57.4070      2.77210
      4626.60      60.8519      2.98034
      4628.00      60.6210      2.93103
      4629.40      61.4753      2.96083
      4630.80      59.1227      2.85512
      4632.20      61.3789      2.91979
      4633.60      58.3670      2.92481
      4635.00      56.7521      2.88072
      4636.40      60.6171      2.96321
      4637.80      58.5874      2.82918
      4639.20      56.5816      2.80800
      4640.60      58.5395      2.81955
      4642.00      56.8063      2.78884
      4643.40      58.4322      2.84210
      4644.80      57.7973      2.82260
      4646.20      59.6871      2.83694
      4647.60      59.8307      2.85777
      4649.00      61.6258      2.95516
      4650.40      61.6109      2.96805
      4651.80      57.2949      2.91970
      4653.20      57.5741      2.87647
      4654.60      55.9566      2.77169
      4656.00      56.9013      2.79347
      4657.40      57.7906      2.82805
      4658.80      53.9983      2.78001
      4660.20      56.4812      2.80120
      4661.60      59.6901      2.94977
      4663.00      58.6488      2.82887
      4664.40      58.9780      2.88034
      4665.80      59.8819      3.45634
      4667.20      56.8823      3.93880
      4668.60      56.7660      3.88951
      4670.00      59.3048      3.07302
      4671.40      57.3198      2.94912
      4672.80      58.1743      3.13929
      4674.20      58.3467      2.95557
      4675.60      59.3722      2.91440
      4677.00      59.5457      2.86123
      4678.40      58.2415      2.84162
      4679.80      57.0614      2.81455
      4681.20      57.8218      2.86866
      4682.60      59.1332      2.85768
      4684.00      54.1604      2.72354
      4685.40      57.2770      2.77772
      4686.80      63.4568      2.97847
      4688.20      59.3047      2.85938
      4689.60      59.9166      2.84616
      4691.00      54.9537      2.74157
      4692.40      53.8969      2.68514
      4693.80      58.9567      2.81893
      4695.20      56.6664      2.78741
      4696.60      58.6940      2.78876
      4698.00      53.6059      2.67079
      4699.40      53.9149      2.65510
      4700.80      59.0097      2.86384
      4702.20      55.3254      2.87671
      4703.60      57.2835      2.86226
      4705.00      58.4469      2.80923
      4706.40      59.5008      2.85844
      4707.80      60.2271      2.83808
      4709.20      55.4143      2.74930
      4710.60      55.2984      2.79123
      4712.00      55.8815      2.76197
      4713.40      54.2605      2.79493
      4714.80      58.9701      2.85519
      4716.20      57.5565      2.81733
      4717.60      55.2573      2.84307
      4719.00      55.8676      2.78195
      4720.40      56.8089      2.83115
      4721.80      55.9409      2.75517
      4723.20      56.9714      2.82596
      4724.60      55.0118      2.74446
      4726.00      52.3179      2.72819
      4727.40      58.5986      2.85215
      4728.80      54.9258      2.80940
      4730.20      56.8554      2.81864
      4731.60      56.4168      2.82812
      4733.00      56.8709      2.80048
      4734.40      54.6415      2.70836
      4735.80      51.4523      2.73966
      4737.20      57.3790      3.05961
      4738.60      55.2266      3.05492
      4740.00      57.8873      3.00682
      4741.40      55.6743      2.85949
      4742.80      51.9186      2.66507
      4744.20      60.1123      2.87458
      4745.60      54.0184      2.78969
      4747.00      58.5389      3.12805
      4748.40      58.3496      2.92978
      4749.80      54.4066      2.70471
      4751.20      55.4022      2.70142
      4752.60      55.1501      2.70690
      4754.00      55.6226      2.70572
      4755.40      52.2047      2.56471
      4756.80      56.3904      2.77627
      4758.20      56.4148      2.76015
      4759.60      54.3871      2.74984
      4761.00      56.7515      2.74284
      4762.40      57.5995      2.75886
      4763.80      54.9883      2.64369
      4765.20      54.3021      2.63386
      4766.60      54.7947      2.66394
      4768.00      55.9440      2.64150
      4769.40      57.9180      2.79814
      4770.80      55.5402      2.64094
      4772.20      54.8030      2.66386
      4773.60      55.5487      2.62778
      4775.00      53.8694      2.65267
      4776.40      56.2866      2.66172
      4777.80      57.5773      2.68765
      4779.20      50.1553      2.56769
      4780.60      57.0430      2.66558
      4782.00      51.7759      2.60296
      4783.40      54.4973      2.66664
      4784.80      51.7298      2.59727
      4786.20      54.7339      2.63848
      4787.60      54.0189      2.63763
      4789.00      54.1850      2.60156
      4790.40      54.1002      2.66833
      4791.80      56.5424      2.66721
      4793.20      53.6126      2.59376
      4794.60      52.0209      2.57567
      4796.00      52.2766      2.53147
      4797.40      51.8691      2.58003
      4798.80      51.7535      2.56505
      4800.20      54.5329      2.65772
      4801.60      55.6665      2.67440
      4803.00      54.0575      2.63717
      4804.40      53.3288      2.57535
      4805.80      50.6185      2.53558
      4807.20      53.3775      2.55711
      4808.60      53.2791      2.60498
      4810.00      55.8672      2.64602
      4811.40      51.9599      2.56047
      4812.80      52.6914      2.61029
      4814.20      54.9805      2.72208
      4815.60      51.2328      2.63631
      4817.00      56.6055      2.69182
      4818.40      51.6850      2.56208
      4819.80      52.7297      2.56324
      4821.20      54.4903      2.66547
      4822.60      52.9036      2.62462
      4824.00      51.3981      2.64376
      4825.40      49.8063      2.55140
      4826.80      52.2148      2.58984
      4828.20      51.2474      2.51777
      4829.60      49.2369      2.48061
      4831.00      49.6161      2.46627
      4832.40      48.9763      2.44352
      4833.80      50.3926      2.53222
      4835.20      51.3829      2.55729
      4836.60      49.4567      2.49160
      4838.00      47.4564      2.41392
      4839.40      49.0963      2.43656
      4840.80      48.6797      2.45129
      4842.20      47.3050      2.42307
      4843.60      47.7539      2.42188
      4845.00      45.7165      2.41273
      4846.40      46.4858      2.42128
      4847.80      45.9061      2.44927
      4849.20      44.9079      2.46709
      4850.60      42.9116      2.24774
      4852.00      39.0858      2.16248
      4853.40      38.5022      2.15300
      4854.80      38.1686      2.25221
      4856.20      35.0637      2.07462
      4857.60      30.3849      1.92667
      4859.00      26.2619      1.76799
      4860.40      21.6074      1.62050
      4861.80      17.0901      1.54908
      4863.20      22.1495      1.58643
      4864.60      28.2841      1.79869
      4866.00      32.9649      1.97301
      4867.40      36.7972      2.11229
      4868.80      38.6193      2.17171
      4870.20      41.0509      2.21054
      4871.60      41.4926      2.23637
      4873.00      43.1853      2.32567
      4874.40      45.9342      2.40564
      4875.80      42.9213      2.32061
      4877.20      47.3022      2.43666
      4878.60      44.3868      2.33726
      4880.00      44.0697      2.31728
      4881.40      48.7245      2.46536
      4882.80      48.0923      2.38568
      4884.20      48.3317      2.54474
      4885.60      49.6188      2.49487
      4887.00      48.8900      2.47675
      4888.40      47.4975      2.42749
      4889.80      49.6554      2.46872
      4891.20      49.4752      2.48485
      4892.60      48.8871      2.44658
      4894.00      50.3935      2.48839
      4895.40      52.3788      2.54935
      4896.80      51.4839      2.58367
      4898.20      53.5307      2.66405
      4899.60      50.1054      2.53242
      4901.00      48.9887      2.44670
      4902.40      48.8543      2.43623
      4903.80      48.8340      2.44505
      4905.20      49.1501      2.49237
      4906.60      49.7214      2.50540
      4908.00      54.1294      2.59125
      4909.40      54.0988      2.56606
      4910.80      49.2733      2.46597
      4912.20      48.8598      2.45470
      4913.60      49.2240      2.41098
      4915.00      50.1970      2.42180
      4916.40      47.0650      2.39544
      4917.80      52.9450      2.56585
      4919.20      50.6403      2.50035
      4920.60      48.5610      2.41916
      4922.00      49.9008      2.40160
      4923.40      47.7138      2.35179
      4924.80      47.1876      2.36869
      4926.20      48.8818      2.38484
      4927.60      49.3312      2.47614
      4929.00      51.7766      2.49615
      4930.40      50.8080      2.46570
      4931.80      49.7275      2.46616
      4933.20      52.6319      2.50422
      4934.60      49.1249      2.40992
      4936.00      50.7741      2.41662
      4937.40      49.7244      2.40793
      4938.80      47.9037      2.34171
      4940.20      48.1522      2.38732
      4941.60      47.5582      2.28868
      4943.00      49.4460      2.44132
      4944.40      49.9955      2.41837
      4945.80      48.9285      2.39040
      4947.20      48.6202      2.35670
      4948.60      47.3591      2.33909
      4950.00      49.2885      2.38255
      4951.40      51.7295      2.42571
      4952.80      46.0637      2.33781
      4954.20      50.6029      2.43899
      4955.60      51.4104      2.50812
      4957.00      49.6152      2.44030
      4958.40      49.4391      2.42322
      4959.80      48.9292      2.37621
      4961.20      46.6846      2.36053
      4962.60      48.6383      2.31636
      4964.00      47.6348      2.43723
      4965.40      46.1735      2.29696
      4966.80      50.1928      2.39773
      4968.20      49.2935      2.37476
      4969.60      49.1358      2.44981
      4971.00      51.3295      2.50641
      4972.40      46.3637      2.33913
      4973.80      50.1825      2.37787
      4975.20      47.8348      2.36152
      4976.60      48.6334      2.39453
      4978.00      48.2420      2.36159
      4979.40      49.1479      2.38267
      4980.80      48.1518      2.37963
      4982.20      46.7012      2.35082
      4983.60      47.8390      2.34502
      4985.00      47.6642      2.35114
      4986.40      46.7783      2.34191
      4987.80      49.8211      2.44653
      4989.20      46.1857      2.39024
      4990.60      49.7977      2.38206
      4992.00      48.3510      2.37401
      4993.40      49.5919      2.35577
      4994.80      47.9134      2.37950
      4996.20      49.4313      2.35077
      4997.60      47.1162      2.30391
      4999.00      47.2277      2.32654
