      3900.00      345.162      17.0563
      3901.40      362.697      17.2302
      3902.80      338.067      16.5448
      3904.20      355.791      17.1857
      3905.60      360.117      17.0699
      3907.00      357.998      16.9800
      3908.40      358.878      17.1378
      3909.80      390.267      18.0031
      3911.20      385.876      17.8860
      3912.60      399.796      18.5999
      3914.00      414.294      18.7513
      3915.40      390.319      18.0263
      3916.80      374.558      17.7387
      3918.20      405.344      18.2754
      3919.60      394.681      18.1933
      3921.00      395.471      18.0609
      3922.40      392.325      17.9614
      3923.80      373.806      17.4057
      3925.20      385.209      17.2197
      3926.60      386.652      17.9600
      3928.00      423.136      18.6876
      3929.40      406.115      18.2686
      3930.80      372.871      17.3427
      3932.20      362.073      16.8272
      3933.60      327.664      15.5500
      3935.00      258.261      13.2727
      3936.40      177.881      10.8597
      3937.80      259.367      13.0302
      3939.20      356.759      16.2395
      3940.60      392.343      17.7028
      3942.00      396.445      17.7970
      3943.40      408.061      18.2270
      3944.80      383.876      17.5672
      3946.20      388.261      17.3679
      3947.60      374.619      17.0673
      3949.00      393.068      17.5050
      3950.40      400.783      17.9910
      3951.80      383.530      16.6973
      3953.20      381.176      17.1683
      3954.60      384.094      17.1285
      3956.00      368.788      16.7430
      3957.40      398.033      17.3007
      3958.80      381.395      17.5004
      3960.20      355.724      16.0494
      3961.60      357.029      16.2053
      3963.00      377.566      16.7812
      3964.40      360.591      16.2732
      3965.80      335.575      15.4438
      3967.20      329.724      15.3705
      3968.60      305.879      14.4244
      3970.00      230.970      11.8464
      3971.40      144.066      9.30444
      3972.80      140.123      9.18505
      3974.20      221.313      11.5393
      3975.60      287.925      13.9045
      3977.00      327.348      15.2360
      3978.40      331.464      15.3899
      3979.80      332.044      15.1270
      3981.20      336.211      15.2460
      3982.60      369.093      16.0785
      3984.00      359.835      16.0475
      3985.40      366.776      15.9540
      3986.80      372.252      16.3436
      3988.20      376.971      16.5375
      3989.60      379.265      16.6596
      3991.00      379.387      16.7148
      3992.40      368.866      16.2568
      3993.80      366.688      16.1774
      3995.20      382.502      16.5450
      3996.60      369.811      16.1673
      3998.00      381.583      16.3628
      3999.40      370.893      16.4150
      4000.80      403.847      17.1212
      4002.20      390.722      16.7818
      4003.60      380.436      16.7173
      4005.00      395.200      16.7950
      4006.40      383.064      16.6729
      4007.80      363.542      16.0243
      4009.20      363.341      15.8768
      4010.60      392.521      16.8387
      4012.00      382.466      16.2260
      4013.40      386.958      16.5156
      4014.80      377.402      16.3813
      4016.20      379.961      16.4422
      4017.60      396.075      16.7381
      4019.00      403.401      17.3517
      4020.40      397.237      16.7969
      4021.80      393.214      16.6385
      4023.20      385.909      16.4284
      4024.60      357.281      15.8256
      4026.00      407.761      16.8360
      4027.40      382.771      16.2048
      4028.80      374.948      16.0090
      4030.20      377.813      16.1926
      4031.60      377.403      15.7614
      4033.00      396.110      16.6065
      4034.40      367.594      15.8831
      4035.80      383.998      16.1192
      4037.20      384.386      16.1223
      4038.60      383.194      16.4729
      4040.00      380.170      16.1150
      4041.40      389.594      16.4584
      4042.80      394.503      16.5613
      4044.20      390.345      16.3983
      4045.60      373.593      16.1607
      4047.00      378.686      15.8686
      4048.40      350.237      15.4270
      4049.80      376.265      15.9484
      4051.20      386.719      16.2513
      4052.60      398.045      16.5282
      4054.00      402.862      16.5559
      4055.40      365.376      15.5457
      4056.80      378.154      15.9529
      4058.20      391.453      16.0837
      4059.60      375.445      15.7775
      4061.00      380.085      16.0251
      4062.40      381.871      16.0161
      4063.80      350.735      15.4001
      4065.20      392.001      16.1691
      4066.60      360.766      15.2086
      4068.00      374.433      15.7583
      4069.40      384.535      16.0004
      4070.80      394.543      16.2392
      4072.20      359.243      15.5468
      4073.60      362.322      15.3108
      4075.00      360.670      15.1822
      4076.40      341.665      14.7556
      4077.80      367.730      15.3821
      4079.20      368.770      15.4812
      4080.60      348.208      14.9662
      4082.00      364.450      15.2577
      4083.40      368.222      15.3681
      4084.80      354.826      15.0523
      4086.20      360.285      15.1751
      4087.60      363.810      15.2900
      4089.00      371.787      15.4377
      4090.40      355.918      14.8930
      4091.80      360.092      15.2243
      4093.20      345.464      14.8365
      4094.60      352.143      14.9466
      4096.00      359.285      15.1328
      4097.40      332.854      14.2906
      4098.80      316.168      13.8514
      4100.20      307.307      13.2213
      4101.60      284.063      12.6542
      4103.00      247.880      11.4558
      4104.40      196.796      10.1297
      4105.80      217.876      10.6527
      4107.20      272.875      12.2802
      4108.60      311.362      13.5994
      4110.00      320.683      13.8035
      4111.40      334.981      14.2486
      4112.80      336.146      14.4235
      4114.20      333.363      14.2210
      4115.60      350.599      14.7935
      4117.00      357.234      14.9447
      4118.40      361.668      14.9413
      4119.80      351.551      14.6260
      4121.20      349.643      14.5868
      4122.60      365.093      15.0683
      4124.00      362.740      14.9872
      4125.40      374.318      15.3259
      4126.80      364.544      15.0826
      4128.20      362.921      14.9440
      4129.60      368.092      15.1053
      4131.00      354.524      14.8854
      4132.40      365.149      14.8095
      4133.80      356.054      14.9253
      4135.20      348.859      14.4649
      4136.60      345.818      14.6106
      4138.00      371.245      15.1095
      4139.40      373.747      15.4417
      4140.80      369.932      15.3641
      4142.20      371.244      15.2330
      4143.60      372.086      15.1836
      4145.00      357.273      14.6087
      4146.40      346.354      14.4947
      4147.80      355.315      14.5553
      4149.20      370.345      15.0108
      4150.60      364.670      14.9711
      4152.00      389.908      15.5367
      4153.40      378.505      15.1902
      4154.80      350.872      14.5236
      4156.20      365.963      14.8118
      4157.60      355.703      14.6416
      4159.00      360.917      14.6795
      4160.40      371.232      14.9993
      4161.80      362.091      14.8048
      4163.20      370.529      14.9166
      4164.60      361.407      14.8542
      4166.00      370.468      14.9422
      4167.40      359.619      14.5554
      4168.80      380.680      15.2334
      4170.20      366.764      14.9037
      4171.60      383.300      15.6785
      4173.00      358.015      14.6991
      4174.40      356.818      14.4667
      4175.80      338.109      13.9721
      4177.20      354.869      14.3312
      4178.60      342.189      14.2309
      4180.00      364.932      14.7774
      4181.40      353.642      14.4600
      4182.80      344.992      14.1508
      4184.20      351.689      14.5641
      4185.60      363.763      14.4492
      4187.00      358.619      14.6250
      4188.40      345.047      14.1747
      4189.80      355.809      14.4585
      4191.20      359.642      14.3973
      4192.60      344.342      14.2620
      4194.00      384.422      15.3210
      4195.40      341.499      14.1132
      4196.80      365.399      14.5808
      4198.20      349.155      14.1357
      4199.60      356.718      14.2729
      4201.00      350.939      14.2318
      4202.40      340.924      13.9474
      4203.80      362.444      14.5103
      4205.20      340.996      14.0493
      4206.60      341.861      13.8417
      4208.00      357.159      14.3796
      4209.40      367.467      14.6397
      4210.80      352.019      14.0682
      4212.20      338.424      13.9540
      4213.60      363.544      14.4250
      4215.00      349.688      14.2211
      4216.40      380.247      14.9529
      4217.80      323.113      13.4614
      4219.20      324.916      13.2904
      4220.60      355.053      14.2681
      4222.00      352.687      14.1235
      4223.40      349.358      14.0616
      4224.80      361.443      14.6043
      4226.20      361.820      14.3595
      4227.60      365.351      14.4910
      4229.00      349.880      14.0430
      4230.40      324.260      13.3470
      4231.80      350.999      13.9764
      4233.20      361.472      14.3304
      4234.60      337.688      13.6867
      4236.00      346.322      13.8620
      4237.40      343.571      13.8027
      4238.80      350.922      13.9904
      4240.20      343.100      13.8574
      4241.60      346.281      13.8561
      4243.00      356.005      14.2915
      4244.40      358.636      14.1590
      4245.80      371.442      14.6087
      4247.20      359.912      14.3149
      4248.60      335.378      13.6408
      4250.00      343.645      13.6956
      4251.40      329.425      13.5100
      4252.80      341.194      13.7545
      4254.20      325.958      13.3249
      4255.60      351.177      13.8684
      4257.00      344.788      14.0036
      4258.40      339.162      13.5204
      4259.80      350.821      13.9345
      4261.20      344.749      13.7915
      4262.60      356.836      14.0351
      4264.00      334.442      13.6484
      4265.40      357.736      14.0376
      4266.80      347.744      13.8502
      4268.20      344.620      13.8129
      4269.60      359.008      14.1366
      4271.00      355.716      14.0405
      4272.40      342.650      13.7005
      4273.80      324.630      13.2772
      4275.20      328.214      13.2011
      4276.60      337.345      13.7824
      4278.00      353.933      13.8838
      4279.40      355.029      15.3338
      4280.80      352.662      13.9461
      4282.20      348.290      13.8744
      4283.60      356.991      13.9799
      4285.00      341.811      13.6855
      4286.40      346.003      13.7616
      4287.80      357.475      14.1175
      4289.20      352.342      14.0356
      4290.60      350.745      13.6771
      4292.00      334.058      13.5412
      4293.40      325.397      13.1359
      4294.80      329.421      13.3461
      4296.20      347.592      13.5756
      4297.60      321.949      13.2516
      4299.00      349.435      13.9266
      4300.40      351.257      13.8399
      4301.80      313.349      13.0217
      4303.20      338.916      13.3356
      4304.60      322.935      12.9538
      4306.00      327.109      13.0691
      4307.40      344.655      13.4973
      4308.80      335.344      13.3047
      4310.20      326.985      13.0152
      4311.60      314.587      12.7910
      4313.00      333.418      13.3004
      4314.40      343.377      13.6176
      4315.80      335.902      13.3296
      4317.20      306.582      12.5632
      4318.60      325.535      12.9652
      4320.00      347.903      13.6056
      4321.40      337.038      13.5309
      4322.80      346.170      13.5233
      4324.20      324.647      13.0735
      4325.60      316.840      12.7048
      4327.00      317.552      12.7052
      4328.40      315.381      12.6370
      4329.80      319.250      12.8062
      4331.20      324.656      12.8373
      4332.60      318.876      12.7434
      4334.00      312.504      12.5269
      4335.40      301.668      12.3781
      4336.80      311.938      12.5334
      4338.20      314.411      12.6082
      4339.60      283.399      11.6925
      4341.00      264.752      10.7446
      4342.40      207.509      9.51610
      4343.80      185.750      8.67545
      4345.20      221.895      9.82170
      4346.60      278.754      11.3182
      4348.00      288.853      12.0143
      4349.40      297.344      11.9905
      4350.80      316.878      12.7066
      4352.20      337.820      13.2083
      4353.60      309.530      12.5740
      4355.00      320.455      12.6009
      4356.40      318.280      12.7509
      4357.80      324.513      12.9469
      4359.20      335.789      13.4014
      4360.60      340.854      13.5353
      4362.00      334.213      13.3194
      4363.40      328.966      13.0451
      4364.80      345.509      13.4850
      4366.20      345.629      13.4169
      4367.60      328.432      13.1202
      4369.00      329.576      12.9980
      4370.40      341.900      13.3681
      4371.80      326.359      12.8837
      4373.20      342.045      13.4139
      4374.60      333.095      13.1709
      4376.00      337.248      13.1459
      4377.40      331.574      13.1142
      4378.80      328.453      12.9502
      4380.20      326.244      13.0258
      4381.60      329.927      13.0480
      4383.00      327.982      12.9485
      4384.40      340.687      13.2033
      4385.80      317.223      12.7117
      4387.20      315.140      12.5930
      4388.60      312.675      12.4644
      4390.00      341.511      13.1671
      4391.40      311.552      12.6630
      4392.80      332.864      12.9480
      4394.20      330.568      13.0947
      4395.60      332.752      12.9140
      4397.00      329.466      12.8814
      4398.40      326.324      12.6885
      4399.80      324.037      12.8368
      4401.20      324.869      12.7121
      4402.60      323.619      12.8172
      4404.00      318.407      12.5373
      4405.40      338.260      13.1306
      4406.80      323.370      12.6907
      4408.20      305.439      12.1283
      4409.60      322.326      12.6619
      4411.00      322.324      12.8129
      4412.40      341.976      13.0837
      4413.80      323.783      12.7854
      4415.20      328.862      12.9012
      4416.60      342.425      13.1937
      4418.00      325.133      12.8604
      4419.40      318.964      12.4334
      4420.80      320.920      12.5974
      4422.20      323.652      12.6739
      4423.60      329.245      12.8085
      4425.00      332.627      12.8546
      4426.40      337.749      13.0270
      4427.80      325.922      12.7578
      4429.20      325.404      12.5026
      4430.60      310.990      12.4942
      4432.00      329.128      12.5370
      4433.40      318.601      12.5312
      4434.80      329.114      12.6976
      4436.20      318.946      12.6256
      4437.60      331.156      12.7424
      4439.00      329.865      12.7600
      4440.40      330.348      12.8134
      4441.80      335.956      12.9433
      4443.20      327.975      12.7169
      4444.60      315.907      12.3653
      4446.00      318.539      12.4651
      4447.40      291.733      11.7762
      4448.80      324.502      12.7596
      4450.20      340.914      12.8158
      4451.60      318.225      12.5075
      4453.00      325.081      12.5103
      4454.40      320.779      12.5841
      4455.80      333.768      12.9031
      4457.20      317.392      12.6427
      4458.60      328.159      12.7830
      4460.00      337.327      13.0148
      4461.40      322.039      12.4649
      4462.80      310.835      12.2019
      4464.20      319.888      12.3687
      4465.60      325.373      12.5831
      4467.00      335.127      12.9105
      4468.40      325.669      12.6781
      4469.80      337.263      12.7744
      4471.20      307.027      12.1240
      4472.60      324.387      12.5872
      4474.00      324.302      12.6071
      4475.40      320.679      12.4176
      4476.80      320.932      12.4274
      4478.20      330.355      12.6546
      4479.60      314.908      12.3115
      4481.00      322.115      12.4616
      4482.40      329.477      12.6453
      4483.80      316.010      12.2704
      4485.20      311.790      12.2051
      4486.60      322.068      12.3647
      4488.00      319.743      12.4575
      4489.40      313.791      12.1576
      4490.80      319.279      12.3470
      4492.20      326.937      12.7926
      4493.60      330.987      12.5764
      4495.00      318.895      12.4357
      4496.40      331.842      12.6399
      4497.80      315.454      12.2165
      4499.20      311.305      12.1137
      4500.60      327.259      12.5656
      4502.00      324.758      12.4783
      4503.40      311.885      12.1559
      4504.80      302.619      11.7425
      4506.20      320.929      12.3574
      4507.60      317.145      12.2803
      4509.00      311.333      12.0827
      4510.40      314.939      12.1049
      4511.80      316.185      12.1845
      4513.20      309.841      12.1060
      4514.60      337.249      12.6692
      4516.00      311.669      12.0998
      4517.40      321.707      12.2178
      4518.80      309.362      12.1010
      4520.20      320.470      12.2733
      4521.60      321.031      12.3125
      4523.00      307.013      11.9260
      4524.40      317.797      12.0762
      4525.80      306.288      11.9011
      4527.20      309.296      11.9190
      4528.60      312.427      12.0439
      4530.00      309.899      12.0624
      4531.40      314.485      12.0671
      4532.80      296.669      11.6198
      4534.20      315.545      12.1089
      4535.60      319.364      12.0936
      4537.00      294.638      11.5411
      4538.40      308.871      11.9906
      4539.80      318.369      12.2234
      4541.20      315.009      12.2334
      4542.60      312.327      11.9533
      4544.00      312.498      12.1544
      4545.40      319.491      12.1553
      4546.80      319.714      12.1846
      4548.20      308.432      12.0905
      4549.60      312.695      11.8892
      4551.00      305.259      11.7881
      4552.40      296.676      11.5407
      4553.80      305.198      11.7406
      4555.20      309.992      12.1420
      4556.60      295.570      11.3686
      4558.00      303.659      11.6868
      4559.40      306.268      11.8175
      4560.80      309.137      11.7322
      4562.20      307.633      11.8940
      4563.60      303.081      11.6630
      4565.00      313.384      11.9477
      4566.40      312.749      11.9187
      4567.80      304.522      11.6999
      4569.20      306.313      11.7779
      4570.60      305.532      11.8065
      4572.00      320.457      12.2131
      4573.40      313.137      11.9697
      4574.80      302.027      11.5962
      4576.20      300.458      11.5621
      4577.60      304.498      11.6392
      4579.00      304.105      11.7208
      4580.40      306.693      11.6855
      4581.80      302.456      11.6877
      4583.20      320.257      12.1142
      4584.60      317.896      12.1041
      4586.00      312.701      11.8997
      4587.40      312.362      11.8820
      4588.80      306.020      11.7867
      4590.20      304.742      11.5108
      4591.60      311.298      11.9616
      4593.00      311.349      11.8803
      4594.40      317.473      12.0742
      4595.80      314.093      12.0967
      4597.20      317.983      11.9421
      4598.60      311.668      11.9006
      4600.00      303.207      11.5939
      4601.40      301.079      11.5392
      4602.80      308.860      11.7267
      4604.20      317.203      11.9396
      4605.60      301.891      11.6298
      4607.00      314.385      11.9956
      4608.40      311.024      11.7052
      4609.80      308.145      11.8137
      4611.20      308.641      11.7235
      4612.60      305.895      11.6343
      4614.00      309.083      11.7975
      4615.40      308.431      11.7797
      4616.80      319.323      12.0272
      4618.20      309.290      11.8094
      4619.60      320.555      12.1078
      4621.00      313.425      11.9310
      4622.40      310.070      11.8238
      4623.80      304.614      11.6980
      4625.20      315.734      11.9040
      4626.60      301.093      11.5559
      4628.00      300.193      11.4544
      4629.40      308.208      11.7074
      4630.80      320.234      12.0590
      4632.20      316.913          Inf
      4633.60      313.592          Inf
      4635.00      310.270      12.3614
      4636.40      309.250      11.7796
      4637.80      300.193      11.5332
      4639.20      307.078      11.5617
      4640.60      298.748      11.4985
      4642.00      312.229      11.7296
      4643.40      314.376      11.9543
      4644.80      316.422      11.7741
      4646.20      311.070      11.7904
      4647.60      301.114      11.4795
      4649.00      301.627      11.3648
      4650.40      312.834      11.9137
      4651.80      305.791      11.5594
      4653.20      311.794      11.7269
      4654.60      297.395      11.4346
      4656.00      305.536      11.4480
      4657.40      300.945      11.5888
      4658.80      308.348      11.5845
      4660.20      317.926      11.9171
      4661.60      315.065      11.7951
      4663.00      305.056      11.6004
      4664.40      308.961      11.6285
      4665.80      315.784      11.8144
      4667.20      306.812      11.6681
      4668.60      309.514      11.5272
      4670.00      296.008      11.4430
      4671.40      308.121      11.5544
      4672.80      302.367      11.2843
      4674.20      302.948          Inf
      4675.60      303.530          Inf
      4677.00      304.112          Inf
      4678.40      304.693          Inf
      4679.80      305.275          Inf
      4681.20      305.857          Inf
      4682.60      306.438          Inf
      4684.00      307.020          Inf
      4685.40      307.602      11.5499
      4686.80      301.339      11.3911
      4688.20      301.466      11.3955
      4689.60      305.538      11.4433
      4691.00      299.750      11.3933
      4692.40      303.156      11.4059
      4693.80      294.340      11.2678
      4695.20      306.451      11.5184
      4696.60      304.818      11.4400
      4698.00      292.603      11.1592
      4699.40      301.872      11.3858
      4700.80      315.101      11.6826
      4702.20      301.562      11.3859
      4703.60      294.823      11.2265
      4705.00      304.710      11.4489
      4706.40      284.779      10.9353
      4707.80      295.959      11.1821
      4709.20      300.617      11.3575
      4710.60      303.991      11.4023
      4712.00      300.121      11.4015
      4713.40      325.146      11.8989
      4714.80      306.560      11.5687
      4716.20      291.629      11.1362
      4717.60      312.503      11.6625
      4719.00      302.207      11.4269
      4720.40      295.343      11.2644
      4721.80      295.873      11.2335
      4723.20      295.464      11.1935
      4724.60      293.297      10.9903
      4726.00      299.572      11.3770
      4727.40      303.139      11.3859
      4728.80      302.003      11.3472
      4730.20      304.589      11.4666
      4731.60      297.370      11.1865
      4733.00      301.960      11.3544
      4734.40      305.998      11.4655
      4735.80      295.371      11.1931
      4737.20      303.327      11.4221
      4738.60      305.767      11.4678
      4740.00      294.032      11.1599
      4741.40      300.700      11.2783
      4742.80      304.011      11.4519
      4744.20      300.506      11.2877
      4745.60      301.977      11.3596
      4747.00      297.683      11.2176
      4748.40      301.495      11.2917
      4749.80      304.692      11.4221
      4751.20      298.739      11.2135
      4752.60      302.220      11.3086
      4754.00      295.082      11.1783
      4755.40      301.753      11.2916
      4756.80      293.720      11.0356
      4758.20      299.272      11.1971
      4759.60      291.339      11.0550
      4761.00      295.127      11.0898
      4762.40      290.123      10.9341
      4763.80      296.404      11.1054
      4765.20      296.835      11.1444
      4766.60      292.765      11.0321
      4768.00      293.637      10.9903
      4769.40      282.951      10.6763
      4770.80      299.062      11.2491
      4772.20      285.773      10.9038
      4773.60      305.617      11.2906
      4775.00      299.010      11.1503
      4776.40      281.261      10.6709
      4777.80      293.967      10.9722
      4779.20      296.078      11.1753
      4780.60      286.786      10.8843
      4782.00      292.035      11.1277
      4783.40      292.431      10.8100
      4784.80      294.844      11.1109
      4786.20      295.814      11.0732
      4787.60      291.466      11.0402
      4789.00      293.401      11.0871
      4790.40      293.493      10.9840
      4791.80      291.926      10.9720
      4793.20      298.707      11.1051
      4794.60      298.992      11.2278
      4796.00      293.483      10.8671
      4797.40      303.224      11.3323
      4798.80      300.027      11.2150
      4800.20      296.167      11.1241
      4801.60      286.370      10.7762
      4803.00      289.293      10.9056
      4804.40      298.653      11.1071
      4805.80      302.142      11.1266
      4807.20      279.451      10.6643
      4808.60      288.523      10.8038
      4810.00      298.345      11.1675
      4811.40      286.705      10.7672
      4812.80      291.582      10.9158
      4814.20      295.581      11.0277
      4815.60      296.846      11.0527
      4817.00      291.180      10.9235
      4818.40      282.933      10.6479
      4819.80      283.470      10.7091
      4821.20      298.152      11.0451
      4822.60      291.574      10.9603
      4824.00      281.762      10.5748
      4825.40      287.134      10.7876
      4826.80      292.198      10.8827
      4828.20      294.045      11.0199
      4829.60      290.097      10.8845
      4831.00      283.472      10.7792
      4832.40      289.664      10.8462
      4833.80      296.812      10.9805
      4835.20      282.032      10.5788
      4836.60      284.621      10.7329
      4838.00      290.907      10.8170
      4839.40      276.565      10.5128
      4840.80      288.249      10.7432
      4842.20      295.027      10.9438
      4843.60      278.052      10.4698
      4845.00      280.248      10.4800
      4846.40      277.359      10.4990
      4847.80      286.612      10.6251
      4849.20      274.786      10.3584
      4850.60      268.676      10.1954
      4852.00      274.318      10.2703
      4853.40      267.985      10.2196
      4854.80      275.443      10.3515
      4856.20      278.456      10.4649
      4857.60      261.250      9.95253
      4859.00      254.990      9.73465
      4860.40      248.777      9.47187
      4861.80      224.408      8.74689
      4863.20      195.513      7.87385
      4864.60      153.476      6.54232
      4866.00      169.704      7.16033
      4867.40      228.106      8.76725
      4868.80      245.461      9.46968
      4870.20      252.828      9.70150
      4871.60      257.824      9.80298
      4873.00      271.995      10.1987
      4874.40      270.535      10.2197
      4875.80      264.834      10.0320
      4877.20      257.244      9.85125
      4878.60      281.095      10.4587
      4880.00      278.674      10.5286
      4881.40      279.614      10.3716
      4882.80      272.478      10.2839
      4884.20      274.168      10.2663
      4885.60      276.478      10.4946
      4887.00      272.616      10.2353
      4888.40      278.974      10.4415
      4889.80      275.546      10.3354
      4891.20      274.295      10.2880
      4892.60      281.963      10.5594
      4894.00      280.431      10.4839
      4895.40      279.126      10.4282
      4896.80      275.620      10.4019
      4898.20      287.538      10.6931
      4899.60      287.518      10.7242
      4901.00      282.364      10.5791
      4902.40      277.375      10.3694
      4903.80      272.360      10.2851
      4905.20      278.793      10.3850
      4906.60      276.554      10.4906
      4908.00      272.027      10.1483
      4909.40      282.070      10.5506
      4910.80      281.745      10.4999
      4912.20      277.683      10.4609
      4913.60      279.800      10.4616
      4915.00      273.610      10.2868
      4916.40      280.566      10.4770
      4917.80      280.505      10.5366
      4919.20      283.239      10.5194
      4920.60      267.734      10.1646
      4922.00      280.884      10.4747
      4923.40      264.698      10.1836
      4924.80      272.735      10.2656
      4926.20      271.222      10.2574
      4927.60      270.978      10.2513
      4929.00      277.021      10.3658
      4930.40      287.728      10.6819
      4931.80      270.942      10.2827
      4933.20      271.776      10.3230
      4934.60      280.570      10.3758
      4936.00      270.565      10.3810
      4937.40      267.052      10.1282
      4938.80      273.000      10.3414
      4940.20      284.433      10.5479
      4941.60      272.628      10.3717
      4943.00      274.504      10.4099
      4944.40      278.839      10.5272
      4945.80      275.533      10.3787
      4947.20      280.368      10.5085
      4948.60      283.359      10.6272
      4950.00      288.916      10.7480
      4951.40      281.385      10.5902
      4952.80      277.425      10.4035
      4954.20      280.122      10.5342
      4955.60      282.093      10.5353
      4957.00      275.288      10.3634
      4958.40      275.278      10.2502
      4959.80      280.178      10.4123
      4961.20      262.645      9.99510
      4962.60      267.802      10.0982
      4964.00      275.082      10.3948
      4965.40      288.033      10.7205
      4966.80      266.686      10.0908
      4968.20      274.865      10.2229
      4969.60      275.395      10.2739
      4971.00      272.583      10.2688
      4972.40      270.416      9.98335
      4973.80      270.288      10.3166
      4975.20      271.849      10.0912
      4976.60      273.316      10.2519
      4978.00      272.628      10.1047
      4979.40      273.107      10.2852
      4980.80      280.664      10.3972
      4982.20      285.288      10.5377
      4983.60      276.376      10.3312
      4985.00      276.648      10.3315
      4986.40      260.178      9.97639
      4987.80      273.814      10.3005
      4989.20      266.631      9.99067
      4990.60      271.702      10.1236
      4992.00      273.453      10.1929
      4993.40      269.807      10.1086
      4994.80      269.077      10.0902
      4996.20      274.678      10.1619
      4997.60      276.810      10.2731
      4999.00      272.836      10.1099
