      3900.00      210.930      12.9726
      3901.40      206.732      13.3181
      3902.80      209.298      13.0900
      3904.20      202.855      13.0443
      3905.60      234.464      13.9013
      3907.00      224.138      13.9652
      3908.40      219.506      13.7994
      3909.80      215.872      13.5633
      3911.20      228.459      13.9713
      3912.60      257.392      15.0469
      3914.00      253.029      14.3843
      3915.40      249.285      14.0740
      3916.80      224.929      13.3131
      3918.20      225.819      13.0157
      3919.60      238.072      13.7796
      3921.00      228.591      12.9749
      3922.40      231.736      13.3277
      3923.80      225.016      12.7491
      3925.20      233.417      13.2176
      3926.60      241.794      13.6387
      3928.00      248.195      14.0243
      3929.40      231.134      13.4527
      3930.80      223.924      13.1447
      3932.20      201.747      11.9034
      3933.60      173.661      11.0520
      3935.00      127.865      9.37557
      3936.40      67.0397      7.80870
      3937.80      47.8064      7.09549
      3939.20      98.4225      8.25454
      3940.60      168.262      11.5104
      3942.00      198.808      11.8148
      3943.40      222.694      12.6811
      3944.80      216.967      13.3160
      3946.20      235.197      13.5656
      3947.60      226.319      12.9947
      3949.00      235.340      12.9965
      3950.40      239.530      13.2746
      3951.80      228.735      12.2800
      3953.20      225.366      12.9003
      3954.60      231.279      13.2242
      3956.00      224.114      12.3588
      3957.40      237.497      12.8435
      3958.80      241.753      12.9195
      3960.20      219.212      12.1466
      3961.60      223.928      12.6329
      3963.00      225.365      12.3008
      3964.40      225.725      12.4056
      3965.80      203.247      11.6929
      3967.20      204.706      11.5316
      3968.60      179.762      10.4968
      3970.00      133.305      8.86023
      3971.40      78.1439      6.72207
      3972.80      49.2643      6.07120
      3974.20      80.4044      7.20965
      3975.60      143.511      9.50243
      3977.00      173.510      11.2679
      3978.40      192.854      11.3089
      3979.80      213.780      11.9188
      3981.20      212.523      11.5791
      3982.60      225.140      12.1183
      3984.00      235.493      12.5255
      3985.40      232.626      12.3337
      3986.80      226.884      12.2933
      3988.20      234.785      12.4315
      3989.60      229.965      12.1529
      3991.00      238.197      12.5336
      3992.40      240.226      12.1118
      3993.80      239.638      12.2153
      3995.20      242.126      13.0818
      3996.60      248.353      12.6663
      3998.00      245.594      12.4358
      3999.40      242.271      12.2063
      4000.80      225.863      12.4218
      4002.20      219.600      12.5281
      4003.60      230.946      12.4364
      4005.00      251.696      12.6408
      4006.40      249.478      12.7566
      4007.80      241.581      12.7450
      4009.20      226.491      11.6920
      4010.60      235.849      12.2237
      4012.00      252.787      12.4665
      4013.40      247.571      12.7840
      4014.80      250.830      13.8360
      4016.20      238.500      12.8131
      4017.60      244.534      12.6072
      4019.00      243.377      12.3203
      4020.40      248.240      12.0917
      4021.80      246.282      12.3154
      4023.20      257.418      12.6125
      4024.60      246.992      12.7722
      4026.00      249.104      13.0574
      4027.40      241.043      12.0688
      4028.80      236.593      12.2320
      4030.20      246.254      12.5574
      4031.60      253.090      12.8841
      4033.00      240.323      12.1898
      4034.40      232.531      11.5438
      4035.80      226.937      12.2087
      4037.20      236.721      12.2372
      4038.60      238.107      12.7191
      4040.00      250.629      12.7465
      4041.40      259.962      12.9583
      4042.80      257.398      12.5858
      4044.20      254.936      12.7734
      4045.60      250.172      12.3028
      4047.00      244.430      12.4881
      4048.40      237.003      11.9184
      4049.80      223.891      11.2432
      4051.20      241.896      12.2672
      4052.60      253.932      12.8029
      4054.00      249.852      12.1583
      4055.40      258.216      12.4388
      4056.80      244.712      11.5709
      4058.20      247.361      12.0011
      4059.60      243.728      12.4155
      4061.00      237.509      11.6049
      4062.40      249.502      12.0850
      4063.80      247.237      11.8365
      4065.20      261.312      12.4867
      4066.60      236.597      12.1495
      4068.00      227.137      11.4680
      4069.40      250.267      12.4521
      4070.80      245.728      12.3385
      4072.20      243.802      11.9368
      4073.60      244.952      12.0166
      4075.00      230.721      11.5135
      4076.40      229.472      11.9400
      4077.80      238.424      12.1578
      4079.20      238.415      12.2666
      4080.60      226.005      11.5110
      4082.00      219.594      11.6940
      4083.40      238.511      12.0354
      4084.80      252.723      12.2848
      4086.20      244.580      12.1664
      4087.60      238.036      11.8391
      4089.00      235.561      11.5942
      4090.40      241.786      11.8274
      4091.80      239.501      11.7534
      4093.20      246.437      11.7047
      4094.60      235.534      11.8200
      4096.00      239.082      13.2349
      4097.40      233.408          Inf
      4098.80      227.734      11.1216
      4100.20      214.792      11.0336
      4101.60      199.128      10.5166
      4103.00      190.307      9.80293
      4104.40      159.618      8.28154
      4105.80      118.056      7.80866
      4107.20      154.984      9.00431
      4108.60      193.939      10.2517
      4110.00      209.870      10.1840
      4111.40      219.860      10.9094
      4112.80      220.745      11.1861
      4114.20      222.358      11.4423
      4115.60      233.265      11.9718
      4117.00      232.169      11.6928
      4118.40      236.208      11.5805
      4119.80      233.160      11.4957
      4121.20      240.151      11.1542
      4122.60      234.152      11.4140
      4124.00      230.166      11.1336
      4125.40      232.533      11.0845
      4126.80      233.148      11.3946
      4128.20      233.960      11.4691
      4129.60      241.258      11.3686
      4131.00      240.108      11.6657
      4132.40      236.947      11.5978
      4133.80      230.760      11.4375
      4135.20      233.084      11.0978
      4136.60      224.767      11.2893
      4138.00      232.263      10.9998
      4139.40      237.414      11.2805
      4140.80      237.365      11.5851
      4142.20      249.818      11.9497
      4143.60      251.550      11.9224
      4145.00      254.322      11.9848
      4146.40      239.351      11.5203
      4147.80      222.263      10.9752
      4149.20      245.528      11.3934
      4150.60      246.803      11.6491
      4152.00      236.125      11.3654
      4153.40      237.347      11.6347
      4154.80      243.803      11.4972
      4156.20      242.099      11.2964
      4157.60      241.472      11.7471
      4159.00      231.767      11.3872
      4160.40      235.038      11.8389
      4161.80      236.274      12.0047
      4163.20      243.085      11.6765
      4164.60      240.654      11.3627
      4166.00      243.754      11.6118
      4167.40      240.994      11.6067
      4168.80      247.529      12.0041
      4170.20      252.084      11.8799
      4171.60      241.328      11.1469
      4173.00      250.322      11.7261
      4174.40      243.631      11.4082
      4175.80      225.032      10.9792
      4177.20      219.020      10.7063
      4178.60      225.553      10.9358
      4180.00      232.170      10.9583
      4181.40      223.043      10.6545
      4182.80      226.365      11.2465
      4184.20      238.257      11.5694
      4185.60      235.290      11.5098
      4187.00      240.692      11.8864
      4188.40      237.806      11.4063
      4189.80      236.218      11.3689
      4191.20      228.732      11.1798
      4192.60      230.320      11.1989
      4194.00      237.729      11.0645
      4195.40      233.695      11.0239
      4196.80      239.224      11.2725
      4198.20      247.760      11.0957
      4199.60      236.400      11.2441
      4201.00      239.316      11.6926
      4202.40      220.621      10.7179
      4203.80      225.267      10.8547
      4205.20      231.735      10.5701
      4206.60      229.113      10.8156
      4208.00      232.523      10.7326
      4209.40      234.424      11.1821
      4210.80      245.510      11.1964
      4212.20      243.628      11.0721
      4213.60      235.946      11.3186
      4215.00      237.745      11.0890
      4216.40      240.512      11.4035
      4217.80      250.602      11.4873
      4219.20      215.939      10.0755
      4220.60      224.675      10.6803
      4222.00      234.064      10.8541
      4223.40      239.948      11.2181
      4224.80      244.229      11.0291
      4226.20      242.364      11.3305
      4227.60      240.989      11.3184
      4229.00      231.002      10.3919
      4230.40      207.900      10.2029
      4231.80      217.033      10.3373
      4233.20      240.304      10.9300
      4234.60      248.542      11.0688
      4236.00      236.397      10.8739
      4237.40      227.271      10.6129
      4238.80      223.718      10.4470
      4240.20      237.192      10.7186
      4241.60      233.142      10.7122
      4243.00      243.114      11.3403
      4244.40      239.861      11.3285
      4245.80      240.899      11.2577
      4247.20      249.302      11.2694
      4248.60      244.619      11.1251
      4250.00      223.550      10.5421
      4251.40      219.933      10.6397
      4252.80      229.629      10.5130
      4254.20      221.277      10.6546
      4255.60      227.090      10.8399
      4257.00      236.760      10.7398
      4258.40      237.516      10.8249
      4259.80      247.345      11.0988
      4261.20      244.366      11.0425
      4262.60      242.541      10.8590
      4264.00      224.355      10.5172
      4265.40      226.732      10.8920
      4266.80      243.114      10.9159
      4268.20      246.068      11.0752
      4269.60      248.584      11.1926
      4271.00      249.752      11.2565
      4272.40      241.974      11.0370
      4273.80      248.591      10.7321
      4275.20      218.413      10.1929
      4276.60      220.454      10.1824
      4278.00      227.826      10.5594
      4279.40      232.415      10.6118
      4280.80      244.014      11.2073
      4282.20      250.162      11.0668
      4283.60      244.191      10.9511
      4285.00      245.836      10.8519
      4286.40      226.296      10.4628
      4287.80      233.020      10.5965
      4289.20      247.608      10.8228
      4290.60      235.511      10.5470
      4292.00      235.096      10.4315
      4293.40      209.615      9.83993
      4294.80      211.991      10.2440
      4296.20      239.887      10.9496
      4297.60      238.468      10.7532
      4299.00      229.075      10.3212
      4300.40      228.785      10.1460
      4301.80      233.977      10.6899
      4303.20      210.352      10.4019
      4304.60      207.128      10.0787
      4306.00      210.582      10.3792
      4307.40      210.044      9.79739
      4308.80      226.169      10.0123
      4310.20      231.610      10.5440
      4311.60      222.027      10.3301
      4313.00      213.345      10.1420
      4314.40      230.969      10.7024
      4315.80      242.060      10.4351
      4317.20      224.164      10.1774
      4318.60      199.867      9.59235
      4320.00      224.630      10.0737
      4321.40      234.663      10.6261
      4322.80      236.165      10.6086
      4324.20      216.843      9.81193
      4325.60      224.375      10.0702
      4327.00      236.647      10.5761
      4328.40      229.638      10.2954
      4329.80      212.492      10.0166
      4331.20      221.566      10.4419
      4332.60      235.032      10.6060
      4334.00      220.945      10.5572
      4335.40      218.764      10.5579
      4336.80      221.207      10.3418
      4338.20      217.014      9.77644
      4339.60      211.548      9.77873
      4341.00      189.418      8.87074
      4342.40      165.624      8.23500
      4343.80      136.923      7.21593
      4345.20      123.091      7.06557
      4346.60      162.063      8.20420
      4348.00      192.647      9.53385
      4349.40      207.348      9.93733
      4350.80      210.211      9.76673
      4352.20      222.102      10.1620
      4353.60      226.108      10.3773
      4355.00      214.708      10.0780
      4356.40      204.196      9.64376
      4357.80      216.964      10.3777
      4359.20      233.817      10.7461
      4360.60      234.935      10.7749
      4362.00      233.925      10.4573
      4363.40      236.698      10.5471
      4364.80      233.135      10.5480
      4366.20      240.016      10.4707
      4367.60      246.346      10.9100
      4369.00      242.846      10.3507
      4370.40      243.407      10.5948
      4371.80      237.343      10.1304
      4373.20      233.205      10.4211
      4374.60      233.716      10.1430
      4376.00      240.805      10.4654
      4377.40      232.522      9.95926
      4378.80      216.970      9.83750
      4380.20      216.788      9.96637
      4381.60      242.200      10.5743
      4383.00      243.933      10.1492
      4384.40      242.444      10.6262
      4385.80      241.523      10.6973
      4387.20      219.045      10.3053
      4388.60      211.048      10.0592
      4390.00      221.135      9.77609
      4391.40      232.965      10.3429
      4392.80      238.925      10.2552
      4394.20      238.895      10.8728
      4395.60      235.055      10.2458
      4397.00      233.824      10.7752
      4398.40      222.546      9.89681
      4399.80      213.008      9.60845
      4401.20      236.816      10.3001
      4402.60      228.997      10.1511
      4404.00      223.021      9.77892
      4405.40      215.881      9.72712
      4406.80      236.495      10.4491
      4408.20      227.576      10.1709
      4409.60      219.349      9.78928
      4411.00      232.707      10.0433
      4412.40      227.310      9.88736
      4413.80      236.102      10.5326
      4415.20      234.612      10.4174
      4416.60      240.330      10.6426
      4418.00      231.075      10.1366
      4419.40      216.871      9.70318
      4420.80      210.579      9.86015
      4422.20      210.813      9.39861
      4423.60      231.454      9.80940
      4425.00      236.806      10.3978
      4426.40      231.152      10.2068
      4427.80      228.353      10.1621
      4429.20      232.034      10.3876
      4430.60      221.815      10.0496
      4432.00      228.558      10.1790
      4433.40      230.589      10.4496
      4434.80      237.762      10.2606
      4436.20      235.856      10.2614
      4437.60      232.126      10.0982
      4439.00      222.968      9.76619
      4440.40      224.642      10.0589
      4441.80      234.398      10.1167
      4443.20      238.848      10.0495
      4444.60      236.176      10.3043
      4446.00      221.958      9.96349
      4447.40      206.281      9.44912
      4448.80      212.304      9.65097
      4450.20      230.973      9.54633
      4451.60      235.071      10.0899
      4453.00      229.351      9.72725
      4454.40      228.785      9.87973
      4455.80      222.812      9.65994
      4457.20      235.284      10.2231
      4458.60      224.762      9.85523
      4460.00      217.182      9.43256
      4461.40      229.577      9.91157
      4462.80      227.254      9.65684
      4464.20      227.199      9.90525
      4465.60      220.025      9.68276
      4467.00      219.801      9.84883
      4468.40      229.370      9.76436
      4469.80      223.686      9.58657
      4471.20      225.779      9.71970
      4472.60      213.489      9.43360
      4474.00      217.320      9.61060
      4475.40      226.356      9.59426
      4476.80      232.964      9.83980
      4478.20      233.981      9.95156
      4479.60      234.046      9.74397
      4481.00      227.641      9.76897
      4482.40      230.609      10.1655
      4483.80      230.508      9.95813
      4485.20      219.900      9.55098
      4486.60      208.537      9.40115
      4488.00      227.469      9.69659
      4489.40      227.637      9.61892
      4490.80      232.943      10.0445
      4492.20      228.231      10.0266
      4493.60      219.312      9.71134
      4495.00      223.692      9.61251
      4496.40      225.224      9.55327
      4497.80      226.134      9.79274
      4499.20      234.904      9.82520
      4500.60      232.489      9.77236
      4502.00      229.641      10.0729
      4503.40      233.750      9.92356
      4504.80      223.323      9.56313
      4506.20      220.236      9.46484
      4507.60      235.338      9.73260
      4509.00      228.931      10.1697
      4510.40      238.399      9.97767
      4511.80      226.661      9.71151
      4513.20      225.008      9.68274
      4514.60      233.614      9.95501
      4516.00      230.272      9.74922
      4517.40      234.259      9.61568
      4518.80      230.287      9.89727
      4520.20      229.569      9.78292
      4521.60      231.544      9.64887
      4523.00      223.909      9.57771
      4524.40      230.368      9.82613
      4525.80      217.429      9.40362
      4527.20      223.348      9.81880
      4528.60      227.933      9.55423
      4530.00      226.249      9.64479
      4531.40      220.525      9.73520
      4532.80      220.640      9.55898
      4534.20      214.374      9.31276
      4535.60      224.155      9.73764
      4537.00      219.292      9.56183
      4538.40      204.750      9.31585
      4539.80      214.422      9.74383
      4541.20      227.829      10.0707
      4542.60      234.546      10.3062
      4544.00      234.534      10.3270
      4545.40      228.931      9.75495
      4546.80      228.890      9.74213
      4548.20      232.018      9.77601
      4549.60      227.945      10.0550
      4551.00      222.902      9.34836
      4552.40      221.355      9.34420
      4553.80      210.050      9.10707
      4555.20      214.168      9.45530
      4556.60      225.606      10.1538
      4558.00      214.340      9.42529
      4559.40      211.464      9.21071
      4560.80      219.240      9.48722
      4562.20      223.623      9.37766
      4563.60      225.792      9.58057
      4565.00      227.966      9.48640
      4566.40      232.086      9.60829
      4567.80      222.682      9.53596
      4569.20      219.548      9.31387
      4570.60      228.591      9.67916
      4572.00      231.088      9.73064
      4573.40      235.025      9.87762
      4574.80      224.633      9.42091
      4576.20      219.008      9.49047
      4577.60      220.070      9.41032
      4579.00      232.638      9.61351
      4580.40      236.370      10.2301
      4581.80      227.933      9.81448
      4583.20      227.517      9.91175
      4584.60      225.639      9.26258
      4586.00      224.215      9.35698
      4587.40      212.025      9.21637
      4588.80      212.325      9.24813
      4590.20      223.363      9.69082
      4591.60      226.838      9.72623
      4593.00      228.757      9.41918
      4594.40      221.136      9.31065
      4595.80      222.867      9.50879
      4597.20      224.135      9.34602
      4598.60      224.566      9.37024
      4600.00      225.043      9.43483
      4601.40      233.426      9.65135
      4602.80      228.059      9.66276
      4604.20      227.225      9.35988
      4605.60      226.549      9.70542
      4607.00      222.544      9.77345
      4608.40      230.364      9.32404
      4609.80      227.442      9.57045
      4611.20      227.937      9.49448
      4612.60      228.969      9.11967
      4614.00      232.028      9.80034
      4615.40      233.393      9.72348
      4616.80      225.242      9.34729
      4618.20      228.725      9.65391
      4619.60      228.380      9.81062
      4621.00      223.209      9.58208
      4622.40      222.941      9.47015
      4623.80      221.512      9.52350
      4625.20      223.902      9.29040
      4626.60      231.016      9.55059
      4628.00      233.319      9.51653
      4629.40      225.686      9.91910
      4630.80      229.443      9.76127
      4632.20      226.402      9.30101
      4633.60      217.620      8.97772
      4635.00      222.451      9.25014
      4636.40      227.679      9.18159
      4637.80      224.747      9.42452
      4639.20      222.121      9.44933
      4640.60      229.396      9.38451
      4642.00      230.584      9.33739
      4643.40      226.130      9.38330
      4644.80      224.297      9.32029
      4646.20      225.451      9.39515
      4647.60      229.071      9.54582
      4649.00      228.556      9.59947
      4650.40      225.742      9.23211
      4651.80      223.987      9.68612
      4653.20      225.283      9.32450
      4654.60      228.417      9.49471
      4656.00      229.357      9.63938
      4657.40      231.697      9.51843
      4658.80      222.246      9.07051
      4660.20      211.953      8.82282
      4661.60      225.487      9.33869
      4663.00      227.521      9.39336
      4664.40      232.122      9.68752
      4665.80      231.163      9.21032
      4667.20      225.608      9.57917
      4668.60      228.821      9.52608
      4670.00      226.904      9.38528
      4671.40      219.264      9.17020
      4672.80      216.598      9.16181
      4674.20      219.853      9.40052
      4675.60      225.483      9.45523
      4677.00      225.560      9.48564
      4678.40      229.447      9.48661
      4679.80      223.286      9.08334
      4681.20      224.797      9.39563
      4682.60      222.281      9.12765
      4684.00      222.347      9.16631
      4685.40      227.550      9.35658
      4686.80      225.562      9.52956
      4688.20      232.353      9.86922
      4689.60      232.342      9.73217
      4691.00      224.140      9.19328
      4692.40      231.995      9.22607
      4693.80      221.441      9.24801
      4695.20      222.975      9.29493
      4696.60      226.207      9.14321
      4698.00      229.610      9.43670
      4699.40      232.348      9.36601
      4700.80      229.417      9.51897
      4702.20      224.681      9.30674
      4703.60      224.575      9.04069
      4705.00      226.837      9.36045
      4706.40      223.301      9.60417
      4707.80      220.454      9.38682
      4709.20      224.736      9.18102
      4710.60      227.792      9.39633
      4712.00      221.145      9.11673
      4713.40      224.410      9.19133
      4714.80      229.202      9.39490
      4716.20      226.513      9.31369
      4717.60      232.345      9.60992
      4719.00      225.180      9.54983
      4720.40      226.717      9.22261
      4721.80      226.162      9.64199
      4723.20      231.361      9.45474
      4724.60      225.937      9.34383
      4726.00      222.931      9.29139
      4727.40      225.902      9.17461
      4728.80      233.068      9.30761
      4730.20      233.544      9.53864
      4731.60      227.805      9.44801
      4733.00      227.524      9.38101
      4734.40      224.539      9.24773
      4735.80      218.223      8.97215
      4737.20      222.534      9.01538
      4738.60      222.720      9.10549
      4740.00      221.876      9.13616
      4741.40      228.085      9.39689
      4742.80      223.366      9.19701
      4744.20      224.763      9.28426
      4745.60      228.429      9.84346
      4747.00      231.482      9.18475
      4748.40      228.518      9.16955
      4749.80      228.165      9.51520
      4751.20      226.721      9.18780
      4752.60      225.503      9.55797
      4754.00      228.823      9.62225
      4755.40      227.007      9.37948
      4756.80      226.544      9.56842
      4758.20      232.442      9.64844
      4759.60      222.569      9.10539
      4761.00      223.713      9.10581
      4762.40      221.929      9.23131
      4763.80      226.476      9.48869
      4765.20      228.039      9.45177
      4766.60      224.117      9.21988
      4768.00      221.623      9.23795
      4769.40      221.587      9.24977
      4770.80      219.984      9.23078
      4772.20      225.731      9.30276
      4773.60      225.733      9.24356
      4775.00      220.639      9.18278
      4776.40      222.976      9.10067
      4777.80      225.013      9.04564
      4779.20      227.483      9.27462
      4780.60      228.282      9.24268
      4782.00      227.660      9.18617
      4783.40      225.238      9.07669
      4784.80      218.480      8.88801
      4786.20      224.903      9.05768
      4787.60      225.272      8.93407
      4789.00      224.743      9.20856
      4790.40      227.704      9.22915
      4791.80      221.849      9.17322
      4793.20      222.608      9.25757
      4794.60      220.328      9.28413
      4796.00      225.705      9.26173
      4797.40      227.696      9.14050
      4798.80      225.273      8.89511
      4800.20      223.360      9.06045
      4801.60      221.651      9.13584
      4803.00      223.083      8.77060
      4804.40      226.217      9.18268
      4805.80      226.510      9.13580
      4807.20      226.526      9.10141
      4808.60      224.071      9.02689
      4810.00      217.352      9.03517
      4811.40      219.980      8.86337
      4812.80      224.895      9.06582
      4814.20      224.300      9.25747
      4815.60      220.709      9.20719
      4817.00      224.082      9.03541
      4818.40      224.656      9.47546
      4819.80      228.806      9.33503
      4821.20      228.481      8.98628
      4822.60      225.324      9.03880
      4824.00      223.918      9.00643
      4825.40      227.516      9.11683
      4826.80      224.408      8.91293
      4828.20      215.852      9.01601
      4829.60      222.282      9.17281
      4831.00      219.788      8.98134
      4832.40      219.152      8.65063
      4833.80      222.233      9.06042
      4835.20      220.424      8.84483
      4836.60      218.803      9.02406
      4838.00      221.381      8.91994
      4839.40      221.616      9.02943
      4840.80      217.469      9.00054
      4842.20      217.061      8.89450
      4843.60      213.576      8.75591
      4845.00      212.605      8.69759
      4846.40      214.768      8.66434
      4847.80      217.540      8.94169
      4849.20      216.727      9.00341
      4850.60      213.343      8.70255
      4852.00      208.660      8.36693
      4853.40      202.751      8.11696
      4854.80      209.864      8.60407
      4856.20      204.296      8.58213
      4857.60      204.928      8.44404
      4859.00      199.209      8.21107
      4860.40      190.915      8.14636
      4861.80      186.654      8.00572
      4863.20      177.574      7.79583
      4864.60      146.715      6.39232
      4866.00      112.268      5.72877
      4867.40      129.974      6.26564
      4868.80      168.016      7.25128
      4870.20      183.237      7.61293
      4871.60      189.763      7.91932
      4873.00      201.908      8.27864
      4874.40      199.792      8.50318
      4875.80      197.985      8.08303
      4877.20      193.594      8.33884
      4878.60      201.113      8.71200
      4880.00      205.123      8.51409
      4881.40      203.384      8.61271
      4882.80      203.052      8.53533
      4884.20      207.841      8.92318
      4885.60      213.860      8.87743
      4887.00      211.007      8.85268
      4888.40      211.494      8.91263
      4889.80      211.844      8.96217
      4891.20      216.654      8.82268
      4892.60      219.211      9.22405
      4894.00      216.290      9.15961
      4895.40      204.868      8.94176
      4896.80      208.897      9.07978
      4898.20      220.425      9.25899
      4899.60      223.982      9.44666
      4901.00      222.455      9.44384
      4902.40      224.205      9.23823
      4903.80      223.478      9.31024
      4905.20      217.903      8.97861
      4906.60      217.719      9.02451
      4908.00      214.778      8.99382
      4909.40      219.785      9.12789
      4910.80      223.946      9.42547
      4912.20      225.434      9.31348
      4913.60      225.295      9.29312
      4915.00      216.973      9.01597
      4916.40      215.699      8.81550
      4917.80      222.447      9.12167
      4919.20      217.038      8.67732
      4920.60      219.513      9.05558
      4922.00      215.184      8.82552
      4923.40      212.333      8.52462
      4924.80      204.853      8.53221
      4926.20      210.475      8.91877
      4927.60      204.751      8.91270
      4929.00      195.001      8.20902
      4930.40      212.983      8.64204
      4931.80      216.711      8.88008
      4933.20      219.413      9.09736
      4934.60      213.874      8.81170
      4936.00      219.687      8.68316
      4937.40      217.286      8.70360
      4938.80      207.868      8.70535
      4940.20      209.768      8.85982
      4941.60      214.328      9.02756
      4943.00      213.831      8.85411
      4944.40      214.444      8.86877
      4945.80      217.789      8.74057
      4947.20      221.918      9.03501
      4948.60      217.879      8.86829
      4950.00      216.019      9.02840
      4951.40      215.838      8.80085
      4952.80      212.841      8.68911
      4954.20      216.155      8.58320
      4955.60      217.695      8.61253
      4957.00      216.516      8.82068
      4958.40      216.109      8.57238
      4959.80      214.210      8.61237
      4961.20      205.753      8.33115
      4962.60      200.670      8.38898
      4964.00      210.204      8.67113
      4965.40      217.217      8.78536
      4966.80      217.842      8.88086
      4968.20      220.461      8.63713
      4969.60      213.498      8.66238
      4971.00      215.046      8.57859
      4972.40      215.929      8.70074
      4973.80      214.026      8.82458
      4975.20      220.046      8.52119
      4976.60      213.689      8.64697
      4978.00      213.638      8.48997
      4979.40      210.787      8.72373
      4980.80      217.631      8.85840
      4982.20      221.394      8.84812
      4983.60      213.883      8.81960
      4985.00      208.995      8.27080
      4986.40      203.990      8.23021
      4987.80      205.581      8.46933
      4989.20      208.485      8.41201
      4990.60      207.659      8.50121
      4992.00      217.381      8.75827
      4993.40      214.237      8.82455
      4994.80      212.321      8.54428
      4996.20      207.883      8.43466
      4997.60      207.419      8.34109
      4999.00      213.376      8.51581
