      3900.00      349.792      14.6410
      3901.40      372.908      15.3391
      3902.80      384.475      15.9033
      3904.20      383.017      15.4236
      3905.60      384.206      15.7392
      3907.00      398.085      16.1527
      3908.40      419.075      16.8382
      3909.80      426.303      16.8391
      3911.20      375.743      15.5461
      3912.60      405.953      16.1701
      3914.00      403.227      16.2948
      3915.40      434.566      16.8655
      3916.80      403.724      16.0673
      3918.20      406.112      16.3231
      3919.60      410.269      16.2193
      3921.00      407.162      16.0753
      3922.40      391.351      15.7653
      3923.80      411.290      16.0258
      3925.20      396.434      15.6782
      3926.60      409.360      16.1688
      3928.00      395.587      15.7721
      3929.40      360.067      14.5175
      3930.80      262.905      11.7544
      3932.20      257.783      11.3899
      3933.60      342.047      13.8641
      3935.00      376.286      14.8951
      3936.40      383.001      15.4996
      3937.80      420.479      16.1651
      3939.20      408.206      16.0508
      3940.60      412.709      16.1343
      3942.00      393.872      15.6465
      3943.40      398.310      15.7316
      3944.80      399.710      15.6355
      3946.20      393.354      15.4890
      3947.60      380.435      15.2465
      3949.00      389.202      15.4289
      3950.40      380.078      15.0849
      3951.80      378.106      14.8729
      3953.20      379.942      14.8812
      3954.60      351.733      14.1808
      3956.00      352.731      14.1526
      3957.40      342.275      13.6025
      3958.80      310.779      12.9757
      3960.20      300.031      12.4839
      3961.60      285.978      12.0439
      3963.00      244.016      10.7419
      3964.40      198.968      9.09064
      3965.80      118.561      6.73653
      3967.20      84.6801      5.73059
      3968.60      107.955      6.42778
      3970.00      160.582      7.93551
      3971.40      208.548      9.40781
      3972.80      242.167      10.5991
      3974.20      278.591      11.5766
      3975.60      295.491      12.2822
      3977.00      308.998      12.4945
      3978.40      323.212      13.0744
      3979.80      335.019      13.5077
      3981.20      352.609      13.9868
      3982.60      371.681      14.4865
      3984.00      391.411      15.2624
      3985.40      386.859      14.9482
      3986.80      373.409      14.5847
      3988.20      400.377      15.2681
      3989.60      380.442      14.8970
      3991.00      394.114      14.9289
      3992.40      413.399      15.7266
      3993.80      391.950      15.0540
      3995.20      391.331      15.0675
      3996.60      409.207      15.4501
      3998.00      394.116      14.9979
      3999.40      390.359      15.0131
      4000.80      399.461      15.1831
      4002.20      396.239      15.1097
      4003.60      384.406      14.8827
      4005.00      406.078      15.2500
      4006.40      395.288      15.0490
      4007.80      404.125      15.3015
      4009.20      397.083      15.0033
      4010.60      388.677      14.8616
      4012.00      400.488      15.1314
      4013.40      397.037      15.0771
      4014.80      403.484      15.2437
      4016.20      409.915      15.3346
      4017.60      403.423      15.4206
      4019.00      406.143      15.1715
      4020.40      383.552      14.7184
      4021.80      393.207      14.8264
      4023.20      384.138      14.7755
      4024.60      406.490      15.2265
      4026.00      396.868      14.9023
      4027.40      393.989      14.9101
      4028.80      392.891      14.7838
      4030.20      391.846      14.9757
      4031.60      403.135      15.0572
      4033.00      401.340      15.0795
      4034.40      412.452      15.4057
      4035.80      402.157      15.2358
      4037.20      413.411      15.5508
      4038.60      400.016      15.1201
      4040.00      393.398      14.8918
      4041.40      409.717      15.3157
      4042.80      389.119      14.7416
      4044.20      376.335      14.4714
      4045.60      407.490      15.2372
      4047.00      405.995      15.3545
      4048.40      405.721      15.2944
      4049.80      405.837      15.1889
      4051.20      385.236      14.6746
      4052.60      388.500      14.6150
      4054.00      382.374      14.4548
      4055.40      389.059      14.6078
      4056.80      385.791      14.5465
      4058.20      393.622      14.6828
      4059.60      390.375      14.6070
      4061.00      373.353      14.1267
      4062.40      374.331      14.2443
      4063.80      397.411      14.6481
      4065.20      375.521      14.1981
      4066.60      375.634      14.1797
      4068.00      378.363      14.2419
      4069.40      368.242      13.9122
      4070.80      381.672      14.2103
      4072.20      370.481      14.1088
      4073.60      375.982      14.0719
      4075.00      366.608      13.8551
      4076.40      368.108      14.0627
      4077.80      366.639      13.6376
      4079.20      360.024      13.7366
      4080.60      369.895      13.9645
      4082.00      375.058      13.9689
      4083.40      342.440      13.3150
      4084.80      349.659      13.3159
      4086.20      342.421      13.2088
      4087.60      337.140      12.8919
      4089.00      318.756      12.3529
      4090.40      305.022      11.8814
      4091.80      290.379      11.4481
      4093.20      272.296      10.8916
      4094.60      239.634      9.88525
      4096.00      208.819      8.96160
      4097.40      170.417      7.65596
      4098.80      115.992      6.13117
      4100.20      111.436      5.96067
      4101.60      165.651      7.49480
      4103.00      193.511      8.42005
      4104.40      230.590      9.50599
      4105.80      262.123      10.5219
      4107.20      285.640      11.1994
      4108.60      294.433      11.4692
      4110.00      310.222      12.0443
      4111.40      332.085      12.5317
      4112.80      326.793      12.4961
      4114.20      333.328      12.6814
      4115.60      343.623      12.9237
      4117.00      350.027      13.2910
      4118.40      363.763      13.4100
      4119.80      369.050      13.7700
      4121.20      372.502      13.8236
      4122.60      358.102      13.3968
      4124.00      375.748      13.7381
      4125.40      362.644      13.6332
      4126.80      368.831      13.6238
      4128.20      355.207      13.3417
      4129.60      353.733      13.1612
      4131.00      372.563      13.8492
      4132.40      372.950      13.8686
      4133.80      376.127      13.9280
      4135.20      381.387      14.0302
      4136.60      378.613      13.9442
      4138.00      378.661      14.0969
      4139.40      379.531      13.9270
      4140.80      367.186      13.6310
      4142.20      352.733      13.0458
      4143.60      364.264      13.6319
      4145.00      376.307      13.8233
      4146.40      377.328      13.8830
      4147.80      379.932      13.9521
      4149.20      372.805      13.7244
      4150.60      373.599      13.8031
      4152.00      381.045      13.9611
      4153.40      375.304      13.7887
      4154.80      369.233      13.5751
      4156.20      375.511      13.8088
      4157.60      378.550      13.8079
      4159.00      368.878      13.6391
      4160.40      377.244      13.7600
      4161.80      347.252      13.1941
      4163.20      384.501      13.9575
      4164.60      368.549      13.4584
      4166.00      372.485      13.7543
      4167.40      374.077      13.8330
      4168.80      367.979      13.4565
      4170.20      349.914      13.1023
      4171.60      357.411      13.2142
      4173.00      354.943      13.1145
      4174.40      353.125      13.0833
      4175.80      343.369      12.7771
      4177.20      349.429      12.8540
      4178.60      362.222      13.3000
      4180.00      360.382      13.2496
      4181.40      365.940      13.4888
      4182.80      376.400      13.6519
      4184.20      358.585      13.2720
      4185.60      359.448      13.2337
      4187.00      351.532      13.0058
      4188.40      367.401      13.1407
      4189.80      347.461      13.1193
      4191.20      366.844      13.1485
      4192.60      366.788      13.4860
      4194.00      374.508      13.6356
      4195.40      352.900      13.0233
      4196.80      347.204      12.8960
      4198.20      369.392      13.4103
      4199.60      358.101      13.1341
      4201.00      355.094      13.0522
      4202.40      357.409      13.0321
      4203.80      366.233      13.3343
      4205.20      368.870      13.4139
      4206.60      363.749      13.2613
      4208.00      362.332      13.2613
      4209.40      357.180      13.1434
      4210.80      371.342      13.3323
      4212.20      345.401      12.7101
      4213.60      341.130      12.5767
      4215.00      355.260      12.9633
      4216.40      364.944      13.3975
      4217.80      367.456      13.1970
      4219.20      365.311      13.2888
      4220.60      357.020      13.0451
      4222.00      354.740      12.9656
      4223.40      359.121      12.9558
      4224.80      334.681      12.3683
      4226.20      343.322      12.6055
      4227.60      381.662      13.5319
      4229.00      358.367      13.1189
      4230.40      337.394      12.3020
      4231.80      350.643      12.7903
      4233.20      354.851      12.8708
      4234.60      343.337      12.6246
      4236.00      351.088      12.7516
      4237.40      353.503      12.9197
      4238.80      366.124      13.2482
      4240.20      358.762      12.9853
      4241.60      343.620      12.7255
      4243.00      363.563      13.1264
      4244.40      352.224      12.9103
      4245.80      353.801      12.9024
      4247.20      357.907      12.9969
      4248.60      345.060      12.5665
      4250.00      354.476      12.8564
      4251.40      355.123      12.9187
      4252.80      357.288      12.9139
      4254.20      366.024      13.1356
      4255.60      348.773      12.9058
      4257.00      358.028      12.8732
      4258.40      338.836      12.5702
      4259.80      352.706      12.7915
      4261.20      351.530      12.8587
      4262.60      358.629      12.9087
      4264.00      366.473      13.2044
      4265.40      356.946      12.9698
      4266.80      359.860      13.0017
      4268.20      346.177      12.6955
      4269.60      351.009      12.6954
      4271.00      345.239      12.5672
      4272.40      352.062      12.7554
      4273.80      348.472      12.5976
      4275.20      342.550      12.5722
      4276.60      360.988      12.9936
      4278.00      364.678      13.1677
      4279.40      362.641      13.0577
      4280.80      342.675      12.5946
      4282.20      351.426      12.6253
      4283.60      354.086      12.8134
      4285.00      346.702      12.5564
      4286.40      342.943      12.4453
      4287.80      330.549      12.1658
      4289.20      337.260      12.2288
      4290.60      343.516      12.4822
      4292.00      330.940      12.1516
      4293.40      344.329      12.4751
      4294.80      343.945      12.4885
      4296.20      332.619      12.1100
      4297.60      320.512      11.8122
      4299.00      326.142      11.8842
      4300.40      320.187      11.8587
      4301.80      338.229      12.2495
      4303.20      351.545      12.6362
      4304.60      328.626      12.0750
      4306.00      327.658      11.9946
      4307.40      331.348      12.1317
      4308.80      346.205      12.5476
      4310.20      334.548      12.1388
      4311.60      312.925      11.5170
      4313.00      315.368      11.7789
      4314.40      328.448      11.7596
      4315.80      322.205      11.9312
      4317.20      329.185      11.9999
      4318.60      313.847      11.5314
      4320.00      322.216      11.7122
      4321.40      311.533      11.4521
      4322.80      296.761      10.9936
      4324.20      300.784      11.1342
      4325.60      301.897      11.1840
      4327.00      295.781      10.8514
      4328.40      279.305      10.5139
      4329.80      266.095      10.0135
      4331.20      246.228      9.39745
      4332.60      224.151      8.85165
      4334.00      207.342      8.15717
      4335.40      169.100      7.05013
      4336.80      120.891      5.66643
      4338.20      98.8768      5.02443
      4339.60      133.046      5.88174
      4341.00      163.656      6.89660
      4342.40      200.326      8.00327
      4343.80      233.742      8.97288
      4345.20      252.959      9.56055
      4346.60      263.721      10.0099
      4348.00      268.169      10.1059
      4349.40      352.746      12.7713
      4350.80      359.460      11.7897
      4352.20      285.225      11.2921
      4353.60      313.870      11.3052
      4355.00      309.917      11.4050
      4356.40      320.078      11.6507
      4357.80      315.299      11.6885
      4359.20      335.063      12.2326
      4360.60      337.079      12.2500
      4362.00      320.020      11.7670
      4363.40      344.329      12.2299
      4364.80      318.292      11.7310
      4366.20      330.295      12.0515
      4367.60      343.878      12.2837
      4369.00      342.329      12.2844
      4370.40      328.198      11.8899
      4371.80      332.206      12.1383
      4373.20      328.803      11.8690
      4374.60      322.522      11.7696
      4376.00      335.634      12.1730
      4377.40      336.415      12.0533
      4378.80      334.158      12.0757
      4380.20      330.483      11.8904
      4381.60      318.316      11.5432
      4383.00      323.626      11.6817
      4384.40      327.727      11.8653
      4385.80      342.034      12.2097
      4387.20      336.886      12.1301
      4388.60      332.462      11.9927
      4390.00      331.392      11.9426
      4391.40      322.972      11.6396
      4392.80      304.500      11.1448
      4394.20      328.129      11.7855
      4395.60      339.651      12.1881
      4397.00      326.966      11.6890
      4398.40      319.511      11.5881
      4399.80      329.415      11.8247
      4401.20      326.681      11.7036
      4402.60      321.939      11.7415
      4404.00      327.896      11.7377
      4405.40      334.619      11.9965
      4406.80      325.728      11.7821
      4408.20      328.576      11.8962
      4409.60      334.042      12.0005
      4411.00      330.159      11.8545
      4412.40      318.427      11.5190
      4413.80      308.221      11.1868
      4415.20      304.075      11.1031
      4416.60      315.807      11.4439
      4418.00      326.878      11.7221
      4419.40      335.900      11.9920
      4420.80      331.305      11.8733
      4422.20      335.155      12.1156
      4423.60      330.542      11.8166
      4425.00      329.253      11.8275
      4426.40      329.378      11.8061
      4427.80      324.476      11.5861
      4429.20      321.805      11.6390
      4430.60      316.864      11.5004
      4432.00      324.320      11.6664
      4433.40      325.329      11.6639
      4434.80      330.107      11.7820
      4436.20      326.859      11.7097
      4437.60      325.059      11.6890
      4439.00      333.605      11.7875
      4440.40      300.044      11.0018
      4441.80      296.811      10.8308
      4443.20      314.426      11.2411
      4444.60      327.459      11.6663
      4446.00      319.711      11.4488
      4447.40      311.088      11.1921
      4448.80      319.137      11.5045
      4450.20      315.423      11.3158
      4451.60      320.043      11.4958
      4453.00      325.221      11.5488
      4454.40      322.321      11.6407
      4455.80      321.491      11.4979
      4457.20      330.456      11.7605
      4458.60      318.494      11.3610
      4460.00      322.237      11.5008
      4461.40      316.172      11.3884
      4462.80      319.279      11.4328
      4464.20      318.236      11.2922
      4465.60      300.176      11.0043
      4467.00      310.604      11.0971
      4468.40      324.936      11.5534
      4469.80      316.471      11.2935
      4471.20      319.264      11.4765
      4472.60      327.121      11.5970
      4474.00      322.048      11.4907
      4475.40      321.718      11.5078
      4476.80      318.483      11.3255
      4478.20      298.038      10.8204
      4479.60      300.724      10.8369
      4481.00      315.843      11.2460
      4482.40      314.433      11.2346
      4483.80      316.401      11.3377
      4485.20      315.926      11.1780
      4486.60      315.907      11.3702
      4488.00      309.841      11.0877
      4489.40      308.332      11.1128
      4490.80      307.930      10.8963
      4492.20      314.807      11.3688
      4493.60      321.452      11.4500
      4495.00      320.207      11.3731
      4496.40      317.102      11.3402
      4497.80      309.065      11.0808
      4499.20      300.977      10.8525
      4500.60      312.961      11.2031
      4502.00      318.575      11.2393
      4503.40      314.398      11.3024
      4504.80      312.547      11.1212
      4506.20      312.852      11.1872
      4507.60      321.163      11.4098
      4509.00      326.271      11.5281
      4510.40      313.433      11.2545
      4511.80      321.082      11.3168
      4513.20      303.270      10.8669
      4514.60      323.488      11.3261
      4516.00      304.776      11.0583
      4517.40      314.344      11.1388
      4518.80      305.959      10.9255
      4520.20      298.088      10.7416
      4521.60      306.813      10.8620
      4523.00      297.260      10.7096
      4524.40      305.766      10.9096
      4525.80      312.798      11.1342
      4527.20      310.245      11.1285
      4528.60      310.005      11.0118
      4530.00      312.257      11.1884
      4531.40      295.449      10.6443
      4532.80      302.330      10.8477
      4534.20      312.274      11.0465
      4535.60      307.193      10.9553
      4537.00      315.565      11.1659
      4538.40      311.284      11.0684
      4539.80      304.800      10.8581
      4541.20      310.984      11.0721
      4542.60      320.059      11.3680
      4544.00      303.943      10.8276
      4545.40      293.835      10.6242
      4546.80      284.575      10.2628
      4548.20      294.863      10.5552
      4549.60      311.198      10.9557
      4551.00      303.172      10.8408
      4552.40      294.937      10.5095
      4553.80      295.821      10.5859
      4555.20      299.993      10.6859
      4556.60      300.987      10.7609
      4558.00      308.606      10.9232
      4559.40      314.788      11.0991
      4560.80      299.010      10.6967
      4562.20      297.393      10.6383
      4563.60      302.073      10.7348
      4565.00      306.473      10.9035
      4566.40      309.193      10.9353
      4567.80      303.225      10.8054
      4569.20      287.845      10.2259
      4570.60      289.963      10.4793
      4572.00      310.174      10.9009
      4573.40      315.901      11.1109
      4574.80      304.429      10.8883
      4576.20      292.355      10.4694
      4577.60      306.629      10.8548
      4579.00      311.066      11.0015
      4580.40      303.915      10.7766
      4581.80      288.309      10.4106
      4583.20      305.624      10.7686
      4584.60      308.579      10.9381
      4586.00      299.169      10.6589
      4587.40      292.793      10.4792
      4588.80      293.602      10.4938
      4590.20      304.618      10.7672
      4591.60      305.519      10.8042
      4593.00      301.454      10.7717
      4594.40      307.317      10.7946
      4595.80      296.653      10.6185
      4597.20      303.782      10.7966
      4598.60      302.748      10.7235
      4600.00      306.295      10.8472
      4601.40      307.775      10.8512
      4602.80      299.920      10.6582
      4604.20      310.737      10.9907
      4605.60      305.285      10.8038
      4607.00      302.068      10.6918
      4608.40      301.058      10.7013
      4609.80      294.474      10.4510
      4611.20      313.683      10.9503
      4612.60      294.776      10.6152
      4614.00      299.484      10.5949
      4615.40      299.269      10.6509
      4616.80      293.103      10.4652
      4618.20      303.302      10.6257
      4619.60      293.143      10.5866
      4621.00      309.496      10.8974
      4622.40      298.768      10.6759
      4623.80      309.801      10.7768
      4625.20      288.893      10.3696
      4626.60      293.707      10.4224
      4628.00      287.634      10.2775
      4629.40      303.840      10.6230
      4630.80      294.156      10.5867
      4632.20      304.723      10.6709
      4633.60      280.844      10.0982
      4635.00      309.424      10.7629
      4636.40      298.232      10.6108
      4637.80      297.909      10.5631
      4639.20      303.229      10.6970
      4640.60      304.105      10.7353
      4642.00      301.719      10.6694
      4643.40      299.921      10.6297
      4644.80      307.899      10.8709
      4646.20      295.520      10.5293
      4647.60      309.854      10.7837
      4649.00      294.003      10.4209
      4650.40      299.707      10.6854
      4651.80      303.619      10.6706
      4653.20      299.614      10.6387
      4654.60      306.467      10.7067
      4656.00      295.791      10.4962
      4657.40      297.911      10.5296
      4658.80      301.544      10.6062
      4660.20      298.479      10.6163
      4661.60      307.144      10.7310
      4663.00      288.438      10.2220
      4664.40      308.414      10.7791
      4665.80      293.828      10.5451
      4667.20      300.211      10.4908
      4668.60      285.830      10.2130
      4670.00      301.526      10.5772
      4671.40      291.916      10.3910
      4672.80      293.743      10.4337
      4674.20      302.607      10.6284
      4675.60      296.819      10.5100
      4677.00      298.993      10.4983
      4678.40      289.741      10.3143
      4679.80      292.775      10.3744
      4681.20      296.023      10.4219
      4682.60      289.171      10.3041
      4684.00      293.940      10.3619
      4685.40      294.646      10.4420
      4686.80      299.073      10.5557
      4688.20      288.841      10.2819
      4689.60      301.122      10.5202
      4691.00      291.910      10.4006
      4692.40      294.130      10.4080
      4693.80      295.268      10.4304
      4695.20      296.113      10.4365
      4696.60      291.042      10.3243
      4698.00      292.079      10.3002
      4699.40      287.482      10.1814
      4700.80      284.375      10.0888
      4702.20      294.964      10.3457
      4703.60      291.194      10.3270
      4705.00      294.700      10.3887
      4706.40      279.760      9.96931
      4707.80      295.797      10.3859
      4709.20      297.911      10.4734
      4710.60      287.888      10.2194
      4712.00      292.431      10.3266
      4713.40      290.108      10.2634
      4714.80      288.387      10.1990
      4716.20      290.245      10.2326
      4717.60      289.775      10.2812
      4719.00      289.840      10.1734
      4720.40      291.271      10.3376
      4721.80      290.081      10.2774
      4723.20      295.930      10.4493
      4724.60      294.224      10.3898
      4726.00      293.699      10.3654
      4727.40      296.883      10.4058
      4728.80      285.418      10.1100
      4730.20      290.206      10.3082
      4731.60      299.119      10.5051
      4733.00      291.030      10.2911
      4734.40      289.005      10.1921
      4735.80      285.346      10.0960
      4737.20      286.855      10.1142
      4738.60      291.230      10.3207
      4740.00      291.399      10.3225
      4741.40      294.856      10.3493
      4742.80      281.652      9.96379
      4744.20      289.685      10.2925
      4745.60      290.111      10.2085
      4747.00      284.208      10.1140
      4748.40      294.731      10.3386
      4749.80      293.168      10.2906
      4751.20      293.655      10.3292
      4752.60      287.904      10.1624
      4754.00      286.416      10.1098
      4755.40      283.852      10.0332
      4756.80      287.550      10.2276
      4758.20      278.465      9.95866
      4759.60      287.538      10.0972
      4761.00      285.366      10.0801
      4762.40      284.974      10.0536
      4763.80      280.475      9.86229
      4765.20      285.160      10.0979
      4766.60      286.403      10.0612
      4768.00      281.346      9.93197
      4769.40      281.829      9.98577
      4770.80      283.714      9.96596
      4772.20      279.959      9.90641
      4773.60      275.386      9.79155
      4775.00      282.350      9.94071
      4776.40      272.026      9.67125
      4777.80      279.551      9.82367
      4779.20      283.863      10.0027
      4780.60      281.187      9.95521
      4782.00      284.596      9.98911
      4783.40      289.149      10.1992
      4784.80      285.090      10.0279
      4786.20      282.795      9.97453
      4787.60      280.456      9.86681
      4789.00      282.817      9.98789
      4790.40      286.902      10.0825
      4791.80      280.331      9.90748
      4793.20      277.696      9.79869
      4794.60      271.963      9.60493
      4796.00      274.198      9.71772
      4797.40      279.464      9.83793
      4798.80      281.621      9.95336
      4800.20      281.241      9.79414
      4801.60      270.788      9.69368
      4803.00      277.965      9.75537
      4804.40      274.934      9.75516
      4805.80      279.304      9.84160
      4807.20      277.729      9.80910
      4808.60      273.425      9.67704
      4810.00      279.263      9.88361
      4811.40      279.947      9.82203
      4812.80      275.163      9.74268
      4814.20      275.268      9.73562
      4815.60      277.983      9.77767
      4817.00      285.481      10.0071
      4818.40      275.530      9.78100
      4819.80      275.499      9.72762
      4821.20      278.329      9.80572
      4822.60      274.041      9.67762
      4824.00      273.302      9.67819
      4825.40      277.396      9.77408
      4826.80      271.403      9.64425
      4828.20      269.630      9.55634
      4829.60      275.207      9.75957
      4831.00      269.478      9.52304
      4832.40      268.271      9.54608
      4833.80      268.346      9.41724
      4835.20      259.678      9.34962
      4836.60      265.044      9.35225
      4838.00      257.516      9.20624
      4839.40      258.292      9.16179
      4840.80      257.637      9.23241
      4842.20      261.250      9.24471
      4843.60      246.962      8.85384
      4845.00      240.347      8.70065
      4846.40      243.643      8.66725
      4847.80      228.837      8.31590
      4849.20      223.211      8.07353
      4850.60      215.761      7.92880
      4852.00      206.578      7.54830
      4853.40      191.476      7.20805
      4854.80      180.125      6.70108
      4856.20      143.664      5.84074
      4857.60      105.782      4.48494
      4859.00      94.3732      4.26764
      4860.40      117.172      4.81534
      4861.80      152.424      5.95108
      4863.20      177.309      6.60481
      4864.60      195.479      7.28507
      4866.00      202.372      7.44581
      4867.40      208.141      7.65376
      4868.80      218.732      7.98305
      4870.20      226.359      8.18999
      4871.60      240.959      8.60711
      4873.00      237.353      8.61328
      4874.40      247.931      8.82940
      4875.80      243.743      8.76311
      4877.20      245.658      8.87537
      4878.60      252.252      8.98695
      4880.00      261.330      9.29793
      4881.40      256.571      9.21122
      4882.80      257.484      9.18524
      4884.20      264.222      9.45717
      4885.60      259.908      9.25044
      4887.00      254.864      9.14892
      4888.40      256.774      9.22964
      4889.80      259.755      9.19619
      4891.20      265.462      9.57037
      4892.60      268.970      9.51740
      4894.00      266.352      9.52329
      4895.40      268.686      9.54665
      4896.80      263.738      9.40028
      4898.20      259.631      9.29443
      4899.60      269.301      9.53681
      4901.00      261.782      9.40523
      4902.40      263.528      9.40463
      4903.80      263.268      9.42983
      4905.20      269.615      9.62273
      4906.60      273.228      9.70962
      4908.00      269.263      9.61502
      4909.40      266.942      9.50011
      4910.80      265.253      9.54199
      4912.20      271.021      9.51590
      4913.60      275.871      9.88084
      4915.00      277.386      9.75690
      4916.40      264.131      9.40451
      4917.80      258.605      9.31557
      4919.20      269.414      9.57402
      4920.60      251.135      9.02072
      4922.00      245.158      8.94707
      4923.40      270.983      9.45520
      4924.80      263.083      9.45538
      4926.20      267.797      9.47991
      4927.60      264.034      9.48125
      4929.00      272.496      9.51161
      4930.40      254.908      9.24469
      4931.80      268.970      9.51923
      4933.20      268.136      9.70994
      4934.60      261.299      9.37268
      4936.00      259.405      9.21590
      4937.40      262.649      9.32290
      4938.80      266.960      9.49147
      4940.20      264.547      9.26216
      4941.60      258.866      9.24262
      4943.00      263.218      9.29582
      4944.40      269.229      9.39096
      4945.80      260.904      9.30165
      4947.20      259.623      9.13066
      4948.60      257.267      9.12936
      4950.00      265.277      9.30590
      4951.40      259.073      9.22649
      4952.80      264.714      9.25882
      4954.20      250.051      8.92021
      4955.60      257.155      9.06355
      4957.00      254.859      9.10699
      4958.40      262.602      9.22793
      4959.80      266.961      9.34802
      4961.20      265.125      9.42560
      4962.60      258.128      9.03780
      4964.00      255.746      9.09765
      4965.40      262.324      9.21815
      4966.80      257.979      9.12216
      4968.20      259.778      9.22352
      4969.60      258.602      9.09251
      4971.00      258.825      9.14323
      4972.40      263.407      9.24189
      4973.80      258.739      9.18902
      4975.20      266.286      9.32662
      4976.60      259.340      9.15307
      4978.00      260.914      9.21033
      4979.40      259.672      9.20883
      4980.80      263.639      9.23480
      4982.20      251.651      8.92588
      4983.60      253.080      8.97434
      4985.00      266.889      9.42360
      4986.40      256.292      9.08969
      4987.80      259.074      9.11851
      4989.20      257.799      9.12541
      4990.60      257.458      9.08364
      4992.00      263.448      9.27312
      4993.40      259.208      9.17606
      4994.80      262.989      9.18790
      4996.20      252.541      8.98068
      4997.60      253.378      8.93094
      4999.00      253.165      8.94416
