      3900.00      169.683      7.04377
      3901.40      163.521      7.00941
      3902.80      166.031      7.13338
      3904.20      176.508      7.35390
      3905.60      179.418      7.43335
      3907.00      171.952      7.27443
      3908.40      177.103      7.21510
      3909.80      202.133      8.15103
      3911.20      206.194      8.27281
      3912.60      204.022      8.08190
      3914.00      205.308      8.24373
      3915.40      185.879      7.66003
      3916.80      201.960      8.12262
      3918.20      204.411      8.12088
      3919.60      202.702      8.12048
      3921.00      203.533      8.20826
      3922.40      198.703      8.06591
      3923.80      206.926      8.19548
      3925.20      192.542      7.79116
      3926.60      207.324      8.19875
      3928.00      200.446      7.98784
      3929.40      195.747      7.89380
      3930.80      186.894      7.60126
      3932.20      176.307      7.21764
      3933.60      139.484      6.11448
      3935.00      73.3154      4.15816
      3936.40      91.0103      4.51710
      3937.80      161.712      6.68501
      3939.20      192.349      7.58065
      3940.60      196.605      7.79990
      3942.00      202.953      8.00462
      3943.40      202.945      7.78143
      3944.80      194.238      7.77300
      3946.20      194.117      7.70457
      3947.60      194.822      7.72491
      3949.00      203.868      7.96882
      3950.40      185.381      7.61092
      3951.80      197.863      7.65884
      3953.20      192.054      7.60015
      3954.60      184.077      7.27161
      3956.00      199.022      7.61210
      3957.40      188.284      7.43169
      3958.80      171.879      7.01609
      3960.20      176.285      7.12674
      3961.60      174.560      6.98506
      3963.00      164.309      6.76068
      3964.40      159.401      6.50049
      3965.80      149.729      6.37233
      3967.20      139.499      6.07309
      3968.60      100.225      4.65230
      3970.00      57.5910      3.44664
      3971.40      44.3869      2.84517
      3972.80      74.6206      3.69710
      3974.20      110.959      4.85251
      3975.60      131.000      5.66758
      3977.00      146.641      6.24094
      3978.40      159.942      6.63239
      3979.80      163.198      6.64197
      3981.20      173.368      6.90350
      3982.60      179.479      7.10632
      3984.00      172.963      7.01451
      3985.40      181.254      6.95171
      3986.80      184.820      7.29610
      3988.20      189.829      7.41330
      3989.60      186.917      7.48854
      3991.00      197.401      7.65272
      3992.40      196.726      7.66917
      3993.80      201.440      7.68188
      3995.20      198.845      7.64531
      3996.60      199.393      7.64385
      3998.00      195.265      7.53848
      3999.40      191.192      7.40726
      4000.80      201.142      7.64316
      4002.20      200.447      7.68301
      4003.60      205.612      7.65000
      4005.00      201.124      7.61456
      4006.40      193.702      7.40522
      4007.80      189.214      7.28039
      4009.20      197.887      7.56532
      4010.60      195.593      7.49141
      4012.00      202.983      7.57355
      4013.40      196.977      7.48297
      4014.80      198.598      7.58896
      4016.20      203.429      7.65756
      4017.60      205.805      7.77372
      4019.00      203.663      7.65053
      4020.40      194.912      7.39000
      4021.80      208.290      7.88088
      4023.20      201.673      7.55899
      4024.60      197.882      7.58863
      4026.00      196.295      7.38483
      4027.40      198.441      7.57012
      4028.80      199.293      7.51006
      4030.20      197.877      7.43708
      4031.60      196.003      7.52526
      4033.00      192.444      7.37112
      4034.40      194.008      7.46430
      4035.80      200.387      7.45899
      4037.20      200.909      7.56085
      4038.60      205.125      7.77200
      4040.00      206.072      7.64759
      4041.40      204.431      7.71650
      4042.80      198.981      7.60487
      4044.20      202.035      7.54630
      4045.60      200.653      7.40719
      4047.00      179.912      7.11688
      4048.40      191.386      7.42286
      4049.80      195.767      7.42323
      4051.20      206.300      7.67069
      4052.60      198.634      7.52438
      4054.00      200.845      7.67379
      4055.40      200.933      7.71952
      4056.80      191.842      7.30497
      4058.20      200.716      7.45881
      4059.60      194.594      7.26416
      4061.00      194.712      7.23715
      4062.40      197.252      7.52234
      4063.80      192.226      7.38091
      4065.20      184.924      7.09775
      4066.60      189.369      7.26613
      4068.00      199.128      7.75762
      4069.40      184.480      7.18429
      4070.80      196.379      7.36279
      4072.20      187.058      7.27984
      4073.60      181.762      6.92377
      4075.00      185.827      7.06817
      4076.40      190.231      7.18121
      4077.80      186.457      7.07442
      4079.20      169.491      6.60728
      4080.60      178.775      6.89812
      4082.00      189.279      7.11055
      4083.40      189.426      7.26170
      4084.80      182.346      6.97020
      4086.20      180.007      6.94946
      4087.60      173.183      6.66814
      4089.00      178.762      6.89052
      4090.40      173.331      6.79369
      4091.80      176.303      6.64916
      4093.20      167.433      6.56663
      4094.60      161.806      6.37422
      4096.00      163.135      6.42544
      4097.40      150.251      6.06832
      4098.80      138.653      5.60642
      4100.20      126.897      5.29258
      4101.60      111.709      4.71267
      4103.00      71.6654      3.59403
      4104.40      72.7505      3.58021
      4105.80      107.899      4.58220
      4107.20      127.953      5.26346
      4108.60      141.501      5.70974
      4110.00      151.885      5.98891
      4111.40      154.654      6.09834
      4112.80      158.670      6.23982
      4114.20      165.010      6.39400
      4115.60      168.147      6.57039
      4117.00      171.503      6.46390
      4118.40      176.768      6.67071
      4119.80      172.392      6.56559
      4121.20      173.819      6.46475
      4122.60      181.459      6.83620
      4124.00      183.003      6.87068
      4125.40      181.923      6.82224
      4126.80      189.587      6.93913
      4128.20      184.189      6.89171
      4129.60      186.696      7.19270
      4131.00      186.182      6.98819
      4132.40      183.715      6.91369
      4133.80      180.751      6.81359
      4135.20      179.317      6.90398
      4136.60      183.996      6.93236
      4138.00      183.619      6.76129
      4139.40      186.350      6.97815
      4140.80      192.012      7.22285
      4142.20      190.834      7.02084
      4143.60      191.082      7.12057
      4145.00      179.746      6.85964
      4146.40      184.207      6.90512
      4147.80      190.607      7.07324
      4149.20      191.493      7.14484
      4150.60      187.712      6.98450
      4152.00      183.694      6.74721
      4153.40      189.125      6.87180
      4154.80      190.138      7.06924
      4156.20      183.800      6.79614
      4157.60      183.342      6.80822
      4159.00      188.714      7.00953
      4160.40      197.480      6.91500
      4161.80      189.326      7.00252
      4163.20      188.103      6.85528
      4164.60      186.418      6.89662
      4166.00      186.142      7.03660
      4167.40      187.213      6.92030
      4168.80      184.963      7.08677
      4170.20      187.267      6.91681
      4171.60      191.874      7.17972
      4173.00      188.124      6.87722
      4174.40      176.081      6.56291
      4175.80      176.349      6.44770
      4177.20      181.997      6.77545
      4178.60      181.194      6.82260
      4180.00      174.369      6.57443
      4181.40      183.475      6.71597
      4182.80      185.314      6.90832
      4184.20      187.357      7.09886
      4185.60      186.519      6.93178
      4187.00      184.843      6.83225
      4188.40      188.150      6.86428
      4189.80      176.811      6.71779
      4191.20      187.992      6.94767
      4192.60      188.797      7.00834
      4194.00      185.767      6.92669
      4195.40      187.317      6.90235
      4196.80      189.315      6.97667
      4198.20      187.653      6.75980
      4199.60      179.293      6.80394
      4201.00      178.115      6.56388
      4202.40      182.279      6.72721
      4203.80      175.436      6.57211
      4205.20      182.748      6.78343
      4206.60      186.206      6.85738
      4208.00      189.276      7.08937
      4209.40      187.854      6.96028
      4210.80      185.551      6.96595
      4212.20      185.772      6.85929
      4213.60      188.934      6.82189
      4215.00      183.599      6.81878
      4216.40      185.425      6.79356
      4217.80      170.383      6.29370
      4219.20      177.918      6.52077
      4220.60      183.482      6.61739
      4222.00      183.244      6.69694
      4223.40      186.248      6.93146
      4224.80      190.333      6.91427
      4226.20      180.347      6.62391
      4227.60      174.533      6.48813
      4229.00      163.716      6.22174
      4230.40      178.288      6.46654
      4231.80      187.446      6.80007
      4233.20      185.828      6.73105
      4234.60      178.237      6.62251
      4236.00      178.173      6.45485
      4237.40      179.829      6.59124
      4238.80      180.480      6.52430
      4240.20      188.283      6.93242
      4241.60      182.610      6.82894
      4243.00      186.367      6.80475
      4244.40      183.991      6.84774
      4245.80      183.568      6.68594
      4247.20      183.755      6.69593
      4248.60      172.649      6.31014
      4250.00      175.208      6.39201
      4251.40      179.606      6.58604
      4252.80      176.589      6.60638
      4254.20      177.775      6.54109
      4255.60      181.324      6.56919
      4257.00      178.718      6.57442
      4258.40      185.107      6.75409
      4259.80      187.305      6.91852
      4261.20      183.765      6.81729
      4262.60      177.907      6.58785
      4264.00      184.050      6.73491
      4265.40      190.285      6.87855
      4266.80      192.499      6.87903
      4268.20      189.118      6.95506
      4269.60      185.379      6.79083
      4271.00      187.943      6.89323
      4272.40      176.146      6.34186
      4273.80      169.813      6.29793
      4275.20      182.161      6.62337
      4276.60      179.346      6.56949
      4278.00      180.153      6.54913
      4279.40      183.142      6.64129
      4280.80      184.539      6.77472
      4282.20      187.428      6.86993
      4283.60      180.674      6.58022
      4285.00      179.883      6.57284
      4286.40      185.405      6.84213
      4287.80      181.615      6.68123
      4289.20      179.261      6.58476
      4290.60      175.086      6.37229
      4292.00      163.044      6.26320
      4293.40      178.139      6.46760
      4294.80      183.644      6.65392
      4296.20      170.763      6.39288
      4297.60      173.341      6.39853
      4299.00      183.260      6.68808
      4300.40      178.865      6.59393
      4301.80      161.316      6.02772
      4303.20      167.090      6.21707
      4304.60      167.952      6.19273
      4306.00      174.347      6.54023
      4307.40      180.044      6.57257
      4308.80      170.619      6.29518
      4310.20      161.316      5.89633
      4311.60      175.990      6.44598
      4313.00      179.722      6.54217
      4314.40      174.291      6.29753
      4315.80      158.990      6.02920
      4317.20      162.002      6.34538
      4318.60      180.286      6.70873
      4320.00      170.387      6.37991
      4321.40      168.351      6.25274
      4322.80      167.758      6.33534
      4324.20      169.357      6.43495
      4325.60      167.280      6.23505
      4327.00      157.115      5.96189
      4328.40      157.960      5.89783
      4329.80      158.799      6.09708
      4331.20      162.147      5.97852
      4332.60      155.833      5.94520
      4334.00      154.515      5.74576
      4335.40      148.017      5.60159
      4336.80      143.164      5.46854
      4338.20      130.435      5.12278
      4339.60      116.790      4.59163
      4341.00      88.7970      3.80046
      4342.40      64.2715      3.04817
      4343.80      76.7101      3.49183
      4345.20      113.418      4.38274
      4346.60      124.434      4.90682
      4348.00      139.879      5.28980
      4349.40      147.333      5.70038
      4350.80      150.459      5.64130
      4352.20      151.415      5.66786
      4353.60      146.656      5.49150
      4355.00      153.979      5.78606
      4356.40      160.519      5.99719
      4357.80      166.469      6.23588
      4359.20      168.273      6.40184
      4360.60      172.726      6.35395
      4362.00      168.729      6.27626
      4363.40      171.127      6.36740
      4364.80      174.989      6.41446
      4366.20      177.295      6.46220
      4367.60      177.747      6.40186
      4369.00      172.073      6.31805
      4370.40      172.230      6.37955
      4371.80      174.222      6.36281
      4373.20      173.489      6.44045
      4374.60      176.051      6.28565
      4376.00      172.046      6.31363
      4377.40      164.203      6.08580
      4378.80      169.028      6.24710
      4380.20      176.795      6.39554
      4381.60      178.858      6.53876
      4383.00      180.750      6.61819
      4384.40      175.959      6.41272
      4385.80      161.708      6.09643
      4387.20      166.105      6.14324
      4388.60      173.673      6.25887
      4390.00      172.983      6.32920
      4391.40      173.998      6.33495
      4392.80      175.301      6.39464
      4394.20      176.860      6.44059
      4395.60      172.697      6.27100
      4397.00      164.878      6.11274
      4398.40      168.686      6.13798
      4399.80      174.502      6.21175
      4401.20      174.236      6.44250
      4402.60      167.606      6.24303
      4404.00      170.154      6.31156
      4405.40      173.045      6.30288
      4406.80      166.578      6.12295
      4408.20      169.633      6.25121
      4409.60      171.802      6.33831
      4411.00      174.758      6.26283
      4412.40      171.165      6.18023
      4413.80      170.235      6.30072
      4415.20      180.180      6.65205
      4416.60      163.244      6.02139
      4418.00      160.369      5.88548
      4419.40      163.048      5.96971
      4420.80      163.381      6.10746
      4422.20      177.282      6.43996
      4423.60      176.689      6.41628
      4425.00      175.587      6.49214
      4426.40      174.069      6.24046
      4427.80      173.583      6.11828
      4429.20      168.515      6.11671
      4430.60      172.238      6.32740
      4432.00      170.696      6.15072
      4433.40      171.511      6.19857
      4434.80      171.882      6.13641
      4436.20      171.002      6.16042
      4437.60      169.271      6.19025
      4439.00      169.330      6.25184
      4440.40      176.500      6.38368
      4441.80      173.895      6.28623
      4443.20      172.181      6.22005
      4444.60      162.129      5.94787
      4446.00      159.659      5.92302
      4447.40      165.145      6.03519
      4448.80      171.983      6.20342
      4450.20      166.853      6.03729
      4451.60      169.096      6.11455
      4453.00      165.673      6.02855
      4454.40      169.527      6.07469
      4455.80      172.198      6.19410
      4457.20      162.572      5.92241
      4458.60      169.551      6.11729
      4460.00      171.058      6.21188
      4461.40      170.018      6.13271
      4462.80      167.778      6.03749
      4464.20      169.063      6.09972
      4465.60      169.215      6.08016
      4467.00      165.911      6.07508
      4468.40      169.826      6.10159
      4469.80      161.273      5.89628
      4471.20      157.671      5.83273
      4472.60      167.840      6.11542
      4474.00      168.524      6.19254
      4475.40      169.133      6.12922
      4476.80      174.686      6.18967
      4478.20      172.064      6.16082
      4479.60      170.570      6.33409
      4481.00      169.959      6.15722
      4482.40      165.158      5.88304
      4483.80      159.631      5.87747
      4485.20      166.413      6.02779
      4486.60      165.677      6.07066
      4488.00      170.361      6.16157
      4489.40      166.798      6.08939
      4490.80      164.639      5.89339
      4492.20      161.669      5.91163
      4493.60      164.022      5.94289
      4495.00      169.420      6.12199
      4496.40      167.714      6.03737
      4497.80      165.057      6.06058
      4499.20      170.589      6.09279
      4500.60      167.246      6.14546
      4502.00      166.924      5.97145
      4503.40      159.253      5.77515
      4504.80      162.870      5.94982
      4506.20      169.528      6.29537
      4507.60      169.083      6.12281
      4509.00      166.586      5.98195
      4510.40      162.790      5.88028
      4511.80      167.247      5.95341
      4513.20      171.481      6.16528
      4514.60      164.236      6.00556
      4516.00      163.509      5.87422
      4517.40      162.081      5.76044
      4518.80      167.780      6.07381
      4520.20      164.786      6.02589
      4521.60      162.002      5.78371
      4523.00      161.103      5.82315
      4524.40      162.100      5.94091
      4525.80      160.991      5.89339
      4527.20      166.609      6.04680
      4528.60      169.790      6.02897
      4530.00      167.840      6.07784
      4531.40      162.009      5.87857
      4532.80      161.761      5.87315
      4534.20      162.360      5.87236
      4535.60      151.473      5.66612
      4537.00      156.662      5.68961
      4538.40      161.485      5.91765
      4539.80      166.008      6.04905
      4541.20      165.357      5.89766
      4542.60      163.621      5.82404
      4544.00      165.878      5.95062
      4545.40      165.298      6.02021
      4546.80      169.133      6.06777
      4548.20      163.902      5.91718
      4549.60      163.308      5.92487
      4551.00      155.082      5.63029
      4552.40      149.363      5.43351
      4553.80      159.967      5.76368
      4555.20      159.274      5.82221
      4556.60      156.166      5.58731
      4558.00      155.552      5.62928
      4559.40      162.258      5.89073
      4560.80      164.071      5.98990
      4562.20      163.711      5.91626
      4563.60      165.492      5.96371
      4565.00      161.873      5.89973
      4566.40      155.095      5.60904
      4567.80      162.668      5.95380
      4569.20      170.460      5.98165
      4570.60      160.966      5.85081
      4572.00      162.736      5.97072
      4573.40      160.782      5.82698
      4574.80      155.934      5.57739
      4576.20      164.516      5.89226
      4577.60      164.428      5.86511
      4579.00      161.602      5.82962
      4580.40      164.001      5.83954
      4581.80      164.077      5.97023
      4583.20      163.227      5.91174
      4584.60      161.360      5.98791
      4586.00      154.297      5.47952
      4587.40      159.400      5.73805
      4588.80      162.453      5.87031
      4590.20      155.760      5.80656
      4591.60      163.193      6.02523
      4593.00      158.624      5.76224
      4594.40      162.949      5.90571
      4595.80      165.113      6.00542
      4597.20      165.938      5.85390
      4598.60      164.566      5.89617
      4600.00      160.430      5.82200
      4601.40      161.526      5.72615
      4602.80      164.083      5.90803
      4604.20      165.110      5.95725
      4605.60      162.805      5.88565
      4607.00      163.909      5.86773
      4608.40      164.498      6.00751
      4609.80      164.196      5.76811
      4611.20      165.584      5.89017
      4612.60      164.565      5.85064
      4614.00      162.514      5.89741
      4615.40      161.914      5.80173
      4616.80      165.913      5.96075
      4618.20      163.640      5.92066
      4619.60      164.921      6.00466
      4621.00      161.976      5.70562
      4622.40      159.330      5.74640
      4623.80      163.095      5.79705
      4625.20      164.478      5.77448
      4626.60      162.928      5.88174
      4628.00      162.669      5.84679
      4629.40      162.740      5.83172
      4630.80      159.481      5.73837
      4632.20      158.264      5.65018
      4633.60      162.845      5.79097
      4635.00      162.678      5.74424
      4636.40      161.579      5.79998
      4637.80      161.846      5.85017
      4639.20      162.253      5.76483
      4640.60      161.507      5.78189
      4642.00      161.854      5.74612
      4643.40      161.590      5.89993
      4644.80      165.256      5.89542
      4646.20      161.559      5.80777
      4647.60      161.136      5.75411
      4649.00      160.507      5.67721
      4650.40      161.950      5.89035
      4651.80      158.015      5.56286
      4653.20      162.736      5.84589
      4654.60      161.570      5.77390
      4656.00      158.772      5.73878
      4657.40      162.261      5.81615
      4658.80      159.915      5.77202
      4660.20      159.421      5.74024
      4661.60      163.269      5.87677
      4663.00      158.201      5.64923
      4664.40      161.158      5.71083
      4665.80      162.803      5.83511
      4667.20      164.326      5.82076
      4668.60      161.278      5.89786
      4670.00      162.490      5.76950
      4671.40      159.908      5.71138
      4672.80      157.034      5.61297
      4674.20      160.589      5.67365
      4675.60      159.339      5.80580
      4677.00      162.227      5.89434
      4678.40      160.957      5.87527
      4679.80      162.789      5.80227
      4681.20      158.916      5.70622
      4682.60      157.219      5.61279
      4684.00      162.050      5.77624
      4685.40      159.610      5.68279
      4686.80      162.698      5.83763
      4688.20      160.233      5.66478
      4689.60      163.388      5.80916
      4691.00      159.124      5.69828
      4692.40      161.057      5.81265
      4693.80      159.748      5.72294
      4695.20      156.674      5.66093
      4696.60      165.777      5.76995
      4698.00      159.359      5.81186
      4699.40      164.985      5.85932
      4700.80      156.293      5.65932
      4702.20      161.535      5.82522
      4703.60      158.044      5.61585
      4705.00      151.065      5.46509
      4706.40      155.212      5.54881
      4707.80      162.213      5.78073
      4709.20      158.774      5.74794
      4710.60      156.555      5.64876
      4712.00      157.944      5.66056
      4713.40      160.317      5.69628
      4714.80      154.923      5.73141
      4716.20      163.326      5.71766
      4717.60      163.455      5.79128
      4719.00      158.394      5.67213
      4720.40      158.730      5.67969
      4721.80      156.848      5.57941
      4723.20      157.172      5.62817
      4724.60      156.383      5.68197
      4726.00      156.175      5.53682
      4727.40      157.768      5.72505
      4728.80      159.178      5.78129
      4730.20      158.098      5.67277
      4731.60      156.389      5.61530
      4733.00      157.788      5.72783
      4734.40      157.875      5.63701
      4735.80      158.634      5.69431
      4737.20      159.765      5.69511
      4738.60      156.986      5.58356
      4740.00      157.469      5.64923
      4741.40      156.687      5.55902
      4742.80      156.897      5.49941
      4744.20      158.140      5.61859
      4745.60      158.912      5.73012
      4747.00      156.349      5.60102
      4748.40      159.591      5.63254
      4749.80      156.482      5.63581
      4751.20      155.929      5.56708
      4752.60      158.152      5.62347
      4754.00      159.687      5.68584
      4755.40      154.937      5.57401
      4756.80      155.893      5.54027
      4758.20      153.098      5.54284
      4759.60      154.872      5.53232
      4761.00      158.771      5.62652
      4762.40      154.300      5.48757
      4763.80      156.712      5.56243
      4765.20      155.787      5.56120
      4766.60      154.376      5.54546
      4768.00      157.841      5.64062
      4769.40      152.942      5.54490
      4770.80      153.583      5.55173
      4772.20      154.097      5.41006
      4773.60      155.938      5.43144
      4775.00      156.765      5.48037
      4776.40      157.425      5.50702
      4777.80      157.677      5.73643
      4779.20      154.670      5.40016
      4780.60      152.304      5.43559
      4782.00      150.418      5.39279
      4783.40      149.269      5.41720
      4784.80      153.042      5.33668
      4786.20      154.231      5.57043
      4787.60      152.231      5.50100
      4789.00      154.624      5.47348
      4790.40      153.723      5.54352
      4791.80      153.567      5.48251
      4793.20      154.253      5.43069
      4794.60      155.920      5.57334
      4796.00      151.406      5.53120
      4797.40      154.621      5.52130
      4798.80      151.657      5.52066
      4800.20      152.019      5.36853
      4801.60      150.553      5.44705
      4803.00      149.770      5.40666
      4804.40      152.449      5.40354
      4805.80      147.753      5.34616
      4807.20      145.919      5.21156
      4808.60      145.906      5.24511
      4810.00      152.020      5.37458
      4811.40      150.354      5.33199
      4812.80      145.990      5.29378
      4814.20      148.833      5.38365
      4815.60      152.796      5.44417
      4817.00      151.953      5.37764
      4818.40      150.850      5.32943
      4819.80      153.114      5.48988
      4821.20      152.421      5.46014
      4822.60      150.362      5.40880
      4824.00      152.188      5.35663
      4825.40      145.824      5.21581
      4826.80      144.578      5.22017
      4828.20      146.261      5.21278
      4829.60      148.063      5.37513
      4831.00      150.213      5.42387
      4832.40      150.007      5.32341
      4833.80      149.058      5.29642
      4835.20      147.835      5.31613
      4836.60      144.407      5.21107
      4838.00      146.808      5.23291
      4839.40      146.806      5.23928
      4840.80      147.059      5.30041
      4842.20      144.134      5.22839
      4843.60      144.542      5.15526
      4845.00      144.482      5.17869
      4846.40      144.290      5.20850
      4847.80      142.223      5.15371
      4849.20      138.969      5.03976
      4850.60      137.061      4.97283
      4852.00      134.533      4.99111
      4853.40      130.849      4.69309
      4854.80      128.245      4.63768
      4856.20      128.468      4.71725
      4857.60      121.120      4.54371
      4859.00      116.135      4.33922
      4860.40      109.439      4.19732
      4861.80      88.8066      3.42519
      4863.20      62.5128      2.66525
      4864.60      62.8792      2.61793
      4866.00      94.7931      3.60626
      4867.40      107.796      4.21652
      4868.80      119.061      4.38045
      4870.20      125.212      4.61442
      4871.60      128.522      4.69978
      4873.00      126.559      4.67665
      4874.40      130.218      4.73119
      4875.80      135.129      4.93416
      4877.20      137.716      4.95826
      4878.60      139.683      5.07405
      4880.00      137.551      4.98942
      4881.40      138.589      4.98406
      4882.80      143.758      5.18955
      4884.20      142.600      5.16647
      4885.60      141.575      5.14436
      4887.00      141.887      5.16466
      4888.40      146.871      5.27878
      4889.80      141.734      5.20438
      4891.20      141.835      5.08115
      4892.60      142.734      5.14097
      4894.00      137.015      4.84065
      4895.40      143.841      5.20928
      4896.80      146.404      5.29504
      4898.20      144.114      5.21788
      4899.60      146.344      5.25707
      4901.00      145.678      5.27962
      4902.40      143.386      5.20925
      4903.80      145.538      5.25413
      4905.20      145.414      5.24173
      4906.60      143.538      5.24870
      4908.00      147.843      5.42538
      4909.40      148.635      5.29132
      4910.80      144.924      5.23401
      4912.20      144.615      5.14319
      4913.60      139.919      5.06130
      4915.00      144.949      5.23081
      4916.40      145.607      5.33544
      4917.80      145.974      5.25473
      4919.20      148.957      5.35991
      4920.60      146.359      5.25344
      4922.00      139.651      5.16656
      4923.40      139.378      4.99906
      4924.80      137.895      5.09545
      4926.20      135.595      4.91810
      4927.60      138.993      5.06094
      4929.00      145.270      5.28938
      4930.40      149.499      5.46794
      4931.80      143.438      5.12853
      4933.20      146.852      5.23189
      4934.60      144.995      5.14584
      4936.00      139.459      5.04359
      4937.40      141.299      5.07822
      4938.80      148.613      5.27415
      4940.20      149.849      5.28885
      4941.60      146.236      5.34509
      4943.00      146.022      5.25678
      4944.40      147.934      5.35158
      4945.80      148.384      5.18048
      4947.20      146.814      5.23253
      4948.60      145.976      5.23519
      4950.00      146.422      5.26520
      4951.40      146.105      5.29748
      4952.80      146.646      5.20982
      4954.20      146.254      5.30715
      4955.60      144.044      5.17239
      4957.00      144.516      5.20270
      4958.40      144.007      5.05365
      4959.80      133.969      4.75310
      4961.20      141.588      5.07597
      4962.60      144.885      5.23189
      4964.00      143.607      5.23160
      4965.40      144.633      5.23181
      4966.80      145.288      5.21147
      4968.20      142.163      5.05818
      4969.60      141.664      5.00610
      4971.00      144.275      5.07453
      4972.40      142.976      5.15350
      4973.80      146.872      5.22780
      4975.20      147.108      5.33855
      4976.60      147.604      5.31285
      4978.00      147.374      5.22694
      4979.40      143.636      5.14272
      4980.80      142.541      5.04941
      4982.20      141.933      5.04630
      4983.60      142.834      5.15701
      4985.00      141.785      5.05484
      4986.40      139.995      4.99224
      4987.80      140.749      5.01519
      4989.20      143.191      5.22338
      4990.60      144.799      5.19881
      4992.00      143.107      5.11945
      4993.40      139.685      5.10262
      4994.80      144.992      5.16875
      4996.20      143.957          Inf
      4997.60      142.922      5.32412
      4999.00      142.922          Inf
