      3900.00      93.9620      7.07922
      3901.40      94.9837      6.93040
      3902.80      95.2021      7.19762
      3904.20      99.9556      7.08364
      3905.60      110.154      7.38681
      3907.00      95.2487      6.72619
      3908.40      98.1588      7.10537
      3909.80      101.243      7.18685
      3911.20      105.759      7.22189
      3912.60      110.914      7.58275
      3914.00      115.344      7.78923
      3915.40      99.0197      7.52159
      3916.80      101.356      7.62090
      3918.20      108.979      7.75714
      3919.60      101.139      7.43808
      3921.00      110.659      7.23888
      3922.40      101.292      7.17869
      3923.80      96.1786      7.36550
      3925.20      100.943      7.02070
      3926.60      104.677      6.98870
      3928.00      106.118      6.93223
      3929.40      103.976      6.91662
      3930.80      93.4725      6.50878
      3932.20      89.8486      6.55443
      3933.60      71.3502      5.73920
      3935.00      40.1311      4.53465
      3936.40      31.3758      4.33145
      3937.80      61.1005      5.23631
      3939.20      87.3123      6.29048
      3940.60      100.639      6.71313
      3942.00      103.536      6.91524
      3943.40      111.438      7.09227
      3944.80      104.730      7.06782
      3946.20      112.407      7.16480
      3947.60      102.626      7.06966
      3949.00      115.617      7.16108
      3950.40      110.994      6.74612
      3951.80      104.944      6.80957
      3953.20      113.250      6.93822
      3954.60      99.6722      6.51758
      3956.00      109.626      6.75583
      3957.40      101.635      6.55337
      3958.80      101.699      6.70401
      3960.20      98.3230      6.68799
      3961.60      107.600      6.58656
      3963.00      101.506      6.47507
      3964.40      103.829      6.42406
      3965.80      95.1369      6.51842
      3967.20      84.5403      5.95151
      3968.60      72.3241      5.50022
      3970.00      44.5936      4.40087
      3971.40      21.1082      3.71070
      3972.80      37.7447      4.21971
      3974.20      61.7509      5.15000
      3975.60      84.1388      6.10313
      3977.00      85.9784      6.18947
      3978.40      97.5846      6.43128
      3979.80      94.0170      6.59275
      3981.20      97.8356      6.53266
      3982.60      99.4292      6.51545
      3984.00      105.695      6.73952
      3985.40      102.963      6.79854
      3986.80      107.668      6.97578
      3988.20      113.101      6.83736
      3989.60      112.423      6.74615
      3991.00      111.231      6.68517
      3992.40      107.633      6.46387
      3993.80      113.977      6.65513
      3995.20      107.663      6.57366
      3996.60      109.993      6.55328
      3998.00      105.529      6.47593
      3999.40      106.679      6.29839
      4000.80      104.372      6.43795
      4002.20      107.805      6.58245
      4003.60      112.073      6.50753
      4005.00      109.953      6.48813
      4006.40      110.652      6.48758
      4007.80      104.620      6.51964
      4009.20      108.697      6.50906
      4010.60      113.363      6.61412
      4012.00      106.239      6.38448
      4013.40      113.334      6.70220
      4014.80      117.703      6.58975
      4016.20      110.507      6.61934
      4017.60      111.641      6.91992
      4019.00      118.341      6.94612
      4020.40      116.992      6.69436
      4021.80      108.745      6.55714
      4023.20      116.907      6.63741
      4024.60      117.636      6.58052
      4026.00      120.407      6.64826
      4027.40      109.531      6.46888
      4028.80      112.032      6.41119
      4030.20      105.821      6.21152
      4031.60      104.609      6.10805
      4033.00      104.420      6.23415
      4034.40      108.868      6.24641
      4035.80      111.898      6.54643
      4037.20      104.092      6.05123
      4038.60      111.181      6.38535
      4040.00      114.509      6.58214
      4041.40      117.305      6.63960
      4042.80      105.886      6.52893
      4044.20      119.937      6.66212
      4045.60      108.031      6.72685
      4047.00      110.254      6.58267
      4048.40      106.251      6.44155
      4049.80      107.374      6.29573
      4051.20      106.827      6.29934
      4052.60      109.979      6.47276
      4054.00      114.143      6.52607
      4055.40      109.363      6.33961
      4056.80      112.085      6.35166
      4058.20      108.325      6.41573
      4059.60      105.227      6.19224
      4061.00      111.809      6.32956
      4062.40      114.916      7.62508
      4063.80      112.680      6.40975
      4065.20      101.161      6.27914
      4066.60      104.492      6.22325
      4068.00      107.186      6.29999
      4069.40      103.501      6.26699
      4070.80      102.232      6.09664
      4072.20      117.861      6.56887
      4073.60      103.540      5.98064
      4075.00      110.048      6.27177
      4076.40      103.840      6.35143
      4077.80      106.191      6.23559
      4079.20      105.531      6.29783
      4080.60      102.137      6.08909
      4082.00      112.783      6.30613
      4083.40      109.796      6.14533
      4084.80      108.070      6.09903
      4086.20      102.058      6.11933
      4087.60      100.630      5.99015
      4089.00      104.350      6.07610
      4090.40      106.925      5.96040
      4091.80      95.4637      5.81786
      4093.20      103.706      6.19942
      4094.60      95.5384      5.65978
      4096.00      94.0442      5.47039
      4097.40      98.5018      5.73984
      4098.80      97.1968      5.54781
      4100.20      89.9423      5.45142
      4101.60      77.6685      4.90978
      4103.00      76.1176      4.81827
      4104.40      48.5930      4.00399
      4105.80      68.6970      4.74233
      4107.20      85.3333      5.36117
      4108.60      93.1563      5.56776
      4110.00      93.7752      5.70618
      4111.40      98.3911      5.50509
      4112.80      100.991      5.65538
      4114.20      99.8847      5.66887
      4115.60      100.859      5.61250
      4117.00      105.524      5.84721
      4118.40      102.049      6.06828
      4119.80      99.7457      5.76603
      4121.20      106.411      5.87469
      4122.60      110.563      6.01386
      4124.00      103.014      5.96608
      4125.40      105.003      5.86421
      4126.80      103.548      6.33492
      4128.20      107.459      5.95059
      4129.60      102.370      5.81570
      4131.00      107.216      5.83718
      4132.40      110.301      5.84663
      4133.80      105.981      5.93445
      4135.20      105.062      5.83408
      4136.60      107.484      6.11609
      4138.00      107.001      6.02035
      4139.40      111.017      6.11786
      4140.80      109.629      5.89725
      4142.20      108.941      5.86866
      4143.60      108.999      6.04409
      4145.00      104.133      5.74480
      4146.40      100.618      5.59268
      4147.80      109.344      5.89839
      4149.20      115.522      6.14749
      4150.60      107.018      6.02623
      4152.00      105.916      5.87998
      4153.40      110.230      6.23349
      4154.80      104.311      5.89390
      4156.20      103.555      6.04766
      4157.60      105.872      5.69878
      4159.00      104.246      5.80261
      4160.40      111.682      6.04883
      4161.80      111.097      5.88925
      4163.20      110.233      5.96126
      4164.60      110.023      6.10762
      4166.00      103.974      5.79838
      4167.40      107.124      5.78345
      4168.80      112.764      5.81037
      4170.20      111.369      5.78048
      4171.60      110.134      5.67336
      4173.00      110.784      5.92775
      4174.40      105.770      5.76318
      4175.80      100.136      5.52160
      4177.20      102.932      5.51426
      4178.60      106.989      5.81873
      4180.00      102.834      5.67691
      4181.40      108.161      5.77425
      4182.80      111.252      5.81456
      4184.20      112.059      5.84014
      4185.60      100.953      5.58530
      4187.00      108.219      5.66683
      4188.40      108.999      5.80327
      4189.80      105.949      5.64441
      4191.20      103.112      5.55720
      4192.60      108.674      5.64609
      4194.00      105.010      5.51768
      4195.40      106.732      5.67863
      4196.80      108.867      5.74547
      4198.20      111.395      5.76702
      4199.60      101.139      5.47152
      4201.00      98.4611      5.38293
      4202.40      101.056      5.42576
      4203.80      103.184      5.48592
      4205.20      104.714      5.55986
      4206.60      108.178      5.66828
      4208.00      114.209      6.00421
      4209.40      113.945      5.92939
      4210.80      111.635      5.62672
      4212.20      103.196      5.43524
      4213.60      111.742      5.74220
      4215.00      110.350      5.81094
      4216.40      108.308      5.73252
      4217.80      102.276      5.48707
      4219.20      104.801      5.41903
      4220.60      111.078      5.73775
      4222.00      104.049      5.54324
      4223.40      103.087      5.37000
      4224.80      107.731      5.58258
      4226.20      107.308      5.50690
      4227.60      110.824      5.54454
      4229.00      102.172      5.53754
      4230.40      95.9759      5.58329
      4231.80      108.340      5.71287
      4233.20      111.253      5.64549
      4234.60      108.106      5.61512
      4236.00      99.1365      5.44795
      4237.40      101.036      5.40066
      4238.80      110.195      5.58958
      4240.20      108.102      5.74991
      4241.60      112.081      5.69773
      4243.00      102.406      5.49518
      4244.40      109.440      5.48437
      4245.80      108.090      5.49918
      4247.20      110.506      5.74985
      4248.60      106.050      5.70371
      4250.00      100.722      5.39161
      4251.40      106.217      5.49811
      4252.80      101.642      5.33816
      4254.20      103.847      5.45943
      4255.60      107.645      5.51201
      4257.00      103.607      5.45594
      4258.40      108.076      5.61058
      4259.80      111.212      5.73406
      4261.20      106.396      5.50629
      4262.60      102.399      5.23774
      4264.00      107.849      5.61303
      4265.40      108.686      5.63028
      4266.80      115.951      5.74452
      4268.20      110.738      5.56524
      4269.60      109.077      5.68942
      4271.00      110.888      5.79291
      4272.40      110.627          Inf
      4273.80      110.366          Inf
      4275.20      110.105      5.61498
      4276.60      99.7456      5.35876
      4278.00      107.720      5.73596
      4279.40      109.850      5.89386
      4280.80      112.378      5.65359
      4282.20      108.136      5.59308
      4283.60      108.892      5.65394
      4285.00      104.248      5.63043
      4286.40      107.623      5.42645
      4287.80      110.007      5.56670
      4289.20      111.585      5.48665
      4290.60      107.680      5.52242
      4292.00      100.436      5.26020
      4293.40      92.7874      5.14829
      4294.80      107.468      5.58168
      4296.20      103.722      5.37540
      4297.60      105.649      5.35677
      4299.00      101.713      5.38420
      4300.40      108.601      5.37704
      4301.80      100.337      5.24325
      4303.20      99.4812      5.15331
      4304.60      98.4827      5.18512
      4306.00      101.500      5.31906
      4307.40      108.059      5.59920
      4308.80      103.175      5.18734
      4310.20      98.3168      5.21578
      4311.60      103.365      5.31536
      4313.00      105.104      5.42058
      4314.40      106.469      5.48407
      4315.80      101.210      5.28733
      4317.20      93.0821      5.04793
      4318.60      98.0582      5.37151
      4320.00      106.623      5.27218
      4321.40      105.403      5.41776
      4322.80      105.722      5.50020
      4324.20      108.123      5.43300
      4325.60      110.443      5.46556
      4327.00      100.448      5.28618
      4328.40      97.0015      5.29955
      4329.80      99.6932      5.34434
      4331.20      97.6221      5.38485
      4332.60      111.550      5.45268
      4334.00      99.0597      5.10061
      4335.40      102.194      5.16997
      4336.80      97.8917      5.08129
      4338.20      93.3508      4.94948
      4339.60      84.8117      4.65648
      4341.00      80.3380      4.55922
      4342.40      61.0881      3.92242
      4343.80      56.2335      3.78270
      4345.20      75.5586      4.49096
      4346.60      87.6120      4.87299
      4348.00      92.2898      5.02460
      4349.40      97.6450      5.10476
      4350.80      97.7077      5.19535
      4352.20      101.524      5.29439
      4353.60      102.655      5.35423
      4355.00      96.3254      5.22369
      4356.40      97.5486      5.32522
      4357.80      103.836      5.34574
      4359.20      99.3194      5.77843
      4360.60      107.637      6.19476
      4362.00      107.689      5.68938
      4363.40      105.885      5.29431
      4364.80      106.996      5.30398
      4366.20      111.592      5.34213
      4367.60      109.071      5.55735
      4369.00      106.472      5.35124
      4370.40      107.657      5.34772
      4371.80      103.310      5.19602
      4373.20      113.322      5.67232
      4374.60      111.930      5.77068
      4376.00      107.498      5.74860
      4377.40      100.662      5.56007
      4378.80      102.240      5.22953
      4380.20      108.061      5.40039
      4381.60      111.433      5.45150
      4383.00      110.765      5.35782
      4384.40      106.175      5.37142
      4385.80      102.837      5.27004
      4387.20      98.6522      5.26480
      4388.60      107.015      5.30812
      4390.00      111.515      5.58163
      4391.40      103.827      5.36867
      4392.80      110.570      5.42979
      4394.20      103.073      5.29249
      4395.60      104.488      5.11086
      4397.00      97.9984      5.02696
      4398.40      97.7601      4.97989
      4399.80      107.515      5.40866
      4401.20      108.390      5.42092
      4402.60      96.2241      4.99721
      4404.00      102.758      5.23911
      4405.40      104.595      5.26524
      4406.80      108.069      5.27650
      4408.20      96.7098      4.97815
      4409.60      103.479      5.26830
      4411.00      104.305      5.25628
      4412.40      101.187      5.26940
      4413.80      108.903      5.49212
      4415.20      108.915      5.23428
      4416.60      103.240      5.20401
      4418.00      100.026      5.21094
      4419.40      100.777      5.01094
      4420.80      94.1897      5.03974
      4422.20      104.753      5.34001
      4423.60      103.727      5.09587
      4425.00      107.693      5.30639
      4426.40      104.145      5.27763
      4427.80      106.597      5.19502
      4429.20      108.229      5.29130
      4430.60      103.087      5.09100
      4432.00      107.857      5.16979
      4433.40      106.306      5.19703
      4434.80      108.452      5.50250
      4436.20      104.484      5.31327
      4437.60      99.4784      4.98784
      4439.00      104.009      5.26525
      4440.40      108.257      5.13683
      4441.80      105.564      5.27401
      4443.20      101.768      5.21937
      4444.60      104.401      5.26514
      4446.00      96.8497      4.76790
      4447.40      100.378      4.94520
      4448.80      104.387      5.14390
      4450.20      107.685      5.12163
      4451.60      107.131      5.31180
      4453.00      102.370      5.00026
      4454.40      101.594      5.04858
      4455.80      102.529      5.10783
      4457.20      101.362      5.23257
      4458.60      105.519      5.12719
      4460.00      106.349      5.08060
      4461.40      103.287      5.16232
      4462.80      104.800      5.47492
      4464.20      100.923      5.34639
      4465.60      101.067      5.07561
      4467.00      110.652      5.17419
      4468.40      101.705      5.10560
      4469.80      101.044      5.12308
      4471.20      99.8663      4.97632
      4472.60      100.018      4.87313
      4474.00      109.136      5.24098
      4475.40      109.447      5.23437
      4476.80      106.455      5.22866
      4478.20      104.046      5.05953
      4479.60      104.518      5.24769
      4481.00      106.889      5.23359
      4482.40      101.798      4.88036
      4483.80      100.895      5.03627
      4485.20      101.418      5.11008
      4486.60      103.417      4.95649
      4488.00      107.857      5.33095
      4489.40      109.452      5.22706
      4490.80      105.791      5.10547
      4492.20      100.804      4.94318
      4493.60      99.9758      4.99117
      4495.00      102.757      5.09400
      4496.40      103.881      4.97307
      4497.80      103.122      5.11932
      4499.20      104.278      5.01164
      4500.60      106.238      5.07253
      4502.00      104.167      5.16143
      4503.40      100.869      4.86050
      4504.80      96.4614      4.90401
      4506.20      105.558      5.01634
      4507.60      107.923      5.17237
      4509.00      110.577      5.11212
      4510.40      102.846      5.01745
      4511.80      102.543      5.00561
      4513.20      107.315      5.10928
      4514.60      106.389      5.14373
      4516.00      108.057      5.21538
      4517.40      106.300      4.99491
      4518.80      102.393      4.96338
      4520.20      103.776      5.01942
      4521.60      104.982      5.17974
      4523.00      104.887      5.10835
      4524.40      100.941      4.92677
      4525.80      101.966      4.86617
      4527.20      102.232      4.87161
      4528.60      105.896      5.20771
      4530.00      108.825      5.29810
      4531.40      98.8776      4.86929
      4532.80      96.4851      4.79629
      4534.20      101.957      4.74532
      4535.60      102.778      4.95697
      4537.00      94.6280      4.67520
      4538.40      95.2494      4.72727
      4539.80      104.061      4.98148
      4541.20      108.531      5.36164
      4542.60      107.711      5.10246
      4544.00      106.377      5.05322
      4545.40      106.248      5.12666
      4546.80      104.919      5.22629
      4548.20      103.775      5.08836
      4549.60      105.150      4.95195
      4551.00      102.000      4.87845
      4552.40      92.6942      4.64315
      4553.80      104.015      4.99054
      4555.20      104.771      4.97709
      4556.60      100.053      4.88590
      4558.00      99.1208      4.85535
      4559.40      103.477      5.01034
      4560.80      108.648      5.10234
      4562.20      103.262      4.96823
      4563.60      105.931      4.92083
      4565.00      107.741      5.05092
      4566.40      101.461      4.85579
      4567.80      101.013      4.95260
      4569.20      102.811      4.98047
      4570.60      104.483      4.96135
      4572.00      106.555      5.06932
      4573.40      103.742      4.90270
      4574.80      101.308      4.93406
      4576.20      101.706      4.90698
      4577.60      101.259      5.02099
      4579.00      109.845      4.99110
      4580.40      102.931      4.88019
      4581.80      105.379      5.04259
      4583.20      99.6227      4.79611
      4584.60      104.842      4.87572
      4586.00      101.179      4.82406
      4587.40      98.5346      4.72609
      4588.80      107.394      5.00955
      4590.20      100.828      4.96675
      4591.60      107.728      5.01079
      4593.00      103.028      4.92310
      4594.40      111.803      5.06611
      4595.80      100.524      4.79857
      4597.20      104.431      4.88387
      4598.60      104.114      4.97545
      4600.00      104.269      5.01260
      4601.40      104.576      4.86981
      4602.80      102.460      4.81813
      4604.20      104.373      4.78145
      4605.60      107.821      5.09596
      4607.00      107.574      5.02920
      4608.40      107.329      4.96578
      4609.80      107.747      5.05098
      4611.20      108.476      4.88752
      4612.60      106.386      4.91912
      4614.00      107.189      4.93485
      4615.40      104.983      5.01101
      4616.80      109.287      5.09992
      4618.20      106.897      4.96197
      4619.60      104.900      4.82422
      4621.00      105.635      4.81908
      4622.40      102.494      4.84906
      4623.80      105.900      4.97841
      4625.20      106.329      4.93004
      4626.60      107.339      4.99055
      4628.00      105.728      5.01875
      4629.40      105.364      4.84509
      4630.80      107.882      5.05599
      4632.20      107.786      5.06171
      4633.60      102.303      4.95549
      4635.00      105.975      4.86930
      4636.40      107.913      5.13537
      4637.80      106.876      5.05703
      4639.20      109.314      4.96186
      4640.60      105.674      4.77093
      4642.00      106.676      4.98623
      4643.40      104.261      5.05739
      4644.80      105.930      5.07056
      4646.20      109.347      5.05557
      4647.60      109.140      4.91137
      4649.00      99.8173      4.74966
      4650.40      106.496      4.93417
      4651.80      105.288      5.05231
      4653.20      109.193      5.09003
      4654.60      106.421      4.95547
      4656.00      107.276      4.96632
      4657.40      103.973      5.05150
      4658.80      104.909      5.05223
      4660.20      105.453      5.05888
      4661.60      108.789      5.02788
      4663.00      106.308      4.93167
      4664.40      105.729      4.93353
      4665.80      104.445      4.80663
      4667.20      106.134      5.00289
      4668.60      105.821      5.05099
      4670.00      104.251      5.06299
      4671.40      103.086      5.13290
      4672.80      102.534      4.98228
      4674.20      108.618      5.56458
      4675.60      106.677      5.10724
      4677.00      107.079      4.97666
      4678.40      103.260      4.94498
      4679.80      108.258      4.94872
      4681.20      101.228      4.85219
      4682.60      102.588      4.69760
      4684.00      105.849      4.84734
      4685.40      107.147      4.80388
      4686.80      107.908      4.86253
      4688.20      107.922      4.96159
      4689.60      105.735      4.93168
      4691.00      106.075      4.78706
      4692.40      103.772      4.86718
      4693.80      107.656      5.11935
      4695.20      103.919      4.88520
      4696.60      106.700      5.00233
      4698.00      110.466      4.99069
      4699.40      106.572      4.82486
      4700.80      106.433      4.90002
      4702.20      107.608      4.98807
      4703.60      108.021      5.00186
      4705.00      107.259      5.01074
      4706.40      104.801      4.78636
      4707.80      105.775      4.89360
      4709.20      106.919      4.81645
      4710.60      102.459      4.87671
      4712.00      107.092      5.05484
      4713.40      105.048      4.84394
      4714.80      104.374      4.84112
      4716.20      105.313      4.84974
      4717.60      101.893      4.74415
      4719.00      104.322      4.78407
      4720.40      105.647      4.86843
      4721.80      107.503      4.93058
      4723.20      109.098      4.97673
      4724.60      104.139      4.82437
      4726.00      104.197      4.59841
      4727.40      106.277      4.87564
      4728.80      99.9738      4.77627
      4730.20      105.690      4.79441
      4731.60      105.810      4.88917
      4733.00      102.764      4.61794
      4734.40      103.754      4.82578
      4735.80      106.369      4.91684
      4737.20      105.012      4.87920
      4738.60      105.360      4.77264
      4740.00      105.339      4.75663
      4741.40      101.827      4.82434
      4742.80      102.484      4.81768
      4744.20      105.969      4.84352
      4745.60      105.676      4.83885
      4747.00      105.166      4.87422
      4748.40      106.277      4.95521
      4749.80      105.360      4.95293
      4751.20      103.308      4.90341
      4752.60      104.400      4.86325
      4754.00      107.334      4.77538
      4755.40      105.191      4.75764
      4756.80      104.902      4.80864
      4758.20      105.925      4.98746
      4759.60      106.439      4.79938
      4761.00      105.874      4.80154
      4762.40      102.854      4.80239
      4763.80      107.690      4.99163
      4765.20      105.804      4.89445
      4766.60      106.766      4.77066
      4768.00      101.838      4.83802
      4769.40      104.619      4.99430
      4770.80      104.443      4.95003
      4772.20      106.450      4.78958
      4773.60      106.448      4.79395
      4775.00      107.129      4.87139
      4776.40      107.159      4.73431
      4777.80      100.578      4.87748
      4779.20      105.291      4.68689
      4780.60      106.238      4.79512
      4782.00      101.504      4.78454
      4783.40      106.381      4.85643
      4784.80      102.800      4.64898
      4786.20      101.492      4.65014
      4787.60      106.118      4.75479
      4789.00      102.894      4.67111
      4790.40      102.231      4.70415
      4791.80      107.270      4.81885
      4793.20      98.7339      4.54254
      4794.60      103.986      4.63236
      4796.00      110.128      4.87109
      4797.40      103.567      4.55746
      4798.80      104.740      4.72456
      4800.20      101.693      4.62160
      4801.60      105.968      4.76869
      4803.00      102.224      4.73306
      4804.40      106.020      4.79969
      4805.80      105.710      4.92364
      4807.20      100.507      4.79288
      4808.60      103.198      4.67604
      4810.00      102.793      4.56252
      4811.40      103.566      4.69364
      4812.80      102.513      4.66116
      4814.20      104.580      4.74307
      4815.60      105.320      4.79523
      4817.00      103.530      4.85238
      4818.40      104.847      4.77358
      4819.80      102.482      4.70147
      4821.20      101.963      4.70065
      4822.60      101.785      4.75768
      4824.00      102.900      4.91112
      4825.40      104.546      4.83408
      4826.80      104.218      4.76890
      4828.20      103.014      4.75377
      4829.60      108.923      4.83124
      4831.00      103.142      4.79640
      4832.40      106.162      4.69425
      4833.80      99.8177      4.63658
      4835.20      104.552      4.76327
      4836.60      101.760      4.69359
      4838.00      104.996      4.68101
      4839.40      100.749      4.65427
      4840.80      100.735      4.64096
      4842.20      100.951      4.66362
      4843.60      104.310      4.70050
      4845.00      99.2552      4.63025
      4846.40      99.6009      4.47281
      4847.80      100.371      4.59317
      4849.20      98.8461      4.70987
      4850.60      102.333      4.70170
      4852.00      100.486      4.62512
      4853.40      98.6189      4.56251
      4854.80      101.225      4.47511
      4856.20      93.7154      4.35841
      4857.60      93.4468      4.27521
      4859.00      92.3644      4.21506
      4860.40      86.7601      4.06233
      4861.80      84.6854      4.06928
      4863.20      62.7572      3.51279
      4864.60      51.6227      3.07153
      4866.00      63.8106      3.48543
      4867.40      83.8548      4.09931
      4868.80      86.9169      4.24783
      4870.20      95.9672      4.45909
      4871.60      97.0214      4.37808
      4873.00      93.8199      4.41665
      4874.40      96.0185      4.47169
      4875.80      97.6024      4.51443
      4877.20      98.5479      4.42198
      4878.60      97.3599      4.54854
      4880.00      97.2216      4.50900
      4881.40      99.8443      4.72957
      4882.80      100.273      4.78692
      4884.20      104.105      4.88409
      4885.60      96.4803      4.47798
      4887.00      96.3807      4.50393
      4888.40      100.176      4.52401
      4889.80      100.562      4.68703
      4891.20      101.791      4.83346
      4892.60      101.676      4.61647
      4894.00      96.8774      4.59366
      4895.40      99.8503      4.68934
      4896.80      100.358      4.63455
      4898.20      101.523      4.60328
      4899.60      106.894      4.85955
      4901.00      103.723      4.84891
      4902.40      102.891      4.77149
      4903.80      103.734      4.77374
      4905.20      103.577      4.74861
      4906.60      106.286      4.93950
      4908.00      104.114      4.91367
      4909.40      100.434      4.80442
      4910.80      101.516      4.66101
      4912.20      101.548      4.71713
      4913.60      104.146      4.78319
      4915.00      103.031      4.74504
      4916.40      106.861      4.78986
      4917.80      101.810      4.90063
      4919.20      105.330      4.78448
      4920.60      100.858      4.66661
      4922.00      103.211      4.49837
      4923.40      97.8450      4.49127
      4924.80      96.8720      4.48774
      4926.20      96.0560      4.48413
      4927.60      96.3041      4.47949
      4929.00      100.897      4.48045
      4930.40      102.467      4.70690
      4931.80      101.500      4.65900
      4933.20      103.095      4.56630
      4934.60      104.422      4.66967
      4936.00      100.122      4.46549
      4937.40      100.075      4.64425
      4938.80      102.950      4.84671
      4940.20      100.672      4.66961
      4941.60      105.508      4.77433
      4943.00      104.271      4.72859
      4944.40      103.018      4.64530
      4945.80      103.633      4.58283
      4947.20      102.722      4.56302
      4948.60      101.655      4.66320
      4950.00      98.4057      4.53169
      4951.40      100.747      4.46374
      4952.80      104.072      4.60296
      4954.20      100.710      4.50409
      4955.60      104.391      4.65107
      4957.00      100.512      4.41077
      4958.40      105.833      4.67404
      4959.80      99.7353      4.46539
      4961.20      95.2958      4.31380
      4962.60      101.303      4.49773
      4964.00      100.895      4.45031
      4965.40      104.804      4.73526
      4966.80      102.303      4.69547
      4968.20      102.061      4.65962
      4969.60      102.181      4.53804
      4971.00      102.105      4.56156
      4972.40      102.374      4.45363
      4973.80      104.474      4.51916
      4975.20      105.182      4.54781
      4976.60      99.4689      4.53121
      4978.00      107.175      4.70724
      4979.40      101.838      4.51443
      4980.80      101.933      4.43582
      4982.20      104.050      4.58451
      4983.60      97.8808      4.49843
      4985.00      98.1173      4.40894
      4986.40      96.4899      4.39439
      4987.80      95.7403      4.32391
      4989.20      101.276      4.50126
      4990.60      101.680      4.54530
      4992.00      100.122      4.39482
      4993.40      101.217      4.49897
      4994.80      97.9188      4.56258
      4996.20      97.5587      4.39112
      4997.60      99.8992      4.48054
      4999.00      102.086      4.51249
