      3900.00      36.5917      5.43326
      3901.40      42.2425      5.71798
      3902.80      41.1333      5.52250
      3904.20      40.4418      5.60205
      3905.60      42.4838      5.63218
      3907.00      47.5421      5.71835
      3908.40      43.4097      5.67688
      3909.80      54.2732      6.17894
      3911.20      43.2472      5.95701
      3912.60      49.0060      5.89075
      3914.00      45.6076      5.68554
      3915.40      34.5670      5.23305
      3916.80      51.1491      5.71880
      3918.20      44.9706      5.35955
      3919.60      37.8602      5.25009
      3921.00      49.4547      5.47698
      3922.40      36.1000      5.05021
      3923.80      56.0967      5.94350
      3925.20      47.5878      5.46954
      3926.60      43.8501      5.34434
      3928.00      38.7427      5.09582
      3929.40      36.3780      4.70941
      3930.80      22.4468      4.07509
      3932.20      20.7043      4.09767
      3933.60      10.5361      3.67112
      3935.00      25.6732      4.00252
      3936.40      39.0881      4.59416
      3937.80      37.5887      4.74290
      3939.20      54.5331      5.42380
      3940.60      44.7727      5.39662
      3942.00      40.4761      5.25970
      3943.40      48.7016      5.86850
      3944.80      47.7062      5.99871
      3946.20      54.9398      5.90321
      3947.60      46.4076      5.91047
      3949.00      47.7021      6.23441
      3950.40      42.0904      6.38183
      3951.80      43.8749      6.45124
      3953.20      51.4510      6.95823
      3954.60      46.3924      6.58043
      3956.00      42.3285      6.24950
      3957.40      43.8266      5.74194
      3958.80      50.8304      5.81218
      3960.20      41.6114      5.42051
      3961.60      40.4511      5.15527
      3963.00      34.8539      4.72114
      3964.40      35.1122      4.66004
      3965.80      31.9852      4.41461
      3967.20      21.0728      3.88954
      3968.60      13.3347      3.64367
      3970.00      19.2398      4.00765
      3971.40      24.6517      4.13309
      3972.80      37.9379      4.38023
      3974.20      31.8121      4.26847
      3975.60      36.4312      4.60389
      3977.00      41.5292      4.60204
      3978.40      43.5477      4.76596
      3979.80      39.2545      4.93810
      3981.20      44.8967      4.86829
      3982.60      45.5235      4.94927
      3984.00      43.2160      4.81748
      3985.40      47.2347      4.85818
      3986.80      46.0659      5.01082
      3988.20      45.3813      4.91053
      3989.60      37.2561      4.71996
      3991.00      47.8935      4.72069
      3992.40      51.5717      4.85597
      3993.80      45.1178      4.79213
      3995.20      44.0747      4.81167
      3996.60      48.5343      4.98779
      3998.00      40.9119      4.52626
      3999.40      40.8860      4.59780
      4000.80      52.0130      5.15399
      4002.20      47.7747      5.20688
      4003.60      41.5217      5.04008
      4005.00      44.0378      4.77595
      4006.40      47.4938      4.76807
      4007.80      48.3239      4.92792
      4009.20      50.1775      5.08811
      4010.60      50.3092      4.97992
      4012.00      51.1930      5.12399
      4013.40      61.1271      5.32290
      4014.80      46.5580      5.04207
      4016.20      50.0782      4.88385
      4017.60      47.6621      4.89197
      4019.00      53.6710      5.33737
      4020.40      43.2803      5.67353
      4021.80      45.5736      5.39327
      4023.20      48.0139      4.93645
      4024.60      49.0848      4.91140
      4026.00      47.7519      4.99070
      4027.40      47.0091      5.02043
      4028.80      51.9120      5.28820
      4030.20      43.2339      4.97132
      4031.60      38.6534      4.69271
      4033.00      49.6936      4.85200
      4034.40      46.6156      4.87680
      4035.80      55.8173      5.22693
      4037.20      49.9445      5.13979
      4038.60      55.0409      5.33686
      4040.00      52.2156      5.24872
      4041.40      47.5195      5.21462
      4042.80      48.9126      5.69542
      4044.20      43.1233      5.81616
      4045.60      44.7732      5.28128
      4047.00      45.7665      5.35803
      4048.40      48.2335      5.41956
      4049.80      48.3583      5.26400
      4051.20      49.9376      5.29121
      4052.60      46.0986      5.17758
      4054.00      48.8499      5.40041
      4055.40      51.5251      5.34466
      4056.80      45.0277      5.04238
      4058.20      47.7227      4.94172
      4059.60      49.5712      5.09232
      4061.00      41.0007      4.92586
      4062.40      41.7853      4.42708
      4063.80      46.4102      4.84151
      4065.20      44.1077      4.72863
      4066.60      49.9685      4.93096
      4068.00      44.4926      4.78808
      4069.40      50.4426      5.10682
      4070.80      48.1141      4.92300
      4072.20      40.3547      4.57235
      4073.60      48.1528      4.62178
      4075.00      43.2633      4.51589
      4076.40      44.4762      4.46722
      4077.80      39.0007      4.55966
      4079.20      44.7576      4.80030
      4080.60      46.9922      4.75250
      4082.00      47.8994      4.69221
      4083.40      40.5529      4.49338
      4084.80      42.5224      4.85063
      4086.20      45.6080      4.47218
      4087.60      45.4491      4.77614
      4089.00      43.5843      4.60796
      4090.40      45.1063      4.64712
      4091.80      43.1523      4.75284
      4093.20      51.7945      4.79602
      4094.60      43.6006      4.54831
      4096.00      43.7739      4.45723
      4097.40      38.7755      4.27629
      4098.80      38.7665      5.99875
      4100.20      31.0683      4.24848
      4101.60      23.3764      3.66245
      4103.00      30.9083      3.95043
      4104.40      42.1124      4.63973
      4105.80      36.9168      5.15072
      4107.20      40.0618      4.66539
      4108.60      39.7161      4.54981
      4110.00      43.4888      4.41790
      4111.40      43.7338      4.72784
      4112.80      44.8796      4.57274
      4114.20      37.9419      4.39878
      4115.60      44.9346      4.60236
      4117.00      43.1918      4.52878
      4118.40      41.9814      4.66970
      4119.80      48.0986      4.72717
      4121.20      40.5395      4.66566
      4122.60      44.6487      4.51467
      4124.00      44.8942      4.51544
      4125.40      44.6436      4.56123
      4126.80      44.7714      5.02434
      4128.20      41.7061      5.07368
      4129.60      45.7316      5.00488
      4131.00      39.5110      4.37488
      4132.40      42.6634      4.42622
      4133.80      43.7177      4.37362
      4135.20      54.5032      4.55670
      4136.60      43.5056      4.30265
      4138.00      46.2634      4.46473
      4139.40      47.2234      4.42526
      4140.80      49.0051      4.36586
      4142.20      42.1863      4.21701
      4143.60      42.1909      4.16554
      4145.00      46.0422      4.13385
      4146.40      45.4588      4.28173
      4147.80      47.5560      4.34339
      4149.20      41.6034      4.16333
      4150.60      45.1578      4.10110
      4152.00      46.1350      4.10546
      4153.40      45.2285      4.15092
      4154.80      38.1977      4.00217
      4156.20      45.0813      4.25753
      4157.60      42.9244      4.15746
      4159.00      41.4674      4.42412
      4160.40      47.2328      4.50181
      4161.80      44.4749      4.23253
      4163.20      43.4463      4.20779
      4164.60      44.4113      4.12148
      4166.00      38.1030      3.89999
      4167.40      44.4985      4.20825
      4168.80      42.3903      4.12275
      4170.20      44.1943      4.10027
      4171.60      45.4899      4.15261
      4173.00      44.2904      4.08517
      4174.40      37.2188      3.86302
      4175.80      42.3145      4.07726
      4177.20      40.7826      3.95844
      4178.60      43.2846      4.26920
      4180.00      47.5690      4.17475
      4181.40      45.2815      4.30116
      4182.80      45.5714      4.49314
      4184.20      47.0165      4.51693
      4185.60      46.3366      4.21893
      4187.00      41.0218      3.93660
      4188.40      45.1773      3.92170
      4189.80      53.1724      4.38915
      4191.20      43.6357      4.41010
      4192.60      48.9169      4.57081
      4194.00      46.2250      4.28338
      4195.40      41.8582      3.95737
      4196.80      46.7296      4.05493
      4198.20      44.1862      3.93477
      4199.60      45.1422      4.10924
      4201.00      42.4605      4.13596
      4202.40      41.2201      3.93238
      4203.80      41.7241      4.00768
      4205.20      42.7345      4.27342
      4206.60      47.4342      4.86902
      4208.00      44.5283      4.91146
      4209.40      41.0973      4.54608
      4210.80      41.1943      3.80362
      4212.20      45.9558      3.90473
      4213.60      49.3903      4.06124
      4215.00      40.2742      3.77511
      4216.40      40.5726      3.90932
      4217.80      46.5013      4.24745
      4219.20      46.2292      4.24229
      4220.60      43.3371      4.09797
      4222.00      42.4885      4.14313
      4223.40      40.9867      3.99062
      4224.80      42.9077      3.92586
      4226.20      35.0627      3.61920
      4227.60      38.4352      3.63089
      4229.00      46.8405      3.98621
      4230.40      43.1626      4.17844
      4231.80      45.5100      4.17608
      4233.20      39.4494      4.17444
      4234.60      38.4661      4.17048
      4236.00      39.6877      3.67821
      4237.40      42.3206      3.75150
      4238.80      43.6452      3.93024
      4240.20      40.6219      4.32325
      4241.60      46.1279      4.23582
      4243.00      45.7807      3.85333
      4244.40      42.4732      3.70053
      4245.80      40.4699      3.83046
      4247.20      42.3301      3.98214
      4248.60      43.7699      3.77587
      4250.00      41.4587      3.68580
      4251.40      47.3137      3.84524
      4252.80      38.6472      3.78433
      4254.20      38.5686      3.78699
      4255.60      41.9496      3.83670
      4257.00      45.4919      3.86859
      4258.40      44.6842      3.78237
      4259.80      43.9882      3.72329
      4261.20      40.7815      3.62505
      4262.60      43.9116      3.70861
      4264.00      46.1030      3.85686
      4265.40      40.6088      3.78353
      4266.80      43.6081      3.88720
      4268.20      42.0057      3.65168
      4269.60      43.1322      3.69347
      4271.00      37.4541      3.59410
      4272.40      40.4901      3.62394
      4273.80      40.7502      3.85741
      4275.20      41.0521      3.78474
      4276.60      43.3969      3.86740
      4278.00      41.4946      3.66762
      4279.40      41.1095      3.67173
      4280.80      40.2766      3.73155
      4282.20      44.9532      3.90405
      4283.60      40.5607      3.53782
      4285.00      40.1640      3.58450
      4286.40      42.3764      3.67300
      4287.80      40.1274      3.69853
      4289.20      37.1375      3.49402
      4290.60      35.3960      3.31123
      4292.00      41.5348      3.44470
      4293.40      38.5006      3.47773
      4294.80      37.1819      3.54971
      4296.20      32.6198      3.70285
      4297.60      35.5078      3.29157
      4299.00      34.3044      3.19223
      4300.40      37.4489      3.33632
      4301.80      36.0310      3.29037
      4303.20      33.9876      3.09531
      4304.60      33.0157      3.08351
      4306.00      36.2291      3.34842
      4307.40      34.8922      3.40782
      4308.80      34.2092      3.30507
      4310.20      38.6828      3.50216
      4311.60      40.5715      3.55524
      4313.00      37.8989      3.33820
      4314.40      36.7774      3.48706
      4315.80      42.5085      3.65510
      4317.20      39.4379      3.82704
      4318.60      40.6022      3.58754
      4320.00      38.8772      3.55143
      4321.40      41.0334      3.50330
      4322.80      41.8352      3.63951
      4324.20      36.8960      3.40132
      4325.60      36.3635      3.22105
      4327.00      39.0146      3.36700
      4328.40      43.4326      3.58827
      4329.80      35.9834      3.30055
      4331.20      37.1013      3.30162
      4332.60      33.7008      3.33706
      4334.00      36.7565      3.46378
      4335.40      37.8710      3.46542
      4336.80      28.0659      3.08411
      4338.20      27.0662      3.05182
      4339.60      22.5237      2.79089
      4341.00      25.8812      2.96242
      4342.40      32.2949      3.16089
      4343.80      37.9441      3.22105
      4345.20      33.7104      3.30716
      4346.60      38.1927      3.27478
      4348.00      35.6532      3.71889
      4349.40      42.7782      3.90993
      4350.80      34.6433      3.55131
      4352.20      37.3765      3.30604
      4353.60      37.0094      3.27936
      4355.00      41.4232      3.41924
      4356.40      37.4935      3.35243
      4357.80      38.8996      3.91664
      4359.20      38.7429      5.39095
      4360.60      44.6147      4.65703
      4362.00      42.3367      3.78443
      4363.40      38.6804      3.43665
      4364.80      42.7225      3.89802
      4366.20      41.4629      3.97646
      4367.60      41.1234      3.63440
      4369.00      41.0375      3.60199
      4370.40      40.1904      3.49128
      4371.80      42.9432      3.54063
      4373.20      46.5368      3.97694
      4374.60      34.9924      3.67290
      4376.00      43.3574      3.67797
      4377.40      38.3110      3.50059
      4378.80      41.9935      3.57692
      4380.20      45.6445      3.57361
      4381.60      39.4763      3.42989
      4383.00      39.2641          Inf
      4384.40      39.0520      3.29461
      4385.80      38.5493      3.31447
      4387.20      43.3685      3.34020
      4388.60      42.2643      3.56820
      4390.00      39.7393      3.27113
      4391.40      40.2072      3.34553
      4392.80      42.7258      3.32988
      4394.20      37.1852      3.29378
      4395.60      39.7410      3.27062
      4397.00      39.6237      3.29628
      4398.40      41.7064      3.47362
      4399.80      36.8114      3.27655
      4401.20      39.3241      3.50375
      4402.60      43.1417      3.91617
      4404.00      41.2405      3.59156
      4405.40      40.2999      3.36562
      4406.80      41.0782      3.47614
      4408.20      42.4368      3.53692
      4409.60      40.0273      3.48420
      4411.00      41.7235      3.50480
      4412.40      43.9038      3.48552
      4413.80      37.9275      3.41699
      4415.20      37.8750      3.37601
      4416.60      39.3962      3.35529
      4418.00      42.4586      3.37374
      4419.40      44.5286      3.51069
      4420.80      43.5368      3.68801
      4422.20      39.7952      3.70022
      4423.60      43.3749      3.40867
      4425.00      43.8586      3.45111
      4426.40      41.6150      3.38292
      4427.80      40.3334      3.43522
      4429.20      40.3382      3.51193
      4430.60      42.2729      3.48108
      4432.00      44.2287      3.43106
      4433.40      41.6067      3.45625
      4434.80      39.6486      3.58137
      4436.20      39.1653      3.53792
      4437.60      43.8155      3.36839
      4439.00      41.0543      3.31929
      4440.40      42.9997      3.37968
      4441.80      43.0178      3.30965
      4443.20      35.2524      3.27664
      4444.60      39.4607      3.53343
      4446.00      43.5888      3.69110
      4447.40      41.3838      3.43164
      4448.80      38.4264      3.21769
      4450.20      38.0616      3.19630
      4451.60      39.3084      3.23139
      4453.00      41.1132      3.33576
      4454.40      35.9400      3.07450
      4455.80      35.7593      3.10104
      4457.20      42.1504      3.24573
      4458.60      39.8841      3.23133
      4460.00      41.0466      3.24149
      4461.40      38.6655      3.18254
      4462.80      42.2801      3.21555
      4464.20      45.0773      3.34603
      4465.60      40.9065      3.20274
      4467.00      36.6193      3.08571
      4468.40      36.1575      3.12258
      4469.80      42.1532      3.16367
      4471.20      39.3785      3.15475
      4472.60      40.2424      3.22175
      4474.00      42.2529      3.27354
      4475.40      40.2040      3.30386
      4476.80      42.6722      3.27095
      4478.20      41.6013      3.30084
      4479.60      38.2326      3.20927
      4481.00      37.4630      3.25706
      4482.40      41.0596      3.26401
      4483.80      37.7881      3.13255
      4485.20      38.8470      3.19235
      4486.60      39.2189      3.15756
      4488.00      42.1471      3.22417
      4489.40      38.8003      3.17470
      4490.80      40.4226      3.13455
      4492.20      42.7623      3.26891
      4493.60      44.2278      3.27274
      4495.00      41.5368      3.14730
      4496.40      40.6323      3.13711
      4497.80      42.1484      3.16839
      4499.20      39.5286      3.24233
      4500.60      39.2745      3.53854
      4502.00      44.0870      3.63687
      4503.40      42.2930      3.53396
      4504.80      40.2948      3.18447
      4506.20      40.9032      3.21117
      4507.60      37.5550      3.05376
      4509.00      40.3538      3.13513
      4510.40      40.7621      3.14324
      4511.80      45.1655      3.28915
      4513.20      39.5310      3.33431
      4514.60      40.3656      3.21567
      4516.00      41.2557      3.16150
      4517.40      43.9324      3.30972
      4518.80      41.0607      3.45382
      4520.20      43.5778      3.55712
      4521.60      35.5448      3.33845
      4523.00      39.9884      3.26963
      4524.40      38.9951      3.19472
      4525.80      41.0970      3.21326
      4527.20      38.5574      3.15679
      4528.60      38.8452      3.15667
      4530.00      40.6775      3.11728
      4531.40      40.0362      3.19046
      4532.80      38.2755      3.20010
      4534.20      38.2875      3.16418
      4535.60      40.6304      3.45009
      4537.00      38.0092      3.36305
      4538.40      43.4007      3.32114
      4539.80      40.0424      3.22551
      4541.20      40.9290      3.12250
      4542.60      42.1324      3.22762
      4544.00      41.6271      3.37175
      4545.40      42.2635      3.27626
      4546.80      42.3323      3.19819
      4548.20      39.1870      3.23455
      4549.60      37.7528      3.12818
      4551.00      36.8174      2.97150
      4552.40      37.8338      3.05901
      4553.80      34.4051      3.05087
      4555.20      40.3577      3.21289
      4556.60      37.5917      2.96772
      4558.00      39.6996      3.08992
      4559.40      41.8814      3.28416
      4560.80      37.7794      3.21278
      4562.20      36.7984      3.09605
      4563.60      38.3414      3.01196
      4565.00      42.2366      3.25080
      4566.40      40.3233      3.11498
      4567.80      38.5978      3.13077
      4569.20      43.7648      3.20119
      4570.60      41.7875      3.11352
      4572.00      39.2224      3.07462
      4573.40      43.0423      3.18765
      4574.80      40.4100      3.07181
      4576.20      41.0967      3.12599
      4577.60      42.3842      3.10913
      4579.00      37.8475      2.97455
      4580.40      38.8150      2.98920
      4581.80      38.3699      3.16412
      4583.20      38.3760      3.09810
      4584.60      39.5033      3.05304
      4586.00      41.1898      3.00448
      4587.40      38.4385      2.99984
      4588.80      40.6449      3.09120
      4590.20      41.7024      3.13342
      4591.60      41.2360      3.25723
      4593.00      39.4421      3.24791
      4594.40      39.8997      3.07614
      4595.80      40.0976      3.00104
      4597.20      44.3699      3.20358
      4598.60      40.2281      3.02206
      4600.00      39.0143      2.99441
      4601.40      40.6581      3.02100
      4602.80      41.4680      3.09813
      4604.20      41.0837      3.05597
      4605.60      37.9121      2.99078
      4607.00      41.2277      3.02451
      4608.40      41.9680      3.12270
      4609.80      41.0211      3.02280
      4611.20      39.8198      3.07339
      4612.60      40.5736      3.16137
      4614.00      40.5802      3.31942
      4615.40      42.0098      3.31694
      4616.80      39.0906      3.03307
      4618.20      38.0870      2.96955
      4619.60      38.8911      2.89020
      4621.00      37.9281      2.98702
      4622.40      38.1472      3.12012
      4623.80      40.2372      3.08302
      4625.20      43.9949      3.12494
      4626.60      43.6507      3.11017
      4628.00      39.7489      2.96685
      4629.40      35.3828      2.85842
      4630.80      38.6784      3.18409
      4632.20      40.8181      3.28601
      4633.60      41.8084      3.13218
      4635.00      39.7093      2.97599
      4636.40      40.6472      3.06138
      4637.80      43.6151      3.07774
      4639.20      40.0263      3.18719
      4640.60      42.9731      3.24443
      4642.00      43.5616      3.10485
      4643.40      39.2623      3.00503
      4644.80      40.1741      2.98094
      4646.20      39.9546      3.10551
      4647.60      42.6853      3.20032
      4649.00      38.3516      2.97056
      4650.40      40.8850      2.95586
      4651.80      40.5700      2.92014
      4653.20      42.6420      3.24216
      4654.60      41.3442      3.38679
      4656.00      37.7881      3.10785
      4657.40      40.9387      3.20221
      4658.80      40.1029      3.08735
      4660.20      38.2637      3.03833
      4661.60      38.5255      2.87668
      4663.00      42.9240      3.06915
      4664.40      39.5516      2.89166
      4665.80      37.0708      2.95057
      4667.20      40.1946      3.18247
      4668.60      38.8071      3.08661
      4670.00      39.7218      2.95701
      4671.40      39.7605      2.92949
      4672.80      41.3703      2.98458
      4674.20      37.8545      2.99132
      4675.60      41.7497      2.98474
      4677.00      38.5407      2.96836
      4678.40      40.7452      3.00322
      4679.80      40.3154      2.91840
      4681.20      36.2798      2.81570
      4682.60      41.9433      2.95000
      4684.00      41.0669      3.02438
      4685.40      41.7357      2.99303
      4686.80      40.0273      3.38245
      4688.20      39.7780      3.29310
      4689.60      38.1471      3.04654
      4691.00      42.2339      3.10515
      4692.40      41.3520      3.02352
      4693.80      42.5734      3.09188
      4695.20      39.1469      3.04381
      4696.60      39.9408      2.95038
      4698.00      39.8339      3.43641
      4699.40      39.4438      3.27857
      4700.80      44.1484      3.03010
      4702.20      39.0237      2.92076
      4703.60      39.0594      2.87218
      4705.00      41.7484      2.99273
      4706.40      38.8134      3.02116
      4707.80      39.7427      3.02097
      4709.20      40.7045      2.99001
      4710.60      38.5224      2.88013
      4712.00      42.3442      3.08314
      4713.40      37.9571      2.96608
      4714.80      40.0224      2.90102
      4716.20      36.7083      2.77903
      4717.60      37.9708      2.83992
      4719.00      40.6251      2.97764
      4720.40      42.3196      2.96225
      4721.80      41.7833      2.90449
      4723.20      36.1276      2.78203
      4724.60      35.5863      2.79946
      4726.00      40.1429      2.81905
      4727.40      40.8470      2.88794
      4728.80      39.3113      2.72323
      4730.20      40.4234      2.93120
      4731.60      40.0538      2.86990
      4733.00      42.7724      2.99519
      4734.40      40.8949      2.95837
      4735.80      37.8791      2.86144
      4737.20      40.1517      2.87148
      4738.60      37.1714      2.84146
      4740.00      41.3292      2.89362
      4741.40      41.2875      3.10735
      4742.80      38.8197      3.17754
      4744.20      37.0417      2.90131
      4745.60      38.9040      2.79872
      4747.00      39.8397      2.86760
      4748.40      39.6634      2.89986
      4749.80      38.9610      2.84502
      4751.20      43.1451      2.95903
      4752.60      37.9115      3.03633
      4754.00      43.8958      3.16453
      4755.40      37.5593      3.02544
      4756.80      40.7011      2.88314
      4758.20      41.2444      2.86458
      4759.60      39.2781      2.78919
      4761.00      37.1911      2.77921
      4762.40      40.1822      2.79205
      4763.80      39.2541      2.80272
      4765.20      41.7944      2.84977
      4766.60      38.3355      2.86906
      4768.00      40.3969      2.83978
      4769.40      40.0890      2.79711
      4770.80      39.3851      2.83514
      4772.20      42.3141      3.09870
      4773.60      39.0973      3.02495
      4775.00      36.8489      2.64234
      4776.40      38.4239      2.77691
      4777.80      39.9245      2.83844
      4779.20      40.0007      2.88136
      4780.60      41.1702      2.86015
      4782.00      40.1295      2.72468
      4783.40      38.9527      2.77147
      4784.80      38.1806      2.75811
      4786.20      39.6484      2.81387
      4787.60      37.0568      2.67889
      4789.00      42.0585      2.79006
      4790.40      40.3075      2.79732
      4791.80      38.1969      2.68304
      4793.20      36.8887      2.76725
      4794.60      38.5749      3.05016
      4796.00      40.7740      3.16707
      4797.40      39.2248      2.82128
      4798.80      34.1401      2.64082
      4800.20      37.8245      2.75803
      4801.60      41.2074      2.98038
      4803.00      42.2863      3.09131
      4804.40      41.8896      2.93827
      4805.80      40.2490      2.81774
      4807.20      38.1553      2.73648
      4808.60      36.3805      2.69570
      4810.00      36.4159      2.80554
      4811.40      39.2175      2.81486
      4812.80      41.0137      2.78555
      4814.20      37.8822      2.65498
      4815.60      36.4669      2.75509
      4817.00      39.4645      2.88758
      4818.40      37.7214      2.71460
      4819.80      38.6002      2.76876
      4821.20      42.8573      2.92155
      4822.60      37.7827      3.11932
      4824.00      39.3155      2.92067
      4825.40      35.7246      2.76747
      4826.80      40.1328      2.85957
      4828.20      39.3721      3.08247
      4829.60      37.1148      2.94968
      4831.00      39.1180      2.82453
      4832.40      38.1818      2.91457
      4833.80      39.4328      2.86184
      4835.20      40.5929      2.98636
      4836.60      37.3496      3.13718
      4838.00      36.9131      2.95332
      4839.40      37.5926      2.80099
      4840.80      37.9450      2.70986
      4842.20      40.0632      2.86451
      4843.60      40.0376      2.90160
      4845.00      38.1022      2.83615
      4846.40      37.4992      2.84637
      4847.80      37.0341      2.94091
      4849.20      34.3825      2.91746
      4850.60      38.4410      2.89100
      4852.00      37.9589      3.05960
      4853.40      34.4379      3.05143
      4854.80      32.5259      2.83979
      4856.20      33.3388      2.55757
      4857.60      31.6052      2.54069
      4859.00      24.7121      2.29839
      4860.40      19.6393      2.22044
      4861.80      23.0059      2.28005
      4863.20      28.7840      2.33120
      4864.60      32.8946      2.44968
      4866.00      34.0251      2.48860
      4867.40      34.4441      2.64017
      4868.80      35.0387      2.63981
      4870.20      34.4843      2.53344
      4871.60      33.2102      2.52953
      4873.00      34.2655      2.42476
      4874.40      37.8950      2.68796
      4875.80      34.7401      2.55924
      4877.20      34.2333      2.53759
      4878.60      37.0133      2.64319
      4880.00      37.3927      2.66612
      4881.40      36.9291      2.86369
      4882.80      33.6840      2.67290
      4884.20      35.9432      2.58323
      4885.60      39.9379      2.70367
      4887.00      36.6722      2.56489
      4888.40      37.2660      2.75188
      4889.80      33.2059      2.72214
      4891.20      34.5448      2.64859
      4892.60      35.9605      2.69572
      4894.00      35.7577      2.67684
      4895.40      36.9241      2.66163
      4896.80      34.6017      2.60513
      4898.20      36.8371      2.60307
      4899.60      35.9436      2.54053
      4901.00      37.5788      2.50973
      4902.40      39.7966      2.68834
      4903.80      35.2309      2.53786
      4905.20      40.6786      2.62960
      4906.60      35.5994      2.54888
      4908.00      38.3171      2.70156
      4909.40      35.4179      2.57449
      4910.80      38.3657      2.68690
      4912.20      36.6500      2.76110
      4913.60      36.4085      2.76192
      4915.00      36.1059      2.74724
      4916.40      36.9331      2.53750
      4917.80      37.2652      2.50296
      4919.20      34.8809      2.42646
      4920.60      35.4971      2.73868
      4922.00      33.0905      2.94160
      4923.40      33.0750      2.72033
      4924.80      34.1116      2.61841
      4926.20      39.1188      2.87287
      4927.60      37.6062      2.98661
      4929.00      38.4900      2.71322
      4930.40      38.5588      2.64516
      4931.80      35.4519      2.84643
      4933.20      34.2851      2.98109
      4934.60      36.0447      2.65707
      4936.00      35.1712      2.52307
      4937.40      37.1881      2.57362
      4938.80      37.8706      2.70014
      4940.20      36.4959      2.61789
      4941.60      40.3171      2.64956
      4943.00      39.9479      2.64842
      4944.40      38.4898      2.67387
      4945.80      38.9463      2.64203
      4947.20      38.3431      2.58400
      4948.60      37.8353      2.55615
      4950.00      38.9424      2.64060
      4951.40      36.9643      2.74678
      4952.80      38.3152      3.02045
      4954.20      38.0260      2.99345
      4955.60      36.0563      2.83371
      4957.00      36.2379      2.48826
      4958.40      37.5152      2.53866
      4959.80      37.9185      2.63891
      4961.20      37.2253      2.51041
      4962.60      36.7167      2.50820
      4964.00      38.3297      2.68942
      4965.40      37.7056      2.56143
      4966.80      37.1822      2.59318
      4968.20      38.9165      2.56898
      4969.60      37.5458      2.54340
      4971.00      35.7002      2.50983
      4972.40      39.7274      2.67636
      4973.80      37.1514      2.59044
      4975.20      39.2068      2.67603
      4976.60      38.5957      2.63561
      4978.00      37.6185      2.60006
      4979.40      39.1999      2.65198
      4980.80      37.3437      2.86701
      4982.20      36.6257      3.12483
      4983.60      35.3618      2.94363
      4985.00      34.1720      2.65563
      4986.40      35.7925      2.45519
      4987.80      39.0352      2.67905
      4989.20      37.8440      2.66699
      4990.60      36.1535      2.57986
      4992.00      36.9459      2.48525
      4993.40      37.4626      2.57471
      4994.80      37.2253      2.55338
      4996.20      37.3120      2.54336
      4997.60      38.2882      2.61283
      4999.00      38.1946      2.65646
