      3900.00      42.3044      5.68530
      3901.40      45.2696      5.96169
      3902.80      48.8948      6.06055
      3904.20      53.2150      6.36264
      3905.60      57.9986      6.32061
      3907.00      54.3814      6.30688
      3908.40      61.9836      6.22313
      3909.80      57.6455      5.80631
      3911.20      62.5709      5.72105
      3912.60      55.8880      6.10965
      3914.00      67.3911      6.10918
      3915.40      56.4857      6.02896
      3916.80      60.4592      5.75874
      3918.20      58.9078      5.81220
      3919.60      63.8353      5.88265
      3921.00      57.8556      5.61540
      3922.40      67.6956      5.93986
      3923.80      53.6367      5.53784
      3925.20      56.1192      5.90373
      3926.60      60.7024      6.07161
      3928.00      47.7017      5.63865
      3929.40      49.5173      5.37158
      3930.80      43.4750      4.80986
      3932.20      33.3725      4.28024
      3933.60      16.0684      3.56072
      3935.00      21.2539      3.80941
      3936.40      35.4316      4.54905
      3937.80      51.4204      5.34467
      3939.20      56.4174      5.63311
      3940.60      55.6193      5.42238
      3942.00      59.6652      5.66255
      3943.40      58.8025      5.70504
      3944.80      59.0174      5.87143
      3946.20      63.7232      5.95528
      3947.60      56.1964      5.42159
      3949.00      53.4050      5.47218
      3950.40      62.4372      5.43289
      3951.80      52.5090      5.17868
      3953.20      61.2310      5.32315
      3954.60      51.0744      5.04172
      3956.00      56.9976      5.43073
      3957.40      57.2483      5.59383
      3958.80      57.1748      5.86941
      3960.20      57.8703      5.81417
      3961.60      50.5451      5.43351
      3963.00      47.0275      4.75017
      3964.40      46.1352      4.76078
      3965.80      41.5406      4.70772
      3967.20      33.7296      4.84862
      3968.60      16.6231      4.27497
      3970.00      18.1459      4.15606
      3971.40      24.6851      3.99389
      3972.80      37.8957      4.38194
      3974.20      47.7588      4.67627
      3975.60      43.8721      4.81139
      3977.00      44.8342      4.74789
      3978.40      46.5510      4.93122
      3979.80      56.6024      5.22347
      3981.20      55.3044      4.95497
      3982.60      59.0587      5.16388
      3984.00      59.5675      5.34013
      3985.40      54.8601      5.38405
      3986.80      58.2311      5.15683
      3988.20      53.4347      4.93289
      3989.60      57.0525      5.31133
      3991.00      62.6483      5.22488
      3992.40      59.0944      5.32428
      3993.80      62.4214      5.48083
      3995.20      63.3353      5.49948
      3996.60      55.5602      5.02217
      3998.00      57.2279      4.91943
      3999.40      58.3021      5.10801
      4000.80      66.7613      5.25982
      4002.20      52.9989      5.08390
      4003.60      60.8454      5.37643
      4005.00      55.6985      5.13676
      4006.40      53.9206      4.88501
      4007.80      58.5149      4.95636
      4009.20      60.0456      5.05790
      4010.60      64.0957      5.00786
      4012.00      61.4283      5.21256
      4013.40      60.9790      5.20800
      4014.80      57.6123      5.27437
      4016.20      59.0461      5.12782
      4017.60      63.3119      5.14647
      4019.00      62.5314      5.10527
      4020.40      59.8398      5.09008
      4021.80      73.9094      5.33337
      4023.20      57.3393      5.00581
      4024.60      61.8120      5.33535
      4026.00      61.2771      5.19288
      4027.40      70.6677      5.42142
      4028.80      56.0808      5.25009
      4030.20      57.8375      5.02508
      4031.60      65.6034      5.21698
      4033.00      57.7992      4.89209
      4034.40      56.7169      4.90117
      4035.80      62.6455      5.13238
      4037.20      66.3933      5.24915
      4038.60      63.5147      5.42376
      4040.00      63.6956      5.25277
      4041.40      60.1926      5.28201
      4042.80      64.0408      5.36955
      4044.20      57.3128      5.03329
      4045.60      53.2693      4.71535
      4047.00      53.1943      4.93253
      4048.40      54.5034      5.00620
      4049.80      63.5370      5.06147
      4051.20      57.8509      4.84155
      4052.60      60.1078      4.99312
      4054.00      60.1633      4.95909
      4055.40      60.8545      4.98133
      4056.80      56.7315      4.85603
      4058.20      61.3857      4.83452
      4059.60      58.6239      4.71487
      4061.00      60.9492      4.93347
      4062.40      64.6309      5.27128
      4063.80      56.4445      4.66820
      4065.20      58.7425      4.66015
      4066.60      57.8925      4.84462
      4068.00      54.4057      4.82404
      4069.40      62.6857      4.82892
      4070.80      57.2918      4.69259
      4072.20      52.0232      4.54505
      4073.60      52.8506      4.37654
      4075.00      53.2973      4.45959
      4076.40      55.3505      4.50736
      4077.80      53.8002      4.54368
      4079.20      50.8764      4.38961
      4080.60      54.1800      4.61657
      4082.00      58.3912      4.85734
      4083.40      54.2538      4.69528
      4084.80      63.9793      4.82871
      4086.20      51.3628      4.43683
      4087.60      60.1443      4.69132
      4089.00      53.6747      4.52987
      4090.40      54.3856      4.55236
      4091.80      53.6427      4.41189
      4093.20      48.4999      4.36907
      4094.60      50.1839      4.39462
      4096.00      56.9056      4.58205
      4097.40      47.6121      4.47355
      4098.80      53.3142      4.81059
      4100.20      41.5362      4.40162
      4101.60      32.2259      3.88999
      4103.00      30.2090      3.70372
      4104.40      39.0947      3.92711
      4105.80      40.1842      4.16038
      4107.20      44.3413      4.19651
      4108.60      50.1541      4.28525
      4110.00      50.7914      4.43501
      4111.40      51.7597      4.20900
      4112.80      50.3392      4.32141
      4114.20      53.8122      4.45469
      4115.60      58.0429      4.70608
      4117.00      55.3080      4.35870
      4118.40      55.2044      4.24273
      4119.80      57.2912      4.50747
      4121.20      60.6107      4.64393
      4122.60      56.7205      4.52428
      4124.00      53.7510      4.28669
      4125.40      55.5686      4.33922
      4126.80      56.3087      4.24578
      4128.20      48.9886      4.48978
      4129.60      56.5688      4.57412
      4131.00      53.7518      4.42930
      4132.40      56.3155      4.49442
      4133.80      52.4909      4.38043
      4135.20      56.2572      4.47553
      4136.60      60.7371      4.65733
      4138.00      54.5815      4.60030
      4139.40      59.7165      4.83913
      4140.80      63.0401      4.80521
      4142.20      62.3699      4.72482
      4143.60      56.7989      4.42864
      4145.00      53.1631      4.30159
      4146.40      58.3468      4.44603
      4147.80      57.7063      4.27434
      4149.20      59.0033      4.47783
      4150.60      54.1307      4.30068
      4152.00      58.0047      4.35109
      4153.40      60.1740      4.52383
      4154.80      58.3634      4.48742
      4156.20      50.7859      4.12411
      4157.60      54.2922      4.31999
      4159.00      54.3093      4.27738
      4160.40      58.9118      4.23009
      4161.80      49.1644      4.13403
      4163.20      60.1528      4.47525
      4164.60      57.2344      4.51581
      4166.00      54.1251      4.62676
      4167.40      56.5163      4.17370
      4168.80      49.8162      4.19296
      4170.20      56.5561      4.28182
      4171.60      53.7307      4.20503
      4173.00      52.5443      4.23677
      4174.40      56.7301      4.37086
      4175.80      53.7827      4.14905
      4177.20      56.2268      4.31473
      4178.60      55.7580      4.40000
      4180.00      52.6865      4.41606
      4181.40      57.3180      4.48148
      4182.80      55.4817      4.21864
      4184.20      55.3844      4.20273
      4185.60      54.0611      4.36721
      4187.00      55.1964      4.31925
      4188.40      57.4031      4.32397
      4189.80      57.0708      4.31299
      4191.20      60.2256      4.39502
      4192.60      52.3212      4.33945
      4194.00      51.9400      4.28418
      4195.40      55.1377      4.15116
      4196.80      59.1430      4.30542
      4198.20      56.0521      4.18057
      4199.60      52.3804      4.13486
      4201.00      55.9025      4.27976
      4202.40      54.8156      4.13631
      4203.80      46.8621      3.97372
      4205.20      54.9000      4.09354
      4206.60      54.8810      4.11442
      4208.00      55.3448      4.21970
      4209.40      58.8570      4.38986
      4210.80      54.8092      4.37308
      4212.20      54.4973      4.23337
      4213.60      57.3026      4.18853
      4215.00      52.1658      4.16513
      4216.40      45.7562      3.96957
      4217.80      49.4063      3.73942
      4219.20      54.2690      4.34416
      4220.60      55.3363      4.26354
      4222.00      56.0152      4.22774
      4223.40      56.9926      4.11052
      4224.80      57.3535      4.13553
      4226.20      51.4231      4.00440
      4227.60      50.0997      3.99613
      4229.00      44.0087      3.89543
      4230.40      58.2076      4.26070
      4231.80      56.4015      4.40562
      4233.20      54.3185      4.11793
      4234.60      49.6247      3.83646
      4236.00      54.4497      3.86669
      4237.40      52.3420      4.02019
      4238.80      55.1379      4.13194
      4240.20      54.6551      4.15896
      4241.60      55.6990      4.02528
      4243.00      60.0269      4.13913
      4244.40      52.5473      4.04074
      4245.80      59.7187      4.32731
      4247.20      52.0978      4.16893
      4248.60      54.5728      4.48522
      4250.00      51.2780      4.49510
      4251.40      50.7234      4.45094
      4252.80      59.6541      4.28912
      4254.20      55.6418      3.95105
      4255.60      55.0785      3.92314
      4257.00      49.5989      3.85214
      4258.40      60.4268      4.12564
      4259.80      52.0757      4.01260
      4261.20      50.4783      3.93513
      4262.60      55.5135      4.11456
      4264.00      52.0856      4.29756
      4265.40      54.8868      4.31358
      4266.80      58.8087      4.20850
      4268.20      56.9073      4.25499
      4269.60      52.8251      3.85867
      4271.00      55.1539      3.95257
      4272.40      42.3892      3.59996
      4273.80      47.6659      3.68557
      4275.20      50.3740      3.75173
      4276.60      53.3618      3.89432
      4278.00      52.1669      3.95450
      4279.40      54.0597      3.97232
      4280.80      57.9614      4.14726
      4282.20      57.0742      4.16701
      4283.60      53.0921      4.11899
      4285.00      58.5841      3.93889
      4286.40      53.9403      4.00688
      4287.80      53.3844      3.80402
      4289.20      50.9721      4.03808
      4290.60      49.7298      3.95713
      4292.00      52.2884      4.09258
      4293.40      56.7463      4.07997
      4294.80      52.8015      3.75405
      4296.20      50.7069      3.71571
      4297.60      53.6673      3.79597
      4299.00      50.6036      3.81744
      4300.40      46.9602      3.54711
      4301.80      42.1294      3.57678
      4303.20      46.3848      3.59064
      4304.60      50.5632      3.97324
      4306.00      52.5872      3.91207
      4307.40      51.4894      3.72631
      4308.80      47.0513      3.58379
      4310.20      52.5449      3.77677
      4311.60      49.7443      3.74107
      4313.00      50.6310      3.87469
      4314.40      45.0065      3.77357
      4315.80      50.6742      3.94122
      4317.20      56.6850      4.16741
      4318.60      56.4071      3.95921
      4320.00      47.5133      3.90205
      4321.40      50.7883      3.88205
      4322.80      49.7296      3.88175
      4324.20      56.1658      3.92443
      4325.60      49.4453      3.81273
      4327.00      46.9473      3.62264
      4328.40      47.6403      3.67998
      4329.80      51.5869      3.84585
      4331.20      50.6173      3.75941
      4332.60      47.1391      3.53240
      4334.00      45.3463      3.50061
      4335.40      43.5870      3.53771
      4336.80      45.8993      3.51980
      4338.20      34.9866      3.15612
      4339.60      33.4402      3.06294
      4341.00      28.8840      2.91163
      4342.40      28.5161      2.89346
      4343.80      39.5919      3.30797
      4345.20      45.3828      3.45050
      4346.60      44.7997      3.40608
      4348.00      46.0618      3.61452
      4349.40      53.0389      3.69036
      4350.80      50.5045      3.86900
      4352.20      43.7955      3.57876
      4353.60      48.0219      3.52088
      4355.00      50.7196      3.66091
      4356.40      50.0417      3.75380
      4357.80      53.9454      4.11533
      4359.20      54.9059      4.58284
      4360.60      53.7663      4.31192
      4362.00      51.6220      3.84507
      4363.40      52.3385      4.02960
      4364.80      54.4682      4.18010
      4366.20      48.2231      3.84588
      4367.60      53.0130      3.72604
      4369.00      52.8037      3.69606
      4370.40      54.0560      3.75640
      4371.80      51.5472      3.70211
      4373.20      54.3771      3.83549
      4374.60      47.8908      3.57658
      4376.00      48.1484      3.45795
      4377.40      53.9454      3.64287
      4378.80      54.0215      3.74839
      4380.20      54.4272      3.74624
      4381.60      54.0686      3.87913
      4383.00      51.9368      3.78054
      4384.40      47.3916      3.88744
      4385.80      51.0741      3.79766
      4387.20      51.2809      3.59284
      4388.60      51.1666      3.55764
      4390.00      54.9349      3.75947
      4391.40      53.1855      3.76451
      4392.80      55.7915      3.76524
      4394.20      49.5213      3.57538
      4395.60      47.7035      3.54399
      4397.00      48.6256      3.73891
      4398.40      53.1483      4.06835
      4399.80      49.0552      3.71938
      4401.20      49.5521      3.49681
      4402.60      53.7629      3.66917
      4404.00      58.6532      3.96804
      4405.40      43.4884      3.51717
      4406.80      46.6268      3.52333
      4408.20      50.8625      3.75206
      4409.60      53.2915      3.80112
      4411.00      54.8846      3.94456
      4412.40      56.6031      3.86830
      4413.80      48.1150      3.52518
      4415.20      49.2965      3.72978
      4416.60      46.6131      3.81407
      4418.00      46.6177      3.75541
      4419.40      52.7792      3.62692
      4420.80      52.4382      3.68330
      4422.20      53.6816      3.73300
      4423.60      52.7521      3.71146
      4425.00      51.6720      3.67651
      4426.40      49.7047      3.49985
      4427.80      47.7527      3.41088
      4429.20      50.9565      3.62873
      4430.60      48.7295      3.56263
      4432.00      53.8183      3.75047
      4433.40      55.4517      3.75327
      4434.80      50.0747      3.52957
      4436.20      53.7027      3.69492
      4437.60      50.8382      3.64849
      4439.00      57.3027      3.75551
      4440.40      54.4129      3.88199
      4441.80      51.8006      3.87105
      4443.20      48.4888      3.73899
      4444.60      46.9058      3.61380
      4446.00      49.2138      3.73521
      4447.40      55.2998      3.74247
      4448.80      55.8986      3.66506
      4450.20      49.2290      3.53220
      4451.60      50.2608      3.47068
      4453.00      49.5644      3.54159
      4454.40      55.0140      3.82060
      4455.80      50.0003      3.73516
      4457.20      47.3642      3.61399
      4458.60      57.0123      3.78880
      4460.00      53.2642      3.66858
      4461.40      52.3428      3.58722
      4462.80      48.9944      3.51410
      4464.20      47.8689      3.52629
      4465.60      54.9081      3.74311
      4467.00      48.2784      3.85090
      4468.40      49.7429      3.78389
      4469.80      46.4987      3.65128
      4471.20      49.8110      3.56065
      4472.60      52.6949      3.43328
      4474.00      53.3785      3.63303
      4475.40      52.0127      3.71918
      4476.80      54.9979      3.60274
      4478.20      50.5982      3.55203
      4479.60      47.9908      3.45258
      4481.00      49.0355      3.37285
      4482.40      48.1354      3.48732
      4483.80      48.3158      3.36856
      4485.20      56.0330      3.62295
      4486.60      52.0430      3.59474
      4488.00      51.8929      3.61303
      4489.40      46.2493      3.46587
      4490.80      47.8538      3.42741
      4492.20      53.8698      3.44919
      4493.60      48.7275      3.52066
      4495.00      51.7187      3.60270
      4496.40      52.7675      3.63804
      4497.80      52.1439      3.40603
      4499.20      49.3485      3.43340
      4500.60      54.6510      3.63887
      4502.00      47.2160      3.51777
      4503.40      53.0626      4.18138
      4504.80      57.6524      3.74993
      4506.20      48.6227      3.61950
      4507.60      50.4509      3.53769
      4509.00      50.5435      3.32257
      4510.40      52.9041      3.50345
      4511.80      54.0722      3.56615
      4513.20      53.8553      3.57296
      4514.60      48.5567      3.46923
      4516.00      54.4077      3.65990
      4517.40      52.8131      3.61591
      4518.80      50.7112      3.50368
      4520.20      49.7261      3.51414
      4521.60      50.3149      3.50580
      4523.00      50.5541      3.65183
      4524.40      53.9068      3.77801
      4525.80      51.9594      3.46403
      4527.20      46.0993      3.30170
      4528.60      48.7091      3.38841
      4530.00      47.1424      3.42866
      4531.40      47.9073      3.17951
      4532.80      49.5328      3.36081
      4534.20      46.3611      3.33695
      4535.60      44.8759      3.40289
      4537.00      50.0164      3.53224
      4538.40      52.6130      3.61821
      4539.80      50.6719      3.59084
      4541.20      50.9471      3.60630
      4542.60      52.6138      3.61326
      4544.00      47.6601      3.38115
      4545.40      51.0231      3.55461
      4546.80      52.8536      3.64127
      4548.20      48.7444      3.37349
      4549.60      46.4691      3.29959
      4551.00      43.9133      3.32189
      4552.40      45.4100      3.48715
      4553.80      49.0480      3.55530
      4555.20      47.8355      3.38551
      4556.60      50.0764      3.45406
      4558.00      49.7756      3.43290
      4559.40      50.2380      3.41057
      4560.80      53.2210      3.46538
      4562.20      49.8036      3.38999
      4563.60      45.4449      3.23261
      4565.00      44.2587      3.22052
      4566.40      47.5310      3.15844
      4567.80      51.0180      3.33754
      4569.20      49.7262      3.45239
      4570.60      46.9903      3.28250
      4572.00      46.8711      3.24620
      4573.40      45.8319      3.22370
      4574.80      55.1353      3.45163
      4576.20      50.1318      3.29912
      4577.60      53.6322      3.46745
      4579.00      51.9489      3.47618
      4580.40      49.3263      3.30317
      4581.80      46.4517      3.22062
      4583.20      46.9057      3.24146
      4584.60      47.4323      3.36656
      4586.00      48.7640      3.41375
      4587.40      51.3472      3.41122
      4588.80      48.9242      3.32348
      4590.20      45.8025      3.16561
      4591.60      48.1945      3.40230
      4593.00      50.9262      3.40155
      4594.40      46.8836      3.23600
      4595.80      50.2418      3.32453
      4597.20      51.5749      3.44646
      4598.60      49.1170      3.43323
      4600.00      51.5322      3.30618
      4601.40      50.1489      3.42093
      4602.80      49.9585      3.34810
      4604.20      48.1354      3.24140
      4605.60      49.1618      3.30824
      4607.00      50.0627      3.24556
      4608.40      49.3670      3.30430
      4609.80      49.9028      3.42846
      4611.20      50.3068      3.29877
      4612.60      47.1115      3.22341
      4614.00      49.7738      3.40377
      4615.40      52.2495      3.49999
      4616.80      49.8348      3.43925
      4618.20      50.7794      3.27347
      4619.60      50.2574      3.47706
      4621.00      50.1881      3.33461
      4622.40      51.5911      3.21856
      4623.80      50.4581      3.30977
      4625.20      50.3736      3.32156
      4626.60      50.9693      3.33515
      4628.00      50.7428      3.39249
      4629.40      49.5373      3.42417
      4630.80      50.3803      3.40649
      4632.20      50.9252      3.39648
      4633.60      52.3343      3.43910
      4635.00      51.1074      3.38360
      4636.40      49.1812      3.31752
      4637.80      50.8592      3.31720
      4639.20      47.7811      3.45933
      4640.60      49.0327      3.36460
      4642.00      49.2374      3.38670
      4643.40      48.7706      3.25685
      4644.80      50.6481      3.43406
      4646.20      50.1404      3.23844
      4647.60      48.0367      3.08227
      4649.00      48.1349      3.20072
      4650.40      48.2232      3.20321
      4651.80      51.2384      3.31405
      4653.20      52.8159      3.34909
      4654.60      49.8012      3.35593
      4656.00      50.1709      3.35530
      4657.40      47.6414      3.30225
      4658.80      47.9903      3.14873
      4660.20      50.9116      3.34624
      4661.60      52.6100      3.30431
      4663.00      53.2350      3.31706
      4664.40      50.0983      3.36296
      4665.80      49.3279      3.38105
      4667.20      51.6949      3.46158
      4668.60      48.4304      3.32306
      4670.00      50.5321      3.29979
      4671.40      47.9312      3.28196
      4672.80      47.4213      3.13338
      4674.20      46.5709      3.31665
      4675.60      46.9259      3.28082
      4677.00      49.8302      3.20317
      4678.40      49.9953      3.23220
      4679.80      49.7443      3.23296
      4681.20      50.8316      3.30423
      4682.60      52.0636      3.22515
      4684.00      50.7214      3.30649
      4685.40      48.6467      3.23055
      4686.80      47.8826      3.17639
      4688.20      48.3726      3.22793
      4689.60      46.8024      3.15050
      4691.00      49.6144      3.21828
      4692.40      51.6011      3.27070
      4693.80      48.3669      3.23518
      4695.20      49.7791      3.38518
      4696.60      51.1756      3.34249
      4698.00      51.9929      3.37223
      4699.40      50.1232      3.40738
      4700.80      48.4168      3.60830
      4702.20      47.8952      3.26524
      4703.60      45.0252      3.03362
      4705.00      47.4227      3.11152
      4706.40      49.1328      3.19441
      4707.80      48.9538      3.17928
      4709.20      48.5683      3.23626
      4710.60      46.7002      3.09075
      4712.00      47.5546      3.21588
      4713.40      48.1174      3.33064
      4714.80      49.5933      3.26124
      4716.20      46.1573      3.08050
      4717.60      48.4684      3.11531
      4719.00      49.2284      3.20814
      4720.40      47.5840      3.26304
      4721.80      50.4288      3.27164
      4723.20      48.6501      3.19630
      4724.60      51.3490      3.22539
      4726.00      48.2337      3.15954
      4727.40      48.8854      3.14311
      4728.80      49.1609      3.20319
      4730.20      48.3030      3.26539
      4731.60      43.9503      3.14599
      4733.00      48.2471      3.26676
      4734.40      48.3347      3.21725
      4735.80      51.3616      3.35421
      4737.20      48.3997      3.33166
      4738.60      47.5314      3.32456
      4740.00      47.7766      3.39848
      4741.40      49.2126      3.53919
      4742.80      48.3057      3.51807
      4744.20      50.0491      3.31611
      4745.60      48.5287      3.04650
      4747.00      48.5093      3.15162
      4748.40      48.2979      3.16119
      4749.80      50.4248      3.21460
      4751.20      51.7059      3.26089
      4752.60      50.8978      3.16992
      4754.00      52.4851      3.24496
      4755.40      47.2702      3.16643
      4756.80      46.0543      3.09368
      4758.20      45.7163      3.15294
      4759.60      46.3119      3.08327
      4761.00      46.4208      3.35847
      4762.40      46.5553      3.29636
      4763.80      47.1238      3.26923
      4765.20      51.0043      3.24451
      4766.60      48.2757      3.16020
      4768.00      47.7715      3.05281
      4769.40      48.6866      3.20149
      4770.80      48.2855      3.02824
      4772.20      45.0513      3.17298
      4773.60      46.1353      3.18870
      4775.00      51.0815      3.33911
      4776.40      47.9738      3.23517
      4777.80      48.7228      3.01607
      4779.20      48.0401      3.09190
      4780.60      45.4074      3.04624
      4782.00      47.6003      3.20104
      4783.40      50.1481      3.10999
      4784.80      49.7651      3.05144
      4786.20      48.9547      3.05122
      4787.60      45.0380      2.94087
      4789.00      45.5628      2.95671
      4790.40      46.9944      3.01029
      4791.80      45.5366      3.02826
      4793.20      48.6965      3.18063
      4794.60      47.7652      3.08871
      4796.00      47.9934      3.11112
      4797.40      45.1003      3.06728
      4798.80      45.1912      3.13838
      4800.20      46.6304      3.23553
      4801.60      46.4773      3.10936
      4803.00      47.7739      3.13765
      4804.40      45.9932      3.08969
      4805.80      46.7058      3.01868
      4807.20      47.0708      3.13392
      4808.60      48.5075      3.13107
      4810.00      48.8512      3.12792
      4811.40      48.6225      3.15601
      4812.80      48.9024      3.14656
      4814.20      46.1645      3.09482
      4815.60      46.1029      3.11554
      4817.00      48.1677      3.22711
      4818.40      48.5320      3.21005
      4819.80      44.9654      3.00077
      4821.20      43.8692      3.08022
      4822.60      47.6700      3.24867
      4824.00      43.5438      3.06856
      4825.40      43.9454      2.96960
      4826.80      49.8877      3.11196
      4828.20      44.0043      2.95312
      4829.60      45.7619      2.99324
      4831.00      44.9944      2.95781
      4832.40      47.3005      3.10104
      4833.80      46.4925      3.22943
      4835.20      47.6548      3.15370
      4836.60      47.4416      3.11274
      4838.00      43.5045      2.96322
      4839.40      46.9126      3.04366
      4840.80      46.4018      3.08152
      4842.20      47.6831      3.13434
      4843.60      47.2220      3.19662
      4845.00      45.7556      3.12092
      4846.40      42.9540      3.06058
      4847.80      43.4903      2.99352
      4849.20      44.5816      3.14326
      4850.60      44.4778      2.99695
      4852.00      45.4412      3.11142
      4853.40      43.2198      2.94969
      4854.80      39.8631      2.96548
      4856.20      39.8608      3.08192
      4857.60      41.2951      3.13853
      4859.00      39.4532      2.86721
      4860.40      30.8857      2.58936
      4861.80      25.6453      2.49588
      4863.20      28.0760      2.53807
      4864.60      31.9540      2.64405
      4866.00      37.3003      2.96610
      4867.40      37.1395      2.97659
      4868.80      45.9940      3.20321
      4870.20      43.9892      3.11856
      4871.60      38.7219      2.97845
      4873.00      38.9498      2.87347
      4874.40      41.2720      3.12180
      4875.80      41.8856      3.12026
      4877.20      41.7095      2.99617
      4878.60      44.0797      3.13560
      4880.00      43.2799      2.93532
      4881.40      43.9934      3.07161
      4882.80      42.4661      3.11223
      4884.20      43.1679      3.04197
      4885.60      46.6563      3.13861
      4887.00      46.7789      3.04672
      4888.40      44.1493      3.03600
      4889.80      43.3657      3.01309
      4891.20      45.3277      2.90314
      4892.60      43.9132      2.97666
      4894.00      44.5153      2.96016
      4895.40      45.4146      3.04470
      4896.80      45.9928      3.02272
      4898.20      47.1130      3.04620
      4899.60      45.1333      3.01000
      4901.00      43.7888      2.91857
      4902.40      47.9113      3.02008
      4903.80      44.0036      2.90021
      4905.20      46.7556      2.95182
      4906.60      48.4058      2.95905
      4908.00      46.8542      3.07907
      4909.40      45.8678      3.06019
      4910.80      44.6517      3.05915
      4912.20      46.7486      3.01043
      4913.60      46.2915      3.08632
      4915.00      44.3904      2.92174
      4916.40      46.9581      3.00329
      4917.80      46.7456      3.00311
      4919.20      44.9779      2.92621
      4920.60      41.9741      2.85742
      4922.00      46.0034      3.04820
      4923.40      39.9686      2.94094
      4924.80      44.5500      2.95458
      4926.20      42.5807      2.86138
      4927.60      49.3330      3.16131
      4929.00      43.1318      2.89067
      4930.40      45.4195      3.00657
      4931.80      45.7280      2.93295
      4933.20      43.4207      2.83655
      4934.60      40.9645      2.81793
      4936.00      44.1457      2.86643
      4937.40      44.4555      2.94166
      4938.80      43.1192      2.87507
      4940.20      45.6789      2.90708
      4941.60      47.0225      2.93378
      4943.00      46.1084      3.11636
      4944.40      43.3108      2.88681
      4945.80      46.6283      2.94816
      4947.20      44.6203      2.85941
      4948.60      41.9611      2.93986
      4950.00      46.4969      3.17288
      4951.40      46.4984      3.04015
      4952.80      46.4448      2.95540
      4954.20      44.0271      2.90565
      4955.60      47.4947      2.99466
      4957.00      41.1177      2.73696
      4958.40      41.0791      2.70807
      4959.80      40.5358      2.71582
      4961.20      43.0261      2.74419
      4962.60      46.2845      2.86074
      4964.00      44.6781      2.91785
      4965.40      49.2134      3.07694
      4966.80      48.9703      2.99822
      4968.20      45.8876      2.90228
      4969.60      40.6503      2.87530
      4971.00      47.1581      3.09326
      4972.40      45.2152      2.87927
      4973.80      45.0063      2.93947
      4975.20      44.8258      2.95823
      4976.60      41.1829      2.94276
      4978.00      44.0659      3.11839
      4979.40      44.1155      3.06344
      4980.80      43.2828      2.90473
      4982.20      45.4545      2.86758
      4983.60      43.1851      2.88984
      4985.00      40.6048      2.71511
      4986.40      43.7914      3.09782
      4987.80      43.5419      3.08465
      4989.20      45.5062      3.03336
      4990.60      44.3924      2.81902
      4992.00      43.2083      2.83146
      4993.40      45.2757      2.93017
      4994.80      45.6209      2.89682
      4996.20      41.8122      2.77086
      4997.60      47.1966      2.86134
      4999.00      46.0116      2.89916
