      3900.00      52.1326      5.65209
      3901.40      35.8315      5.13921
      3902.80      47.2658      5.63068
      3904.20      45.9636      5.60401
      3905.60      39.6070      5.42631
      3907.00      55.6201      6.08484
      3908.40      48.4085      5.94812
      3909.80      46.3229      5.80588
      3911.20      54.0839      5.98677
      3912.60      51.7094      6.08262
      3914.00      54.4241      6.04708
      3915.40      53.7513      6.06102
      3916.80      54.7415      6.18433
      3918.20      56.4139      6.18680
      3919.60      46.7451      5.91916
      3921.00      53.6388      5.99984
      3922.40      55.0866      6.04967
      3923.80      57.6422      6.12075
      3925.20      53.4821      5.82430
      3926.60      49.2113      5.53026
      3928.00      52.1031      5.84537
      3929.40      40.0843      4.98383
      3930.80      24.4055      4.46396
      3932.20      41.7634      5.05443
      3933.60      52.4546      5.38286
      3935.00      51.4439      5.40484
      3936.40      56.0083      5.68842
      3937.80      61.3374      5.89490
      3939.20      58.6514      5.98305
      3940.60      63.4780      6.05464
      3942.00      51.5365      5.72855
      3943.40      58.0624      6.13579
      3944.80      55.1718      6.07117
      3946.20      44.3548      5.89657
      3947.60      61.6626      6.39882
      3949.00      58.2610      6.32731
      3950.40      59.8879      6.38560
      3951.80      60.8843      6.49058
      3953.20      47.1244      5.94383
      3954.60      54.4121      6.26826
      3956.00      41.9048      5.97048
      3957.40      46.1934      5.91203
      3958.80      36.1480      5.46987
      3960.20      40.7242      5.29433
      3961.60      25.6259      5.02119
      3963.00      21.1354      4.64349
      3964.40      27.8468      4.54429
      3965.80      10.0510      3.64894
      3967.20      20.6789      3.86621
      3968.60      18.4622      3.68176
      3970.00      24.7475      4.05920
      3971.40      40.0127      4.66279
      3972.80      30.0804      4.41937
      3974.20      39.6155      4.60806
      3975.60      34.6858      4.58627
      3977.00      45.4725      4.91349
      3978.40      44.7278      4.96171
      3979.80      43.2769      4.96352
      3981.20      57.2037      5.56965
      3982.60      48.9992      5.71204
      3984.00      55.0497      5.87949
      3985.40      47.9330      5.60449
      3986.80      50.0366      5.32417
      3988.20      54.3975      5.28961
      3989.60      50.2153      5.14173
      3991.00      46.6476      4.84176
      3992.40      59.9047      5.26640
      3993.80      53.0248      5.24412
      3995.20      52.7670      5.11565
      3996.60      54.7818      5.24490
      3998.00      46.8853      4.92215
      3999.40      53.1828      4.99315
      4000.80      51.8268      5.08870
      4002.20      58.9422      5.29109
      4003.60      48.9832      4.96392
      4005.00      59.2787      5.32034
      4006.40      54.8124      5.24740
      4007.80      61.2410      5.32524
      4009.20      50.9720      5.05416
      4010.60      52.2784      5.12433
      4012.00      53.2338      5.29792
      4013.40      50.3843      5.34820
      4014.80      51.0598      5.06908
      4016.20      52.6336      5.02397
      4017.60      55.0205      5.09069
      4019.00      53.1489      5.07382
      4020.40      49.5467      5.06029
      4021.80      59.2132      5.35726
      4023.20      55.1804      5.24388
      4024.60      61.0034      5.50335
      4026.00      58.8392      5.17441
      4027.40      57.8073      5.28824
      4028.80      53.5410      5.18143
      4030.20      68.6378      5.60823
      4031.60      51.9822      5.16427
      4033.00      56.0615      5.26208
      4034.40      64.4316      5.54482
      4035.80      49.7851      5.10315
      4037.20      61.6361      5.41254
      4038.60      54.2332      5.34535
      4040.00      62.3422      5.46996
      4041.40      50.4659      5.16151
      4042.80      50.4405      5.29329
      4044.20      58.9693      5.61827
      4045.60      55.2395      5.42547
      4047.00      53.6198      6.05952
      4048.40      55.9013      6.12689
      4049.80      50.6544      5.45682
      4051.20      57.0894      5.42586
      4052.60      51.8952      5.22997
      4054.00      59.4616      5.38998
      4055.40      52.3782      5.17228
      4056.80      53.6116      5.13992
      4058.20      47.0986      4.90871
      4059.60      58.5522      5.33557
      4061.00      47.5518      5.21712
      4062.40      62.5095      5.50437
      4063.80      53.7247      5.21112
      4065.20      52.3530      4.96964
      4066.60      51.2639      5.20416
      4068.00      50.2397      5.09466
      4069.40      51.6779      5.10367
      4070.80      52.2949      4.92073
      4072.20      51.4409      4.86630
      4073.60      51.1419      4.91390
      4075.00      56.0199      5.21722
      4076.40      53.1204      5.32608
      4077.80      56.1277      5.40615
      4079.20      51.5461      4.90899
      4080.60      58.3999      5.05536
      4082.00      49.8816      5.09877
      4083.40      48.6745      4.95830
      4084.80      44.8586      4.78323
      4086.20      47.2427      5.40643
      4087.60      48.9048      5.50999
      4089.00      70.8517      6.01746
      4090.40      66.1504      6.20835
      4091.80      45.1730      5.21807
      4093.20      45.3549      5.10754
      4094.60      37.0847      4.56522
      4096.00      26.5205      3.66901
      4097.40      20.4159      3.52253
      4098.80      19.1253      3.67118
      4100.20      22.4721      3.97709
      4101.60      29.7903      4.26860
      4103.00      34.5943      4.29849
      4104.40      39.6618      4.26744
      4105.80      36.6210      4.11234
      4107.20      37.5879      4.15702
      4108.60      44.3656      4.48027
      4110.00      46.0258      4.67844
      4111.40      50.8131      4.80371
      4112.80      49.4214      4.64957
      4114.20      47.8309      4.53597
      4115.60      46.1481      4.44837
      4117.00      40.3293      4.35508
      4118.40      52.0780      4.61867
      4119.80      57.9832      4.80171
      4121.20      52.2889      4.79140
      4122.60      50.8197      4.53256
      4124.00      42.2305      4.44527
      4125.40      54.3737      4.66843
      4126.80      50.2222      4.55924
      4128.20      53.5967      4.68439
      4129.60      55.5029      4.74214
      4131.00      53.5543      4.71869
      4132.40      51.9747      4.78591
      4133.80      56.5811      4.76709
      4135.20      57.3468      4.89414
      4136.60      47.8199      4.65855
      4138.00      54.0992      5.06367
      4139.40      51.6553      5.16115
      4140.80      50.6383      4.91997
      4142.20      51.4980      4.74431
      4143.60      52.1660      4.62808
      4145.00      51.0279      4.45746
      4146.40      58.9638      4.74249
      4147.80      54.7934      4.44122
      4149.20      46.0416      4.32622
      4150.60      59.4268      4.59856
      4152.00      55.2015      4.58911
      4153.40      56.0783      4.63483
      4154.80      59.7521      4.76141
      4156.20      53.7932      4.72871
      4157.60      49.3410      5.12323
      4159.00      58.4270      5.21518
      4160.40      51.7018      4.92471
      4161.80      50.0180      4.53106
      4163.20      59.6762      4.76879
      4164.60      55.4965      4.64880
      4166.00      62.2636      4.93550
      4167.40      51.5212      4.58220
      4168.80      55.4775      4.71005
      4170.20      66.5394      5.15669
      4171.60      49.1798      4.74447
      4173.00      51.0782      4.81652
      4174.40      55.3180      4.62599
      4175.80      54.8492      4.54370
      4177.20      49.5213      4.32423
      4178.60      47.6722      4.42227
      4180.00      52.1027      4.47420
      4181.40      53.8555      4.60492
      4182.80      55.9854      4.61781
      4184.20      47.4277      4.31340
      4185.60      56.3596      4.56415
      4187.00      59.2729      4.67539
      4188.40      54.0890      4.47146
      4189.80      55.8512      4.60203
      4191.20      54.1609      4.84592
      4192.60      54.6305      4.83042
      4194.00      46.3314      4.73631
      4195.40      55.7213      4.87369
      4196.80      50.3322      4.48179
      4198.20      53.9519      4.46032
      4199.60      57.1094      4.48996
      4201.00      47.2605      4.18671
      4202.40      50.2583      4.30396
      4203.80      59.5204      4.48172
      4205.20      56.4187      4.49952
      4206.60      54.8008      4.39843
      4208.00      56.1275      4.47809
      4209.40      51.7366      4.28049
      4210.80      53.4378      4.34805
      4212.20      53.0844      4.32840
      4213.60      48.7795      4.11879
      4215.00      50.7609      4.23396
      4216.40      59.5107      4.52204
      4217.80      51.2902      4.15648
      4219.20      51.2632      4.28329
      4220.60      54.5201      4.34166
      4222.00      48.0482      4.10761
      4223.40      43.4070      3.92882
      4224.80      50.6441      4.19546
      4226.20      56.6587      4.37209
      4227.60      50.1832      4.14594
      4229.00      48.6261      4.13375
      4230.40      52.9666      4.40000
      4231.80      53.5649      4.73162
      4233.20      52.2019      4.68313
      4234.60      51.4171      4.67502
      4236.00      51.2890      4.50986
      4237.40      49.8809      4.31011
      4238.80      53.1895      4.24046
      4240.20      48.3390      4.01325
      4241.60      47.2350      4.06690
      4243.00      51.7310      4.12699
      4244.40      45.6508      3.93310
      4245.80      53.6268      4.27284
      4247.20      47.9294      4.34730
      4248.60      53.9836      4.68432
      4250.00      54.8521      4.71912
      4251.40      54.2753      4.33967
      4252.80      55.2542      4.26527
      4254.20      43.8819      3.89896
      4255.60      51.4600      4.27368
      4257.00      52.1719      4.30060
      4258.40      47.1604      4.07009
      4259.80      49.3809      4.15145
      4261.20      47.1718      4.31761
      4262.60      54.3538      4.49024
      4264.00      48.1713      4.01859
      4265.40      57.6253      4.28264
      4266.80      48.3416      4.07369
      4268.20      50.0613      4.05807
      4269.60      47.8030      4.03976
      4271.00      50.5254      4.10274
      4272.40      56.7429      4.35267
      4273.80      49.5583      4.11777
      4275.20      50.7624      4.37299
      4276.60      50.8109      4.37751
      4278.00      47.6905      4.13422
      4279.40      56.1192      4.21308
      4280.80      48.3265      4.07242
      4282.20      54.2548      4.22053
      4283.60      49.5563      4.49362
      4285.00      45.3370      4.50371
      4286.40      53.4943      4.50997
      4287.80      48.5316      3.97660
      4289.20      48.8183      3.96893
      4290.60      45.4649      3.92014
      4292.00      52.8616      3.96643
      4293.40      49.4191      4.11761
      4294.80      46.0084      4.00301
      4296.20      50.6113      4.15039
      4297.60      45.8407      3.98477
      4299.00      42.2697      3.84392
      4300.40      51.9445      4.07696
      4301.80      53.1945      4.06280
      4303.20      48.9622      3.86287
      4304.60      41.5056      3.61603
      4306.00      45.2738      3.82915
      4307.40      44.1349      3.72770
      4308.80      47.8621      3.94568
      4310.20      42.9929      3.90656
      4311.60      45.6770      3.96374
      4313.00      43.0819      3.84374
      4314.40      49.2786      4.04847
      4315.80      52.1283      4.37329
      4317.20      46.0105      4.12862
      4318.60      45.1872      3.87728
      4320.00      46.4814      3.86188
      4321.40      41.3269      3.74032
      4322.80      44.9651      3.87053
      4324.20      43.5581      3.94874
      4325.60      43.7240      4.08784
      4327.00      40.7608      4.04317
      4328.40      44.9792      3.97473
      4329.80      35.3438      3.68811
      4331.20      33.7320      3.31690
      4332.60      33.4763      3.31406
      4334.00      25.5850      3.09645
      4335.40      26.1726      2.92893
      4336.80      14.5277      2.73494
      4338.20      20.0011      2.80826
      4339.60      28.8499      3.11050
      4341.00      29.3091      3.21597
      4342.40      37.4374      3.34314
      4343.80      33.8104      3.53964
      4345.20      43.2725      3.87604
      4346.60      36.5281      3.59310
      4348.00      39.4811      3.66027
      4349.40      40.2695      3.83272
      4350.80      40.5360      3.95428
      4352.20      41.3481      3.97944
      4353.60      49.0663      4.00513
      4355.00      42.8515      3.77887
      4356.40      46.8164      3.84965
      4357.80      47.9649      4.31614
      4359.20      49.2661      4.74172
      4360.60      43.7578      4.35336
      4362.00      50.1426      4.11192
      4363.40      48.4300      4.06084
      4364.80      48.2755      3.98906
      4366.20      46.9906      3.93704
      4367.60      54.0949      4.12229
      4369.00      51.6372      3.98438
      4370.40      47.2487      3.88205
      4371.80      41.9272      3.73667
      4373.20      45.8011      3.73693
      4374.60      47.8969      3.96574
      4376.00      51.6715      4.07604
      4377.40      54.8578      4.04637
      4378.80      49.2044      4.20963
      4380.20      47.3090      3.72580
      4381.60      50.0015      3.94681
      4383.00      50.6751      3.97491
      4384.40      49.3578      3.76878
      4385.80      46.4235      3.88844
      4387.20      53.3642      3.97477
      4388.60      52.7151      4.83606
      4390.00      54.7993      4.01046
      4391.40      44.7294      3.83858
      4392.80      47.0126      3.95612
      4394.20      45.1904      3.93883
      4395.60      47.3063      3.91596
      4397.00      48.0624      3.84797
      4398.40      43.3025      3.76433
      4399.80      46.3802      3.79979
      4401.20      46.0998      3.95041
      4402.60      48.7915      3.97705
      4404.00      51.0558      4.08924
      4405.40      49.7310      3.87209
      4406.80      49.9816      3.91000
      4408.20      49.2452      3.90417
      4409.60      51.5625      3.98425
      4411.00      46.3771      3.80123
      4412.40      50.6691      3.91189
      4413.80      51.8063      3.94785
      4415.20      49.2788      3.86677
      4416.60      46.9939      3.90670
      4418.00      45.4494      4.02085
      4419.40      51.0393      4.25061
      4420.80      47.1660      4.12883
      4422.20      52.5345      4.01181
      4423.60      46.2035      3.71756
      4425.00      44.0534      3.69512
      4426.40      46.6680      4.10846
      4427.80      53.3671      4.08782
      4429.20      50.3996      3.80450
      4430.60      42.9762      3.63066
      4432.00      45.8469      3.70923
      4433.40      50.8688      3.89433
      4434.80      51.6949      3.86532
      4436.20      48.6194      3.77903
      4437.60      47.2282      3.71942
      4439.00      49.1968      3.70317
      4440.40      43.1052      3.64907
      4441.80      47.0416      3.94001
      4443.20      46.5641      4.16258
      4444.60      45.2547      4.18751
      4446.00      50.2488      4.12890
      4447.40      42.4429      3.71457
      4448.80      47.8981      3.74769
      4450.20      49.4041      3.69427
      4451.60      42.4402      3.67877
      4453.00      46.8851      3.68138
      4454.40      49.4671      3.77482
      4455.80      44.7639      3.58571
      4457.20      47.2785      3.76061
      4458.60      47.9644      3.83644
      4460.00      45.3011      3.78086
      4461.40      47.9444      3.74219
      4462.80      54.9229      3.87167
      4464.20      45.9556      3.65057
      4465.60      49.7908      3.71251
      4467.00      45.6874      3.57808
      4468.40      48.6026      3.77528
      4469.80      58.7564      4.05234
      4471.20      64.8088      4.82027
      4472.60      43.9670      3.58873
      4474.00      48.5312      3.59123
      4475.40      42.7108      3.60123
      4476.80      52.0873      3.66059
      4478.20      62.3459      4.02276
      4479.60      215.667      9.58612
      4481.00      86.1748      4.90815
      4482.40      39.5747      3.73575
      4483.80      51.3603      3.64421
      4485.20      44.4525      3.54877
      4486.60      47.4820      3.64812
      4488.00      49.1311      3.60655
      4489.40      49.4505      3.81247
      4490.80      47.9169      3.74454
      4492.20      47.0075      3.58879
      4493.60      49.1223      3.73776
      4495.00      51.0409      3.67539
      4496.40      47.1987      3.59188
      4497.80      45.6205      3.51250
      4499.20      49.7798      3.69577
      4500.60      52.8948      3.73867
      4502.00      51.1087      3.71334
      4503.40      44.1928      3.52496
      4504.80      47.1815      3.48316
      4506.20      53.8114      3.89236
      4507.60      49.0516      3.76799
      4509.00      50.7982      3.74283
      4510.40      48.5256      3.70719
      4511.80      46.7344      3.56828
      4513.20      46.2446      3.63393
      4514.60      48.3781      3.80008
      4516.00      45.4435      3.74757
      4517.40      49.1860      3.74803
      4518.80      44.8904      3.56589
      4520.20      50.7354      3.70845
      4521.60      50.9142      3.77950
      4523.00      56.1009      3.97286
      4524.40      49.6749      3.84917
      4525.80      47.4836      3.63870
      4527.20      46.9496      3.58411
      4528.60      47.1599      3.68507
      4530.00      47.4680      3.65678
      4531.40      42.8286      3.57478
      4532.80      47.8024      3.90581
      4534.20      41.0033      3.99096
      4535.60      52.2089      4.07830
      4537.00      50.2826      3.76340
      4538.40      44.9050      3.52996
      4539.80      48.6704      3.62619
      4541.20      47.5049      3.78361
      4542.60      45.0794      4.07504
      4544.00      48.2056      4.20349
      4545.40      46.8272      3.85758
      4546.80      47.0430      3.64350
      4548.20      51.2006      3.65020
      4549.60      50.1926      3.69688
      4551.00      46.2865      3.49948
      4552.40      44.8102      3.56053
      4553.80      49.1854      3.69726
      4555.20      43.8438      3.58441
      4556.60      49.1640      3.57446
      4558.00      43.8025      3.39919
      4559.40      44.7562      3.50868
      4560.80      48.1243      3.64871
      4562.20      40.8423      3.36055
      4563.60      50.6157      3.58653
      4565.00      49.0981      3.65403
      4566.40      48.4467      3.82562
      4567.80      52.2724      3.90035
      4569.20      46.2708      3.79275
      4570.60      43.8240      3.59024
      4572.00      49.0628      3.86407
      4573.40      47.6679      3.66281
      4574.80      48.9423      3.65158
      4576.20      49.4518      3.62158
      4577.60      43.2484      3.37054
      4579.00      44.1834      3.44879
      4580.40      48.1148      3.61297
      4581.80      44.7335      3.44549
      4583.20      46.0784      3.61788
      4584.60      46.8653      3.42494
      4586.00      44.7600      3.42515
      4587.40      46.1501      3.53666
      4588.80      47.0944      3.64861
      4590.20      47.3904      3.71756
      4591.60      46.1990      3.52514
      4593.00      42.6369      3.34579
      4594.40      42.6771      3.42801
      4595.80      46.7676      3.47326
      4597.20      49.6756      3.56289
      4598.60      45.2871      3.43639
      4600.00      41.6799      3.49449
      4601.40      53.0918      3.81053
      4602.80      47.1396      3.57407
      4604.20      49.9384      3.51772
      4605.60      44.4309      3.34879
      4607.00      45.9867      3.46756
      4608.40      44.3780      3.48202
      4609.80      47.8498      3.61224
      4611.20      42.9133      3.64309
      4612.60      42.9045      3.54564
      4614.00      43.7698      3.55064
      4615.40      48.0090      3.52403
      4616.80      45.6744      3.45095
      4618.20      48.2893      3.49278
      4619.60      44.1959      3.39594
      4621.00      46.0972      3.56676
      4622.40      50.3282      3.69530
      4623.80      51.0764      3.58212
      4625.20      48.8660      3.49362
      4626.60      41.6303      3.30474
      4628.00      49.5823      3.46972
      4629.40      45.7446      3.39516
      4630.80      45.3985      3.38064
      4632.20      45.4758      3.40976
      4633.60      49.3747      3.49014
      4635.00      46.2312      3.39296
      4636.40      44.1506      3.30349
      4637.80      45.1444      3.33304
      4639.20      45.5538      3.36438
      4640.60      47.6464      3.44368
      4642.00      51.0468      3.58097
      4643.40      48.5653      3.48617
      4644.80      45.4554      3.35078
      4646.20      43.6443      3.31519
      4647.60      47.8073      3.40556
      4649.00      40.8027      3.18198
      4650.40      45.0945      3.37214
      4651.80      47.6741      3.48475
      4653.20      45.5798      3.35760
      4654.60      41.7571      3.17789
      4656.00      39.9317      3.14706
      4657.40      39.7703      3.27571
      4658.80      41.1235      3.32340
      4660.20      47.7943      3.43794
      4661.60      49.5438      3.48397
      4663.00      44.7868      3.46133
      4664.40      48.3613      3.57399
      4665.80      49.9131      3.56889
      4667.20      50.8636      3.78115
      4668.60      45.7198      3.71118
      4670.00      48.6425      3.72284
      4671.40      46.4864      3.44554
      4672.80      47.2743      3.37486
      4674.20      47.5334      3.41691
      4675.60      43.9344      3.36558
      4677.00      50.1451      3.58657
      4678.40      40.7879      3.45043
      4679.80      45.2738      3.30049
      4681.20      47.7384      3.45553
      4682.60      49.9487      3.55020
      4684.00      48.2493      3.52326
      4685.40      44.7625      3.35912
      4686.80      41.3695      3.22737
      4688.20      43.4128      3.30065
      4689.60      46.0610      3.42049
      4691.00      49.6577      3.46676
      4692.40      47.2436      3.49152
      4693.80      44.0210      3.31367
      4695.20      46.4738      3.38422
      4696.60      48.6036      3.48291
      4698.00      41.9237      3.28653
      4699.40      40.6458      3.22434
      4700.80      47.3836      3.40080
      4702.20      45.3283      3.35649
      4703.60      42.1676      3.52249
      4705.00      45.9044      3.61587
      4706.40      48.0298      3.66862
      4707.80      48.9346      3.71280
      4709.20      47.7805      3.84500
      4710.60      46.0812      3.62412
      4712.00      48.0159      3.50527
      4713.40      46.5068      3.43621
      4714.80      42.9053      3.54653
      4716.20      43.3619      3.69873
      4717.60      49.1647      3.84274
      4719.00      43.4015      3.60045
      4720.40      50.1209      3.61890
      4721.80      47.1739      3.30429
      4723.20      48.8493      3.40775
      4724.60      48.6208      3.34766
      4726.00      40.5297      3.19210
      4727.40      46.4408      3.30187
      4728.80      44.9943      3.23827
      4730.20      46.5567      3.24610
      4731.60      36.8209      3.13605
      4733.00      48.0664      3.48390
      4734.40      42.9153      3.43661
      4735.80      45.5489      3.30030
      4737.20      44.4203      3.21425
      4738.60      45.3669      3.24034
      4740.00      44.4389      3.27828
      4741.40      49.4447      3.47228
      4742.80      43.6106      3.31771
      4744.20      43.9166      3.20505
      4745.60      44.4069      3.26284
      4747.00      46.9751      3.44350
      4748.40      42.6462      3.30984
      4749.80      45.3170      3.20767
      4751.20      45.8352      3.20103
      4752.60      41.7809      3.12412
      4754.00      44.1516      3.18007
      4755.40      44.0267      3.21671
      4756.80      41.3352      3.12956
      4758.20      43.3448      3.16474
      4759.60      44.6099      3.17457
      4761.00      45.1891      3.28001
      4762.40      44.0374      3.20899
      4763.80      38.5064      3.05238
      4765.20      46.4400      3.17825
      4766.60      43.3395      3.12116
      4768.00      42.7552      3.28640
      4769.40      44.9769      3.28603
      4770.80      39.3427      3.08182
      4772.20      47.5813      3.25199
      4773.60      47.7452      3.24140
      4775.00      44.4930      3.17936
      4776.40      42.8823      3.12971
      4777.80      44.3800      3.22313
      4779.20      38.6333      3.38613
      4780.60      46.6096      3.48055
      4782.00      38.5316      3.07111
      4783.40      45.1703      3.10219
      4784.80      41.5527      3.08074
      4786.20      42.7431      3.08420
      4787.60      41.9310      3.17142
      4789.00      42.3882      3.11949
      4790.40      43.2204      3.07899
      4791.80      43.4201      3.15929
      4793.20      44.3937      3.11558
      4794.60      44.5139      3.17176
      4796.00      44.8147      3.15314
      4797.40      44.9053      3.23670
      4798.80      45.8367      3.13848
      4800.20      41.2012      3.07565
      4801.60      45.4002      3.15215
      4803.00      40.3947      3.10747
      4804.40      45.5681      3.12077
      4805.80      41.3413      3.09283
      4807.20      46.8829      3.18522
      4808.60      38.6533      3.04349
      4810.00      48.2190      3.17605
      4811.40      40.0974      3.01529
      4812.80      39.8057      3.03925
      4814.20      40.1582      2.99478
      4815.60      43.9535      3.15254
      4817.00      42.4473      3.14624
      4818.40      43.0993      3.17055
      4819.80      45.3643      3.27794
      4821.20      42.0954      3.34801
      4822.60      42.8055      3.47873
      4824.00      44.3486      3.74376
      4825.40      43.9917      3.60729
      4826.80      44.1805      3.56919
      4828.20      42.9364      3.13153
      4829.60      42.1127      3.12189
      4831.00      37.5193      3.04182
      4832.40      42.1683      3.16933
      4833.80      41.0057      3.12860
      4835.20      38.0491      3.03607
      4836.60      38.6226      3.03382
      4838.00      38.5923      3.10176
      4839.40      42.2190      3.26497
      4840.80      40.0021      3.22032
      4842.20      37.6068      3.21059
      4843.60      35.4670      3.17057
      4845.00      39.3828      3.21484
      4846.40      37.9971      2.98129
      4847.80      38.1480      3.04770
      4849.20      37.4139      3.06103
      4850.60      34.7610      3.06300
      4852.00      30.6166      2.85379
      4853.40      25.8112      2.59596
      4854.80      26.6139      2.57799
      4856.20      24.2001      2.43327
      4857.60      13.7292      2.16889
      4859.00      20.3913      2.35500
      4860.40      27.8794      2.56624
      4861.80      27.2797      2.58308
      4863.20      29.1908      2.64583
      4864.60      30.4313      2.70466
      4866.00      38.7108      2.89044
      4867.40      33.9612      2.82809
      4868.80      36.0532      2.80115
      4870.20      35.3494      2.86216
      4871.60      37.8606      2.88178
      4873.00      41.0123      3.02816
      4874.40      43.8824      3.05052
      4875.80      40.6444      3.01987
      4877.20      39.7028      2.90933
      4878.60      41.0778      2.96729
      4880.00      39.8364      2.91625
      4881.40      42.2316      3.11011
      4882.80      42.8771      3.12463
      4884.20      37.3844      3.01888
      4885.60      39.2209      3.01375
      4887.00      40.1187      2.95279
      4888.40      38.9108      2.93065
      4889.80      37.6559      2.85906
      4891.20      37.9594      2.88721
      4892.60      38.8812      2.89711
      4894.00      41.1745      2.95782
      4895.40      43.4569      3.16789
      4896.80      44.4639      3.16929
      4898.20      38.4355      2.92124
      4899.60      35.2788      2.72443
      4901.00      36.9657      3.03820
      4902.40      40.6784      2.97133
      4903.80      42.1560      3.06175
      4905.20      37.5464      2.82135
      4906.60      37.5533      2.84873
      4908.00      43.4767      3.02959
      4909.40      42.7986      2.97218
      4910.80      35.2720      2.75704
      4912.20      42.6340      3.00438
      4913.60      34.7426      2.88213
      4915.00      42.0207      2.95460
      4916.40      42.7657      2.97959
      4917.80      41.5234      2.93150
      4919.20      39.9419      2.87203
      4920.60      39.0589      2.84915
      4922.00      42.5588      2.97466
      4923.40      41.4025      3.04245
      4924.80      41.6778      3.06743
      4926.20      46.9513      3.09844
      4927.60      43.9365      2.97998
      4929.00      43.1761      3.03479
      4930.40      39.0269      2.80876
      4931.80      43.3434      2.97171
      4933.20      37.5610      2.85521
      4934.60      44.0866      2.95045
      4936.00      40.1454      2.88617
      4937.40      43.6868      3.00680
      4938.80      39.3433      2.85449
      4940.20      41.7818      2.89416
      4941.60      41.6520      2.90717
      4943.00      43.6392      3.01598
      4944.40      42.6424      2.92891
      4945.80      40.5190      3.02417
      4947.20      45.1356      3.24929
      4948.60      41.1482      3.09276
      4950.00      41.0152      2.92576
      4951.40      41.9300      2.91671
      4952.80      37.1816      2.80527
      4954.20      39.1759      2.79709
      4955.60      41.3049      2.94410
      4957.00      42.4821      2.93540
      4958.40      39.7477      2.82001
      4959.80      40.9319      2.91496
      4961.20      45.7474      3.00213
      4962.60      43.7413      2.97631
      4964.00      40.0972      2.88545
      4965.40      39.9669      2.82626
      4966.80      41.6327      2.91021
      4968.20      46.3930      3.03187
      4969.60      42.9024      2.96266
      4971.00      44.8735      2.98624
      4972.40      41.1025      2.98179
      4973.80      46.3325      3.05819
      4975.20      39.1353      2.95073
      4976.60      40.2150      2.99444
      4978.00      42.0576      3.34079
      4979.40      38.7241      3.20928
      4980.80      41.1286      3.04657
      4982.20      37.7471      2.96450
      4983.60      35.0452      2.84949
      4985.00      42.3418      2.93433
      4986.40      39.0165      2.81947
      4987.80      40.9327      2.89285
      4989.20      41.5689      2.89692
      4990.60      40.9300      2.92264
      4992.00      44.2799      2.99103
      4993.40      40.5298      2.90418
      4994.80      41.0428      2.86371
      4996.20      44.3713      3.05299
      4997.60      39.4639      2.94317
      4999.00      39.4851      2.84809
