      3900.00      321.654      15.1014
      3901.40      312.120      14.5568
      3902.80      293.649      14.5650
      3904.20      323.386      14.7288
      3905.60      330.276      15.4518
      3907.00      347.515      15.9595
      3908.40      310.697      15.1105
      3909.80      359.103      16.3824
      3911.20      402.846      17.4901
      3912.60      378.749      16.8813
      3914.00      382.642      17.1423
      3915.40      349.590      16.0066
      3916.80      362.893      15.7411
      3918.20      363.093      16.4801
      3919.60      368.367      16.3006
      3921.00      369.193      16.3236
      3922.40      363.917      16.1535
      3923.80      363.291      16.0437
      3925.20      371.476      16.2628
      3926.60      377.758      16.4599
      3928.00      360.820      16.2097
      3929.40      381.815      16.3943
      3930.80      328.347      15.2403
      3932.20      304.719      14.2803
      3933.60      224.118      13.9248
      3935.00      144.171      15.7299
      3936.40      100.873      7.81507
      3937.80      195.176      10.2642
      3939.20      282.185      13.5830
      3940.60      335.609      15.2454
      3942.00      353.256      16.0741
      3943.40      365.935      16.0813
      3944.80      354.559      15.7892
      3946.20      341.806      15.2573
      3947.60      345.948      15.4084
      3949.00      363.156      15.7192
      3950.40      348.885      15.2441
      3951.80      352.963      15.3502
      3953.20      344.986      15.1335
      3954.60      334.360      14.7858
      3956.00      357.127      15.2338
      3957.40      352.226      15.1313
      3958.80      324.318      14.3749
      3960.20      328.601      14.2846
      3961.60      323.474      14.3690
      3963.00      318.128      14.0987
      3964.40      316.570      13.9432
      3965.80      302.268      13.4906
      3967.20      275.138      12.2870
      3968.60      192.167      9.86472
      3970.00      121.642      7.39325
      3971.40      82.0844      6.23752
      3972.80      122.575      7.62559
      3974.20      189.565      9.48438
      3975.60      243.882      11.2492
      3977.00      266.700      12.2576
      3978.40      294.947      13.0108
      3979.80      317.095      13.7664
      3981.20      343.309      14.5634
      3982.60      327.760      14.1174
      3984.00      319.582      13.8506
      3985.40      324.531      14.0140
      3986.80      336.883      14.4296
      3988.20      350.426      14.7952
      3989.60      345.352      14.9270
      3991.00      369.874      15.4636
      3992.40      362.818      15.4552
      3993.80      357.163      15.2764
      3995.20      375.652      15.6439
      3996.60      370.187      15.6718
      3998.00      356.730      15.2854
      3999.40      343.029      15.3137
      4000.80      354.711      15.5194
      4002.20      346.986      15.5707
      4003.60      368.297      16.2163
      4005.00      376.822      16.5069
      4006.40      363.615      16.4361
      4007.80      331.318      15.3425
      4009.20      360.910      15.9186
      4010.60      367.760      16.0756
      4012.00      374.845      16.1086
      4013.40      367.747      15.8442
      4014.80      368.723      15.6697
      4016.20      371.172      15.6808
      4017.60      380.873      15.7053
      4019.00      397.446      16.3750
      4020.40      396.684      16.0864
      4021.80      374.360      15.4903
      4023.20      390.477      15.8370
      4024.60      369.762      15.4158
      4026.00      369.933      14.9421
      4027.40      362.849      14.9534
      4028.80      369.672      15.0502
      4030.20      383.609      15.4381
      4031.60      364.935      14.8551
      4033.00      348.070      14.2711
      4034.40      342.634      14.1500
      4035.80      363.771      14.7270
      4037.20      373.917      15.0208
      4038.60      372.347      15.0686
      4040.00      377.516      15.2424
      4041.40      389.717      15.5641
      4042.80      358.131      14.7978
      4044.20      376.185      14.9733
      4045.60      365.637      14.8554
      4047.00      354.930      14.4897
      4048.40      340.391      14.1734
      4049.80      367.580      14.8981
      4051.20      361.435      14.7554
      4052.60      369.909      14.9303
      4054.00      375.152      15.0877
      4055.40      373.798      14.8823
      4056.80      356.658      14.7721
      4058.20      378.695      14.9410
      4059.60      373.666      15.0013
      4061.00      367.732      14.7343
      4062.40      366.098      14.7807
      4063.80      366.351      14.7179
      4065.20      346.759      14.0690
      4066.60      325.704      13.6600
      4068.00      372.074      14.8162
      4069.40      359.501      14.4936
      4070.80      376.461      14.9180
      4072.20      370.139      14.7463
      4073.60      342.221      13.9002
      4075.00      352.938      14.2625
      4076.40      366.239      14.6351
      4077.80      348.573      14.0697
      4079.20      322.761      13.3809
      4080.60      320.613      13.3833
      4082.00      351.528      14.3104
      4083.40      369.634      14.7640
      4084.80      356.240      14.4841
      4086.20      344.450      14.1464
      4087.60      357.334      14.3493
      4089.00      335.598      13.9949
      4090.40      348.956      14.1897
      4091.80      347.264      14.3888
      4093.20      345.015      14.0672
      4094.60      322.641      14.0107
      4096.00      331.483      13.5495
      4097.40      299.149      12.8659
      4098.80      307.358      13.1044
      4100.20      280.133      12.3925
      4101.60      250.285      11.1908
      4103.00      197.770      9.68541
      4104.40      169.100      8.76712
      4105.80      183.226      9.10370
      4107.20      255.721      11.3125
      4108.60      277.319      12.1533
      4110.00      307.570      12.8024
      4111.40      297.884      12.7712
      4112.80      321.875      13.2820
      4114.20      308.513      12.7689
      4115.60      325.206      13.5460
      4117.00      345.277      13.8651
      4118.40      334.981      13.5978
      4119.80      339.000      13.6415
      4121.20      335.607      13.6838
      4122.60      351.014      14.0654
      4124.00      342.127      13.7967
      4125.40      335.206      13.7638
      4126.80      350.922      13.8305
      4128.20      344.649      13.7485
      4129.60      340.261      13.6855
      4131.00      340.468      13.6347
      4132.40      343.095      13.6974
      4133.80      332.290      13.4106
      4135.20      336.528      13.4479
      4136.60      355.662      14.0399
      4138.00      357.133      14.1201
      4139.40      350.871      13.9152
      4140.80      362.641      14.3686
      4142.20      361.196      14.2576
      4143.60      372.929      14.4252
      4145.00      346.914      13.7995
      4146.40      323.418      13.1710
      4147.80      352.830      13.8169
      4149.20      359.430      14.0592
      4150.60      339.742      13.4800
      4152.00      348.473      14.0145
      4153.40      362.396      14.0490
      4154.80      364.787      14.1872
      4156.20      335.852      13.3971
      4157.60      348.944      13.8134
      4159.00      340.413      13.6785
      4160.40      348.146      13.7196
      4161.80      346.048      13.7506
      4163.20      358.828      13.8377
      4164.60      335.526      13.4057
      4166.00      345.496      13.6528
      4167.40      344.378      13.5900
      4168.80      354.822      13.9450
      4170.20      361.477      14.0808
      4171.60      371.632      14.3335
      4173.00      346.107      13.6444
      4174.40      318.655      12.7516
      4175.80      320.412      12.8574
      4177.20      346.225      13.4818
      4178.60      344.458      13.4083
      4180.00      326.592      12.9485
      4181.40      325.159      12.8936
      4182.80      335.498      13.1251
      4184.20      345.920      13.3284
      4185.60      336.415      13.2673
      4187.00      357.709      13.7446
      4188.40      338.916      13.2417
      4189.80      333.441      13.0367
      4191.20      340.951      13.2309
      4192.60      357.255      13.6938
      4194.00      353.936      13.5433
      4195.40      361.487      14.0250
      4196.80      357.270      13.5329
      4198.20      350.143      13.4050
      4199.60      330.395      12.8942
      4201.00      344.380      13.1537
      4202.40      328.343      12.9865
      4203.80      352.715      13.4237
      4205.20      340.316      13.1617
      4206.60      339.765      13.1525
      4208.00      334.511      12.8743
      4209.40      347.590      13.6189
      4210.80      354.284      13.3812
      4212.20      345.705      13.3247
      4213.60      356.858      13.5616
      4215.00      354.325      13.6036
      4216.40      347.958      13.2356
      4217.80      327.164      12.6683
      4219.20      334.812      12.8590
      4220.60      343.065      13.1611
      4222.00      355.855      13.5138
      4223.40      347.216      13.3041
      4224.80      346.140      13.2809
      4226.20      353.208      13.4349
      4227.60      332.136      12.8427
      4229.00      326.095      12.4738
      4230.40      323.242      12.6070
      4231.80      363.200      13.7652
      4233.20      360.410      13.8471
      4234.60      341.754      13.0303
      4236.00      317.280      12.4045
      4237.40      326.880      12.6292
      4238.80      332.584      12.8287
      4240.20      341.205      13.0950
      4241.60      346.784      13.2515
      4243.00      339.993      13.0552
      4244.40      359.182      13.7256
      4245.80      363.589      13.4959
      4247.20      359.422      13.7248
      4248.60      342.810      13.0917
      4250.00      337.824          Inf
      4251.40      332.839      12.7859
      4252.80      324.445      12.6983
      4254.20      342.158      12.9796
      4255.60      343.909      13.1617
      4257.00      329.281      12.8374
      4258.40      349.734      13.2873
      4259.80      353.189      13.3994
      4261.20      349.511      13.2814
      4262.60      336.907      12.9667
      4264.00      333.178      12.7458
      4265.40      347.691      13.2801
      4266.80      342.618      13.2773
      4268.20      363.642      13.7331
      4269.60      341.220      13.1710
      4271.00      360.553      13.4761
      4272.40      348.286      13.2628
      4273.80      334.717      13.0605
      4275.20      337.096      14.3372
      4276.60      357.762      13.0430
      4278.00      326.913      12.8130
      4279.40      365.200      13.5624
      4280.80      358.052      13.5260
      4282.20      355.538      13.4464
      4283.60      349.850      13.1997
      4285.00      331.280      12.7107
      4286.40      331.163      12.7089
      4287.80      347.911      13.0716
      4289.20      342.835      13.0320
      4290.60      331.814      12.7240
      4292.00      321.059      12.2532
      4293.40      319.423      12.3521
      4294.80      344.053      12.9888
      4296.20      337.795      12.7311
      4297.60      334.470      12.8077
      4299.00      345.750      12.9956
      4300.40      342.614      13.0052
      4301.80      309.604      11.8066
      4303.20      294.245      11.4909
      4304.60      294.692      11.5219
      4306.00      316.232      12.1117
      4307.40      337.060      12.7602
      4308.80      329.970      12.5225
      4310.20      310.697      11.9771
      4311.60      314.363      12.0947
      4313.00      341.079      12.7024
      4314.40      321.886      12.3691
      4315.80      309.649      11.9229
      4317.20      291.825      11.5252
      4318.60      309.138      11.9191
      4320.00      324.826      12.5872
      4321.40      328.522      12.3688
      4322.80      322.295      12.3996
      4324.20      323.720      12.3399
      4325.60      333.603      12.7369
      4327.00      314.903      12.0840
      4328.40      305.462      11.7993
      4329.80      312.556      12.0059
      4331.20      318.173      12.0868
      4332.60      316.061      12.0544
      4334.00      302.504      11.7613
      4335.40      302.366      11.6103
      4336.80      293.873      11.4043
      4338.20      283.957      10.9944
      4339.60      251.520      10.0451
      4341.00      212.389      8.85514
      4342.40      170.483      7.70976
      4343.80      169.443      7.53259
      4345.20      217.952      9.13447
      4346.60      250.251      9.99835
      4348.00      277.608      10.8427
      4349.40      305.918      11.6124
      4350.80      293.645      11.5189
      4352.20      304.367      11.5364
      4353.60      304.779      11.6468
      4355.00      303.858      11.5773
      4356.40      309.254      11.8050
      4357.80      320.610      12.2080
      4359.20      339.685      12.7808
      4360.60      338.504      12.8116
      4362.00      326.260      12.5037
      4363.40      341.153      12.6569
      4364.80      330.045      12.5461
      4366.20      336.969      12.6465
      4367.60      344.221      12.8437
      4369.00      338.449      12.5726
      4370.40      332.081      12.4409
      4371.80      325.224      12.3088
      4373.20      342.969      12.7738
      4374.60      339.116      12.4994
      4376.00      339.700      12.6116
      4377.40      315.764      12.1115
      4378.80      325.029      12.2347
      4380.20      344.992      12.9713
      4381.60      350.217      12.8869
      4383.00      339.460      12.6794
      4384.40      338.996      12.6127
      4385.80      319.017      11.9982
      4387.20      296.134      11.4751
      4388.60      316.364      11.8111
      4390.00      317.960      11.9522
      4391.40      336.802      12.4970
      4392.80      344.154      12.7440
      4394.20      345.852      12.8252
      4395.60      342.955      12.7160
      4397.00      308.680      11.7721
      4398.40      315.094      11.9546
      4399.80      335.280      12.5165
      4401.20      324.837      12.1450
      4402.60      317.412      11.9549
      4404.00      321.694      12.0293
      4405.40      337.724      12.5347
      4406.80      317.979      12.0550
      4408.20      330.603      12.2437
      4409.60      335.797      12.4395
      4411.00      315.517      11.9657
      4412.40      325.451      12.1579
      4413.80      336.553      12.5353
      4415.20      338.432      12.5907
      4416.60      332.204      12.3784
      4418.00      309.020      11.7488
      4419.40      300.175      11.3908
      4420.80      307.653      11.6099
      4422.20      325.646      12.1287
      4423.60      336.000      12.4450
      4425.00      335.344      12.4449
      4426.40      329.640      12.2925
      4427.80      334.970      12.3919
      4429.20      324.135      12.1093
      4430.60      335.314      12.5758
      4432.00      337.139      12.4217
      4433.40      336.860      12.4598
      4434.80      332.862      12.3320
      4436.20      321.117      11.8663
      4437.60      311.917      11.8154
      4439.00      304.866      11.6401
      4440.40      335.522      12.3106
      4441.80      341.458      12.8761
      4443.20      325.346      12.0661
      4444.60      324.102      12.0282
      4446.00      295.059      11.3465
      4447.40      313.267      11.5853
      4448.80      325.572      12.1817
      4450.20      322.095      12.0169
      4451.60      326.843      12.1987
      4453.00      311.829      11.6518
      4454.40      317.932      11.9014
      4455.80      332.178      12.1568
      4457.20      306.093      11.4389
      4458.60      328.561      12.1117
      4460.00      349.987      12.9818
      4461.40      343.536      13.0687
      4462.80      319.814      11.8928
      4464.20      323.089      11.8860
      4465.60      316.105      11.7814
      4467.00      327.550      12.1392
      4468.40      321.639      11.8574
      4469.80      320.176      11.8185
      4471.20      307.715      11.5956
      4472.60      307.728      11.4221
      4474.00      317.428      11.8873
      4475.40      325.181      11.9831
      4476.80      326.965      12.0191
      4478.20      320.912      11.8743
      4479.60      327.638      12.0472
      4481.00      329.232      12.0722
      4482.40      312.901      11.5961
      4483.80      298.608      11.2029
      4485.20      297.884      11.1775
      4486.60      322.255      11.8847
      4488.00      330.569      12.1273
      4489.40      322.974      11.9864
      4490.80      307.603      11.4997
      4492.20      311.854      11.5999
      4493.60      324.529      11.8683
      4495.00      302.023      11.4539
      4496.40      326.406      11.7148
      4497.80      314.706      11.7805
      4499.20      319.104      11.9125
      4500.60      329.134      12.0032
      4502.00      317.870      11.8872
      4503.40      315.119      11.6335
      4504.80      312.035      11.6281
      4506.20      328.266      12.1524
      4507.60      335.557      12.2591
      4509.00      322.098      11.9406
      4510.40      319.596      11.7954
      4511.80      312.932      11.6261
      4513.20      321.867      11.8151
      4514.60      321.133      11.8595
      4516.00      321.087      11.8308
      4517.40      307.031      11.4947
      4518.80      321.561      11.7842
      4520.20      314.108      11.7184
      4521.60      324.760      11.8660
      4523.00      303.805      11.3867
      4524.40      317.437      11.5977
      4525.80      306.698      11.3941
      4527.20      310.193      11.4386
      4528.60      315.821      11.5838
      4530.00      318.970      11.6279
      4531.40      304.593      11.3522
      4532.80      313.487      11.5510
      4534.20      325.316      11.8856
      4535.60      303.849      11.2824
      4537.00      289.939      10.9158
      4538.40      305.493      11.3255
      4539.80      317.014      11.6412
      4541.20      322.624      11.8157
      4542.60      324.854      11.8256
      4544.00      318.750      11.7037
      4545.40      315.089      11.5753
      4546.80      322.299      11.7631
      4548.20      321.315      11.7805
      4549.60      321.165      11.7275
      4551.00      307.791      11.3264
      4552.40      283.426      10.7041
      4553.80      307.044      11.3100
      4555.20      319.618      11.5541
      4556.60      300.505      11.1474
      4558.00      301.377      11.1620
      4559.40      313.062      11.3632
      4560.80      303.902      11.3027
      4562.20      316.543      11.5795
      4563.60      320.769      11.7077
      4565.00      314.893      11.4750
      4566.40      298.510      11.0451
      4567.80      305.207      11.2985
      4569.20      320.289      11.6755
      4570.60      322.455      11.6594
      4572.00      316.208      11.7078
      4573.40      313.453      11.4028
      4574.80      301.466      11.2023
      4576.20      310.226      11.4117
      4577.60      319.247      11.6324
      4579.00      321.563      11.8305
      4580.40      312.662      11.4911
      4581.80      321.764      11.6762
      4583.20      315.940      11.6242
      4584.60      315.264      11.5326
      4586.00      297.203      11.0559
      4587.40      296.723      11.0819
      4588.80      319.972      11.7162
      4590.20      319.459      11.6721
      4591.60      310.181      11.4316
      4593.00      309.570      11.3638
      4594.40      304.441      11.2802
      4595.80      311.705      11.4971
      4597.20      312.088      11.4645
      4598.60      323.560      11.8090
      4600.00      333.458      12.1741
      4601.40      335.745      12.0779
      4602.80      317.560      11.6723
      4604.20      323.884      11.7946
      4605.60      320.917      11.6988
      4607.00      310.725      11.4023
      4608.40      318.238      11.6612
      4609.80      317.106      11.5775
      4611.20      319.517      11.7423
      4612.60      327.749      11.7658
      4614.00      309.466      11.3475
      4615.40      320.621      11.6265
      4616.80      318.737      11.5329
      4618.20      313.403      11.5767
      4619.60      313.940      11.3428
      4621.00      309.630      11.3920
      4622.40      315.826      11.5183
      4623.80      320.867      11.6008
      4625.20      315.814      11.5401
      4626.60      321.441      11.6487
      4628.00      325.908      11.7277
      4629.40      318.288      11.6695
      4630.80      317.364      11.4354
      4632.20      301.162      11.1489
      4633.60      313.440      11.4211
      4635.00      324.759      11.6344
      4636.40      315.540      11.5516
      4637.80      313.365      11.3704
      4639.20      314.661      11.4414
      4640.60      315.813      11.5298
      4642.00      327.607      11.7534
      4643.40      311.162      11.3352
      4644.80      316.364      11.5144
      4646.20      323.472      11.6898
      4647.60      322.937      11.6479
      4649.00      316.207      11.5046
      4650.40      310.137      11.2743
      4651.80      315.912      11.4105
      4653.20      311.323      11.3825
      4654.60      316.158      11.4019
      4656.00      312.465      11.4120
      4657.40      324.720      11.6554
      4658.80      320.131      11.6077
      4660.20      318.244      11.5304
      4661.60      311.182      11.3172
      4663.00      318.388      11.5124
      4664.40      316.834      11.4835
      4665.80      314.718      11.4365
      4667.20      315.592      11.3804
      4668.60      316.390      11.5405
      4670.00      306.444      11.1426
      4671.40      306.602      11.1699
      4672.80      307.433      11.1702
      4674.20      307.043      11.2569
      4675.60      316.508      11.3656
      4677.00      317.520      11.5359
      4678.40      321.594      11.6712
      4679.80      313.269      11.1486
      4681.20      319.257      11.7102
      4682.60      309.640      11.2564
      4684.00      310.872      11.3495
      4685.40      317.893      11.5114
      4686.80      326.800      11.7040
      4688.20      315.589      11.5042
      4689.60      321.335      11.5462
      4691.00      313.704      11.3132
      4692.40      309.175      11.2712
      4693.80      318.567      11.4687
      4695.20      314.045      11.4082
      4696.60      315.083      11.4653
      4698.00      322.426      11.6159
      4699.40      308.062      11.2336
      4700.80      299.648      10.9658
      4702.20      313.405      11.3184
      4703.60      309.411      11.1570
      4705.00      303.690      11.0945
      4706.40      302.203      10.9801
      4707.80      307.381      11.1594
      4709.20      311.013      11.2094
      4710.60      303.736      11.0406
      4712.00      313.979      11.3311
      4713.40      308.646      11.1654
      4714.80      306.182      11.2028
      4716.20      316.192      11.2886
      4717.60      305.579      11.1397
      4719.00      315.597      11.3095
      4720.40      313.766      11.3149
      4721.80      314.389      11.3060
      4723.20      303.011      10.9639
      4724.60      308.436      11.1166
      4726.00      306.904      11.1739
      4727.40      316.105      11.3249
      4728.80      308.391      11.1639
      4730.20      312.119      11.3067
      4731.60      315.766      11.3250
      4733.00      300.624      11.0449
      4734.40      309.033      11.1585
      4735.80      305.194      11.0057
      4737.20      303.373      11.0614
      4738.60      306.476      11.0567
      4740.00      303.894      11.0994
      4741.40      316.978      11.4133
      4742.80      313.725      11.3688
      4744.20      309.848      11.1899
      4745.60      318.119      11.4370
      4747.00      309.600      11.1599
      4748.40      306.604      11.2331
      4749.80      317.472      11.4079
      4751.20      317.103      11.4827
      4752.60      317.005      11.4393
      4754.00      311.459      11.2971
      4755.40      306.258      11.1336
      4756.80      311.083      11.2767
      4758.20      300.373      11.0377
      4759.60      312.888      11.3112
      4761.00      319.849      11.5181
      4762.40      311.904      11.2858
      4763.80      310.971      11.2669
      4765.20      309.327      11.1770
      4766.60      300.430      10.9605
      4768.00      303.677      11.0834
      4769.40      305.774      11.1271
      4770.80      306.619      11.2027
      4772.20      306.900      11.1613
      4773.60      300.166      10.9771
      4775.00      305.889      11.2417
      4776.40      306.872      11.1094
      4777.80      303.033      11.1402
      4779.20      311.854      11.2226
      4780.60      308.510      11.2240
      4782.00      294.174      10.6247
      4783.40      294.640      10.7400
      4784.80      297.138      10.7350
      4786.20      304.193      11.0840
      4787.60      306.801      10.8914
      4789.00      292.702      10.6978
      4790.40      297.881      10.7372
      4791.80      300.270      10.8309
      4793.20      299.721      10.8565
      4794.60      309.164      11.1069
      4796.00      301.184      10.8524
      4797.40      301.951      10.8703
      4798.80      304.928      10.9673
      4800.20      306.013      10.9679
      4801.60      297.889      10.7378
      4803.00      295.916      10.6908
      4804.40      295.728      10.6503
      4805.80      292.946      10.5914
      4807.20      291.731      10.5373
      4808.60      286.845      10.4493
      4810.00      302.067      10.7558
      4811.40      303.280      10.8901
      4812.80      293.541      10.6561
      4814.20      303.439      10.9034
      4815.60      301.757      10.8937
      4817.00      294.303      10.6379
      4818.40      301.948      10.8212
      4819.80      302.531      10.8449
      4821.20      296.767      10.6642
      4822.60      298.810      10.7395
      4824.00      300.690      10.7553
      4825.40      291.881      10.5378
      4826.80      296.018      10.6735
      4828.20      292.345      10.5094
      4829.60      299.312      10.6911
      4831.00      290.252      10.5413
      4832.40      297.348      10.6581
      4833.80      298.758      10.7265
      4835.20      291.922      10.4972
      4836.60      289.089      10.5004
      4838.00      301.918      10.6452
      4839.40      281.814      10.2858
      4840.80      287.950      10.2762
      4842.20      294.090      10.7365
      4843.60      288.470      10.2884
      4845.00      278.783      10.6235
      4846.40      278.984      10.4369
      4847.80      289.350      10.4088
      4849.20      282.625      10.1944
      4850.60      279.408      10.1153
      4852.00      281.093      10.1379
      4853.40      280.691      10.1122
      4854.80      269.014      9.75494
      4856.20      269.597      9.79997
      4857.60      266.600      9.62337
      4859.00      243.361      9.03669
      4860.40      236.647      8.77093
      4861.80      221.219      8.15327
      4863.20      167.561      6.83444
      4864.60      146.431      6.11083
      4866.00      180.284      7.03402
      4867.40      221.489      8.27482
      4868.80      242.027      8.86793
      4870.20      250.544      9.24803
      4871.60      264.082      9.55851
      4873.00      271.843      9.77254
      4874.40      263.792      9.60521
      4875.80      264.851      9.65426
      4877.20      274.328      9.91194
      4878.60      287.822      10.2429
      4880.00      279.164      10.1313
      4881.40      280.938      10.0753
      4882.80      281.197      10.1253
      4884.20      296.887      10.5654
      4885.60      289.237      10.3782
      4887.00      285.354      10.3024
      4888.40      289.952      10.3695
      4889.80      287.991      10.3919
      4891.20      294.267      10.4287
      4892.60      288.741      10.4140
      4894.00      279.356      10.1551
      4895.40      291.394      10.5397
      4896.80      300.417      10.6830
      4898.20      291.514      10.5217
      4899.60      296.336      10.6405
      4901.00      303.664      10.8186
      4902.40      297.696      10.6819
      4903.80      296.330      10.6346
      4905.20      304.107      10.8056
      4906.60      287.358      10.4606
      4908.00      304.358      10.7385
      4909.40      297.400      10.6827
      4910.80      291.931      10.3633
      4912.20      295.575      10.6834
      4913.60      294.613      10.5330
      4915.00      299.673      10.6921
      4916.40      299.941      10.7521
      4917.80      293.272      10.4193
      4919.20      293.565      10.5797
      4920.60      284.017      10.2254
      4922.00      276.602      10.0511
      4923.40      278.034      10.0654
      4924.80      280.535      10.1611
      4926.20      285.035      10.2051
      4927.60      278.520      10.1786
      4929.00      293.475      10.4270
      4930.40      301.694      10.6933
      4931.80      292.170      10.4608
      4933.20      290.836      10.3631
      4934.60      296.814      10.5145
      4936.00      278.804      9.99650
      4937.40      268.643      9.90530
      4938.80      290.597      10.2469
      4940.20      295.112      10.5837
      4941.60      286.325      10.2377
      4943.00      294.782      10.4593
      4944.40      299.831      10.6150
      4945.80      299.943      10.6165
      4947.20      291.361      10.3448
      4948.60      303.287      10.7075
      4950.00      296.126      10.5114
      4951.40      292.365      10.4240
      4952.80      297.451      10.4931
      4954.20      302.235      10.7653
      4955.60      297.671      10.5165
      4957.00      289.326      10.3123
      4958.40      287.373      10.2461
      4959.80      278.445      9.80566
      4961.20      263.227      9.54696
      4962.60      284.400      10.0404
      4964.00      285.859      10.1689
      4965.40      282.403      10.0539
      4966.80      279.855      10.0009
      4968.20      290.638      10.3217
      4969.60      290.345      10.2838
      4971.00      283.940      10.1454
      4972.40      286.124      10.1490
      4973.80      292.331      10.3825
      4975.20      298.469      10.4560
      4976.60      300.426      10.6656
      4978.00      293.786      10.3802
      4979.40      291.278      10.3291
      4980.80      291.215      10.2990
      4982.20      281.957      10.0516
      4983.60      290.851      10.3282
      4985.00      276.215      9.89100
      4986.40      273.808      9.81793
      4987.80      284.663      10.0553
      4989.20      274.074      9.73161
      4990.60      279.021      10.0951
      4992.00      288.842      10.1023
      4993.40      285.697      10.1851
      4994.80      287.736      10.1882
      4996.20      287.667      10.1429
      4997.60      282.289      10.0818
      4999.00      293.638      10.3320
