      3900.00      74.0134      7.90516
      3901.40      68.3324      7.73701
      3902.80      93.1921      8.23489
      3904.20      80.9472      7.99875
      3905.60      77.2328      8.01330
      3907.00      89.1984      8.32407
      3908.40      86.7437      8.19572
      3909.80      93.8962      8.16134
      3911.20      86.1531      8.02550
      3912.60      86.8398      8.01746
      3914.00      90.6071      8.15011
      3915.40      102.145      8.37413
      3916.80      90.3211      7.93984
      3918.20      96.1779      8.04876
      3919.60      97.8642      7.99620
      3921.00      89.5796      7.82872
      3922.40      92.2474      7.86334
      3923.80      91.6954      7.91676
      3925.20      109.441      8.59678
      3926.60      89.8313      8.13371
      3928.00      86.6757      7.45595
      3929.40      93.6716      7.79386
      3930.80      103.027      7.91057
      3932.20      76.5956      7.27571
      3933.60      92.7958      7.63806
      3935.00      86.6998      7.69176
      3936.40      70.4310      6.78540
      3937.80      42.8506      6.16803
      3939.20      68.1076      7.13255
      3940.60      94.6077      8.03704
      3942.00      95.3426      8.11329
      3943.40      92.2436      8.18866
      3944.80      93.0685      8.14039
      3946.20      104.399      8.32841
      3947.60      79.5314      7.68314
      3949.00      97.9677      8.09160
      3950.40      99.2355      8.17773
      3951.80      88.4269      7.82553
      3953.20      88.0792      7.96605
      3954.60      79.3982      7.92013
      3956.00      85.7547      8.25778
      3957.40      80.5419      8.23890
      3958.80      89.0909      8.23100
      3960.20      93.1689      8.33264
      3961.60      74.8451      8.16068
      3963.00      81.9841      8.13605
      3964.40      70.3754      7.64514
      3965.80      80.9478      7.83191
      3967.20      81.3859      7.90710
      3968.60      80.0537      7.28794
      3970.00      65.5807      6.50886
      3971.40      51.2313      5.91721
      3972.80      34.2767      5.47280
      3974.20      41.2156      5.41393
      3975.60      44.6184      5.82765
      3977.00      71.5551      6.54749
      3978.40      65.9723      6.46343
      3979.80      67.4013      6.46086
      3981.20      80.3826      6.78390
      3982.60      74.5553      6.54335
      3984.00      72.0740      6.47341
      3985.40      86.8805      6.66476
      3986.80      97.1809      7.18598
      3988.20      84.0189      6.77627
      3989.60      93.0490      6.96233
      3991.00      100.257      7.27839
      3992.40      96.7477      7.20060
      3993.80      94.8096      7.21908
      3995.20      88.8330      7.27334
      3996.60      99.5206      7.52892
      3998.00      99.1951      7.21366
      3999.40      88.1483      7.10466
      4000.80      95.4016      6.96942
      4002.20      87.4120      6.73693
      4003.60      95.3913      6.98365
      4005.00      109.960      7.33431
      4006.40      86.2952      6.71279
      4007.80      88.9464      6.82646
      4009.20      71.4408      6.42908
      4010.60      94.1479      7.03117
      4012.00      97.5557      7.14081
      4013.40      95.8783      7.02355
      4014.80      107.048      7.35764
      4016.20      94.6077      6.93710
      4017.60      86.2177      6.65311
      4019.00      84.5790      6.96774
      4020.40      109.145      7.12172
      4021.80      84.8811      6.65640
      4023.20      100.622      7.07023
      4024.60      107.360      7.32829
      4026.00      104.064      7.39992
      4027.40      105.940      7.15557
      4028.80      95.5926      6.80664
      4030.20      90.7705      6.65625
      4031.60      100.579      7.00259
      4033.00      86.9103      6.73006
      4034.40      95.4868      6.95582
      4035.80      95.8209      6.99489
      4037.20      94.1011      6.99795
      4038.60      95.8202      7.27715
      4040.00      95.2080      7.50536
      4041.40      99.5972      7.37554
      4042.80      94.1997      7.02253
      4044.20      101.331      7.22890
      4045.60      100.811      7.40678
      4047.00      110.483      8.02973
      4048.40      97.7660      7.68360
      4049.80      71.7312      6.68769
      4051.20      87.2448      6.76838
      4052.60      94.4038      6.88648
      4054.00      97.0125      7.09105
      4055.40      97.3783      6.99746
      4056.80      94.2249      7.03724
      4058.20      91.2751      6.85497
      4059.60      98.7415      6.95934
      4061.00      91.5504      6.86294
      4062.40      94.8199      6.97377
      4063.80      98.4252      6.94420
      4065.20      96.9026      7.28040
      4066.60      95.0092      6.94303
      4068.00      85.4333      6.53212
      4069.40      104.487      6.91002
      4070.80      91.7493      6.62169
      4072.20      97.1502      6.84331
      4073.60      94.3204      6.73925
      4075.00      89.8790      6.63636
      4076.40      99.2646      6.81589
      4077.80      94.6309      7.18857
      4079.20      92.6825      7.20476
      4080.60      86.1931      6.64333
      4082.00      90.3836      6.36137
      4083.40      83.8400      6.28019
      4084.80      99.8751      6.81874
      4086.20      87.8005      6.55293
      4087.60      88.2319      6.50537
      4089.00      85.3354      6.35285
      4090.40      91.7988      6.32744
      4091.80      80.0099      6.00583
      4093.20      83.7684      6.12007
      4094.60      80.1485      6.01667
      4096.00      85.2031      6.28901
      4097.40      81.8630      6.05765
      4098.80      76.0037      5.89839
      4100.20      68.2929      5.57936
      4101.60      79.6808      5.78793
      4103.00      62.5528      5.43121
      4104.40      56.1950      5.09764
      4105.80      44.3484      4.81107
      4107.20      46.3081      5.11054
      4108.60      63.5954      5.39219
      4110.00      73.1742      5.65095
      4111.40      71.1736      5.65153
      4112.80      87.8925      6.17316
      4114.20      90.3159      6.15109
      4115.60      79.0475      6.00531
      4117.00      85.2454      6.03481
      4118.40      78.1929      5.95304
      4119.80      80.5309      6.05862
      4121.20      76.6276      5.95395
      4122.60      89.3958      6.20691
      4124.00      81.4273      5.98833
      4125.40      86.8331      6.16391
      4126.80      94.6867      6.31461
      4128.20      88.1044      6.28869
      4129.60      91.4958      6.24481
      4131.00      79.8639      5.94661
      4132.40      90.1304      6.19123
      4133.80      93.7587      6.56881
      4135.20      87.3748      6.57165
      4136.60      87.5015      6.42759
      4138.00      112.404      7.49856
      4139.40      96.0975      6.38491
      4140.80      88.9404      6.18732
      4142.20      89.2757      6.13442
      4143.60      87.4172      6.12862
      4145.00      80.0318      5.94214
      4146.40      93.5801      6.13053
      4147.80      83.2129      5.66665
      4149.20      85.3073      5.96398
      4150.60      86.8266      5.94977
      4152.00      88.3150      6.22899
      4153.40      97.9849      6.51582
      4154.80      82.6575      6.21488
      4156.20      96.9358      6.42314
      4157.60      101.547      6.37457
      4159.00      83.8144      5.81686
      4160.40      85.8498      5.99261
      4161.80      88.6580      5.90645
      4163.20      88.9346      6.03027
      4164.60      90.6514      6.16315
      4166.00      85.8484      6.25373
      4167.40      100.264      6.36944
      4168.80      87.0548      5.89442
      4170.20      88.0579      6.03001
      4171.60      89.6048      5.94799
      4173.00      86.8227      6.24744
      4174.40      90.6358      5.86694
      4175.80      83.1288      5.72898
      4177.20      95.5611      6.09872
      4178.60      80.7013      5.82677
      4180.00      87.8238      5.89623
      4181.40      82.5803      5.79022
      4182.80      80.0355      5.83451
      4184.20      81.6040      5.95618
      4185.60      85.3537      5.80004
      4187.00      88.1921      5.88772
      4188.40      91.8041      5.92203
      4189.80      94.4050      6.02265
      4191.20      81.7523      5.67095
      4192.60      85.6766      5.70463
      4194.00      94.3645      5.93396
      4195.40      90.7818      5.76389
      4196.80      81.7756      5.54793
      4198.20      79.6821      5.57644
      4199.60      84.0080      5.56722
      4201.00      88.6811      5.72657
      4202.40      87.5537      5.67715
      4203.80      93.0214      5.88984
      4205.20      80.7298      5.68795
      4206.60      93.0456      5.88346
      4208.00      89.8766      5.78695
      4209.40      90.4803      5.83636
      4210.80      90.2108      5.70232
      4212.20      84.4205      5.56693
      4213.60      91.3064      5.74883
      4215.00      90.8983      5.71676
      4216.40      85.6897      5.65348
      4217.80      95.1703      5.70322
      4219.20      87.7887      5.54881
      4220.60      86.1021      5.60012
      4222.00      96.6011      5.87560
      4223.40      93.1408      5.83794
      4224.80      90.4317      5.78587
      4226.20      82.9997      5.56268
      4227.60      97.3844      5.89985
      4229.00      91.1293      5.57133
      4230.40      78.6416      5.36653
      4231.80      81.1675      5.43799
      4233.20      87.4708      5.56037
      4234.60      83.8127      5.46430
      4236.00      93.0419      5.67130
      4237.40      85.8682      5.38004
      4238.80      82.9532      5.38595
      4240.20      91.7682      5.53840
      4241.60      91.2315      5.65766
      4243.00      89.1741      5.56874
      4244.40      89.6372      5.59532
      4245.80      91.2871      5.70502
      4247.20      95.2186      5.93145
      4248.60      89.5165      5.71412
      4250.00      87.8254      5.50147
      4251.40      84.3880      5.43817
      4252.80      77.4263      5.22941
      4254.20      82.9421      5.24249
      4255.60      84.8060      5.52604
      4257.00      86.0958      5.53076
      4258.40      92.7814      5.84419
      4259.80      87.0811      5.54934
      4261.20      91.8046      5.53774
      4262.60      91.4119      5.58977
      4264.00      99.2053      5.75675
      4265.40      83.0549      5.32633
      4266.80      86.2544      5.50375
      4268.20      100.167      5.87377
      4269.60      94.1693      5.72970
      4271.00      85.6369      5.49289
      4272.40      98.4346      5.80077
      4273.80      91.2209      5.73883
      4275.20      84.6584      5.35054
      4276.60      90.0624      5.44194
      4278.00      79.6182      5.25614
      4279.40      85.3827      5.35117
      4280.80      89.4224      5.67468
      4282.20      96.4654      6.04298
      4283.60      87.7778      5.54453
      4285.00      86.5556      5.40353
      4286.40      90.7099      5.43881
      4287.80      88.8418      5.38545
      4289.20      84.5214      5.33466
      4290.60      94.6534      5.55207
      4292.00      86.4903      5.46732
      4293.40      85.0784      5.23346
      4294.80      77.7677      5.02138
      4296.20      86.5307      5.24599
      4297.60      89.7565      5.39173
      4299.00      84.5684      5.27224
      4300.40      84.2796      5.12268
      4301.80      90.2254      5.26569
      4303.20      76.7193      4.96036
      4304.60      76.7938      4.92008
      4306.00      78.4915      4.92528
      4307.40      83.7213      5.13454
      4308.80      84.7198      5.29255
      4310.20      86.7286      5.23784
      4311.60      79.6511      5.22571
      4313.00      80.1525      5.21785
      4314.40      82.3998      5.21060
      4315.80      90.0314      5.33955
      4317.20      80.6297      5.13604
      4318.60      79.6913      5.03599
      4320.00      80.3589      5.25322
      4321.40      85.0023      5.48102
      4322.80      82.3639      5.38521
      4324.20      84.9105      5.24660
      4325.60      86.0480      5.29806
      4327.00      81.2187      5.02291
      4328.40      81.8650      5.14887
      4329.80      80.8638      4.97272
      4331.20      65.0460      4.62048
      4332.60      75.7718      4.89837
      4334.00      85.3319      5.22111
      4335.40      77.7890      5.33541
      4336.80      77.9258      5.29358
      4338.20      75.1289      5.14258
      4339.60      65.8870      4.73991
      4341.00      66.4615      4.51034
      4342.40      58.2279      4.22847
      4343.80      41.9414      3.70952
      4345.20      35.9342      3.47797
      4346.60      45.2143      3.81976
      4348.00      64.1298      4.46223
      4349.40      69.4246      4.73514
      4350.80      74.6432      4.88648
      4352.20      74.8826      4.86411
      4353.60      71.8861      4.76049
      4355.00      64.2814      4.65630
      4356.40      75.4369      4.90674
      4357.80      72.3693      5.25941
      4359.20      85.3142      6.03803
      4360.60      75.3787      5.36342
      4362.00      81.2167      5.29176
      4363.40      84.1658      5.17080
      4364.80      84.6709      5.10367
      4366.20      87.1319      5.30431
      4367.60      80.8021      5.09671
      4369.00      80.3268      5.17552
      4370.40      78.8976      5.18833
      4371.80      87.3053      5.35715
      4373.20      83.4190      5.28052
      4374.60      91.0096      5.46484
      4376.00      87.5909      5.42307
      4377.40      87.0923      5.38613
      4378.80      85.6745      5.33658
      4380.20      84.6407      5.18082
      4381.60      86.8476      5.20896
      4383.00      84.6643      5.19875
      4384.40      89.9259      5.19295
      4385.80      77.9171      4.87041
      4387.20      72.5421      4.69872
      4388.60      78.4568      4.90084
      4390.00      78.8247      4.89999
      4391.40      87.7626      5.12347
      4392.80      89.7981      5.27239
      4394.20      85.7498      5.25672
      4395.60      88.1627      5.21837
      4397.00      79.9431      5.04611
      4398.40      83.7551      5.18382
      4399.80      84.1105      5.02073
      4401.20      74.5178      4.82636
      4402.60      87.0314      5.02929
      4404.00      77.0358      4.75349
      4405.40      85.9976      5.02377
      4406.80      90.2003      5.24210
      4408.20      82.9640      5.12825
      4409.60      76.6392      4.81735
      4411.00      82.1865      4.89974
      4412.40      81.3995      4.95014
      4413.80      83.7164      4.89989
      4415.20      87.5002      5.15304
      4416.60      82.0637      4.93400
      4418.00      82.6102      4.96003
      4419.40      85.4974      4.96442
      4420.80      83.5157      4.91475
      4422.20      76.1736      4.76649
      4423.60      81.9961      4.90562
      4425.00      87.0415      5.10752
      4426.40      77.0020      4.87479
      4427.80      82.8434      4.77067
      4429.20      78.0732      4.82579
      4430.60      89.8591      5.03332
      4432.00      79.2369      4.89769
      4433.40      86.5645      5.16023
      4434.80      93.0297      5.40279
      4436.20      86.8833      5.07067
      4437.60      89.0507      5.16648
      4439.00      78.2258      4.70555
      4440.40      86.4425      5.04166
      4441.80      83.8564      4.92943
      4443.20      87.8621      5.15092
      4444.60      80.4156      4.70560
      4446.00      78.3191      4.81112
      4447.40      84.6715      4.86087
      4448.80      72.8639      4.60207
      4450.20      85.7815      4.86138
      4451.60      78.5835      4.72450
      4453.00      78.1226      4.74010
      4454.40      85.6683      4.91240
      4455.80      89.1503      5.06377
      4457.20      90.9136      5.11065
      4458.60      84.9720      5.12454
      4460.00      79.5218      4.96718
      4461.40      82.4776      5.06392
      4462.80      87.5621      4.90465
      4464.20      87.2346      5.02158
      4465.60      82.9410      4.78486
      4467.00      78.4235      4.85375
      4468.40      84.5998      4.87944
      4469.80      75.9548      4.65180
      4471.20      84.3444      4.77548
      4472.60      84.3478      4.82693
      4474.00      74.9471      4.55872
      4475.40      77.8284      4.67783
      4476.80      82.1023      4.80558
      4478.20      88.3354      4.97735
      4479.60      87.7237      4.96574
      4481.00      94.8925      5.08396
      4482.40      76.2505      4.81572
      4483.80      93.1077      5.16312
      4485.20      72.3323      4.68963
      4486.60      83.3413      4.92103
      4488.00      86.7094      5.03434
      4489.40      85.7797      4.96135
      4490.80      84.6591      5.00513
      4492.20      83.6196      4.97644
      4493.60      79.7923      4.63685
      4495.00      79.8110      4.75095
      4496.40      77.6473      4.61836
      4497.80      77.3864      4.59906
      4499.20      82.2214      4.93916
      4500.60      85.3472      4.82889
      4502.00      88.8267      4.95118
      4503.40      79.9589      4.70409
      4504.80      76.8730      4.57484
      4506.20      69.9254      4.33980
      4507.60      86.5837      4.80763
      4509.00      81.6577      4.71288
      4510.40      76.0726      4.54147
      4511.80      77.9573      4.61466
      4513.20      82.5865      4.72373
      4514.60      87.6632      4.91669
      4516.00      81.5441      4.89781
      4517.40      82.5737      4.75143
      4518.80      75.8867      4.60677
      4520.20      76.5343      4.58245
      4521.60      84.0333      4.88899
      4523.00      88.2922      4.85290
      4524.40      75.7100      4.60441
      4525.80      81.0845      4.71777
      4527.20      79.3771      4.67830
      4528.60      78.3939      4.75250
      4530.00      85.3198      4.87613
      4531.40      82.3164      4.76685
      4532.80      77.5617      4.61693
      4534.20      78.8520      4.69672
      4535.60      79.2807      4.77409
      4537.00      80.8461      4.67149
      4538.40      78.4534      4.63847
      4539.80      74.7453      4.54245
      4541.20      80.0734      4.72222
      4542.60      90.5337      5.02673
      4544.00      78.3478      4.70132
      4545.40      83.6842      4.78494
      4546.80      81.8314      4.66301
      4548.20      83.6438      4.84998
      4549.60      82.8602      4.70741
      4551.00      84.5373      4.63153
      4552.40      75.4417      4.52970
      4553.80      78.7338      4.47635
      4555.20      76.9460      4.52182
      4556.60      79.8904      4.58078
      4558.00      83.9387      4.73190
      4559.40      82.8943      4.71639
      4560.80      78.6618      4.66373
      4562.20      78.0920      4.71832
      4563.60      81.3441      4.79715
      4565.00      82.3674      4.66432
      4566.40      79.0815      4.54583
      4567.80      76.8126      4.41624
      4569.20      81.1039      4.69448
      4570.60      83.9603      4.67668
      4572.00      80.8417      4.64927
      4573.40      76.7246      4.43754
      4574.80      76.0281      4.45360
      4576.20      82.9536      4.53925
      4577.60      80.7953      4.59912
      4579.00      79.1048      4.52317
      4580.40      78.7634      4.45645
      4581.80      79.8708      4.55100
      4583.20      83.0416      4.62494
      4584.60      79.5704      4.56522
      4586.00      80.5189      4.65871
      4587.40      72.5297      4.32056
      4588.80      75.6689      4.34761
      4590.20      78.9596      4.57229
      4591.60      83.6284      4.69806
      4593.00      84.0041      4.86701
      4594.40      82.3185      4.69261
      4595.80      83.1890      4.59106
      4597.20      77.9149      4.43627
      4598.60      81.2866      4.47506
      4600.00      79.2476      4.56955
      4601.40      83.7111      4.68607
      4602.80      82.9360      4.61838
      4604.20      80.8489      4.48378
      4605.60      75.1197      4.44325
      4607.00      80.4109      4.62023
      4608.40      80.6368      4.63177
      4609.80      86.3630      4.73795
      4611.20      75.1530      4.48513
      4612.60      77.3853      4.41396
      4614.00      76.5985      4.39835
      4615.40      81.3308      4.50982
      4616.80      74.7652      4.35097
      4618.20      77.9637      4.44330
      4619.60      91.4804      4.84302
      4621.00      79.7308      4.61357
      4622.40      81.9243      4.62206
      4623.80      82.5071      4.60583
      4625.20      85.3292      4.66334
      4626.60      80.0409      4.46591
      4628.00      75.0418      4.35842
      4629.40      79.0512      4.45126
      4630.80      79.5271      4.51391
      4632.20      82.0263      4.56045
      4633.60      81.7568      4.53310
      4635.00      70.6526      4.34211
      4636.40      78.5127      4.49089
      4637.80      85.0345      4.76583
      4639.20      87.3426      4.81562
      4640.60      83.1111      4.59476
      4642.00      73.6297      4.28699
      4643.40      81.4438      4.47760
      4644.80      74.0641      4.41867
      4646.20      80.6193      4.56986
      4647.60      83.9203      4.58078
      4649.00      83.2647      4.58086
      4650.40      86.6335      4.58721
      4651.80      76.8212      4.41269
      4653.20      82.8234      4.53011
      4654.60      74.8501      4.31770
      4656.00      78.4843      4.39380
      4657.40      80.9777      4.44012
      4658.80      80.3691      4.51099
      4660.20      73.7439      4.25104
      4661.60      85.5588      4.54006
      4663.00      76.4939      4.49735
      4664.40      87.1825      4.76379
      4665.80      80.4536      4.66113
      4667.20      79.5672      4.62637
      4668.60      86.2939      4.67912
      4670.00      77.2333      4.41929
      4671.40      84.1756      4.53582
      4672.80      78.4995      4.42091
      4674.20      83.2044      4.49710
      4675.60      81.7194      4.55378
      4677.00      80.8593      4.49668
      4678.40      80.4259      4.43273
      4679.80      75.2579      4.32368
      4681.20      84.1965      4.53030
      4682.60      83.7825      4.64722
      4684.00      84.0227      4.67250
      4685.40      79.8452      4.49901
      4686.80      78.7318      4.43316
      4688.20      79.5167      4.51255
      4689.60      78.4321      4.33707
      4691.00      78.7146      4.43591
      4692.40      84.0139      4.55115
      4693.80      79.9700      4.43872
      4695.20      72.3332      4.32506
      4696.60      81.0220      4.51954
      4698.00      84.0400      4.59366
      4699.40      76.4237      4.35274
      4700.80      76.6234      4.39268
      4702.20      78.8907      4.39472
      4703.60      76.6312      4.38712
      4705.00      75.3177      4.45037
      4706.40      76.4922      4.40021
      4707.80      76.4421      4.43853
      4709.20      82.8450      4.47663
      4710.60      74.8594      4.43854
      4712.00      81.5173      4.62160
      4713.40      72.3695      4.29477
      4714.80      78.8993      4.38838
      4716.20      88.0273      4.77723
      4717.60      81.2237      4.72324
      4719.00      75.1672      4.36642
      4720.40      82.9620      4.50742
      4721.80      89.2571      4.68116
      4723.20      84.4911      4.64218
      4724.60      88.9262      4.71495
      4726.00      77.0899      4.49020
      4727.40      77.0551      4.38404
      4728.80      78.9404      4.37946
      4730.20      81.5608      4.52462
      4731.60      81.9877      4.49872
      4733.00      79.0919      4.37430
      4734.40      77.0293      4.22254
      4735.80      74.6926      4.20803
      4737.20      72.4391      4.32844
      4738.60      76.0188      4.43631
      4740.00      83.6098      4.43368
      4741.40      80.4196      4.38708
      4742.80      77.1724      4.21995
      4744.20      81.0310      4.38713
      4745.60      77.4000      4.38261
      4747.00      71.2206      4.29454
      4748.40      81.7074      4.58482
      4749.80      80.3579      4.39588
      4751.20      74.1013      4.28754
      4752.60      76.9084      4.41141
      4754.00      80.4977      4.42743
      4755.40      71.5689      4.19504
      4756.80      79.4786      4.21960
      4758.20      71.4771      4.10542
      4759.60      80.2545      4.27993
      4761.00      73.4810      4.24486
      4762.40      72.5623      4.15411
      4763.80      75.7319      4.18031
      4765.20      81.8329      4.32410
      4766.60      79.3851      4.23250
      4768.00      78.6698      4.24719
      4769.40      71.7258      4.17616
      4770.80      81.3915      4.26346
      4772.20      72.7123      4.05804
      4773.60      77.8897      4.21032
      4775.00      77.3997      4.23704
      4776.40      72.9184      4.20854
      4777.80      78.3501      4.25609
      4779.20      81.2591      4.29235
      4780.60      81.9256      4.34767
      4782.00      80.1386      4.27112
      4783.40      76.1979      4.18050
      4784.80      78.3665      4.27269
      4786.20      74.5219      4.18562
      4787.60      81.6954      4.56961
      4789.00      77.1352      4.22677
      4790.40      71.5475      4.09943
      4791.80      79.5478      4.20111
      4793.20      79.9089      4.35420
      4794.60      75.5266      4.16227
      4796.00      75.2142      4.13005
      4797.40      74.5660      4.08538
      4798.80      74.6813      4.19362
      4800.20      74.8926      4.14004
      4801.60      75.0223      4.10748
      4803.00      75.0800      4.19988
      4804.40      76.2977      4.27794
      4805.80      67.7369      4.07616
      4807.20      71.6895      4.10362
      4808.60      73.2509      4.10729
      4810.00      73.1784      4.12051
      4811.40      75.0505      4.14526
      4812.80      78.3207      4.26630
      4814.20      74.3117      4.13292
      4815.60      73.5853      4.08523
      4817.00      70.9036      3.93976
      4818.40      74.1714      4.16701
      4819.80      77.6238      4.17231
      4821.20      75.3395      4.12899
      4822.60      70.6289      4.00994
      4824.00      73.2119      4.08464
      4825.40      73.4818      4.10446
      4826.80      70.9982      4.06427
      4828.20      79.4067      4.24574
      4829.60      73.0146      4.24816
      4831.00      73.1254      4.21151
      4832.40      74.2320      4.26032
      4833.80      68.6025      4.04501
      4835.20      69.1642      4.04860
      4836.60      68.8109      3.93033
      4838.00      67.7650      3.95309
      4839.40      71.4527      4.03773
      4840.80      75.2092      4.23250
      4842.20      77.2838      4.23235
      4843.60      66.8281      3.96442
      4845.00      71.8634      4.05440
      4846.40      71.2824      4.03944
      4847.80      67.1250      4.04621
      4849.20      76.9076      4.25842
      4850.60      70.0125      4.05197
      4852.00      70.3690      4.00208
      4853.40      66.6422      3.90002
      4854.80      64.5657      3.95256
      4856.20      69.6656      3.96134
      4857.60      73.6099      4.15172
      4859.00      69.9524      3.95811
      4860.40      73.7252      4.00876
      4861.80      61.9423      3.73910
      4863.20      57.4441      3.46721
      4864.60      51.9380      3.36048
      4866.00      40.9649      2.99331
      4867.40      35.2518      2.77029
      4868.80      49.9058      3.31962
      4870.20      61.9957      3.62487
      4871.60      59.0900      3.62081
      4873.00      67.0890      3.83058
      4874.40      64.8296      3.92388
      4875.80      59.4343      3.84494
      4877.20      65.3050      3.92327
      4878.60      66.8487      3.88565
      4880.00      74.8659      3.98803
      4881.40      70.2344      3.91026
      4882.80      70.1394      3.95444
      4884.20      75.1769      4.07190
      4885.60      66.2116      3.88920
      4887.00      78.3963      4.11780
      4888.40      77.2226      4.01460
      4889.80      70.4340      3.95596
      4891.20      74.1438      3.92413
      4892.60      70.7995      3.90884
      4894.00      71.1102      3.96885
      4895.40      73.8123      3.95115
      4896.80      75.2470      4.10607
      4898.20      71.2207      3.92574
      4899.60      68.2873      3.87110
      4901.00      70.9017      3.92393
      4902.40      71.6344      3.89882
      4903.80      75.5523      3.97594
      4905.20      66.2835      3.84026
      4906.60      69.9047      3.77391
      4908.00      67.9348      3.88459
      4909.40      71.5770      3.90889
      4910.80      74.9731      3.99504
      4912.20      71.0214      3.96705
      4913.60      79.5957      4.11288
      4915.00      76.5353      4.06681
      4916.40      71.7210      3.90100
      4917.80      70.6354      3.87594
      4919.20      70.7088      3.82330
      4920.60      73.5684      3.95498
      4922.00      77.5758      4.08870
      4923.40      74.8572      4.06000
      4924.80      68.9860      3.79282
      4926.20      68.3564      3.82806
      4927.60      71.5709      3.85547
      4929.00      73.3241      3.95267
      4930.40      73.0181      3.91830
      4931.80      76.5578      3.97163
      4933.20      70.0213      3.89373
      4934.60      76.5404      3.95945
      4936.00      67.3784      3.77968
      4937.40      71.8456      3.84326
      4938.80      73.6366      4.08496
      4940.20      69.3117      4.09286
      4941.60      73.8158      4.14714
      4943.00      70.9497      3.84786
      4944.40      72.5454      3.89703
      4945.80      74.9025      3.91914
      4947.20      72.8318      3.90468
      4948.60      71.6799      3.89404
      4950.00      72.6994      3.87373
      4951.40      72.6126      3.88567
      4952.80      71.1755      3.86702
      4954.20      72.9684      3.89247
      4955.60      75.5883      4.00198
      4957.00      68.3332      3.77790
      4958.40      69.2122      3.77432
      4959.80      67.4687      3.79923
      4961.20      69.2105      3.83670
      4962.60      66.0111      3.69133
      4964.00      69.2478      3.91633
      4965.40      70.1400      3.83410
      4966.80      68.2075      3.79701
      4968.20      67.2089      3.74531
      4969.60      67.2483      3.71595
      4971.00      73.2105      3.91600
      4972.40      78.0147      4.18267
      4973.80      71.5612      4.04173
      4975.20      68.1856      3.81215
      4976.60      72.3867      3.88785
      4978.00      69.8738      3.80111
      4979.40      69.4327      3.80428
      4980.80      71.5588      3.85520
      4982.20      63.6555      3.75289
      4983.60      73.0936      4.04001
      4985.00      72.3692      3.90076
      4986.40      70.8816      3.88920
      4987.80      71.0933      3.82440
      4989.20      69.6650      3.79819
      4990.60      69.2283      3.74351
      4992.00      74.8236      3.92590
      4993.40      74.2829      3.90404
      4994.80      65.2085      3.80617
      4996.20      68.6757      3.91672
      4997.60      71.2483      4.07118
      4999.00      68.7231      3.98125
