      3900.00      250.673      15.6594
      3901.40      268.354      16.1168
      3902.80      264.940      15.8093
      3904.20      292.174      16.4589
      3905.60      269.112      15.8216
      3907.00      325.363      16.6139
      3908.40      241.055      15.1903
      3909.80      314.749      17.1038
      3911.20      289.805      16.4084
      3912.60      317.293      17.2128
      3914.00      282.281      16.2538
      3915.40      316.319      16.6335
      3916.80      309.654      16.5542
      3918.20      310.527      16.5186
      3919.60      303.145      16.6260
      3921.00      299.663      16.3144
      3922.40      315.415      16.3477
      3923.80      328.840      16.8327
      3925.20      323.826      16.4063
      3926.60      303.488      16.0005
      3928.00      293.216      15.6585
      3929.40      306.030      15.7097
      3930.80      267.631      14.4650
      3932.20      220.579      13.3458
      3933.60      257.098      14.3907
      3935.00      280.718      15.0556
      3936.40      302.187      15.6438
      3937.80      295.199      15.4291
      3939.20      296.265      15.2778
      3940.60      278.963      14.8460
      3942.00      286.083      15.1981
      3943.40      276.347      15.0147
      3944.80      304.394      15.6701
      3946.20      276.228      14.8926
      3947.60      275.232      15.4795
      3949.00      284.473      14.9861
      3950.40      275.589      14.8216
      3951.80      272.941      14.8155
      3953.20      224.194      13.6422
      3954.60      236.645      13.5696
      3956.00      248.815      14.2116
      3957.40      224.914      13.7454
      3958.80      225.496      13.6111
      3960.20      213.050      13.3984
      3961.60      209.508      13.3504
      3963.00      170.261      12.1665
      3964.40      154.800      11.5872
      3965.80      115.618      10.3889
      3967.20      81.5336      9.08507
      3968.60      70.8736      8.72935
      3970.00      106.804      9.95431
      3971.40      140.124      10.9977
      3972.80      171.987      12.2029
      3974.20      200.882      12.6190
      3975.60      222.569      12.9419
      3977.00      233.238      13.0420
      3978.40      238.360      13.1989
      3979.80      248.453      13.6084
      3981.20      234.831      13.1355
      3982.60      257.773      13.9524
      3984.00      256.939      13.8001
      3985.40      260.297      13.7872
      3986.80      272.115      14.0342
      3988.20      262.028      13.6508
      3989.60      266.063      13.7046
      3991.00      282.154      14.4077
      3992.40      270.172      13.8904
      3993.80      282.293      14.0283
      3995.20      285.662      14.3307
      3996.60      283.787      14.1793
      3998.00      290.426      14.3923
      3999.40      292.772      14.4773
      4000.80      292.052      14.1999
      4002.20      261.538      13.3825
      4003.60      288.622      14.1263
      4005.00      288.678      13.9751
      4006.40      287.240      14.1401
      4007.80      268.935      13.6851
      4009.20      309.344      14.8058
      4010.60      298.137      14.5316
      4012.00      279.187      14.1131
      4013.40      289.836      14.4260
      4014.80      297.453      14.6362
      4016.20      276.829      13.9102
      4017.60      296.334      14.2830
      4019.00      299.016      14.2695
      4020.40      271.792      13.6441
      4021.80      302.441      14.3133
      4023.20      269.914      13.6781
      4024.60      293.071      13.7602
      4026.00      285.947      13.9729
      4027.40      289.261      14.0321
      4028.80      278.189      13.8620
      4030.20      287.969      14.0559
      4031.60      288.873      14.3430
      4033.00      279.266      14.1838
      4034.40      281.491      14.3776
      4035.80      285.904      13.9838
      4037.20      268.589      13.5844
      4038.60      267.114      13.6890
      4040.00      292.659      14.3393
      4041.40      284.487      14.3031
      4042.80      286.108      13.9265
      4044.20      261.008      13.6816
      4045.60      282.475      13.9796
      4047.00      304.051      14.7478
      4048.40      299.107      14.7695
      4049.80      281.399      14.3768
      4051.20      267.000      13.5606
      4052.60      280.944      14.2004
      4054.00      281.484      14.2483
      4055.40      270.370      13.9040
      4056.80      290.951      14.3630
      4058.20      280.247      14.1617
      4059.60      274.996      13.9647
      4061.00      266.719      13.7747
      4062.40      255.196      13.3820
      4063.80      270.417      13.6491
      4065.20      288.200      14.0563
      4066.60      252.045      13.0342
      4068.00      269.119      13.2724
      4069.40      257.695      13.6053
      4070.80      289.388      13.9013
      4072.20      264.064      13.4288
      4073.60      266.633      13.4843
      4075.00      239.883      12.7403
      4076.40      262.266      13.1160
      4077.80      256.198      13.0315
      4079.20      254.564      12.9142
      4080.60      272.410      13.1176
      4082.00      254.658      12.9168
      4083.40      250.296      12.6476
      4084.80      232.973      12.1890
      4086.20      241.321      12.2783
      4087.60      226.932      11.7245
      4089.00      204.090      11.1431
      4090.40      203.404      11.0189
      4091.80      196.380      10.7765
      4093.20      184.776      10.3181
      4094.60      155.920      9.48309
      4096.00      157.680      9.18414
      4097.40      121.415      8.15512
      4098.80      101.216      7.35598
      4100.20      70.3039      6.60550
      4101.60      103.212      7.58966
      4103.00      116.258      7.97956
      4104.40      153.516      9.04848
      4105.80      164.076      9.46991
      4107.20      185.959      10.2209
      4108.60      199.385      10.7683
      4110.00      196.705      10.6330
      4111.40      210.468      11.1521
      4112.80      228.770      11.8221
      4114.20      224.306      11.6209
      4115.60      218.030      11.5038
      4117.00      229.610      11.6968
      4118.40      230.725      11.8193
      4119.80      239.647      12.1251
      4121.20      244.097      12.0031
      4122.60      237.618      12.1209
      4124.00      251.900      12.4423
      4125.40      234.216      11.8902
      4126.80      243.578      12.3976
      4128.20      263.578      13.0309
      4129.60      263.087      12.9884
      4131.00      229.016      11.9192
      4132.40      249.676      12.3192
      4133.80      250.147      12.1765
      4135.20      252.366      12.3101
      4136.60      241.406      12.0208
      4138.00      255.311      12.5108
      4139.40      258.554      12.4934
      4140.80      254.564      12.3468
      4142.20      256.462      12.3667
      4143.60      251.534      12.0762
      4145.00      252.731      12.0244
      4146.40      259.251      12.6716
      4147.80      264.416      12.5238
      4149.20      246.393      11.9939
      4150.60      253.845      12.2518
      4152.00      262.578      12.3724
      4153.40      243.988      11.8917
      4154.80      243.604      11.8253
      4156.20      248.495      11.9898
      4157.60      257.137      11.9480
      4159.00      251.379      12.3613
      4160.40      254.916      12.0368
      4161.80      262.957      12.4066
      4163.20      261.447      12.3659
      4164.60      256.412      12.4373
      4166.00      250.029      12.3162
      4167.40      252.926      12.0111
      4168.80      252.051      11.9621
      4170.20      256.681      11.9631
      4171.60      251.444      11.9012
      4173.00      245.108      11.7254
      4174.40      252.343      11.8602
      4175.80      252.852      11.8864
      4177.20      249.659      11.7400
      4178.60      245.226      11.6324
      4180.00      252.407      11.8535
      4181.40      251.980      11.9868
      4182.80      257.621      12.0657
      4184.20      240.113      11.4739
      4185.60      247.076      11.5580
      4187.00      257.469      11.9152
      4188.40      257.088      11.7732
      4189.80      244.689      11.5474
      4191.20      247.966      11.5294
      4192.60      235.997      11.2865
      4194.00      253.296      11.7681
      4195.40      238.570      11.2881
      4196.80      241.139      11.2984
      4198.20      227.836      11.1477
      4199.60      263.459      12.0255
      4201.00      246.208      11.7582
      4202.40      233.991      11.3553
      4203.80      248.203      11.5663
      4205.20      252.853      11.7245
      4206.60      242.392      11.4334
      4208.00      238.552      11.3268
      4209.40      243.495      11.5452
      4210.80      250.205      11.5566
      4212.20      235.302      11.0877
      4213.60      231.254      11.0172
      4215.00      244.253      11.2026
      4216.40      240.084      11.0736
      4217.80      241.152      11.3262
      4219.20      253.285      11.5196
      4220.60      236.357      11.2292
      4222.00      239.396      11.1658
      4223.40      230.069      10.9115
      4224.80      239.178      10.9826
      4226.20      233.974      10.8713
      4227.60      245.929      11.1045
      4229.00      241.908      11.1112
      4230.40      241.655      11.1215
      4231.80      242.841      11.3552
      4233.20      247.769      11.8314
      4234.60      244.547      11.9053
      4236.00      237.245      11.1770
      4237.40      250.710      11.3684
      4238.80      240.419      10.9404
      4240.20      244.278      11.2398
      4241.60      223.730      10.7398
      4243.00      243.053      11.0359
      4244.40      231.444      10.8456
      4245.80      243.410      11.0988
      4247.20      246.286      11.1546
      4248.60      246.939      11.2829
      4250.00      236.294      10.8017
      4251.40      241.227      10.9765
      4252.80      244.903      11.0901
      4254.20      240.614      11.1866
      4255.60      240.245      11.0756
      4257.00      233.299      10.8901
      4258.40      235.210      10.9069
      4259.80      233.711      10.8223
      4261.20      222.541      10.5346
      4262.60      231.503      10.7622
      4264.00      237.295      10.9183
      4265.40      224.253      10.3668
      4266.80      236.221      10.9996
      4268.20      238.769      10.8658
      4269.60      233.811      10.8351
      4271.00      237.266      10.8865
      4272.40      245.050      11.0748
      4273.80      225.940      10.7083
      4275.20      245.372      11.1080
      4276.60      229.407      10.7160
      4278.00      236.283      10.6315
      4279.40      224.184      10.4355
      4280.80      249.548      11.0889
      4282.20      239.078      10.8282
      4283.60      234.739      10.9334
      4285.00      238.347      10.6434
      4286.40      222.332      10.4250
      4287.80      224.511      10.4616
      4289.20      228.517      10.5418
      4290.60      230.314      10.4949
      4292.00      214.554      10.1536
      4293.40      236.489      10.7498
      4294.80      243.227      10.8521
      4296.20      217.138      10.2551
      4297.60      231.092      10.6389
      4299.00      224.537      10.2860
      4300.40      222.592      10.2222
      4301.80      224.232      10.2176
      4303.20      223.344      10.3298
      4304.60      233.991      10.4812
      4306.00      218.441      10.3283
      4307.40      233.295      10.7559
      4308.80      219.625      10.3009
      4310.20      220.463      10.0964
      4311.60      216.875      9.99134
      4313.00      207.423      9.72719
      4314.40      199.506      9.68375
      4315.80      218.965      10.2072
      4317.20      198.500      9.77804
      4318.60      197.123      9.51863
      4320.00      206.517      9.66846
      4321.40      198.627      9.57347
      4322.80      192.833      9.36624
      4324.20      193.166      9.34926
      4325.60      192.652      9.31131
      4327.00      189.607      9.21617
      4328.40      180.380      8.95860
      4329.80      176.082      8.84193
      4331.20      159.550      8.31234
      4332.60      156.635      7.99219
      4334.00      134.639      7.35668
      4335.40      116.594      6.81659
      4336.80      90.6643      5.96745
      4338.20      70.6012      5.31796
      4339.60      78.3063      5.30760
      4341.00      103.225      6.27560
      4342.40      125.516      6.98779
      4343.80      131.106      7.41373
      4345.20      149.632      8.03015
      4346.60      168.296      8.42586
      4348.00      157.247      8.17939
      4349.40      171.244      8.54783
      4350.80      180.783      8.80644
      4352.20      178.701      8.83803
      4353.60      199.468      9.50433
      4355.00      195.553      9.21412
      4356.40      204.873      9.66530
      4357.80      198.838      9.64684
      4359.20      203.895      10.0580
      4360.60      197.655      9.65999
      4362.00      207.308      9.67505
      4363.40      203.898      9.58471
      4364.80      205.521      9.58111
      4366.20      205.278      9.58583
      4367.60      201.238      9.52190
      4369.00      207.474      9.56754
      4370.40      213.082      9.78427
      4371.80      223.227      10.0683
      4373.20      212.866      9.87709
      4374.60      214.567      9.96895
      4376.00      215.319      9.99429
      4377.40      213.333      9.93534
      4378.80      219.590      10.0744
      4380.20      211.999      9.70947
      4381.60      209.656      9.74195
      4383.00      220.549      9.79668
      4384.40      215.931      9.84189
      4385.80      213.329      9.80126
      4387.20      220.878      10.1233
      4388.60      214.500      9.91890
      4390.00      211.887      9.81970
      4391.40      225.109      10.1707
      4392.80      200.431      9.44808
      4394.20      211.449      9.75859
      4395.60      224.931      9.97561
      4397.00      216.254      9.83009
      4398.40      221.974      9.88702
      4399.80      207.781      9.54732
      4401.20      210.381      9.63241
      4402.60      203.434      9.44005
      4404.00      215.445      9.71300
      4405.40      223.436      9.88055
      4406.80      220.062      10.0030
      4408.20      229.176      10.1234
      4409.60      211.968      9.74615
      4411.00      219.714      9.79789
      4412.40      211.243      9.62837
      4413.80      217.610      9.71413
      4415.20      214.481      9.79146
      4416.60      217.554      9.93490
      4418.00      216.367      9.76956
      4419.40      216.302      9.76127
      4420.80      212.744      9.56372
      4422.20      215.574      9.79657
      4423.60      204.803      9.31415
      4425.00      201.214      9.30209
      4426.40      215.718      9.52746
      4427.80      217.988      9.66882
      4429.20      214.341      9.53641
      4430.60      206.775      9.52732
      4432.00      207.852      9.33368
      4433.40      214.354      9.65868
      4434.80      219.536      9.86727
      4436.20      203.516      9.72459
      4437.60      200.244      9.37286
      4439.00      215.924      9.66163
      4440.40      207.872      9.49179
      4441.80      205.415      9.29910
      4443.20      208.736      9.35063
      4444.60      205.409      9.34688
      4446.00      216.366      9.56717
      4447.40      214.870      9.57624
      4448.80      207.030      9.39922
      4450.20      205.832      9.20441
      4451.60      201.426      9.27984
      4453.00      212.439      9.58459
      4454.40      209.750      9.44779
      4455.80      204.047      9.18596
      4457.20      200.084      9.08676
      4458.60      199.312      9.08929
      4460.00      210.607      9.33746
      4461.40      205.550      9.34018
      4462.80      208.925      9.23863
      4464.20      202.410      9.17847
      4465.60      202.521      9.19084
      4467.00      213.203      9.44279
      4468.40      208.803      9.37439
      4469.80      203.859      9.15046
      4471.20      204.706      9.21947
      4472.60      213.433      9.30168
      4474.00      194.317      9.00705
      4475.40      205.532      9.28794
      4476.80      206.269      9.26718
      4478.20      190.942      8.86134
      4479.60      209.566      9.12199
      4481.00      189.596      8.76277
      4482.40      195.182      8.86442
      4483.80      208.540      9.19028
      4485.20      208.773      9.22703
      4486.60      202.702      9.14284
      4488.00      202.373      9.02454
      4489.40      201.158      9.03508
      4490.80      206.392      9.12582
      4492.20      193.113      8.76901
      4493.60      201.012      8.99587
      4495.00      210.544      9.17506
      4496.40      194.230      8.89880
      4497.80      208.685      9.01968
      4499.20      196.336      8.99900
      4500.60      198.853      8.90951
      4502.00      203.509      9.04291
      4503.40      197.148      8.96334
      4504.80      189.829      8.70296
      4506.20      193.581      8.78190
      4507.60      193.763      8.78621
      4509.00      196.226      8.85658
      4510.40      199.253      8.89530
      4511.80      195.037      8.85274
      4513.20      213.335      9.29336
      4514.60      193.577      8.77738
      4516.00      193.693      8.71255
      4517.40      199.699      8.93596
      4518.80      200.463      8.97833
      4520.20      187.897      8.69859
      4521.60      193.920      8.77267
      4523.00      193.686      8.74729
      4524.40      201.579      9.09007
      4525.80      196.224      9.06817
      4527.20      198.704      8.92090
      4528.60      196.014      8.86418
      4530.00      199.872      8.88727
      4531.40      193.235      8.75154
      4532.80      198.419      8.91776
      4534.20      187.796      8.49174
      4535.60      192.945      8.78422
      4537.00      189.179      8.66550
      4538.40      196.905      8.85592
      4539.80      190.924      8.77794
      4541.20      192.579      8.67186
      4542.60      209.648      9.15000
      4544.00      193.263      8.68071
      4545.40      199.639      8.94533
      4546.80      191.395      8.66152
      4548.20      185.899      8.50639
      4549.60      205.674      9.20362
      4551.00      201.921      8.79525
      4552.40      178.913      8.39074
      4553.80      201.436      8.77840
      4555.20      196.809      8.62043
      4556.60      202.496      8.94863
      4558.00      197.330      8.77476
      4559.40      197.718      8.72082
      4560.80      192.131      8.55296
      4562.20      207.410      8.93926
      4563.60      198.248      8.80605
      4565.00      196.371      8.67967
      4566.40      198.533      8.71261
      4567.80      203.812      8.92630
      4569.20      190.074      8.63188
      4570.60      197.617      8.71871
      4572.00      198.768      8.69790
      4573.40      205.730      8.82462
      4574.80      198.918      8.70689
      4576.20      198.437      8.63227
      4577.60      188.724      8.41464
      4579.00      192.421      8.58859
      4580.40      189.990      8.53038
      4581.80      191.247      8.45667
      4583.20      188.794      8.36026
      4584.60      195.210      8.57669
      4586.00      199.100      8.58417
      4587.40      183.033      8.28991
      4588.80      209.564      9.01646
      4590.20      184.618      8.35097
      4591.60      197.250      8.54221
      4593.00      196.787      8.59064
      4594.40      187.299      8.32012
      4595.80      197.472      8.53715
      4597.20      192.787      8.44477
      4598.60      195.154      8.58721
      4600.00      184.131      8.28360
      4601.40      198.019      8.67163
      4602.80      194.466      8.48147
      4604.20      189.672      8.41404
      4605.60      191.867      8.37796
      4607.00      195.124      8.51180
      4608.40      200.519      8.60398
      4609.80      188.674      8.31952
      4611.20      199.811      8.68404
      4612.60      181.915      8.13645
      4614.00      188.111      8.19075
      4615.40      184.035      8.31071
      4616.80      188.431      8.55853
      4618.20      198.040      8.67862
      4619.60      186.150      8.17749
      4621.00      182.968      8.19742
      4622.40      189.848      8.23590
      4623.80      183.061      8.17977
      4625.20      183.466      8.11743
      4626.60      185.938      8.23906
      4628.00      193.168      8.35032
      4629.40      186.878      8.24315
      4630.80      190.889      8.32303
      4632.20      182.263      8.00386
      4633.60      181.913      8.13426
      4635.00      189.750      8.26239
      4636.40      187.728      8.16097
      4637.80      179.566      8.13945
      4639.20      190.148      8.32760
      4640.60      185.827      8.23916
      4642.00      186.273      8.27852
      4643.40      195.492      8.24575
      4644.80      183.557      8.20178
      4646.20      197.037      8.40655
      4647.60      184.808      8.16853
      4649.00      191.793      8.39158
      4650.40      185.532      7.99759
      4651.80      183.200      8.13490
      4653.20      191.751      8.25724
      4654.60      188.927      8.27106
      4656.00      191.937      8.19465
      4657.40      184.560      8.09468
      4658.80      188.015      8.21851
      4660.20      192.428      8.18608
      4661.60      188.152      8.37229
      4663.00      189.817      8.14463
      4664.40      183.888      8.11655
      4665.80      187.832      8.02906
      4667.20      180.950      8.17539
      4668.60      188.641      8.10165
      4670.00      186.232      8.08761
      4671.40      180.510      7.97895
      4672.80      191.092      8.21516
      4674.20      183.988      8.00562
      4675.60      187.378      8.10617
      4677.00      181.355      8.06647
      4678.40      191.460      8.15087
      4679.80      187.415      8.17968
      4681.20      181.549      7.95361
      4682.60      182.334      8.08223
      4684.00      184.516      8.13750
      4685.40      184.318      8.13329
      4686.80      182.710      8.00488
      4688.20      182.928      8.05188
      4689.60      186.472      8.19292
      4691.00      190.141      8.31325
      4692.40      181.909      8.00958
      4693.80      176.996      7.83148
      4695.20      175.800      7.78555
      4696.60      177.062      7.84516
      4698.00      183.671      8.03996
      4699.40      184.822      8.02726
      4700.80      178.336      7.95079
      4702.20      188.908      8.17995
      4703.60      173.610      7.73865
      4705.00      191.437      8.13210
      4706.40      172.480      7.86386
      4707.80      183.637      8.00915
      4709.20      171.953      7.75620
      4710.60      179.495      7.94439
      4712.00      182.101      8.08716
      4713.40      193.113      8.42042
      4714.80      184.863      8.25261
      4716.20      171.307      7.83446
      4717.60      181.782      7.91482
      4719.00      176.988      7.90049
      4720.40      185.769      8.16404
      4721.80      176.251      7.89538
      4723.20      178.803      7.91017
      4724.60      174.676      7.85767
      4726.00      182.914      8.02759
      4727.40      174.906      8.05518
      4728.80      188.511      8.26333
      4730.20      168.903      7.91498
      4731.60      195.728      8.20873
      4733.00      180.633      7.91005
      4734.40      182.914      7.81347
      4735.80      185.382      7.98358
      4737.20      186.577      7.88283
      4738.60      173.734      7.59859
      4740.00      174.598      7.52401
      4741.40      175.783      7.69612
      4742.80      168.556      7.54038
      4744.20      176.199      7.57941
      4745.60      173.300      7.75032
      4747.00      171.998      7.53222
      4748.40      167.656      7.56923
      4749.80      174.650      7.66990
      4751.20      176.335      7.60129
      4752.60      171.932      7.59426
      4754.00      172.602      7.57043
      4755.40      174.063      7.66709
      4756.80      176.551      7.42722
      4758.20      169.309      7.57134
      4759.60      170.686      7.43297
      4761.00      173.493      7.49560
      4762.40      176.814      7.80538
      4763.80      178.581      7.56416
      4765.20      171.414      7.55460
      4766.60      179.790      7.66345
      4768.00      174.851      7.56372
      4769.40      175.250      7.68322
      4770.80      177.944      7.74551
      4772.20      174.256      7.61629
      4773.60      172.032      7.56550
      4775.00      176.351      7.58749
      4776.40      171.209      7.46844
      4777.80      180.860      7.76563
      4779.20      174.404      7.71256
      4780.60      179.365      7.72009
      4782.00      163.446      7.42648
      4783.40      171.248      7.54186
      4784.80      171.241      7.49882
      4786.20      176.375      7.59506
      4787.60      173.901      7.46976
      4789.00      170.586      7.50531
      4790.40      171.922      7.39347
      4791.80      178.112      7.63085
      4793.20      166.670      7.36567
      4794.60      165.482      7.28949
      4796.00      176.645      7.56564
      4797.40      178.066      7.65726
      4798.80      177.052      7.64013
      4800.20      176.089      7.53857
      4801.60      171.848      7.59095
      4803.00      169.368      7.43527
      4804.40      173.534      7.63115
      4805.80      175.994      7.73135
      4807.20      168.835      7.41027
      4808.60      169.904      7.45308
      4810.00      176.978      7.55437
      4811.40      171.482      7.46499
      4812.80      171.678      7.47656
      4814.20      164.029      7.24199
      4815.60      167.762      7.39442
      4817.00      172.165      7.40166
      4818.40      157.355      7.14796
      4819.80      172.244      7.48932
      4821.20      159.307      7.17814
      4822.60      174.369      7.60772
      4824.00      165.820      7.46380
      4825.40      161.292      7.16547
      4826.80      156.880      6.99141
      4828.20      167.425      7.25871
      4829.60      152.856      6.99428
      4831.00      161.321      7.15144
      4832.40      171.617      7.56988
      4833.80      163.517      7.31341
      4835.20      161.013      7.20305
      4836.60      159.708      7.09519
      4838.00      154.317      7.06638
      4839.40      152.947      6.77237
      4840.80      152.622      7.01588
      4842.20      151.339      6.80232
      4843.60      145.424      6.66510
      4845.00      145.523      6.87853
      4846.40      138.631      6.79000
      4847.80      121.033      8.83139
      4849.20      134.346      6.27334
      4850.60      134.431      6.36215
      4852.00      125.493      6.10595
      4853.40      115.475      5.85353
      4854.80      114.234      5.66604
      4856.20      93.8313      5.09102
      4857.60      80.2725      4.67545
      4859.00      66.3237      4.23265
      4860.40      64.9352      4.23944
      4861.80      86.3257      4.83138
      4863.20      102.861      5.37471
      4864.60      111.083      5.72284
      4866.00      121.805      5.86858
      4867.40      124.640      6.21786
      4868.80      132.461      6.24945
      4870.20      140.383      6.50689
      4871.60      139.271      6.42284
      4873.00      136.470      6.42107
      4874.40      145.927      6.61748
      4875.80      152.828      6.78505
      4877.20      148.265      6.72825
      4878.60      151.691      6.79368
      4880.00      154.618      6.93238
      4881.40      149.301      6.78854
      4882.80      159.106      7.02497
      4884.20      155.199      6.94833
      4885.60      153.125      7.03394
      4887.00      156.288      6.94304
      4888.40      157.723      6.91167
      4889.80      151.527      6.84376
      4891.20      165.706      7.19061
      4892.60      154.091      6.90175
      4894.00      156.093      6.87261
      4895.40      159.072      6.99906
      4896.80      160.593      7.00289
      4898.20      154.425      6.89412
      4899.60      155.349      6.98937
      4901.00      161.727      7.24603
      4902.40      161.312      7.26480
      4903.80      159.103      7.11971
      4905.20      156.133      7.02143
      4906.60      152.845      6.75847
      4908.00      156.472      6.86381
      4909.40      159.226      6.94752
      4910.80      160.581      6.91377
      4912.20      157.718      6.87927
      4913.60      161.993      6.95669
      4915.00      159.552      7.00093
      4916.40      166.293      7.12498
      4917.80      154.427      6.80738
      4919.20      152.642      6.75277
      4920.60      161.018      6.92512
      4922.00      165.496      7.07007
      4923.40      161.874      7.04815
      4924.80      159.446      6.96872
      4926.20      161.610      7.12013
      4927.60      165.142      7.06195
      4929.00      164.484      7.11901
      4930.40      160.681      6.97252
      4931.80      157.623      6.94826
      4933.20      161.025      6.93050
      4934.60      168.300      7.13741
      4936.00      159.764      6.95091
      4937.40      156.649      6.84451
      4938.80      158.173      6.96325
      4940.20      159.542      6.88846
      4941.60      160.387      6.92335
      4943.00      159.119      6.88247
      4944.40      156.687      6.84265
      4945.80      163.564      7.05836
      4947.20      158.985      6.88547
      4948.60      159.573      6.86018
      4950.00      149.713      6.64155
      4951.40      155.688      6.77569
      4952.80      165.549      7.11437
      4954.20      159.323      6.95308
      4955.60      155.172      6.79668
      4957.00      155.412      6.75156
      4958.40      155.917      6.69980
      4959.80      152.036      6.61382
      4961.20      158.110      6.79511
      4962.60      154.860      6.73056
      4964.00      154.645      6.72215
      4965.40      159.892      6.88233
      4966.80      163.123      7.00644
      4968.20      155.855      6.78639
      4969.60      161.859      6.88896
      4971.00      157.156      6.82918
      4972.40      156.314      6.75001
      4973.80      151.190      6.63347
      4975.20      149.906      6.56129
      4976.60      159.875      6.95275
      4978.00      161.060      6.89708
      4979.40      154.438      6.76939
      4980.80      148.811      6.49154
      4982.20      154.999      6.71847
      4983.60      155.847      6.74478
      4985.00      157.258      6.79712
      4986.40      160.883      6.90872
      4987.80      155.709      6.84737
      4989.20      159.989      6.93564
      4990.60      156.445      6.76310
      4992.00      149.764      6.59484
      4993.40      155.658      6.75604
      4994.80      159.754      6.84182
      4996.20      157.107      6.77311
      4997.60      156.109      6.74804
      4999.00      151.383      6.53613
