      3900.00      103.533      8.90347
      3901.40      103.348      9.01107
      3902.80      115.353      9.17949
      3904.20      107.798      9.02522
      3905.60      113.103      9.26060
      3907.00      120.821      9.75740
      3908.40      122.882      9.66400
      3909.80      112.594      9.14872
      3911.20      100.467      8.93187
      3912.60      119.135      9.49874
      3914.00      120.103      9.94400
      3915.40      118.141      9.64489
      3916.80      120.753      9.25185
      3918.20      118.333      9.35181
      3919.60      116.147      9.10692
      3921.00      115.306      9.03909
      3922.40      115.439      9.09443
      3923.80      111.306      8.60952
      3925.20      110.653      8.76503
      3926.60      116.941      8.72889
      3928.00      94.2652      8.16903
      3929.40      73.7759      7.38147
      3930.80      43.9829      6.18882
      3932.20      64.3492      6.69020
      3933.60      90.3641      7.56186
      3935.00      108.852      8.29204
      3936.40      110.884      8.90337
      3937.80      121.170      9.16358
      3939.20      113.670      8.51661
      3940.60      113.423      8.64193
      3942.00      100.898      8.86870
      3943.40      113.976      9.73746
      3944.80      106.617      9.80359
      3946.20      99.3945      9.00139
      3947.60      107.023      8.57368
      3949.00      112.820      8.58279
      3950.40      118.714      9.27903
      3951.80      104.257      8.62189
      3953.20      106.731      8.36612
      3954.60      91.6605      8.17405
      3956.00      100.407      8.05052
      3957.40      96.3695      8.22532
      3958.80      101.886      8.03671
      3960.20      83.3901      7.60306
      3961.60      84.0748      7.36601
      3963.00      75.9829      7.16533
      3964.40      46.9275      6.37310
      3965.80      25.4823      5.26348
      3967.20      26.5810      5.07936
      3968.60      54.3486      5.79833
      3970.00      61.8299      6.41032
      3971.40      76.4215      7.21679
      3972.80      90.2967      7.46169
      3974.20      80.5254      7.71270
      3975.60      90.2085      7.67105
      3977.00      92.4202      7.71956
      3978.40      103.443      7.95552
      3979.80      102.158      8.32653
      3981.20      104.702      8.39770
      3982.60      105.184      8.34275
      3984.00      102.282      8.06359
      3985.40      110.010      8.21981
      3986.80      118.050      8.30839
      3988.20      110.977      8.33496
      3989.60      120.431      8.56436
      3991.00      116.591      8.22422
      3992.40      114.605      8.21236
      3993.80      104.399      7.87117
      3995.20      101.926      8.56390
      3996.60      116.570      8.89199
      3998.00      112.823      8.21597
      3999.40      116.749      8.27633
      4000.80      109.809      8.42215
      4002.20      111.309      8.38966
      4003.60      108.337      7.96386
      4005.00      123.664      8.65297
      4006.40      108.767      8.56299
      4007.80      125.608      8.66452
      4009.20      121.502      8.23332
      4010.60      110.965      8.22191
      4012.00      126.957      8.44820
      4013.40      101.548      8.04803
      4014.80      118.616      8.24914
      4016.20      122.823      8.34079
      4017.60      111.720      8.06453
      4019.00      114.271      7.89237
      4020.40      122.857      8.24835
      4021.80      112.857      8.13745
      4023.20      118.497      8.42435
      4024.60      113.143      8.01552
      4026.00      109.499      8.25536
      4027.40      118.987      9.11081
      4028.80      114.627      8.11495
      4030.20      113.299      7.93215
      4031.60      126.476      8.26438
      4033.00      115.371      7.96127
      4034.40      110.634      7.80867
      4035.80      119.321      7.97226
      4037.20      119.073      8.27796
      4038.60      126.353      9.08247
      4040.00      122.501      9.17988
      4041.40      120.759      8.75784
      4042.80      110.028      8.45846
      4044.20      121.996      8.51607
      4045.60      113.567      8.30900
      4047.00      113.821      8.16949
      4048.40      130.202      8.54255
      4049.80      122.126      8.23210
      4051.20      111.752      7.91074
      4052.60      123.501      8.48817
      4054.00      119.863      8.32298
      4055.40      120.065      8.40138
      4056.80      110.592      7.92573
      4058.20      122.421      8.10392
      4059.60      113.578      7.84648
      4061.00      102.037      8.22350
      4062.40      111.125      8.27754
      4063.80      109.808      7.84081
      4065.20      118.451      7.95748
      4066.60      116.826      7.93627
      4068.00      116.353      7.88425
      4069.40      109.518      7.82935
      4070.80      104.582      7.60059
      4072.20      110.380      7.77534
      4073.60      95.5206      7.11867
      4075.00      102.276      7.50987
      4076.40      105.862      7.68460
      4077.80      111.383      7.85315
      4079.20      119.024      7.90631
      4080.60      103.984      7.70827
      4082.00      104.754      7.56764
      4083.40      98.7026      7.45388
      4084.80      110.157      7.51017
      4086.20      87.6507      7.05919
      4087.60      98.5119      7.16094
      4089.00      87.1158      7.45242
      4090.40      90.1165      7.58852
      4091.80      85.6350      7.09439
      4093.20      88.3404      7.26521
      4094.60      81.9155      6.72880
      4096.00      72.1053      6.23770
      4097.40      50.3893      5.61843
      4098.80      44.2463      5.38807
      4100.20      47.5820      5.53031
      4101.60      61.4570      5.95639
      4103.00      79.2893      6.31898
      4104.40      80.4136      6.45159
      4105.80      84.2099      6.83599
      4107.20      89.5206      7.27455
      4108.60      93.8817      7.03847
      4110.00      101.234      7.28335
      4111.40      101.780      7.37743
      4112.80      102.997      7.29202
      4114.20      102.504      7.18945
      4115.60      97.7914      7.09842
      4117.00      105.298      7.30587
      4118.40      108.918      7.49312
      4119.80      105.291      7.19878
      4121.20      107.507      7.69382
      4122.60      107.103      7.48845
      4124.00      107.560      7.57064
      4125.40      105.186      7.32850
      4126.80      108.795      7.32441
      4128.20      108.822      8.10589
      4129.60      109.045      8.11489
      4131.00      109.510      7.74431
      4132.40      107.921      7.43701
      4133.80      112.385      7.62377
      4135.20      112.590      7.75060
      4136.60      110.388      7.82246
      4138.00      113.804      7.92008
      4139.40      111.735      7.59009
      4140.80      105.077      7.14993
      4142.20      104.873      7.27164
      4143.60      112.251      7.31023
      4145.00      105.975      7.12675
      4146.40      108.245      7.51600
      4147.80      112.975      7.48129
      4149.20      117.299      7.76387
      4150.60      112.161      7.34779
      4152.00      104.928      7.15426
      4153.40      103.518      7.26532
      4154.80      113.828      7.58935
      4156.20      107.533      7.10038
      4157.60      110.331      7.19001
      4159.00      103.922      7.02665
      4160.40      112.258      7.33931
      4161.80      104.592      7.34780
      4163.20      115.066      7.74772
      4164.60      105.202      7.39822
      4166.00      112.903      7.37177
      4167.40      106.492      7.35511
      4168.80      102.108      7.09105
      4170.20      101.026      6.82105
      4171.60      108.026      7.25326
      4173.00      105.763      7.18491
      4174.40      105.211      7.17046
      4175.80      110.537      7.49745
      4177.20      105.520      7.42204
      4178.60      107.623      7.58668
      4180.00      108.241      7.17417
      4181.40      107.347      7.01778
      4182.80      99.0306      6.77401
      4184.20      99.5913      6.57100
      4185.60      96.6910      6.67951
      4187.00      103.861      6.94967
      4188.40      111.123      7.14775
      4189.80      109.357      7.54019
      4191.20      112.268      7.40489
      4192.60      110.768      7.23583
      4194.00      101.778      7.06201
      4195.40      105.842      7.22930
      4196.80      103.013      7.07548
      4198.20      104.016      6.87227
      4199.60      114.120      7.05722
      4201.00      108.617      6.93088
      4202.40      109.942      6.77202
      4203.80      108.888      7.03489
      4205.20      111.351      7.05487
      4206.60      102.283      6.73105
      4208.00      113.435      7.25908
      4209.40      112.556      7.06041
      4210.80      110.237      7.28060
      4212.20      106.175      6.96253
      4213.60      108.327      7.01320
      4215.00      107.448      6.80120
      4216.40      107.158      6.79940
      4217.80      113.135      6.99684
      4219.20      113.735      7.09862
      4220.60      112.826      7.03818
      4222.00      107.910      6.96867
      4223.40      109.416      7.02171
      4224.80      101.933      6.96250
      4226.20      110.174      6.95087
      4227.60      107.369      6.61890
      4229.00      106.229      6.90992
      4230.40      100.836      6.84504
      4231.80      111.849      7.00213
      4233.20      111.558      7.03291
      4234.60      100.770      6.76758
      4236.00      113.129      6.97232
      4237.40      103.856      6.75308
      4238.80      115.978      7.04614
      4240.20      112.273      6.87161
      4241.60      114.050      7.08067
      4243.00      98.4546      6.61237
      4244.40      103.549      6.76722
      4245.80      98.7139      6.86510
      4247.20      113.200      6.93025
      4248.60      105.015      6.65368
      4250.00      112.054      6.88303
      4251.40      104.404      6.75863
      4252.80      114.110      6.97758
      4254.20      106.872      6.75351
      4255.60      109.640      6.92416
      4257.00      103.608      6.69890
      4258.40      114.247      7.07612
      4259.80      106.507      6.61552
      4261.20      112.203      6.86890
      4262.60      110.497      6.75751
      4264.00      102.104      6.86747
      4265.40      110.282      6.81641
      4266.80      106.615      6.89903
      4268.20      99.3060      6.64241
      4269.60      99.3765      6.63243
      4271.00      101.748      6.74973
      4272.40      96.4933      6.41414
      4273.80      112.392      6.88449
      4275.20      112.305      6.95731
      4276.60      107.192      6.65985
      4278.00      109.590      6.80935
      4279.40      107.067      6.73691
      4280.80      104.095      6.70549
      4282.20      110.737      6.72844
      4283.60      105.975      6.61689
      4285.00      108.664      6.95155
      4286.40      109.720      6.65396
      4287.80      100.659      6.31139
      4289.20      100.647      6.55242
      4290.60      98.5937      6.18257
      4292.00      102.281      6.50383
      4293.40      98.6118      6.64690
      4294.80      100.839      6.49974
      4296.20      92.3416      6.23130
      4297.60      90.4723      5.92617
      4299.00      95.5276      6.34811
      4300.40      97.1834      6.36881
      4301.80      101.569      6.74094
      4303.20      105.839      6.75596
      4304.60      97.2538      6.30256
      4306.00      101.372      6.31938
      4307.40      96.6898      6.42347
      4308.80      107.950      6.48579
      4310.20      90.5431      6.35243
      4311.60      88.2387      6.39887
      4313.00      91.2717      6.55653
      4314.40      97.8568      6.47780
      4315.80      97.1864      6.61311
      4317.20      98.7580      6.49329
      4318.60      101.677      6.51871
      4320.00      94.1033      6.48713
      4321.40      90.3955      6.06286
      4322.80      90.3612      6.08626
      4324.20      91.9981      6.17469
      4325.60      86.9929      5.94670
      4327.00      83.2801      5.71071
      4328.40      83.6585      5.97417
      4329.80      88.5288      6.15552
      4331.20      77.6622      5.91671
      4332.60      76.7014      5.82365
      4334.00      64.0732      5.35048
      4335.40      57.2410      5.09568
      4336.80      42.1400      4.47519
      4338.20      47.2371      4.70551
      4339.60      53.1025      5.22075
      4341.00      68.3211      5.68006
      4342.40      71.5870      5.82881
      4343.80      78.0952      5.88882
      4345.20      83.8325      6.17528
      4346.60      81.7065      6.09033
      4348.00      86.9393      6.08642
      4349.40      80.1645      5.89694
      4350.80      99.9561      6.34705
      4352.20      99.2023      6.43795
      4353.60      98.9869      6.28183
      4355.00      97.7760      6.53870
      4356.40      93.7750      6.37885
      4357.80      101.352      6.62593
      4359.20      98.8415      6.83303
      4360.60      100.007      6.97935
      4362.00      99.4935      6.71204
      4363.40      98.2869      6.30300
      4364.80      92.9734      6.08149
      4366.20      97.3564      6.20018
      4367.60      94.6746      6.22648
      4369.00      99.3496      6.21737
      4370.40      95.9841      6.20538
      4371.80      99.1984      6.16873
      4373.20      92.9292      6.08562
      4374.60      101.951      6.15720
      4376.00      105.193      6.53970
      4377.40      110.314      6.80569
      4378.80      105.645      6.61213
      4380.20      97.3405      6.30990
      4381.60      94.5020      6.17246
      4383.00      92.3156      6.17328
      4384.40      95.4394      5.93622
      4385.80      103.579      6.17493
      4387.20      102.531      6.31386
      4388.60      102.223      6.15177
      4390.00      100.987      6.27678
      4391.40      92.6584      6.08049
      4392.80      94.7890      6.48500
      4394.20      93.8993      6.46555
      4395.60      96.7709      6.32070
      4397.00      95.1446      5.99712
      4398.40      103.382      6.49151
      4399.80      108.900      6.63661
      4401.20      94.4345      6.12921
      4402.60      100.532      6.30855
      4404.00      96.8117      5.92202
      4405.40      93.7446      5.93419
      4406.80      93.3395      6.02799
      4408.20      102.757      6.66495
      4409.60      103.709      6.37047
      4411.00      95.9802      6.20489
      4412.40      100.494      6.40301
      4413.80      98.0954      6.22225
      4415.20      93.2829      6.26283
      4416.60      93.8648      6.10952
      4418.00      99.1238      6.33168
      4419.40      100.083      6.14598
      4420.80      94.8335      6.06771
      4422.20      94.2074      6.00376
      4423.60      101.469      6.35665
      4425.00      98.0076      6.04865
      4426.40      101.847      6.16453
      4427.80      102.162      6.35403
      4429.20      91.7247      6.10395
      4430.60      99.5782      6.32194
      4432.00      94.0907      6.45897
      4433.40      99.2124      6.51536
      4434.80      101.570      6.18680
      4436.20      101.586      6.30270
      4437.60      98.5852      6.45698
      4439.00      94.9541      6.54478
      4440.40      92.3074      6.26007
      4441.80      100.566      6.12113
      4443.20      101.032      6.07530
      4444.60      99.5806      6.06715
      4446.00      99.0797      6.30869
      4447.40      99.6355      6.33099
      4448.80      99.7953      5.91069
      4450.20      99.2076      6.38418
      4451.60      99.8087      6.40798
      4453.00      95.7451      5.98080
      4454.40      98.6283      6.17942
      4455.80      98.3186      5.83300
      4457.20      90.9236      5.82902
      4458.60      98.8821      6.15147
      4460.00      98.0581      6.07526
      4461.40      103.935      6.12873
      4462.80      99.0272      6.05517
      4464.20      102.725      6.33053
      4465.60      93.4179      6.00669
      4467.00      93.8487      5.89278
      4468.40      98.7691      5.96132
      4469.80      98.1914      5.86698
      4471.20      104.317      6.40602
      4472.60      105.592      6.61877
      4474.00      101.651      6.31241
      4475.40      102.859      6.27764
      4476.80      88.8935      5.87654
      4478.20      86.6958      5.65401
      4479.60      94.3974      5.70188
      4481.00      93.2626      5.91422
      4482.40      95.5842      5.79076
      4483.80      95.8133      5.85072
      4485.20      97.5748      6.15760
      4486.60      101.532      6.12109
      4488.00      90.5673      5.80465
      4489.40      91.4294      5.70268
      4490.80      98.7724      5.80764
      4492.20      93.0334      6.08467
      4493.60      98.2626      6.57499
      4495.00      99.8347      6.78927
      4496.40      95.1806      6.32682
      4497.80      93.7603      6.02054
      4499.20      91.6860      5.81548
      4500.60      102.855      5.90114
      4502.00      96.1220      5.92751
      4503.40      99.2323      6.05957
      4504.80      98.2665      6.04197
      4506.20      92.6905      5.83541
      4507.60      91.0528      5.86978
      4509.00      95.5585      5.90753
      4510.40      97.7813      5.92594
      4511.80      96.1173      6.09407
      4513.20      96.1615      5.94762
      4514.60      95.9355      5.87145
      4516.00      97.8658      6.10224
      4517.40      94.1578      5.81777
      4518.80      96.8060      5.76484
      4520.20      93.0383      5.82010
      4521.60      102.124      6.32407
      4523.00      98.9133      6.13275
      4524.40      98.5500      5.87899
      4525.80      95.8333      5.82276
      4527.20      94.9059      5.58894
      4528.60      94.1041      5.86475
      4530.00      93.2818      5.94698
      4531.40      97.5785      5.80240
      4532.80      86.9707      5.81909
      4534.20      97.6226      5.94491
      4535.60      91.5356      5.75295
      4537.00      95.5506      5.63133
      4538.40      91.7015      6.10520
      4539.80      97.5943      5.99396
      4541.20      94.8263      5.86896
      4542.60      95.3287      5.88621
      4544.00      89.3447      5.43721
      4545.40      91.6662          Inf
      4546.80      93.9877          Inf
      4548.20      96.3092      5.87618
      4549.60      94.0037      5.89041
      4551.00      93.2254      5.63169
      4552.40      92.4293      5.69375
      4553.80      91.9412      5.39213
      4555.20      91.2088      5.75067
      4556.60      92.1147      5.64205
      4558.00      92.2375      5.55725
      4559.40      94.2289      5.78366
      4560.80      93.0507      5.36736
      4562.20      96.3084      6.09097
      4563.60      100.067      6.20097
      4565.00      101.177      6.54233
      4566.40      93.0901      6.08010
      4567.80      90.6733      5.53554
      4569.20      87.0595      5.58583
      4570.60      92.9362      5.78705
      4572.00      101.030      5.99557
      4573.40      91.0165      5.71772
      4574.80      100.234      5.85747
      4576.20      91.0562      5.38778
      4577.60      88.5987      5.57595
      4579.00      94.9581      5.69978
      4580.40      90.4241      5.59299
      4581.80      94.7277      5.60184
      4583.20      95.2293      5.79192
      4584.60      93.6951      5.74370
      4586.00      96.2823      5.87144
      4587.40      88.3152      5.78100
      4588.80      97.1950      5.60111
      4590.20      95.5692      5.77584
      4591.60      93.1009      5.59131
      4593.00      95.9351      5.51443
      4594.40      95.5256      5.72338
      4595.80      90.5303      5.49563
      4597.20      93.3458      5.61940
      4598.60      92.2184      5.78948
      4600.00      96.0979      5.67469
      4601.40      95.3674      5.67971
      4602.80      94.5073      5.68625
      4604.20      96.5275      5.69097
      4605.60      94.3501      5.61151
      4607.00      94.5119      5.68329
      4608.40      93.7384      5.66161
      4609.80      91.8268      5.59606
      4611.20      97.1863      5.69280
      4612.60      91.9446      5.58890
      4614.00      90.9830      5.56627
      4615.40      93.8505      5.67084
      4616.80      86.9401      5.52843
      4618.20      94.3103      5.64585
      4619.60      95.8548      5.60164
      4621.00      102.225      6.01976
      4622.40      95.6156      6.13369
      4623.80      98.5110      6.14857
      4625.20      94.9538      5.75831
      4626.60      94.6859      5.79754
      4628.00      95.6660      5.55624
      4629.40      93.6996      5.49347
      4630.80      97.3443      5.51287
      4632.20      93.3542      5.60131
      4633.60      98.2531      5.58096
      4635.00      88.5517      5.39885
      4636.40      93.1030      5.50439
      4637.80      93.9466      5.42031
      4639.20      94.8879      5.39744
      4640.60      96.9041      5.68625
      4642.00      94.7209      5.60775
      4643.40      97.6028      5.71780
      4644.80      95.8497      5.62507
      4646.20      93.0928      5.66013
      4647.60      93.6233      5.66767
      4649.00      95.8861      5.45882
      4650.40      94.1749      5.56179
      4651.80      93.9970      5.63667
      4653.20      88.7610      5.70798
      4654.60      90.5749      5.64791
      4656.00      92.3267      5.71732
      4657.40      94.0872      5.74537
      4658.80      93.8468      5.40209
      4660.20      91.4673      5.42734
      4661.60      88.6321      5.47196
      4663.00      94.1096      5.69493
      4664.40      96.5673      5.73006
      4665.80      91.5786      5.53435
      4667.20      93.0217      5.61176
      4668.60      94.2668      5.31706
      4670.00      96.2107      5.60688
      4671.40      97.9324      5.48668
      4672.80      95.6703      5.49700
      4674.20      96.1244      5.63926
      4675.60      94.3192      5.41217
      4677.00      95.3854      5.46252
      4678.40      94.6930      5.49575
      4679.80      92.3142      5.43620
      4681.20      91.8048      5.32714
      4682.60      93.6522      5.50107
      4684.00      91.1996      5.97361
      4685.40      91.1056      6.07441
      4686.80      95.2200      5.61799
      4688.20      92.4494      5.42361
      4689.60      88.1532      5.39004
      4691.00      91.6123      5.43677
      4692.40      91.6382      5.68006
      4693.80      92.9256      5.85205
      4695.20      93.1104      5.44720
      4696.60      97.5505      5.50109
      4698.00      92.3169      5.28732
      4699.40      86.0762      5.26171
      4700.80      89.8422      5.32643
      4702.20      88.6374      5.37887
      4703.60      91.5993      5.46324
      4705.00      88.6230      5.47783
      4706.40      83.6356      5.19201
      4707.80      90.5114      5.32942
      4709.20      90.8834      5.36297
      4710.60      92.6651      5.39377
      4712.00      92.2514      5.53952
      4713.40      90.6822      5.69916
      4714.80      85.4266      5.51628
      4716.20      93.4810      5.38052
      4717.60      91.9736      5.41890
      4719.00      96.8933      5.76521
      4720.40      93.7172      6.10256
      4721.80      91.5319      5.64597
      4723.20      91.4115      5.41047
      4724.60      91.8056      5.37777
      4726.00      93.9230      5.66018
      4727.40      96.9575      5.53496
      4728.80      88.6737      5.21735
      4730.20      89.2191      5.22868
      4731.60      90.3725      5.37250
      4733.00      85.9189      5.24501
      4734.40      88.4961      5.24233
      4735.80      90.5971      5.26418
      4737.20      82.3362      5.25163
      4738.60      93.4432      5.49853
      4740.00      91.8433      5.23467
      4741.40      84.9996      5.29123
      4742.80      92.8005      5.29487
      4744.20      84.3825      5.29858
      4745.60      86.8200      5.21401
      4747.00      91.2851      5.26762
      4748.40      93.1666      5.31714
      4749.80      90.2907      5.28311
      4751.20      86.3646      5.23644
      4752.60      86.7717      5.21651
      4754.00      86.5590      5.19595
      4755.40      91.5727      5.33140
      4756.80      88.1599      5.26929
      4758.20      93.2914      5.46807
      4759.60      89.1038      5.42830
      4761.00      94.9442      5.62991
      4762.40      89.8070      5.52183
      4763.80      92.1404      5.47957
      4765.20      89.0824      5.30970
      4766.60      84.4735      5.20443
      4768.00      91.0498      5.27723
      4769.40      93.3144      5.36149
      4770.80      88.1282      5.28058
      4772.20      94.1844      5.32345
      4773.60      89.5238      5.39353
      4775.00      87.7901      5.02895
      4776.40      86.2469      5.07517
      4777.80      92.4665      5.33834
      4779.20      89.0095      5.27062
      4780.60      85.4222      5.12041
      4782.00      85.9179      5.12159
      4783.40      88.6715      5.27154
      4784.80      87.6194      5.10082
      4786.20      81.8514      5.09101
      4787.60      87.2121      5.15945
      4789.00      92.0260      5.32300
      4790.40      90.2454      5.26289
      4791.80      86.6679      5.18927
      4793.20      91.3244      5.31902
      4794.60      86.3768      5.12316
      4796.00      87.1166      5.15175
      4797.40      84.7534      5.35003
      4798.80      88.7214      5.48407
      4800.20      87.5364      5.36965
      4801.60      85.7077      5.08322
      4803.00      84.9466      5.02783
      4804.40      85.5515      5.11207
      4805.80      89.6584      5.18714
      4807.20      83.9762      5.02076
      4808.60      85.3127      4.97038
      4810.00      83.3229      5.04969
      4811.40      85.8670      5.06962
      4812.80      87.1959      5.25582
      4814.20      88.6344      5.20359
      4815.60      87.6442      5.16261
      4817.00      89.6640      5.08955
      4818.40      80.4657      5.01888
      4819.80      81.2419      5.10354
      4821.20      84.7804      5.25058
      4822.60      82.0130      5.39118
      4824.00      87.0201      5.52056
      4825.40      90.4792      5.59833
      4826.80      85.9540      5.06773
      4828.20      83.0970      5.06446
      4829.60      84.3982      5.20318
      4831.00      85.1507      5.28314
      4832.40      83.8026      5.10170
      4833.80      82.3230      4.99990
      4835.20      78.4456      5.12792
      4836.60      77.0527      5.01435
      4838.00      81.7241      5.12625
      4839.40      81.0657      4.95291
      4840.80      79.5731      4.95464
      4842.20      79.5890      4.86910
      4843.60      82.3819      5.01929
      4845.00      73.9214      4.79072
      4846.40      69.9793      4.60151
      4847.80      75.1048      4.71548
      4849.20      70.7608      4.64082
      4850.60      68.5874      4.50563
      4852.00      69.5401      4.70881
      4853.40      61.2164      4.45842
      4854.80      60.9799      4.24779
      4856.20      48.7857      4.15210
      4857.60      33.0953      4.05247
      4859.00      42.0887      4.19715
      4860.40      52.7329      4.11572
      4861.80      59.6420      4.27294
      4863.20      64.1225      4.27750
      4864.60      66.0672      4.44818
      4866.00      67.7136      4.51053
      4867.40      65.7183      4.58551
      4868.80      73.1510      4.81381
      4870.20      76.8561      5.08227
      4871.60      75.4074      4.92471
      4873.00      78.8275      5.01696
      4874.40      76.5590      4.88031
      4875.80      75.2740      4.98302
      4877.20      74.1337      4.68677
      4878.60      79.8279      4.89772
      4880.00      80.8850      5.01923
      4881.40      86.6156      5.20797
      4882.80      81.6925      5.09866
      4884.20      79.2303      4.96052
      4885.60      79.3984      4.98370
      4887.00      79.4825      4.91206
      4888.40      76.5835      4.91539
      4889.80      79.5765      4.80525
      4891.20      80.2663      5.06271
      4892.60      82.9682      5.10592
      4894.00      84.2629      5.07026
      4895.40      79.9411      4.99264
      4896.80      79.9512      4.95910
      4898.20      79.9251      4.97504
      4899.60      83.4169      5.11439
      4901.00      82.7326      5.24601
      4902.40      81.8628      5.13700
      4903.80      84.8262      5.19859
      4905.20      84.2379      5.19024
      4906.60      83.7705      5.21274
      4908.00      80.8065      4.99968
      4909.40      81.2616      5.06653
      4910.80      85.4771      5.08694
      4912.20      81.6923      4.95167
      4913.60      87.4073      5.02739
      4915.00      79.4728      5.05394
      4916.40      85.6692      5.14343
      4917.80      79.6041      5.00805
      4919.20      76.4620      5.02694
      4920.60      79.2017      5.26672
      4922.00      80.7529      5.15935
      4923.40      83.6692      4.90864
      4924.80      84.9520      4.94746
      4926.20      83.4853      4.97598
      4927.60      86.0664      5.05333
      4929.00      82.8694      4.90983
      4930.40      81.1428      4.82061
      4931.80      85.1211      4.91644
      4933.20      84.7930      4.96994
      4934.60      85.7802      4.95577
      4936.00      83.7701      4.99840
      4937.40      82.3916      5.28059
      4938.80      90.8836      5.56239
      4940.20      77.7637      4.95954
      4941.60      82.7799      4.81938
      4943.00      82.1271      4.79766
      4944.40      83.2220      4.96902
      4945.80      84.5992      4.89473
      4947.20      80.3525      4.92911
      4948.60      83.1301      4.84549
      4950.00      84.5927      4.81938
      4951.40      82.3241      5.07291
      4952.80      80.4878      5.05617
      4954.20      81.0749      5.13962
      4955.60      84.0725      5.05577
      4957.00      88.3264      4.95164
      4958.40      87.8678      5.06793
      4959.80      83.8105      4.76605
      4961.20      84.4072      4.82469
      4962.60      82.2690      4.86363
      4964.00      86.6693      4.93087
      4965.40      83.2662      4.97351
      4966.80      82.2183      5.04239
      4968.20      78.7502      4.88838
      4969.60      83.0789      5.04102
      4971.00      78.8583      4.91295
      4972.40      87.1045      5.15925
      4973.80      80.2415      4.73092
      4975.20      82.1651      4.74563
      4976.60      83.7340      4.89514
      4978.00      81.2177      4.95918
      4979.40      78.4631      4.61967
      4980.80      76.4597      4.64615
      4982.20      78.5827      4.69342
      4983.60      80.2988      4.87412
      4985.00      83.1224      4.80092
      4986.40      82.2443      4.70421
      4987.80      76.8710      4.65402
      4989.20      83.4636      5.07719
      4990.60      80.9790      4.88884
      4992.00      78.6036      4.69737
      4993.40      79.2273      4.83130
      4994.80      84.1140      4.79759
      4996.20      84.4388      5.04487
      4997.60      80.4543      5.01929
      4999.00      81.5361      4.85669
