      3900.00      769.381      26.1391
      3901.40      809.947      27.2324
      3902.80      827.650      27.6458
      3904.20      832.943      28.0200
      3905.60      866.177      29.2467
      3907.00      885.456      29.9626
      3908.40      932.527      30.6590
      3909.80      917.760      30.8268
      3911.20      885.902      29.8572
      3912.60      872.288      29.4874
      3914.00      913.641      30.5432
      3915.40      946.464      31.3785
      3916.80      936.768      31.3065
      3918.20      941.423      31.2332
      3919.60      932.097      31.1385
      3921.00      928.184      31.0087
      3922.40      924.622      31.2650
      3923.80      966.559      32.4068
      3925.20      923.107      30.9230
      3926.60      926.361      30.9143
      3928.00      900.019      30.2137
      3929.40      890.156      30.0883
      3930.80      808.747      27.2347
      3932.20      563.911      20.5105
      3933.60      624.396      21.1247
      3935.00      859.461      28.0284
      3936.40      932.056      30.6422
      3937.80      928.055      30.9296
      3939.20      927.944      30.7053
      3940.60      936.341      31.1312
      3942.00      908.974      30.4063
      3943.40      901.291      29.6766
      3944.80      900.779      29.7587
      3946.20      888.344      29.3247
      3947.60      878.721      28.7876
      3949.00      864.672      28.5010
      3950.40      868.568      28.5323
      3951.80      857.683      28.1109
      3953.20      848.443      27.4794
      3954.60      826.722      27.1927
      3956.00      787.628      26.1497
      3957.40      770.768      25.3037
      3958.80      737.671      24.5883
      3960.20      679.689      22.6549
      3961.60      648.010      22.0475
      3963.00      598.592      20.6480
      3964.40      534.069      18.7297
      3965.80      421.293      15.0781
      3967.20      256.470      10.3974
      3968.60      193.957      8.34655
      3970.00      265.645      9.89168
      3971.40      395.202      13.9910
      3972.80      496.003      17.4926
      3974.20      556.866      18.9738
      3975.60      630.833      21.3823
      3977.00      673.592      22.7358
      3978.40      702.170      23.9852
      3979.80      737.482      24.5638
      3981.20      764.241      25.3538
      3982.60      795.359      26.0682
      3984.00      813.092      26.9780
      3985.40      833.021      27.2016
      3986.80      846.315      27.7813
      3988.20      863.249      28.5565
      3989.60      882.061      29.1515
      3991.00      884.536      29.4099
      3992.40      874.499      28.8887
      3993.80      878.219      28.8841
      3995.20      882.216      29.3063
      3996.60      884.809      29.1906
      3998.00      874.811      28.8714
      3999.40      901.249      29.3459
      4000.80      889.671      29.3760
      4002.20      897.309      29.3029
      4003.60      871.748      28.8283
      4005.00      876.352      28.7214
      4006.40      899.695      29.6611
      4007.80      889.361      29.5913
      4009.20      890.880      29.1164
      4010.60      879.146      28.8904
      4012.00      894.342      29.4453
      4013.40      885.069      29.3858
      4014.80      901.465      29.4972
      4016.20      896.259      29.4184
      4017.60      907.659      29.6584
      4019.00      909.511      30.1608
      4020.40      892.745      29.7384
      4021.80      897.737      29.3213
      4023.20      890.002      29.0661
      4024.60      886.456      29.1607
      4026.00      891.674      29.4395
      4027.40      878.749      29.0149
      4028.80      877.784      28.8341
      4030.20      886.333      29.3661
      4031.60      881.955      28.9870
      4033.00      869.858      28.4957
      4034.40      874.552      28.9754
      4035.80      885.015      29.3152
      4037.20      875.531      28.8889
      4038.60      892.641      29.2569
      4040.00      879.395      28.8365
      4041.40      879.131      28.9101
      4042.80      879.175      28.8679
      4044.20      835.601      27.4581
      4045.60      841.275      27.3961
      4047.00      866.419      28.2368
      4048.40      876.550      28.8867
      4049.80      873.312      28.6451
      4051.20      863.395      28.5310
      4052.60      877.452      28.8648
      4054.00      864.791      28.2547
      4055.40      858.475      28.3834
      4056.80      855.342      27.9408
      4058.20      859.289      28.1897
      4059.60      861.857      28.2057
      4061.00      846.548      28.0126
      4062.40      827.639      27.2637
      4063.80      832.711      27.6454
      4065.20      856.771      27.9334
      4066.60      840.082      27.5026
      4068.00      853.126      28.0942
      4069.40      844.397      27.3585
      4070.80      815.166      26.8694
      4072.20      846.017      27.8972
      4073.60      837.444      27.2901
      4075.00      808.084      26.6947
      4076.40      789.363      25.7817
      4077.80      791.324      25.8135
      4079.20      815.568      26.4862
      4080.60      799.568      26.1214
      4082.00      797.201      26.0538
      4083.40      776.222      25.1722
      4084.80      769.461      25.1883
      4086.20      749.839      24.6430
      4087.60      735.834      23.9349
      4089.00      698.385      22.8100
      4090.40      688.486      22.2936
      4091.80      640.516      21.1973
      4093.20      617.133      20.4409
      4094.60      568.036      19.0357
      4096.00      513.161      17.4279
      4097.40      446.637      15.3398
      4098.80      344.184      12.6250
      4100.20      233.621      9.48176
      4101.60      246.680      9.19841
      4103.00      379.940      12.7678
      4104.40      456.428      15.5836
      4105.80      519.225      17.4757
      4107.20      576.140      18.9769
      4108.60      618.362      20.7437
      4110.00      651.796      21.7698
      4111.40      681.323      22.5490
      4112.80      708.697      23.1587
      4114.20      713.757      23.2160
      4115.60      739.018      24.0118
      4117.00      751.767      24.5082
      4118.40      760.295      24.8322
      4119.80      774.413      25.2908
      4121.20      773.268      25.0157
      4122.60      779.515      25.5204
      4124.00      792.869      25.7434
      4125.40      801.204      26.1102
      4126.80      790.180      26.0147
      4128.20      790.449      26.0275
      4129.60      789.878      25.9056
      4131.00      789.133      25.8234
      4132.40      803.631      26.2422
      4133.80      802.845      26.0678
      4135.20      821.818      26.9939
      4136.60      809.869      26.5312
      4138.00      812.891      26.6257
      4139.40      819.633      26.8264
      4140.80      818.822      26.8018
      4142.20      806.731      26.0986
      4143.60      805.489      26.1646
      4145.00      818.785      26.4157
      4146.40      819.870      26.9227
      4147.80      822.265      26.6079
      4149.20      815.054      26.6790
      4150.60      814.260      26.6728
      4152.00      809.025      26.2955
      4153.40      814.002      26.3157
      4154.80      810.077      26.3669
      4156.20      815.484      26.4828
      4157.60      810.233      26.3134
      4159.00      816.367      26.5242
      4160.40      814.233      26.4318
      4161.80      799.064      26.2999
      4163.20      802.988      25.9886
      4164.60      812.021      26.3776
      4166.00      806.017      26.4032
      4167.40      808.856      26.3022
      4168.80      811.347      26.5471
      4170.20      800.965      26.4543
      4171.60      788.869      25.7034
      4173.00      781.944      25.5839
      4174.40      797.756      25.9525
      4175.80      800.188      26.1685
      4177.20      791.970      25.9138
      4178.60      790.378      25.7329
      4180.00      796.611      26.0692
      4181.40      798.802      26.0683
      4182.80      811.421      26.6077
      4184.20      814.240      26.8617
      4185.60      787.313      25.7420
      4187.00      795.915      25.8543
      4188.40      804.495      26.4541
      4189.80      801.178      25.8396
      4191.20      794.280      26.0561
      4192.60      799.267      25.8863
      4194.00      803.066      25.9552
      4195.40      796.914      25.5436
      4196.80      784.214      25.2241
      4198.20      785.278      25.4632
      4199.60      788.732      25.8390
      4201.00      785.354      25.5485
      4202.40      788.174      25.8742
      4203.80      798.328      25.8407
      4205.20      802.997      26.0515
      4206.60      797.996      26.1071
      4208.00      793.877      26.1432
      4209.40      792.230      25.8405
      4210.80      794.974      25.9870
      4212.20      803.043      26.1062
      4213.60      773.721      25.0749
      4215.00      779.125      25.4272
      4216.40      783.888      25.6414
      4217.80      791.689      25.8229
      4219.20      782.211      25.7259
      4220.60      800.610      25.9456
      4222.00      791.035      25.6691
      4223.40      786.219      25.7291
      4224.80      763.797      25.4051
      4226.20      751.485      25.1424
      4227.60      786.035      25.5870
      4229.00      786.754      25.6195
      4230.40      786.822      25.1962
      4231.80      748.192      24.4912
      4233.20      757.673      24.5537
      4234.60      774.250      24.8776
      4236.00      773.627      25.1562
      4237.40      782.643      25.4787
      4238.80      782.095      25.6124
      4240.20      776.878      25.3385
      4241.60      779.934      25.2429
      4243.00      783.399      25.3929
      4244.40      773.046      25.4103
      4245.80      747.783      24.3118
      4247.20      787.843      25.3577
      4248.60      759.811      25.0107
      4250.00      776.788      25.2905
      4251.40      780.005      25.4002
      4252.80      789.492      25.4211
      4254.20      775.775      25.0968
      4255.60      769.035      25.0555
      4257.00      780.078      25.2230
      4258.40      766.608      24.8487
      4259.80      768.888      25.5067
      4261.20      776.867      25.4039
      4262.60      782.578      25.6379
      4264.00      775.714      25.2309
      4265.40      776.772      25.3264
      4266.80      789.528      25.7291
      4268.20      778.023      25.4327
      4269.60      770.332      24.6152
      4271.00      810.525      26.4288
      4272.40      782.632      25.9068
      4273.80      763.551      25.1046
      4275.20      760.661      24.8656
      4276.60      790.759      25.3451
      4278.00      769.126      25.1727
      4279.40      775.556      25.3560
      4280.80      758.981      24.8447
      4282.20      760.626      24.9261
      4283.60      779.166      25.1352
      4285.00      768.092      24.9515
      4286.40      764.854      25.1906
      4287.80      750.749      24.3957
      4289.20      740.039      24.1019
      4290.60      754.355      24.4335
      4292.00      742.967      24.2958
      4293.40      737.987      24.0575
      4294.80      751.379      24.3890
      4296.20      753.241      24.5093
      4297.60      735.848      23.9235
      4299.00      707.830      23.3079
      4300.40      714.533      23.3036
      4301.80      728.777      23.7372
      4303.20      749.775      24.2262
      4304.60      753.663      24.7214
      4306.00      720.825      23.2135
      4307.40      715.480      23.4339
      4308.80      733.410      23.6128
      4310.20      734.185      23.8555
      4311.60      723.271      23.4216
      4313.00      696.266      22.7965
      4314.40      707.801      23.2700
      4315.80      709.544      22.7776
      4317.20      716.327      23.1079
      4318.60      703.734      23.0154
      4320.00      699.920      23.0160
      4321.40      700.506      22.7366
      4322.80      683.371      22.6265
      4324.20      646.366      21.3207
      4325.60      642.582      20.9588
      4327.00      637.827      20.7287
      4328.40      622.585      20.3520
      4329.80      593.706      19.3692
      4331.20      572.588      18.7643
      4332.60      543.386      17.7433
      4334.00      497.563      16.5734
      4335.40      446.967      15.1394
      4336.80      367.859      12.6287
      4338.20      255.276      9.70812
      4339.60      207.089      7.66444
      4341.00      287.186      9.67705
      4342.40      393.862      13.0920
      4343.80      456.002      15.1456
      4345.20      506.158      16.6605
      4346.60      548.387      18.0792
      4348.00      578.090      18.7976
      4349.40      585.112      19.1158
      4350.80      601.325      19.7236
      4352.20      633.887      20.3827
      4353.60      698.289      21.1227
      4355.00      660.744      21.7508
      4356.40      697.927      22.4200
      4357.80      683.138      21.9237
      4359.20      700.180      22.5003
      4360.60      708.216      22.6757
      4362.00      708.588      22.9057
      4363.40      713.557      23.0354
      4364.80      712.206      22.8997
      4366.20      711.010      22.9833
      4367.60      716.931      23.3961
      4369.00      716.225      23.3081
      4370.40      722.848      23.1360
      4371.80      720.401      23.4949
      4373.20      711.346      22.9782
      4374.60      719.088      23.6448
      4376.00      718.472      23.3673
      4377.40      724.442      23.3795
      4378.80      730.651      23.8882
      4380.20      722.173      23.3341
      4381.60      699.573      22.6287
      4383.00      682.460      22.2839
      4384.40      706.787      23.1208
      4385.80      721.601      23.5424
      4387.20      729.846      23.6385
      4388.60      730.857      23.8306
      4390.00      721.897      23.3794
      4391.40      722.721      23.5289
      4392.80      695.935      22.7037
      4394.20      677.589      22.3846
      4395.60      716.735      23.1013
      4397.00      714.030      23.0439
      4398.40      709.148      23.0279
      4399.80      714.387      23.2616
      4401.20      728.377      23.3658
      4402.60      699.468      22.9638
      4404.00      695.288      22.3271
      4405.40      709.118      23.0285
      4406.80      712.257      23.3076
      4408.20      712.044      22.9125
      4409.60      709.373      23.1729
      4411.00      723.159      23.2442
      4412.40      717.945      23.1294
      4413.80      696.066      22.5900
      4415.20      685.028      22.5139
      4416.60      686.099      22.4639
      4418.00      700.259      22.3423
      4419.40      709.785      23.3317
      4420.80      711.644      23.0630
      4422.20      707.887      23.1301
      4423.60      715.287      23.2338
      4425.00      698.163      22.5187
      4426.40      700.916      22.8119
      4427.80      701.596      22.9567
      4429.20      698.090      22.5221
      4430.60      711.753      23.1161
      4432.00      711.286      23.0543
      4433.40      705.956      22.8033
      4434.80      701.623      22.8042
      4436.20      705.301      22.8521
      4437.60      707.816      22.9517
      4439.00      708.346      23.3673
      4440.40      702.932      23.4562
      4441.80      678.224      22.2086
      4443.20      676.068      22.1010
      4444.60      688.653      22.4972
      4446.00      706.046      22.8706
      4447.40      697.940      22.6647
      4448.80      697.042      22.6874
      4450.20      690.382      22.7478
      4451.60      702.872      22.7136
      4453.00      694.273      22.5228
      4454.40      694.399      22.3508
      4455.80      701.194      22.7720
      4457.20      696.859      22.4509
      4458.60      687.424      22.4286
      4460.00      692.421      22.2428
      4461.40      697.578      22.8473
      4462.80      686.983      22.1894
      4464.20      695.311      22.4019
      4465.60      688.664      22.4748
      4467.00      664.691      21.7740
      4468.40      674.628      22.0129
      4469.80      679.889      22.1140
      4471.20      681.885      22.1850
      4472.60      689.920      22.2500
      4474.00      689.823      22.1784
      4475.40      689.348      22.3574
      4476.80      686.248      22.1509
      4478.20      688.014      22.0754
      4479.60      637.796      21.0322
      4481.00      655.768      21.3337
      4482.40      682.875      22.0585
      4483.80      689.041      22.4755
      4485.20      697.487      22.7350
      4486.60      685.532      22.0381
      4488.00      680.195      22.2505
      4489.40      672.431      22.0782
      4490.80      689.428      22.2725
      4492.20      677.801      22.0817
      4493.60      685.932      22.0688
      4495.00      672.375      21.6780
      4496.40      684.003      21.8886
      4497.80      678.481      22.2943
      4499.20      662.235      21.5365
      4500.60      657.127      21.3388
      4502.00      667.440      21.4711
      4503.40      672.189      21.7909
      4504.80      674.588      21.7588
      4506.20      667.394      21.6994
      4507.60      661.448      21.5473
      4509.00      669.082      21.5778
      4510.40      680.888      22.1296
      4511.80      680.165      22.1997
      4513.20      671.204      21.9392
      4514.60      668.564      21.7201
      4516.00      666.266      21.8997
      4517.40      673.517      21.7041
      4518.80      660.753      21.3350
      4520.20      666.796      21.4169
      4521.60      651.356      21.3146
      4523.00      663.214      21.6891
      4524.40      669.241      21.8391
      4525.80      673.821      21.7225
      4527.20      667.433      21.5978
      4528.60      654.694      21.6107
      4530.00      664.898      21.7604
      4531.40      645.056      20.9646
      4532.80      657.158      20.6587
      4534.20      642.441      20.8487
      4535.60      720.736      21.8157
      4537.00      662.009      21.9865
      4538.40      675.406      21.6811
      4539.80      671.639      21.5380
      4541.20      661.961      21.2663
      4542.60      668.292      21.6157
      4544.00      660.163      21.6100
      4545.40      666.578      21.5339
      4546.80      648.563      20.7595
      4548.20      617.160      20.3686
      4549.60      633.801      20.6173
      4551.00      660.866      21.3140
      4552.40      649.478      20.7175
      4553.80      644.352      20.9588
      4555.20      649.724      21.0597
      4556.60      650.220      21.0334
      4558.00      648.159      21.1022
      4559.40      656.135      21.3219
      4560.80      660.385      21.2915
      4562.20      639.695      20.7506
      4563.60      641.553      20.8724
      4565.00      655.611      21.0889
      4566.40      663.416      21.3189
      4567.80      653.029      21.1767
      4569.20      643.272      20.8874
      4570.60      632.642      20.5352
      4572.00      649.701      20.7610
      4573.40      659.000      21.1694
      4574.80      654.803      20.9673
      4576.20      656.085      21.3333
      4577.60      662.089      21.3014
      4579.00      657.581      21.1220
      4580.40      647.940      20.9812
      4581.80      635.179      20.5599
      4583.20      630.233      20.6672
      4584.60      655.021      21.1412
      4586.00      656.197      21.3649
      4587.40      648.000      21.1301
      4588.80      651.521      21.1903
      4590.20      647.611      20.8432
      4591.60      650.310      20.8109
      4593.00      641.512      20.9060
      4594.40      653.734      21.1294
      4595.80      645.250      21.1528
      4597.20      655.262      20.8878
      4598.60      648.670      21.0287
      4600.00      649.984      21.1501
      4601.40      657.615      21.2771
      4602.80      645.653      20.9282
      4604.20      653.812      21.1408
      4605.60      645.901      20.9087
      4607.00      655.813      20.9889
      4608.40      647.673      21.2697
      4609.80      650.414      21.0623
      4611.20      643.664      20.9391
      4612.60      647.258      20.8973
      4614.00      643.962      20.9802
      4615.40      647.547      20.8653
      4616.80      640.633      20.6875
      4618.20      648.782      20.7705
      4619.60      643.711      20.8680
      4621.00      648.063      20.8407
      4622.40      649.737      20.9467
      4623.80      641.541      20.8254
      4625.20      648.818      20.8315
      4626.60      637.466      20.5210
      4628.00      627.586      20.4157
      4629.40      636.249      20.4569
      4630.80      640.068      20.7250
      4632.20      640.059      20.7221
      4633.60      633.936      20.4094
      4635.00      637.449      20.6389
      4636.40      642.550      20.7290
      4637.80      637.745      20.7870
      4639.20      634.378      20.3846
      4640.60      634.679      20.6451
      4642.00      639.625      20.8081
      4643.40      635.141      20.4666
      4644.80      631.951      20.4094
      4646.20      638.608      20.5796
      4647.60      632.459      20.5174
      4649.00      634.605      20.4043
      4650.40      646.799      21.0865
      4651.80      632.868      20.3774
      4653.20      638.586      20.6010
      4654.60      635.620      20.3868
      4656.00      639.279      20.6538
      4657.40      639.801      20.4726
      4658.80      639.991      20.6600
      4660.20      630.995      20.9722
      4661.60      633.315      20.5356
      4663.00      627.490      20.1276
      4664.40      634.932      20.3401
      4665.80      623.717      20.1534
      4667.20      630.806      20.4228
      4668.60      631.190      20.3486
      4670.00      639.433      20.4627
      4671.40      622.303      20.1273
      4672.80      629.165      20.2134
      4674.20      632.972      20.4424
      4675.60      640.499      20.7946
      4677.00      628.786      20.3166
      4678.40      623.629      20.1183
      4679.80      629.550      20.4518
      4681.20      631.536      20.4861
      4682.60      631.594      20.2768
      4684.00      626.616      20.2574
      4685.40      629.844      20.3478
      4686.80      619.801      20.0356
      4688.20      631.122      20.2588
      4689.60      626.671      20.1839
      4691.00      626.982      20.1417
      4692.40      641.203      20.0469
      4693.80      617.730      20.1152
      4695.20      627.361      20.1507
      4696.60      630.694      20.3882
      4698.00      625.644      20.3499
      4699.40      636.267      20.5895
      4700.80      613.335      19.9012
      4702.20      622.014      19.9768
      4703.60      614.305      19.9388
      4705.00      618.012      19.9852
      4706.40      616.403      19.6910
      4707.80      624.744      20.1793
      4709.20      634.541      20.3576
      4710.60      623.602      20.0965
      4712.00      621.559      20.0465
      4713.40      620.311      19.9701
      4714.80      626.589      20.0512
      4716.20      615.871      19.9336
      4717.60      623.248      19.9131
      4719.00      621.804      19.9175
      4720.40      618.287      19.7486
      4721.80      616.113      19.8767
      4723.20      624.363      20.0094
      4724.60      613.096      19.7118
      4726.00      620.512      19.9445
      4727.40      615.680      19.8492
      4728.80      608.040      19.4977
      4730.20      609.360      19.5317
      4731.60      614.063      19.7464
      4733.00      614.239      19.8526
      4734.40      614.354      19.9549
      4735.80      618.068      19.8535
      4737.20      618.484      19.8891
      4738.60      621.175      20.1568
      4740.00      616.453      19.9365
      4741.40      606.335      19.3800
      4742.80      612.266      19.6830
      4744.20      613.123      19.8259
      4745.60      614.238      19.7640
      4747.00      613.234      19.7217
      4748.40      604.026      19.2100
      4749.80      604.254      19.5443
      4751.20      605.655      19.3947
      4752.60      611.179      19.6001
      4754.00      604.960      19.5845
      4755.40      605.865      19.6763
      4756.80      607.544      19.4394
      4758.20      598.337      19.2432
      4759.60      606.803      19.3034
      4761.00      598.725      19.2929
      4762.40      600.096      19.3097
      4763.80      604.315      19.3779
      4765.20      595.219      19.2328
      4766.60      606.332      19.5805
      4768.00      598.272      19.3467
      4769.40      590.746      19.1131
      4770.80      599.120      19.0076
      4772.20      589.015      18.9786
      4773.60      604.866      19.3832
      4775.00      609.221      19.4941
      4776.40      601.817      19.4611
      4777.80      606.391      19.4536
      4779.20      593.064      19.1381
      4780.60      599.816      19.3196
      4782.00      597.870      19.4622
      4783.40      597.457      19.3664
      4784.80      589.352      18.9774
      4786.20      594.632      19.0745
      4787.60      598.976      19.2646
      4789.00      599.135      19.3034
      4790.40      596.205      18.9974
      4791.80      600.391      19.4766
      4793.20      590.549      18.9518
      4794.60      592.857      18.9934
      4796.00      597.911      19.1220
      4797.40      598.560      19.1199
      4798.80      596.988      19.1746
      4800.20      597.250      18.9901
      4801.60      593.313      18.9071
      4803.00      582.808      18.8833
      4804.40      587.371      18.9541
      4805.80      589.321      18.8906
      4807.20      585.122      18.9272
      4808.60      592.707      19.0444
      4810.00      582.527      18.9278
      4811.40      588.078      19.0053
      4812.80      590.533      19.0582
      4814.20      583.157      18.6565
      4815.60      580.708      18.5721
      4817.00      582.380      18.7583
      4818.40      584.916      18.8174
      4819.80      578.884      18.7140
      4821.20      579.617      18.6409
      4822.60      568.192      18.4202
      4824.00      576.288      18.5452
      4825.40      574.751      18.5036
      4826.80      573.438      18.3630
      4828.20      572.236      18.2738
      4829.60      569.727      18.3302
      4831.00      571.279      18.3040
      4832.40      569.579      18.2867
      4833.80      562.805      18.1256
      4835.20      559.609      17.9433
      4836.60      554.607      17.8640
      4838.00      554.700      17.7910
      4839.40      546.456      17.4491
      4840.80      541.178      17.3288
      4842.20      537.110      17.3298
      4843.60      526.693      17.1379
      4845.00      529.153      16.8551
      4846.40      505.859      16.3603
      4847.80      487.964      15.7824
      4849.20      487.446      15.7464
      4850.60      471.597      15.2525
      4852.00      456.114      14.8018
      4853.40      424.335      13.9546
      4854.80      402.233      13.1301
      4856.20      365.217      12.1301
      4857.60      306.115      10.3526
      4859.00      218.248      7.83722
      4860.40      176.417      6.35336
      4861.80      228.335      7.37755
      4863.20      312.824      10.1938
      4864.60      371.311      11.9830
      4866.00      403.550      13.1461
      4867.40      425.397      13.6801
      4868.80      442.283      14.5912
      4870.20      459.623      14.7732
      4871.60      483.726      15.5309
      4873.00      495.950      15.9550
      4874.40      503.621      16.0722
      4875.80      516.761      16.5545
      4877.20      518.890      16.5471
      4878.60      528.684      16.8722
      4880.00      537.596      17.0885
      4881.40      530.957      17.0896
      4882.80      534.179      17.4107
      4884.20      541.324      17.4437
      4885.60      540.220      17.4243
      4887.00      539.030      17.3939
      4888.40      541.714      17.4511
      4889.80      536.190      17.4127
      4891.20      543.318      17.5091
      4892.60      553.850      17.8636
      4894.00      556.922      17.9785
      4895.40      557.159      17.9676
      4896.80      557.762      18.0339
      4898.20      561.335      18.2684
      4899.60      558.464      18.1940
      4901.00      562.158      18.2369
      4902.40      563.776      18.0363
      4903.80      562.967      18.0692
      4905.20      566.262      18.0923
      4906.60      556.699      17.9698
      4908.00      558.085      18.1907
      4909.40      555.917      18.2011
      4910.80      562.884      18.1946
      4912.20      563.490      17.9876
      4913.60      556.706      18.0894
      4915.00      564.946      18.2315
      4916.40      553.573      17.9979
      4917.80      553.815      17.8732
      4919.20      545.957      17.7003
      4920.60      548.644      17.5231
      4922.00      534.070      17.1279
      4923.40      534.954      17.3219
      4924.80      557.055      17.9995
      4926.20      567.184      18.3254
      4927.60      564.381      18.2510
      4929.00      555.927      18.0684
      4930.40      552.955      17.7996
      4931.80      558.964      18.0015
      4933.20      549.870      17.7122
      4934.60      551.531      17.7925
      4936.00      558.451      17.9856
      4937.40      556.037      17.8191
      4938.80      561.201      17.8476
      4940.20      556.621      17.7755
      4941.60      552.153      17.8143
      4943.00      545.018      17.6472
      4944.40      555.078      17.8865
      4945.80      553.722      17.9827
      4947.20      552.839      17.7765
      4948.60      557.140      18.0592
      4950.00      559.526      18.0872
      4951.40      558.956      18.1757
      4952.80      553.613      17.8552
      4954.20      544.502      17.6624
      4955.60      538.936      17.3484
      4957.00      540.203      17.4330
      4958.40      550.106      17.6853
      4959.80      557.780      18.0240
      4961.20      548.185      17.7482
      4962.60      557.167      17.8865
      4964.00      556.867      17.9625
      4965.40      554.219      17.8966
      4966.80      550.056      17.5486
      4968.20      548.719      17.5506
      4969.60      551.417      17.5572
      4971.00      545.777      17.5978
      4972.40      548.218      17.5608
      4973.80      549.072      17.8953
      4975.20      542.888      17.5650
      4976.60      541.704      17.6155
      4978.00      541.802      17.5925
      4979.40      549.353      17.5802
      4980.80      549.203      17.7264
      4982.20      529.982      16.9496
      4983.60      540.868      17.3972
      4985.00      543.234      17.6375
      4986.40      544.254      17.4657
      4987.80      541.499      17.4305
      4989.20      540.962      17.4254
      4990.60      535.711      17.2343
      4992.00      529.780      17.1863
      4993.40      535.623      17.1935
      4994.80      540.037      17.4070
      4996.20      537.484      17.2847
      4997.60      535.133      17.0410
      4999.00      533.875      16.9708
