      3900.00      233.746      15.5669
      3901.40      247.463      16.1054
      3902.80      261.943      16.2300
      3904.20      244.086      16.0450
      3905.60      272.504      16.1229
      3907.00      276.891      16.7141
      3908.40      275.424      16.1949
      3909.80      247.079      15.1827
      3911.20      260.733      15.5107
      3912.60      269.098      15.9623
      3914.00      278.219      16.2769
      3915.40      282.200      16.0460
      3916.80      300.513      16.7753
      3918.20      274.656      15.9033
      3919.60      290.130      16.5820
      3921.00      276.214      15.7016
      3922.40      293.244      16.4457
      3923.80      294.979      16.3701
      3925.20      277.997      16.0681
      3926.60      282.666      16.3296
      3928.00      277.418      15.6347
      3929.40      231.142      14.3068
      3930.80      207.882      13.0733
      3932.20      231.174      13.5178
      3933.60      252.692      14.4207
      3935.00      261.405      15.2349
      3936.40      271.401      15.3734
      3937.80      276.200      15.3378
      3939.20      273.678      15.0536
      3940.60      267.881      15.4779
      3942.00      262.389      15.0924
      3943.40      262.486      14.6766
      3944.80      261.429      14.9195
      3946.20      269.766      14.7942
      3947.60      272.631      15.4988
      3949.00      259.681      14.9221
      3950.40      240.299      14.3421
      3951.80      249.169      14.8420
      3953.20      251.705      14.9420
      3954.60      229.892      14.5287
      3956.00      228.157      14.3531
      3957.40      217.237      14.0970
      3958.80      193.976      13.1785
      3960.20      188.409      13.3079
      3961.60      165.877      12.7049
      3963.00      147.452      11.7848
      3964.40      130.760      10.6995
      3965.80      89.6168      9.42851
      3967.20      67.7412      8.82721
      3968.60      89.3354      9.74638
      3970.00      118.259      10.1251
      3971.40      144.740      11.4309
      3972.80      165.287      11.8580
      3974.20      173.623      12.1278
      3975.60      195.522      12.5993
      3977.00      198.110      13.0392
      3978.40      205.159      12.5201
      3979.80      230.424      13.4303
      3981.20      230.371      13.4896
      3982.60      248.801      14.1690
      3984.00      255.762      13.9522
      3985.40      251.307      14.0500
      3986.80      252.738      14.1536
      3988.20      257.191      13.8426
      3989.60      261.329      14.0456
      3991.00      265.337      14.2770
      3992.40      279.768      14.8510
      3993.80      271.541      14.4728
      3995.20      270.167      14.5107
      3996.60      256.707      14.2444
      3998.00      278.950      14.5893
      3999.40      270.450      14.3661
      4000.80      275.210      14.9970
      4002.20      268.730      14.3581
      4003.60      279.543      14.2105
      4005.00      264.752      14.3642
      4006.40      291.593      14.8139
      4007.80      284.178      15.0876
      4009.20      275.835      14.0489
      4010.60      278.061      14.3743
      4012.00      275.818      14.2308
      4013.40      281.667      14.7480
      4014.80      261.287      13.9176
      4016.20      279.376      14.8261
      4017.60      289.648      15.1401
      4019.00      290.849      15.2498
      4020.40      274.788      14.7851
      4021.80      272.226      14.7737
      4023.20      274.297      14.0503
      4024.60      277.417      14.6091
      4026.00      275.975      14.1485
      4027.40      278.682      14.3713
      4028.80      278.382      13.8581
      4030.20      280.535      14.2318
      4031.60      274.759      13.9193
      4033.00      279.418      14.2979
      4034.40      270.566      14.1392
      4035.80      286.591      14.7055
      4037.20      284.491      14.7041
      4038.60      282.874      14.7310
      4040.00      276.894      14.1908
      4041.40      285.167      14.8859
      4042.80      271.824      14.5505
      4044.20      256.202      14.6592
      4045.60      282.186      15.2275
      4047.00      282.169      15.2898
      4048.40      274.843      14.6951
      4049.80      276.791      14.5562
      4051.20      257.857      14.1336
      4052.60      280.503      14.4158
      4054.00      280.651      14.7616
      4055.40      272.775      14.5087
      4056.80      273.802      14.3887
      4058.20      275.011      15.0725
      4059.60      280.733      14.1049
      4061.00      263.500      13.9386
      4062.40      266.381      13.9582
      4063.80      270.882      14.4877
      4065.20      271.207      14.7147
      4066.60      264.491      13.8054
      4068.00      278.659      14.1228
      4069.40      272.917      14.4770
      4070.80      279.323      13.9205
      4072.20      248.503      12.7643
      4073.60      261.748      13.5918
      4075.00      254.885      13.3728
      4076.40      257.003      13.4629
      4077.80      256.501      13.4088
      4079.20      254.344      13.0490
      4080.60      242.174      13.0178
      4082.00      242.631      12.5872
      4083.40      239.750      12.7087
      4084.80      235.238      12.2860
      4086.20      216.921      11.5657
      4087.60      220.093      12.0143
      4089.00      220.760      11.5741
      4090.40      196.049      11.4209
      4091.80      178.980      10.4955
      4093.20      155.149      9.95240
      4094.60      134.790      9.65755
      4096.00      125.955      9.02911
      4097.40      95.4189      8.44072
      4098.80      73.2599      7.03205
      4100.20      86.3513      7.27949
      4101.60      109.613      7.90917
      4103.00      134.846      8.82255
      4104.40      156.906      9.77724
      4105.80      167.648      9.82793
      4107.20      181.753      10.7778
      4108.60      209.423      11.4214
      4110.00      218.385      11.5349
      4111.40      209.206      11.5641
      4112.80      235.905      12.0593
      4114.20      236.490      12.4549
      4115.60      236.804      12.3981
      4117.00      232.121      12.3247
      4118.40      241.922      12.4877
      4119.80      241.373      12.4060
      4121.20      247.832      12.6767
      4122.60      263.793      13.1730
      4124.00      249.484      13.0001
      4125.40      251.419      13.1326
      4126.80      258.396      12.8976
      4128.20      263.315      13.3773
      4129.60      268.643      13.2170
      4131.00      268.145      13.4073
      4132.40      258.732      13.0975
      4133.80      246.087      12.9320
      4135.20      269.841      13.1560
      4136.60      269.909      13.1970
      4138.00      265.823      13.3997
      4139.40      264.694      12.8683
      4140.80      251.757      12.6244
      4142.20      255.434      12.5083
      4143.60      277.794      15.0084
      4145.00      274.308      14.2019
      4146.40      272.273      13.3503
      4147.80      261.471      12.9430
      4149.20      276.871      13.1375
      4150.60      268.269      12.9937
      4152.00      269.717      13.2782
      4153.40      264.546      12.9892
      4154.80      262.544      12.8958
      4156.20      257.350      12.6493
      4157.60      273.307      13.0608
      4159.00      266.100      12.4863
      4160.40      263.121      12.8863
      4161.80      267.055      12.6902
      4163.20      261.852      12.8172
      4164.60      268.907      13.3400
      4166.00      256.538      12.7450
      4167.40      269.679      13.0078
      4168.80      258.496      12.5476
      4170.20      251.023      11.9936
      4171.60      265.222      12.7010
      4173.00      276.873      12.8354
      4174.40      251.731      12.0281
      4175.80      254.473      12.2376
      4177.20      266.879      12.5672
      4178.60      274.622      13.0108
      4180.00      271.824      12.7173
      4181.40      267.810      13.0483
      4182.80      255.965      12.7150
      4184.20      263.532      12.7262
      4185.60      258.017      12.4995
      4187.00      264.107      12.7223
      4188.40      266.718      12.5954
      4189.80      266.486      12.7865
      4191.20      272.855      12.7379
      4192.60      258.759      13.2626
      4194.00      265.137      12.2061
      4195.40      264.163      12.3599
      4196.80      270.337      12.6883
      4198.20      256.366      12.1513
      4199.60      258.169      12.3541
      4201.00      257.155      12.0543
      4202.40      259.754      12.4181
      4203.80      263.624      12.6479
      4205.20      266.489      13.1709
      4206.60      263.249      12.2211
      4208.00      267.608      12.6859
      4209.40      259.623      12.2804
      4210.80      260.015      12.2880
      4212.20      257.863      12.6281
      4213.60      262.740      12.5619
      4215.00      261.798      12.1787
      4216.40      262.922      12.3897
      4217.80      274.645      12.6248
      4219.20      262.698      12.6242
      4220.60      264.108      12.6342
      4222.00      279.863      12.5380
      4223.40      249.376      11.9104
      4224.80      257.106      11.8115
      4226.20      270.029      12.1582
      4227.60      261.845      12.3546
      4229.00      264.426      12.4602
      4230.40      254.264      12.1534
      4231.80      258.432      11.8534
      4233.20      264.754      12.0750
      4234.60      258.897      11.9766
      4236.00      259.825      12.5091
      4237.40      261.854      12.2090
      4238.80      269.266      12.3001
      4240.20      265.839      12.2803
      4241.60      258.833      11.9725
      4243.00      256.898      11.8607
      4244.40      254.604      11.9061
      4245.80      269.843      11.9565
      4247.20      259.066      11.7144
      4248.60      258.142      12.0086
      4250.00      254.924      12.1423
      4251.40      262.945      12.1312
      4252.80      254.369      11.9042
      4254.20      252.660      11.9195
      4255.60      252.164      11.5374
      4257.00      260.995      12.1171
      4258.40      255.421      11.6207
      4259.80      250.197      11.6926
      4261.20      255.445      11.9054
      4262.60      266.756      12.1087
      4264.00      264.502      11.8224
      4265.40      261.310      11.9657
      4266.80      248.570      11.4716
      4268.20      254.521      11.6306
      4269.60      256.299      11.5751
      4271.00      259.148      11.9541
      4272.40      252.155      11.5722
      4273.80      259.985      11.8016
      4275.20      256.621      11.6604
      4276.60      252.104      11.9605
      4278.00      257.069      12.0551
      4279.40      253.508      11.9941
      4280.80      259.295      12.1476
      4282.20      260.027      11.8476
      4283.60      254.092      11.7920
      4285.00      260.983      11.6187
      4286.40      245.419      11.4422
      4287.80      250.471      11.1507
      4289.20      245.820      11.0608
      4290.60      256.778      11.8449
      4292.00      250.820      11.4371
      4293.40      247.445      11.4277
      4294.80      251.982      11.5749
      4296.20      239.982      11.1834
      4297.60      239.949      10.8106
      4299.00      245.812      11.0767
      4300.40      248.517      11.0850
      4301.80      245.171      11.1135
      4303.20      235.572      10.9009
      4304.60      240.947      11.0032
      4306.00      244.223      11.2369
      4307.40      243.673      11.3163
      4308.80      235.344      10.9219
      4310.20      228.755      10.7359
      4311.60      235.980      10.8469
      4313.00      232.942      10.4733
      4314.40      239.107      10.6166
      4315.80      225.233      10.5737
      4317.20      221.964      10.0159
      4318.60      222.298      10.3966
      4320.00      219.526      10.0888
      4321.40      217.563      10.1843
      4322.80      207.060      9.78851
      4324.20      205.649      9.53014
      4325.60      204.008      9.46279
      4327.00      187.628      9.14816
      4328.40      181.870      8.84176
      4329.80      173.030      8.56600
      4331.20      153.016      7.82602
      4332.60      149.124      7.94557
      4334.00      124.206      7.04983
      4335.40      102.168      6.59561
      4336.80      76.9817      6.25852
      4338.20      77.3820      5.93118
      4339.60      100.315      6.42436
      4341.00      120.857      7.05022
      4342.40      140.126      7.62044
      4343.80      157.064      8.29770
      4345.20      176.741      8.58017
      4346.60      183.556      8.88745
      4348.00      181.396      8.89318
      4349.40      193.082      9.02662
      4350.80      199.150      9.23735
      4352.20      213.903      10.0016
      4353.60      218.316      10.2062
      4355.00      222.035      10.1498
      4356.40      223.389      10.1351
      4357.80      221.499      10.2551
      4359.20      233.726      11.0122
      4360.60      231.830      10.8164
      4362.00      227.896      10.6512
      4363.40      231.016      10.6375
      4364.80      237.121      10.9034
      4366.20      238.336      10.8912
      4367.60      243.912      10.7756
      4369.00      234.017      10.8216
      4370.40      237.208      10.5752
      4371.80      238.416      10.8736
      4373.20      239.247      11.2202
      4374.60      246.977      10.5748
      4376.00      230.083      10.3966
      4377.40      242.859      10.8697
      4378.80      241.221      11.0565
      4380.20      233.374      10.6227
      4381.60      228.921      10.4898
      4383.00      240.093      10.6142
      4384.40      248.773      11.2263
      4385.80      248.670      11.0457
      4387.20      238.531      10.9914
      4388.60      240.268      10.8254
      4390.00      244.427      11.0162
      4391.40      238.309      10.6308
      4392.80      231.390      10.4558
      4394.20      245.027      11.1756
      4395.60      235.834      10.5747
      4397.00      244.831      10.7581
      4398.40      242.074      10.7882
      4399.80      247.270      11.1228
      4401.20      239.790      10.6963
      4402.60      236.480      10.7254
      4404.00      245.892      10.5495
      4405.40      233.343      10.4336
      4406.80      242.024      10.6298
      4408.20      238.410      10.7238
      4409.60      241.334      10.7220
      4411.00      240.851      10.9233
      4412.40      240.431      10.5271
      4413.80      232.651      10.1892
      4415.20      243.970      10.4958
      4416.60      238.427      10.5892
      4418.00      240.807      10.6972
      4419.40      235.289      10.5752
      4420.80      238.148      10.3620
      4422.20      241.685      10.6466
      4423.60      239.909      10.7859
      4425.00      249.603      10.9474
      4426.40      243.901      10.6756
      4427.80      228.012      10.3944
      4429.20      242.352      10.7650
      4430.60      244.433      10.8216
      4432.00      235.359      10.5676
      4433.40      235.253      10.1604
      4434.80      236.301      10.2451
      4436.20      238.653      10.4583
      4437.60      235.351      10.4740
      4439.00      235.416      10.5083
      4440.40      241.280      10.4389
      4441.80      234.865      10.4524
      4443.20      234.835      10.3025
      4444.60      233.580      10.1566
      4446.00      243.460      10.6162
      4447.40      242.361      10.6453
      4448.80      237.150      10.6178
      4450.20      234.255      10.2059
      4451.60      231.591      10.3020
      4453.00      237.123      10.4852
      4454.40      239.007      10.0704
      4455.80      239.809      10.3689
      4457.20      243.238      10.6205
      4458.60      233.653      10.2704
      4460.00      236.955      10.5929
      4461.40      239.926      10.5570
      4462.80      235.673      10.2007
      4464.20      233.994      10.1285
      4465.60      227.611      10.1425
      4467.00      235.384      10.4011
      4468.40      235.959      10.7672
      4469.80      237.394      10.2449
      4471.20      236.280      10.3486
      4472.60      236.577      10.3480
      4474.00      237.419      10.3214
      4475.40      237.347      10.1199
      4476.80      219.039      9.66903
      4478.20      208.181      9.46454
      4479.60      218.474      9.72254
      4481.00      229.344      9.75672
      4482.40      236.630      10.1831
      4483.80      228.676      10.3367
      4485.20      230.614      10.2182
      4486.60      231.008      10.1149
      4488.00      233.228      10.1313
      4489.40      224.895      9.83217
      4490.80      238.129      10.1204
      4492.20      236.110      9.89892
      4493.60      231.643      9.95849
      4495.00      227.393      10.0895
      4496.40      227.531      10.1077
      4497.80      224.889      9.82983
      4499.20      221.462      9.72377
      4500.60      229.259      10.1004
      4502.00      235.882      9.96549
      4503.40      235.909      10.3300
      4504.80      219.374      9.94367
      4506.20      225.484      10.1204
      4507.60      230.770      9.99890
      4509.00      223.800      9.98441
      4510.40      229.551      9.88865
      4511.80      224.431      9.66525
      4513.20      230.397      9.93892
      4514.60      223.530      9.81897
      4516.00      229.940      9.99657
      4517.40      227.502      10.0737
      4518.80      217.318      9.68258
      4520.20      215.079      9.58121
      4521.60      231.741      9.88376
      4523.00      224.503      9.85075
      4524.40      234.114      9.95858
      4525.80      222.996      9.68037
      4527.20      221.872      9.82144
      4528.60      227.528      9.84740
      4530.00      217.594      9.74910
      4531.40      212.577      9.50611
      4532.80      221.148      9.65688
      4534.20      232.061      10.0649
      4535.60      226.779      10.0603
      4537.00      222.239      10.1091
      4538.40      226.209      10.2343
      4539.80      231.475      10.3411
      4541.20      235.806      10.2855
      4542.60      228.602      10.0434
      4544.00      226.235      9.65293
      4545.40      211.827      9.50991
      4546.80      215.383      9.45059
      4548.20      218.028      9.56676
      4549.60      222.626      9.66763
      4551.00      220.141      9.70904
      4552.40      222.873      9.87423
      4553.80      220.225      12.4943
      4555.20      217.663      9.96105
      4556.60      222.904      9.72430
      4558.00      222.471      9.66332
      4559.40      222.968      9.72503
      4560.80      220.844      9.58796
      4562.20      219.254      9.47165
      4563.60      223.831      9.69073
      4565.00      221.880      9.77021
      4566.40      223.650      9.75222
      4567.80      213.725      9.38169
      4569.20      216.247      9.45514
      4570.60      220.610      9.50616
      4572.00      225.473      9.81537
      4573.40      231.212      9.84928
      4574.80      222.362      9.73365
      4576.20      221.168      9.65106
      4577.60      219.853      9.59356
      4579.00      209.254      9.38706
      4580.40      217.738      9.61655
      4581.80      215.060      9.49055
      4583.20      216.749      9.27707
      4584.60      214.020      9.67173
      4586.00      224.027      9.47268
      4587.40      215.076      9.27737
      4588.80      229.423      9.96892
      4590.20      218.152      9.55759
      4591.60      220.703      9.61471
      4593.00      221.599      9.31797
      4594.40      216.443      9.40201
      4595.80      222.036      9.50861
      4597.20      220.551      9.58114
      4598.60      216.283      9.47575
      4600.00      216.767      9.29482
      4601.40      213.314      9.32549
      4602.80      224.247      9.69972
      4604.20      220.596      9.68910
      4605.60      213.889      9.35743
      4607.00      224.260      9.37715
      4608.40      219.599      9.52172
      4609.80      216.318      9.58869
      4611.20      225.313      9.43973
      4612.60      217.383      9.53853
      4614.00      218.823      9.40444
      4615.40      227.979      9.61021
      4616.80      221.753      9.65709
      4618.20      212.138      9.37775
      4619.60      218.518      9.30395
      4621.00      210.061      9.27540
      4622.40      213.632      9.41073
      4623.80      214.497      9.30301
      4625.20      211.637      9.22438
      4626.60      214.363      9.04462
      4628.00      219.700      9.51835
      4629.40      210.231      9.15414
      4630.80      215.675      9.34444
      4632.20      219.502      9.46392
      4633.60      213.002      9.08289
      4635.00      220.422      9.41608
      4636.40      211.632      9.44813
      4637.80      214.195      9.16838
      4639.20      210.380      9.34298
      4640.60      220.713      9.37410
      4642.00      213.816      9.13597
      4643.40      216.468      9.22515
      4644.80      219.880      9.38791
      4646.20      217.548      9.29942
      4647.60      211.620      9.33538
      4649.00      212.983      9.38944
      4650.40      222.827      9.37904
      4651.80      214.555      9.41498
      4653.20      221.048      9.33892
      4654.60      214.308      9.23468
      4656.00      221.096      9.49944
      4657.40      216.050      9.23023
      4658.80      214.873      9.25962
      4660.20      210.528      9.02853
      4661.60      212.534      9.28261
      4663.00      213.237      9.51292
      4664.40      215.314      9.46644
      4665.80      202.759      9.05948
      4667.20      215.137      9.26832
      4668.60      215.659      8.98221
      4670.00      216.516      9.20191
      4671.40      203.898      9.14647
      4672.80      215.572      9.26410
      4674.20      204.748      8.78864
      4675.60      215.099      9.22275
      4677.00      213.303      9.09074
      4678.40      210.416      8.97706
      4679.80      209.232      8.91924
      4681.20      210.124      8.89457
      4682.60      203.692      8.72369
      4684.00      205.843      8.73693
      4685.40      214.011      9.19146
      4686.80      209.767      9.17788
      4688.20      211.791      9.07916
      4689.60      209.210      9.14441
      4691.00      213.479      9.43627
      4692.40      199.813      8.94004
      4693.80      206.285      9.05876
      4695.20      203.816      9.05238
      4696.60      215.860      9.15964
      4698.00      205.439      8.92647
      4699.40      204.276      8.85902
      4700.80      205.160      8.97385
      4702.20      210.678      9.26085
      4703.60      211.013      8.80451
      4705.00      204.688      9.04352
      4706.40      206.653      9.05060
      4707.80      198.631      8.87154
      4709.20      211.130      9.21534
      4710.60      215.172      9.22690
      4712.00      206.080      8.92662
      4713.40      204.442      8.83151
      4714.80      205.112      8.74588
      4716.20      199.602      8.56695
      4717.60      212.313      8.92714
      4719.00      216.866      9.12788
      4720.40      209.429      9.08030
      4721.80      207.889      8.69720
      4723.20      212.340      9.01680
      4724.60      211.376      8.88382
      4726.00      204.342      8.62142
      4727.40      212.132      8.99262
      4728.80      210.493      9.22216
      4730.20      203.809      9.01375
      4731.60      207.253      8.91271
      4733.00      207.854      8.95117
      4734.40      206.062      9.09701
      4735.80      212.198      9.19018
      4737.20      202.094      9.19163
      4738.60      204.312      8.80320
      4740.00      207.809      8.84650
      4741.40      213.216      8.93981
      4742.80      205.083      8.73412
      4744.20      204.949      8.73899
      4745.60      208.836      8.96268
      4747.00      210.751      8.91783
      4748.40      199.795      8.61172
      4749.80      207.964      8.71010
      4751.20      197.930      8.49398
      4752.60      207.060      8.48951
      4754.00      201.368      8.42633
      4755.40      209.035      8.59640
      4756.80      200.099      8.47055
      4758.20      205.382      8.58863
      4759.60      200.941      8.71127
      4761.00      206.494      8.66094
      4762.40      203.069      8.65587
      4763.80      205.010      8.51438
      4765.20      204.823      8.71831
      4766.60      207.601      8.67195
      4768.00      202.334      8.67086
      4769.40      205.342      8.61379
      4770.80      203.915      8.42294
      4772.20      203.706      8.60001
      4773.60      202.779      8.43499
      4775.00      201.225      8.69410
      4776.40      205.831      8.69452
      4777.80      210.681      8.88280
      4779.20      202.845      8.64289
      4780.60      199.051      8.50309
      4782.00      198.300      8.44068
      4783.40      195.140      8.17006
      4784.80      196.738      8.21684
      4786.20      198.550      8.45863
      4787.60      204.228      8.54340
      4789.00      202.941      8.52886
      4790.40      201.486      8.44038
      4791.80      203.356      8.54565
      4793.20      200.751      8.53835
      4794.60      197.766      8.20364
      4796.00      198.892      8.45660
      4797.40      199.464      8.55849
      4798.80      191.877      8.46632
      4800.20      198.231      8.45171
      4801.60      200.511      8.35232
      4803.00      197.177      8.49663
      4804.40      194.389      8.54717
      4805.80      197.585      8.41677
      4807.20      188.240      8.15116
      4808.60      198.074      8.11000
      4810.00      194.785      8.02307
      4811.40      197.248      8.24773
      4812.80      194.389      8.27822
      4814.20      195.920      8.34208
      4815.60      192.521      7.94663
      4817.00      190.003      8.43503
      4818.40      196.962      8.36431
      4819.80      192.214      8.04802
      4821.20      188.635      7.95017
      4822.60      191.252      8.20250
      4824.00      192.477      8.03486
      4825.40      190.918      8.15605
      4826.80      187.275      8.13609
      4828.20      188.822      7.97867
      4829.60      187.832      8.14017
      4831.00      189.057      8.07632
      4832.40      178.633      7.67244
      4833.80      184.210      7.89808
      4835.20      180.532      7.83463
      4836.60      190.627      8.22937
      4838.00      181.569      8.01004
      4839.40      170.160      7.69832
      4840.80      172.709      7.50392
      4842.20      160.816      7.18905
      4843.60      167.833      7.32382
      4845.00      158.542      7.33915
      4846.40      155.420      7.26259
      4847.80      149.862      6.97886
      4849.20      148.491      7.12267
      4850.60      136.708      6.61650
      4852.00      128.968      6.48838
      4853.40      121.595      6.27939
      4854.80      108.431      5.79029
      4856.20      90.3793      5.18637
      4857.60      69.4743      4.79364
      4859.00      62.4394      4.53839
      4860.40      82.3656      4.90961
      4861.80      109.946      5.83067
      4863.20      120.648      6.33029
      4864.60      126.245      6.17869
      4866.00      138.148      6.48686
      4867.40      142.200      6.66630
      4868.80      150.732      7.01838
      4870.20      156.119      7.22532
      4871.60      152.665      7.27288
      4873.00      166.255      7.31353
      4874.40      175.123      7.50166
      4875.80      170.838      7.46595
      4877.20      170.451      7.47649
      4878.60      169.783      7.40053
      4880.00      172.428      7.61036
      4881.40      176.391      7.40827
      4882.80      177.838      7.78304
      4884.20      180.925      7.71400
      4885.60      182.175      7.74160
      4887.00      177.424      7.79209
      4888.40      180.470      7.62794
      4889.80      184.971      7.71307
      4891.20      176.755      7.48405
      4892.60      181.453      7.54111
      4894.00      182.247      7.88727
      4895.40      183.542      7.79742
      4896.80      188.427      8.02074
      4898.20      184.907      8.10705
      4899.60      188.136      7.96532
      4901.00      189.585      7.88563
      4902.40      188.311      8.00220
      4903.80      184.997      7.84658
      4905.20      190.176      7.67266
      4906.60      188.061      7.87725
      4908.00      181.103      7.76477
      4909.40      188.912      7.74983
      4910.80      186.076      7.83528
      4912.20      181.567      7.72001
      4913.60      185.504      7.92500
      4915.00      185.664      7.92463
      4916.40      186.923      7.83882
      4917.80      187.116      7.88990
      4919.20      185.289      7.94642
      4920.60      177.046      7.73236
      4922.00      182.127      7.76206
      4923.40      188.494      7.93940
      4924.80      192.786      7.96708
      4926.20      188.417      7.92803
      4927.60      182.512      7.91926
      4929.00      187.594      7.93695
      4930.40      190.446      8.10093
      4931.80      183.854      7.91939
      4933.20      181.353      7.77054
      4934.60      182.349      7.65105
      4936.00      188.087      7.79358
      4937.40      190.755      7.74906
      4938.80      186.103      7.78147
      4940.20      185.911      7.87220
      4941.60      190.302      8.00256
      4943.00      192.901      8.01876
      4944.40      189.016      7.98423
      4945.80      182.110      7.79341
      4947.20      184.508      7.76242
      4948.60      185.358      7.95742
      4950.00      189.444      8.17584
      4951.40      187.966      7.86456
      4952.80      186.327      7.66596
      4954.20      182.633      7.70598
      4955.60      178.332      7.79284
      4957.00      183.726      7.84976
      4958.40      188.796      7.95485
      4959.80      184.881      7.94248
      4961.20      184.098      7.85713
      4962.60      188.876      7.70797
      4964.00      187.189      8.04148
      4965.40      184.063      7.75384
      4966.80      179.183      7.67231
      4968.20      181.355      7.64839
      4969.60      185.004      7.96968
      4971.00      187.093      8.01523
      4972.40      182.736      7.77291
      4973.80      185.145      7.87171
      4975.20      187.790      7.91421
      4976.60      183.777      7.71064
      4978.00      180.709      7.71869
      4979.40      181.991      7.70276
      4980.80      183.637      7.81143
      4982.20      182.927      7.74139
      4983.60      182.040      7.82327
      4985.00      184.142      7.85441
      4986.40      183.508      7.68294
      4987.80      174.417      7.52280
      4989.20      176.989      7.52075
      4990.60      182.771      7.70178
      4992.00      182.773      7.79529
      4993.40      179.565      7.60393
      4994.80      180.765      7.66062
      4996.20      176.373      7.63697
      4997.60      179.330      7.56189
      4999.00      178.964      7.64014
