      3900.00      115.759      5.75959
      3901.40      119.652      5.69605
      3902.80      117.502      5.93768
      3904.20      118.146      5.98503
      3905.60      133.651      6.28639
      3907.00      139.068      6.30709
      3908.40      129.086      6.11992
      3909.80      128.543      6.09204
      3911.20      127.378      6.13917
      3912.60      134.477      6.27683
      3914.00      134.123      6.23579
      3915.40      132.504      6.19974
      3916.80      133.518      6.17550
      3918.20      130.983      6.09739
      3919.60      137.399      6.27189
      3921.00      128.915      6.09218
      3922.40      134.249      6.11288
      3923.80      136.067      6.15760
      3925.20      134.797      6.12833
      3926.60      126.310      5.92504
      3928.00      137.688      5.95706
      3929.40      106.879      5.20917
      3930.80      81.2320      4.40273
      3932.20      69.2451      4.14666
      3933.60      98.9426      4.84882
      3935.00      117.746      5.35464
      3936.40      134.952      5.92089
      3937.80      136.019      6.05739
      3939.20      137.513      6.16523
      3940.60      138.952      6.29664
      3942.00      129.655      5.95169
      3943.40      130.392      5.86393
      3944.80      127.405      5.80485
      3946.20      130.063      5.87227
      3947.60      129.056      5.86065
      3949.00      128.525      6.03552
      3950.40      129.389      6.04513
      3951.80      126.480      5.95233
      3953.20      115.585      5.50464
      3954.60      118.102      5.50390
      3956.00      114.584      5.43825
      3957.40      109.172      5.34318
      3958.80      105.801      5.29191
      3960.20      96.6218      5.08990
      3961.60      94.3530      4.80801
      3963.00      78.7140      4.23861
      3964.40      62.5814      3.78388
      3965.80      42.6038      3.21269
      3967.20      35.6225      2.72633
      3968.60      31.5941      2.66664
      3970.00      53.2272      3.27665
      3971.40      70.0462      3.84414
      3972.80      76.3163      4.24598
      3974.20      82.9069      4.41200
      3975.60      92.3374      4.85768
      3977.00      104.681      5.16700
      3978.40      100.805      5.06225
      3979.80      108.461      5.17836
      3981.20      109.318      5.22202
      3982.60      109.032      5.21686
      3984.00      117.375      5.40727
      3985.40      123.185      5.56149
      3986.80      115.549      5.48838
      3988.20      125.765      5.86526
      3989.60      125.710      5.90252
      3991.00      123.853      5.79617
      3992.40      133.603      5.95952
      3993.80      127.743      5.83260
      3995.20      132.149      5.85250
      3996.60      129.060      5.76193
      3998.00      127.924      5.71101
      3999.40      127.172      5.76986
      4000.80      132.024      5.74193
      4002.20      132.309      5.85188
      4003.60      132.679      5.83421
      4005.00      129.420      5.70739
      4006.40      127.924      5.64915
      4007.80      135.266      5.83015
      4009.20      140.291      6.02732
      4010.60      135.754      5.89813
      4012.00      131.066      5.76633
      4013.40      127.467      5.70405
      4014.80      137.572      5.87561
      4016.20      130.290      5.77608
      4017.60      138.512      6.01226
      4019.00      137.934      5.93988
      4020.40      141.947      5.99097
      4021.80      132.364      5.80308
      4023.20      133.952      5.81357
      4024.60      135.714      5.86233
      4026.00      136.911      5.86617
      4027.40      136.875      5.89188
      4028.80      132.381      5.82463
      4030.20      124.932      5.69583
      4031.60      136.053      5.84095
      4033.00      128.363      5.64181
      4034.40      136.694      5.83521
      4035.80      131.555      5.64981
      4037.20      129.826      5.67512
      4038.60      139.242      5.90959
      4040.00      125.766      5.67935
      4041.40      135.450      5.84698
      4042.80      125.707      5.59713
      4044.20      131.139      5.68748
      4045.60      136.321      5.76162
      4047.00      128.626      5.72456
      4048.40      138.588      5.94987
      4049.80      123.959      5.64379
      4051.20      133.356      5.78649
      4052.60      124.397      5.63414
      4054.00      136.598      5.75724
      4055.40      132.036      5.62778
      4056.80      123.215      5.47111
      4058.20      123.910      5.53721
      4059.60      126.482      5.58079
      4061.00      116.932      5.33583
      4062.40      129.342      5.52663
      4063.80      122.796      5.34334
      4065.20      123.889      5.36374
      4066.60      129.161      5.47439
      4068.00      126.887      5.54903
      4069.40      117.075      5.35635
      4070.80      119.458      5.31848
      4072.20      122.999      5.30236
      4073.60      122.371      5.32696
      4075.00      114.558      5.24504
      4076.40      113.300      5.20642
      4077.80      119.993      5.32965
      4079.20      126.861      5.46863
      4080.60      119.475      5.35872
      4082.00      114.906      5.20185
      4083.40      113.129      5.08345
      4084.80      113.159      5.03602
      4086.20      105.726      4.76789
      4087.60      99.7729      4.66531
      4089.00      97.3887      4.68101
      4090.40      98.8101      4.71565
      4091.80      89.9887      4.45737
      4093.20      79.1628      4.25230
      4094.60      82.9209      4.35820
      4096.00      67.5057      3.85700
      4097.40      56.4286      3.47876
      4098.80      44.4886      3.10620
      4100.20      34.4619      2.87078
      4101.60      50.5203      3.18244
      4103.00      63.3609      3.55566
      4104.40      75.1977      3.81587
      4105.80      76.5028      3.91511
      4107.20      90.1624      4.25029
      4108.60      97.5653      4.62549
      4110.00      93.2911      4.47102
      4111.40      107.562      4.79019
      4112.80      106.918      4.76181
      4114.20      101.472      4.70558
      4115.60      107.582      4.94176
      4117.00      110.308      5.04869
      4118.40      115.767      5.13597
      4119.80      120.655      5.22248
      4121.20      109.515      4.91833
      4122.60      111.617      4.94644
      4124.00      122.295      5.22184
      4125.40      124.005      5.29258
      4126.80      125.097      5.26188
      4128.20      113.971      4.95457
      4129.60      117.845      5.07460
      4131.00      119.385      5.11017
      4132.40      116.928      5.02117
      4133.80      119.805      5.08090
      4135.20      120.260      5.15346
      4136.60      123.460      5.29969
      4138.00      120.839      5.22493
      4139.40      127.025      5.25211
      4140.80      118.284      5.10370
      4142.20      125.963      5.52671
      4143.60      125.357      5.45015
      4145.00      116.228      5.02376
      4146.40      118.184      5.29356
      4147.80      126.655      5.59543
      4149.20      118.093      5.21229
      4150.60      121.303      5.13003
      4152.00      122.790      5.18064
      4153.40      120.552      5.16483
      4154.80      117.549      5.05129
      4156.20      118.334      5.09884
      4157.60      123.438      5.35945
      4159.00      120.415      5.19637
      4160.40      124.865      5.17032
      4161.80      119.498      5.10689
      4163.20      124.506      5.21643
      4164.60      123.583      5.32096
      4166.00      124.048      5.16103
      4167.40      119.699      5.06356
      4168.80      118.325      5.04041
      4170.20      114.560      4.92399
      4171.60      115.477      5.00436
      4173.00      120.166      5.01575
      4174.40      118.942      4.94555
      4175.80      114.799      4.92585
      4177.20      116.264      4.91906
      4178.60      119.990      5.00057
      4180.00      118.707      5.03363
      4181.40      118.488      5.00615
      4182.80      114.130      4.99750
      4184.20      118.571      5.01613
      4185.60      117.527      5.01111
      4187.00      124.196      5.16147
      4188.40      108.581      4.86889
      4189.80      120.422      5.10563
      4191.20      122.451      5.05613
      4192.60      119.058      5.00874
      4194.00      118.621      5.04925
      4195.40      118.995      5.12295
      4196.80      121.124      5.09684
      4198.20      117.355      4.97555
      4199.60      117.198      4.88729
      4201.00      116.275      4.85060
      4202.40      119.199      4.96028
      4203.80      121.966      5.03032
      4205.20      120.260      5.02546
      4206.60      119.419      4.98444
      4208.00      124.512      5.32757
      4209.40      122.150      5.16357
      4210.80      117.010      4.86726
      4212.20      122.304      5.12148
      4213.60      113.296      5.16206
      4215.00      114.125      5.11307
      4216.40      123.487      5.14553
      4217.80      116.899      4.88789
      4219.20      119.100      5.10199
      4220.60      120.048      4.89531
      4222.00      115.502      4.96742
      4223.40      128.241      5.71946
      4224.80      142.136      6.16223
      4226.20      110.063      4.83778
      4227.60      126.588      5.02110
      4229.00      109.795      4.70765
      4230.40      117.921      4.81645
      4231.80      111.387      4.81262
      4233.20      118.945      4.89981
      4234.60      118.270      4.95680
      4236.00      115.558      4.89441
      4237.40      118.382      4.81218
      4238.80      117.726      4.95851
      4240.20      119.771      4.89967
      4241.60      115.491      4.85877
      4243.00      121.270      5.01714
      4244.40      112.604      4.83506
      4245.80      110.416      4.74463
      4247.20      113.620      4.75989
      4248.60      113.997      4.76584
      4250.00      115.571      4.80119
      4251.40      120.476      4.95254
      4252.80      122.895      5.06146
      4254.20      121.771      5.08431
      4255.60      115.735      4.98744
      4257.00      116.666      4.94004
      4258.40      116.106      4.89512
      4259.80      117.069      4.85737
      4261.20      119.869      4.89580
      4262.60      122.046      5.04877
      4264.00      123.914      5.25451
      4265.40      117.404      4.96949
      4266.80      118.859      4.93002
      4268.20      118.053      4.85545
      4269.60      111.936      4.68275
      4271.00      113.372      4.71798
      4272.40      115.331      4.73208
      4273.80      117.120      4.79608
      4275.20      119.009      4.87265
      4276.60      116.540      4.81162
      4278.00      113.295      4.74278
      4279.40      115.190      4.79279
      4280.80      113.904      4.72646
      4282.20      114.688      4.74678
      4283.60      112.651      4.64627
      4285.00      112.917      4.72652
      4286.40      113.766      4.72508
      4287.80      114.628      4.76828
      4289.20      110.338      4.73341
      4290.60      116.765      4.72384
      4292.00      112.607      4.66609
      4293.40      113.859      4.72728
      4294.80      113.793      4.73223
      4296.20      114.946      4.73110
      4297.60      107.830      4.52031
      4299.00      106.602      4.45173
      4300.40      107.179      4.46917
      4301.80      114.396      4.61683
      4303.20      112.429      4.73373
      4304.60      109.483      4.45955
      4306.00      106.401      4.45271
      4307.40      107.659      4.43037
      4308.80      114.807      4.63679
      4310.20      108.333      4.45100
      4311.60      97.9199      4.19081
      4313.00      100.474      4.43256
      4314.40      110.698      4.73632
      4315.80      106.970      4.59488
      4317.20      105.926      4.49671
      4318.60      108.705      4.65440
      4320.00      105.960      4.65962
      4321.40      106.107      4.53698
      4322.80      96.0127      4.23361
      4324.20      92.8339      4.05106
      4325.60      94.4717      4.10227
      4327.00      92.5343      3.98475
      4328.40      84.9214      3.95261
      4329.80      84.0939      4.04565
      4331.20      78.2755      3.89962
      4332.60      79.3101      3.71846
      4334.00      86.7549      4.13743
      4335.40      57.7349      3.32996
      4336.80      50.1544      2.90922
      4338.20      34.8443      2.46657
      4339.60      45.0573      2.61668
      4341.00      57.7087      3.23933
      4342.40      66.2940      3.27712
      4343.80      71.4241      3.43453
      4345.20      80.7131      3.69820
      4346.60      84.6996      3.80331
      4348.00      86.0964      3.94787
      4349.40      84.1216      3.87381
      4350.80      89.6014      3.98797
      4352.20      94.3224      4.19152
      4353.60      95.7252      4.23273
      4355.00      99.0467      4.25580
      4356.40      103.276      4.37243
      4357.80      100.382      4.38864
      4359.20      108.727      4.62560
      4360.60      107.144      4.59092
      4362.00      106.892      4.48854
      4363.40      106.669      4.50384
      4364.80      100.730      4.33292
      4366.20      105.846      4.43680
      4367.60      107.696      4.53035
      4369.00      113.253      4.62388
      4370.40      107.461      4.51925
      4371.80      110.985      4.51053
      4373.20      103.551      4.42960
      4374.60      109.843      4.52075
      4376.00      111.040      4.52805
      4377.40      111.615      4.60280
      4378.80      110.883      4.61346
      4380.20      113.823      4.58488
      4381.60      102.682      4.35665
      4383.00      101.007      4.33236
      4384.40      109.190      4.52214
      4385.80      109.805      4.50320
      4387.20      107.988      4.58631
      4388.60      105.181      4.45356
      4390.00      109.763      4.48149
      4391.40      106.721      4.46185
      4392.80      105.791      4.37099
      4394.20      111.051      4.58531
      4395.60      112.131      4.56923
      4397.00      109.535      4.51374
      4398.40      102.739      4.39865
      4399.80      113.584      4.64185
      4401.20      108.775      4.52121
      4402.60      102.718      4.31273
      4404.00      105.486      4.34684
      4405.40      104.089      4.41568
      4406.80      110.305      4.48793
      4408.20      113.561      4.60549
      4409.60      111.640      4.51764
      4411.00      107.481      4.50717
      4412.40      106.733      4.37544
      4413.80      103.773      4.34895
      4415.20      100.531      4.34859
      4416.60      104.582      4.50403
      4418.00      105.666      4.45556
      4419.40      108.120      4.46192
      4420.80      113.521      4.70380
      4422.20      107.231      4.72358
      4423.60      110.141      4.48315
      4425.00      106.611      4.42338
      4426.40      107.421      4.43322
      4427.80      110.058      4.48546
      4429.20      107.557      4.45910
      4430.60      110.083      4.47228
      4432.00      105.237      4.34969
      4433.40      105.612      4.34073
      4434.80      101.551      4.30907
      4436.20      110.523      4.45773
      4437.60      103.202      4.36387
      4439.00      108.929      4.43256
      4440.40      104.460      4.32684
      4441.80      102.503      4.30648
      4443.20      107.200      4.43287
      4444.60      111.634      4.65228
      4446.00      110.667      4.52841
      4447.40      106.577      4.39770
      4448.80      103.062      4.25164
      4450.20      103.167      4.29112
      4451.60      102.652      4.26388
      4453.00      104.113      4.31192
      4454.40      106.470      4.36028
      4455.80      105.374      4.35299
      4457.20      106.469      4.41520
      4458.60      106.959      4.40586
      4460.00      111.560      4.46599
      4461.40      107.750      4.36911
      4462.80      103.844      4.30757
      4464.20      108.605      4.47650
      4465.60      100.788      4.22790
      4467.00      100.882      4.20113
      4468.40      106.584      4.32621
      4469.80      102.294      4.21694
      4471.20      105.997      4.31060
      4472.60      103.425      4.30624
      4474.00      107.032      4.49457
      4475.40      108.970      4.49137
      4476.80      108.964      4.53726
      4478.20      101.434      4.27497
      4479.60      97.7412      4.10375
      4481.00      105.883      4.34911
      4482.40      107.612      4.42278
      4483.80      107.817      4.38518
      4485.20      107.847      4.42411
      4486.60      104.012      4.25395
      4488.00      100.806      4.30573
      4489.40      105.361      4.34526
      4490.80      102.897      4.28401
      4492.20      106.389      4.25491
      4493.60      105.718      4.36341
      4495.00      108.878      4.36519
      4496.40      102.049      4.22436
      4497.80      102.290      4.17806
      4499.20      94.6259      4.12200
      4500.60      105.365      4.27130
      4502.00      104.394      4.28271
      4503.40      103.369      4.28633
      4504.80      102.595      4.33846
      4506.20      101.625      4.33158
      4507.60      105.697      4.36312
      4509.00      107.944      4.37756
      4510.40      106.637      4.31871
      4511.80      101.873      4.22709
      4513.20      104.063      4.23726
      4514.60      101.638      4.22922
      4516.00      109.776      4.32835
      4517.40      101.485      4.21052
      4518.80      99.6619      4.08369
      4520.20      101.093      4.21760
      4521.60      103.169      4.22151
      4523.00      99.9473      4.11093
      4524.40      103.918      4.26435
      4525.80      101.249      4.13173
      4527.20      97.8616      4.05153
      4528.60      99.9165      4.10841
      4530.00      100.033      4.07052
      4531.40      97.0655      4.02854
      4532.80      99.3418      4.11057
      4534.20      99.8605      4.18748
      4535.60      102.806      4.19894
      4537.00      103.884      4.23803
      4538.40      97.8131      4.07573
      4539.80      100.501      4.10497
      4541.20      104.858      4.29551
      4542.60      104.548      4.20700
      4544.00      103.925      4.22412
      4545.40      100.738      4.12056
      4546.80      96.0875      4.03393
      4548.20      93.9971      3.98278
      4549.60      102.763      4.13506
      4551.00      103.562      4.18444
      4552.40      95.7991      4.02063
      4553.80      98.6458      4.08011
      4555.20      96.0300      4.01636
      4556.60      100.353      4.08364
      4558.00      98.0396      4.04909
      4559.40      106.391      4.22487
      4560.80      98.2666      4.08425
      4562.20      96.6765      4.02177
      4563.60      102.474      4.13626
      4565.00      101.425      4.16782
      4566.40      98.7317      4.12149
      4567.80      105.388      4.26983
      4569.20      102.081      4.20171
      4570.60      97.7156      4.03919
      4572.00      103.340      4.12475
      4573.40      94.4572      4.08256
      4574.80      106.459      4.39603
      4576.20      101.831      4.20015
      4577.60      100.924      4.10722
      4579.00      96.6837      4.03804
      4580.40      100.499      4.08056
      4581.80      96.0045      4.02823
      4583.20      99.6302      4.12378
      4584.60      102.495      4.13415
      4586.00      98.4630      4.01711
      4587.40      98.5030      4.02586
      4588.80      98.6606      4.03335
      4590.20      97.4030      4.05270
      4591.60      101.056      4.06919
      4593.00      98.7776      4.05219
      4594.40      100.363      4.07927
      4595.80      102.548      4.12443
      4597.20      99.0372      4.03580
      4598.60      99.7738      4.07684
      4600.00      104.176      4.18618
      4601.40      102.979      4.15614
      4602.80      103.763      4.16601
      4604.20      95.9944      3.93865
      4605.60      96.3686      3.97829
      4607.00      102.529      4.10137
      4608.40      99.6444      4.07885
      4609.80      100.964      4.09134
      4611.20      99.7510      4.14656
      4612.60      99.2571      4.13151
      4614.00      100.491      4.07423
      4615.40      97.1114      3.98228
      4616.80      99.4890      4.10978
      4618.20      98.8514      4.18824
      4619.60      100.316      4.08579
      4621.00      96.7247      3.96986
      4622.40      98.8209      4.07828
      4623.80      98.5280      4.06806
      4625.20      97.2931      3.97112
      4626.60      95.0721      3.93274
      4628.00      99.2344      4.04260
      4629.40      101.952      4.16357
      4630.80      102.752      4.16678
      4632.20      96.9509      4.02352
      4633.60      95.6894      3.88972
      4635.00      101.656      4.08623
      4636.40      96.5236      3.98329
      4637.80      99.1491      3.99644
      4639.20      97.3271      3.96978
      4640.60      93.3250      3.84263
      4642.00      96.9389      3.93432
      4643.40      96.2911      3.97264
      4644.80      99.9252      4.00338
      4646.20      95.0786      3.90426
      4647.60      98.7499      4.00898
      4649.00      99.8987      4.09298
      4650.40      97.1643      4.09296
      4651.80      95.2358      3.91847
      4653.20      97.0536      3.96491
      4654.60      97.3505      4.09108
      4656.00      100.249      4.27582
      4657.40      100.954      4.23272
      4658.80      103.428      4.13125
      4660.20      97.5251      3.99669
      4661.60      96.7068      3.96143
      4663.00      97.5301      3.96927
      4664.40      101.801      4.09207
      4665.80      95.6551      3.96192
      4667.20      101.859      4.03816
      4668.60      95.5269      3.95816
      4670.00      100.337      4.02854
      4671.40      98.2918      3.99594
      4672.80      98.9493      3.96780
      4674.20      92.8563      3.84965
      4675.60      98.9968      4.00534
      4677.00      101.932      4.07596
      4678.40      95.2223      3.91925
      4679.80      95.6869      3.97094
      4681.20      96.0249      4.00058
      4682.60      92.4560      3.80470
      4684.00      97.9019      3.92903
      4685.40      96.1725      3.93231
      4686.80      91.4562      3.85596
      4688.20      96.2939      3.90095
      4689.60      96.2443      3.92295
      4691.00      98.1920      3.98903
      4692.40      95.4421      3.97349
      4693.80      98.2705      4.00030
      4695.20      98.2297      3.98554
      4696.60      94.6352      3.98160
      4698.00      98.3149      3.96224
      4699.40      95.2279      3.85599
      4700.80      91.4511      3.76162
      4702.20      95.0647      3.91604
      4703.60      97.7776      3.95711
      4705.00      94.1501      3.82968
      4706.40      95.9442      3.89619
      4707.80      99.9011      4.11397
      4709.20      95.2701      4.00106
      4710.60      95.1364      3.84497
      4712.00      95.6889      3.90890
      4713.40      95.7415      4.06008
      4714.80      96.0619      3.96249
      4716.20      96.4410      3.90332
      4717.60      98.2334      3.95402
      4719.00      99.1483      3.96590
      4720.40      97.0990      3.94025
      4721.80      96.1804      3.88901
      4723.20      97.6176      3.91318
      4724.60      93.2197      3.81738
      4726.00      94.4012      3.84153
      4727.40      96.6655      3.97290
      4728.80      93.7313      3.83884
      4730.20      94.4364      3.81231
      4731.60      93.7536      3.81831
      4733.00      93.1107      3.77221
      4734.40      91.5463      3.76109
      4735.80      94.5827      3.81079
      4737.20      95.4526      3.88649
      4738.60      94.5711      3.76733
      4740.00      95.5096      3.89625
      4741.40      95.4056      3.83927
      4742.80      93.2058      3.83997
      4744.20      97.2181      3.93706
      4745.60      93.6190      3.89390
      4747.00      94.2914      3.87026
      4748.40      92.1458      3.78416
      4749.80      93.8452      3.79551
      4751.20      92.2112      3.80129
      4752.60      96.5647      3.88824
      4754.00      91.0352      3.74519
      4755.40      90.9382      3.72088
      4756.80      93.3748      3.75390
      4758.20      93.2692      3.86781
      4759.60      94.2904      3.89320
      4761.00      93.2620      3.90066
      4762.40      91.8732      3.84388
      4763.80      93.8701      3.89584
      4765.20      93.4613      3.82602
      4766.60      90.3440      3.82755
      4768.00      92.3296      3.78483
      4769.40      90.7013      3.78057
      4770.80      91.3111      3.73143
      4772.20      94.4908      3.82843
      4773.60      93.6132      3.85453
      4775.00      92.2343      3.86688
      4776.40      92.7561      3.80865
      4777.80      91.5163      3.60989
      4779.20      93.8999      3.87671
      4780.60      94.2265      3.78996
      4782.00      92.6300      3.84879
      4783.40      94.5625      3.75732
      4784.80      93.7449      3.85864
      4786.20      91.9936      3.71441
      4787.60      88.9646      3.75415
      4789.00      89.9710      3.79548
      4790.40      92.4452      3.71836
      4791.80      93.0980      3.77133
      4793.20      93.5365      3.74781
      4794.60      87.2455      3.66469
      4796.00      92.9451      3.74091
      4797.40      93.7004      3.78597
      4798.80      91.4490      3.71292
      4800.20      91.2342      3.68005
      4801.60      89.3456      3.66760
      4803.00      92.9995      3.73684
      4804.40      90.4557      3.67793
      4805.80      87.4312      3.59346
      4807.20      89.8327      3.66292
      4808.60      92.9429      3.73148
      4810.00      90.9150      3.70297
      4811.40      92.1500      3.70165
      4812.80      87.5828      3.63438
      4814.20      88.2899      3.58130
      4815.60      87.4746      3.61854
      4817.00      90.7907      3.65557
      4818.40      86.6747      3.67038
      4819.80      86.5145      3.53707
      4821.20      90.8721      3.69034
      4822.60      88.5777      3.60564
      4824.00      89.2671      3.69610
      4825.40      86.5626      3.50846
      4826.80      89.0353      3.70296
      4828.20      88.4054      3.71116
      4829.60      88.1703      3.68719
      4831.00      85.3768      3.57441
      4832.40      88.3833      3.62810
      4833.80      85.9954      3.54712
      4835.20      85.5261      3.52619
      4836.60      84.5448      3.49742
      4838.00      83.8689      3.46057
      4839.40      87.0239      3.58758
      4840.80      83.9541      3.43831
      4842.20      78.5316      3.45111
      4843.60      79.3433      3.51866
      4845.00      76.6099      3.35198
      4846.40      72.1262      3.14039
      4847.80      72.2608      3.12758
      4849.20      69.1111      3.05351
      4850.60      66.7588      2.96440
      4852.00      65.8516      2.96500
      4853.40      63.0182      2.85348
      4854.80      59.7826      2.76178
      4856.20      52.2157      2.54267
      4857.60      38.9916      2.23521
      4859.00      33.4291      2.02718
      4860.40      42.2604      2.21514
      4861.80      49.9074      2.39014
      4863.20      55.4952      2.60479
      4864.60      65.4640      2.86305
      4866.00      65.8613      3.07990
      4867.40      70.3829      3.15398
      4868.80      68.7735      3.06519
      4870.20      73.1799      3.13708
      4871.60      73.3540      3.15965
      4873.00      77.9509      3.25816
      4874.40      73.8628      3.22707
      4875.80      77.8266      3.27456
      4877.20      81.9936      3.44927
      4878.60      81.3158      3.45355
      4880.00      81.9731      3.48737
      4881.40      81.9167      3.44362
      4882.80      83.1797      3.47562
      4884.20      84.3259      3.50835
      4885.60      80.7210      3.39414
      4887.00      82.4993      3.55033
      4888.40      85.4998      3.55541
      4889.80      84.3480      3.52449
      4891.20      84.8815      3.49769
      4892.60      84.0963      3.53336
      4894.00      88.5237      3.64886
      4895.40      88.6197      3.65067
      4896.80      84.5805      3.57816
      4898.20      87.7318      3.60900
      4899.60      85.6173      3.58206
      4901.00      88.8328      3.64726
      4902.40      88.0689      3.66626
      4903.80      88.2062      3.66177
      4905.20      90.4278      3.75466
      4906.60      89.4035      3.75117
      4908.00      86.8549      3.61596
      4909.40      85.7322      3.56118
      4910.80      85.9693      3.54510
      4912.20      86.8415      3.57926
      4913.60      87.5831      3.59839
      4915.00      89.4550      3.77513
      4916.40      84.5703      3.69091
      4917.80      86.7677      3.78266
      4919.20      85.2703      3.72301
      4920.60      84.5248      3.60035
      4922.00      82.8431      3.48715
      4923.40      83.0008      3.42158
      4924.80      89.9554      3.60782
      4926.20      89.5039      3.66619
      4927.60      90.5085      3.72522
      4929.00      87.8602      3.57086
      4930.40      88.9122      3.60350
      4931.80      85.7021      3.72164
      4933.20      81.2665      3.75016
      4934.60      87.7724      3.70378
      4936.00      87.7494      3.54229
      4937.40      87.2528      3.55045
      4938.80      84.2272      3.49856
      4940.20      90.8406      3.63088
      4941.60      85.6476      3.53885
      4943.00      88.1988      3.57298
      4944.40      89.1234      3.59584
      4945.80      89.7259      3.58740
      4947.20      85.0640      3.51496
      4948.60      88.8000      3.66504
      4950.00      91.4998      3.82084
      4951.40      89.6743      3.80005
      4952.80      86.8446      3.54927
      4954.20      84.7162      3.50051
      4955.60      83.8421      3.45977
      4957.00      84.6062      3.47005
      4958.40      85.8277      3.43295
      4959.80      86.1960      3.49950
      4961.20      91.0938      3.65899
      4962.60      88.5401      3.60813
      4964.00      88.3394      3.56121
      4965.40      86.1565      3.50046
      4966.80      84.2146      3.48378
      4968.20      85.9521      3.59301
      4969.60      86.8125      3.50413
      4971.00      86.5773      3.52866
      4972.40      88.9654      3.52928
      4973.80      87.9178      3.61662
      4975.20      84.9117      3.43045
      4976.60      86.6443      3.51021
      4978.00      86.9927      3.48945
      4979.40      82.2629      3.38907
      4980.80      82.7336      3.50219
      4982.20      86.8518      3.55750
      4983.60      84.6954      3.43482
      4985.00      84.8594      3.44244
      4986.40      88.2045      3.53438
      4987.80      83.6111      3.43980
      4989.20      87.0416      3.50206
      4990.60      84.6215      3.45281
      4992.00      85.7533      3.45811
      4993.40      85.9397      3.43252
      4994.80      83.2653      3.42536
      4996.20      84.2354      3.37936
      4997.60      83.7056      3.40624
      4999.00      82.6489      3.37128
