      3900.00      67.3296      8.41820
      3901.40      60.4011      7.83223
      3902.80      66.5240      8.36457
      3904.20      66.1317      8.10061
      3905.60      62.0453      8.00904
      3907.00      73.0887      8.05323
      3908.40      68.4189      8.14827
      3909.80      72.0088      8.64868
      3911.20      79.2191      8.60881
      3912.60      71.2913      8.04859
      3914.00      62.7900      7.85447
      3915.40      67.5168      7.94339
      3916.80      66.3295      8.00282
      3918.20      67.3848      7.81080
      3919.60      72.9143      7.93397
      3921.00      67.5000      7.57442
      3922.40      70.9850      7.85122
      3923.80      69.0008      7.78156
      3925.20      73.7996      7.61935
      3926.60      69.4433      7.45051
      3928.00      65.2006      7.24269
      3929.40      64.7680      7.40851
      3930.80      62.9553      7.51297
      3932.20      53.9068      7.00191
      3933.60      29.7882      5.93545
      3935.00      42.4734      6.34009
      3936.40      62.6083      7.06662
      3937.80      62.4413      7.22617
      3939.20      76.0648      7.45315
      3940.60      68.9481      7.77901
      3942.00      73.3146      7.94438
      3943.40      81.3871      8.41732
      3944.80      70.5686      7.94271
      3946.20      73.8732      8.37858
      3947.60      69.9962      7.98978
      3949.00      74.2282      8.21056
      3950.40      75.1249      8.66153
      3951.80      75.9965      8.90011
      3953.20      62.9440      7.78862
      3954.60      68.4171      8.56374
      3956.00      68.6307      8.88678
      3957.40      66.7977      9.21603
      3958.80      70.0191      8.86860
      3960.20      67.1097      8.43804
      3961.60      70.8992      8.42777
      3963.00      56.7460      8.12258
      3964.40      56.4351      7.92690
      3965.80      54.5573      7.38146
      3967.20      40.2691      6.76853
      3968.60      25.8688      5.82198
      3970.00      25.0456      5.80997
      3971.40      43.4238      6.49769
      3972.80      50.9932      6.89893
      3974.20      56.2744      7.01522
      3975.60      64.6668      7.24449
      3977.00      62.5169      7.06851
      3978.40      63.9431      6.77418
      3979.80      60.5880      6.81652
      3981.20      68.4226      8.37314
      3982.60      68.3168      8.04935
      3984.00      66.5084      7.22796
      3985.40      65.6004      6.95278
      3986.80      64.9876      6.81117
      3988.20      72.9780      7.49514
      3989.60      66.5138      7.37068
      3991.00      82.5878      7.35749
      3992.40      62.2856      6.51283
      3993.80      76.5704      7.33578
      3995.20      69.2464      7.04547
      3996.60      70.0280      6.67291
      3998.00      65.0011      7.04126
      3999.40      70.2161      7.14078
      4000.80      77.3760      7.53417
      4002.20      78.0297      8.05011
      4003.60      73.4730      7.27023
      4005.00      65.2178      6.78106
      4006.40      74.9295      6.93132
      4007.80      77.3708      7.03462
      4009.20      71.7405      7.30727
      4010.60      74.6610      7.15981
      4012.00      77.0748      7.09108
      4013.40      74.8042      6.99803
      4014.80      72.6974      6.84904
      4016.20      68.7141      6.75079
      4017.60      72.8403      7.09355
      4019.00      73.6706      6.89106
      4020.40      69.5265      7.04375
      4021.80      84.8286      7.51396
      4023.20      71.9711      7.26622
      4024.60      73.9870      7.16873
      4026.00      75.8607      7.16251
      4027.40      72.2863      6.75110
      4028.80      70.3531      6.87410
      4030.20      69.2803      7.01166
      4031.60      77.8180      6.89181
      4033.00      72.1728      6.92859
      4034.40      67.5154      6.71773
      4035.80      75.3860      6.75074
      4037.20      78.7670      6.98462
      4038.60      75.0490      7.08422
      4040.00      78.6733      6.96874
      4041.40      67.7849      7.24388
      4042.80      81.5855      8.23617
      4044.20      70.8595      7.50008
      4045.60      65.1031      7.13850
      4047.00      73.8895      7.66918
      4048.40      72.7420      7.66157
      4049.80      71.7932      7.21720
      4051.20      76.6318      7.51144
      4052.60      71.9423      6.92173
      4054.00      70.7352      6.61430
      4055.40      66.4883      6.59384
      4056.80      67.4313      6.81905
      4058.20      70.8754      7.09236
      4059.60      73.7174      7.50212
      4061.00      64.5688      7.05674
      4062.40      70.6898      6.87338
      4063.80      65.0756      6.86390
      4065.20      77.1838      7.59990
      4066.60      71.3748      6.84396
      4068.00      74.7360      6.97650
      4069.40      75.7294      6.98529
      4070.80      68.4639      6.95359
      4072.20      67.0919      6.67481
      4073.60      79.4882      6.84876
      4075.00      69.0338      6.23418
      4076.40      64.7965      6.38590
      4077.80      69.6360      6.43892
      4079.20      66.9228      6.33077
      4080.60      72.0255      6.60644
      4082.00      70.9079      6.43079
      4083.40      77.0291      7.20055
      4084.80      68.6550      6.45374
      4086.20      66.8845      6.40126
      4087.60      75.6172      6.55049
      4089.00      66.5369      6.35824
      4090.40      63.6492      6.21511
      4091.80      62.6261      6.03092
      4093.20      64.3192      6.41993
      4094.60      67.6966      6.48957
      4096.00      60.3071      6.07465
      4097.40      56.1884      6.10817
      4098.80      56.4319      5.77141
      4100.20      47.9415      5.55362
      4101.60      44.4365      5.29365
      4103.00      43.2700      5.33094
      4104.40      49.7563      5.42552
      4105.80      49.5364      5.79743
      4107.20      60.7867      6.30566
      4108.60      64.8718      6.42755
      4110.00      73.4224      6.68454
      4111.40      68.5157      6.43122
      4112.80      63.8252      6.01026
      4114.20      66.9142      6.19181
      4115.60      71.0575      6.37339
      4117.00      76.1940      6.56122
      4118.40      65.9213      6.36010
      4119.80      72.9386      6.83634
      4121.20      70.1397      6.81014
      4122.60      67.8721      6.51966
      4124.00      68.7377      6.10212
      4125.40      64.6870      5.95616
      4126.80      69.4311      6.07967
      4128.20      73.8649      6.38861
      4129.60      68.9207      6.33126
      4131.00      68.2397      6.24661
      4132.40      78.2587      6.55617
      4133.80      66.1953      5.94717
      4135.20      64.3740      6.37047
      4136.60      74.6181      6.49636
      4138.00      75.0703      6.48539
      4139.40      72.4719      6.09466
      4140.80      71.6769      6.11403
      4142.20      70.2538      6.01006
      4143.60      71.8874      6.04140
      4145.00      68.7155      5.98898
      4146.40      69.3464      6.00753
      4147.80      75.0604      6.07198
      4149.20      71.8322      5.92387
      4150.60      73.9380      5.97707
      4152.00      74.6365      5.91085
      4153.40      66.8108      5.71565
      4154.80      68.0322      5.97922
      4156.20      70.9567      6.03178
      4157.60      71.6036      6.12080
      4159.00      69.2173      5.75159
      4160.40      70.6062      5.69660
      4161.80      68.8678      5.83960
      4163.20      73.0093      5.98090
      4164.60      69.4943      6.07278
      4166.00      72.7121      5.93350
      4167.40      74.4170      6.10827
      4168.80      75.9232      6.10156
      4170.20      59.2862      5.83270
      4171.60      73.5136      6.27644
      4173.00      66.6180      6.05819
      4174.40      72.9912      6.03176
      4175.80      77.5730      6.08650
      4177.20      70.8243      5.74468
      4178.60      74.0069      5.99193
      4180.00      75.9211      6.13416
      4181.40      68.1674      5.67996
      4182.80      69.3069      5.83176
      4184.20      73.6762      5.86056
      4185.60      66.8028      5.87657
      4187.00      73.3482      5.84080
      4188.40      67.3036      5.65868
      4189.80      74.9111      6.14571
      4191.20      70.3848      5.93156
      4192.60      71.4790      5.67087
      4194.00      74.5911      5.95687
      4195.40      72.3048      5.88254
      4196.80      69.6642      5.73518
      4198.20      66.9705      5.88676
      4199.60      67.8108      5.65054
      4201.00      72.3343      5.61144
      4202.40      64.4001      5.56651
      4203.80      69.0721      5.69363
      4205.20      74.7838      5.73015
      4206.60      72.2267      5.73023
      4208.00      73.2821      5.80487
      4209.40      75.0662      5.84956
      4210.80      67.0410      5.60768
      4212.20      66.8760      5.40436
      4213.60      61.7451      5.45789
      4215.00      70.4512      5.55644
      4216.40      66.9198      5.57072
      4217.80      67.1754      5.60903
      4219.20      73.4809      5.67736
      4220.60      69.2100      5.72101
      4222.00      70.1444      5.73086
      4223.40      66.8099      5.64513
      4224.80      67.1248      5.50318
      4226.20      63.4927      5.26059
      4227.60      65.7466      5.20180
      4229.00      65.7866      5.58061
      4230.40      70.9349      5.86589
      4231.80      69.0253      5.82638
      4233.20      70.5872      5.82032
      4234.60      68.7941      5.69888
      4236.00      73.5877      5.62384
      4237.40      62.8573      5.61178
      4238.80      72.8311      5.59895
      4240.20      71.0120      5.57458
      4241.60      78.6043      5.75728
      4243.00      69.5557      5.45557
      4244.40      70.3843      5.43168
      4245.80      67.6249      5.24948
      4247.20      65.7679      5.58986
      4248.60      68.1003      5.39054
      4250.00      63.9050      5.15203
      4251.40      60.5716      5.21271
      4252.80      72.4841      5.57025
      4254.20      65.8473      5.46172
      4255.60      67.5763      5.65886
      4257.00      70.7200      5.83677
      4258.40      67.9073      5.53833
      4259.80      68.6654      5.72162
      4261.20      65.1889      5.35158
      4262.60      71.9466      5.51695
      4264.00      70.2194      5.41418
      4265.40      69.6375      5.97933
      4266.80      71.9177      5.91398
      4268.20      69.3373      5.51508
      4269.60      66.0399      5.31853
      4271.00      64.5701      5.22246
      4272.40      62.8429      5.28558
      4273.80      72.3730      5.48820
      4275.20      73.5562      5.50634
      4276.60      69.2196      5.44117
      4278.00      70.0599      5.39565
      4279.40      65.8319      5.21586
      4280.80      68.5833      5.43483
      4282.20      66.4132      5.56965
      4283.60      69.4181      5.30720
      4285.00      74.5062      5.48865
      4286.40      64.9144      5.19581
      4287.80      69.8576      5.61578
      4289.20      65.9688      5.82906
      4290.60      74.4520      5.66878
      4292.00      65.0995      5.36060
      4293.40      68.9850      5.09289
      4294.80      65.7650      5.11664
      4296.20      66.3604      5.06322
      4297.60      67.1780      5.18512
      4299.00      66.9234      5.17636
      4300.40      63.0706      5.13839
      4301.80      69.3358      5.30931
      4303.20      65.6643      5.27708
      4304.60      65.4204      5.26978
      4306.00      70.3091      5.22740
      4307.40      68.0538      5.24002
      4308.80      63.8912      5.22588
      4310.20      67.0864      5.49609
      4311.60      71.5478      5.25260
      4313.00      71.1618      5.32705
      4314.40      66.2739      5.25971
      4315.80      63.6995      5.72850
      4317.20      68.2380      5.61800
      4318.60      66.7430      5.60580
      4320.00      62.4528      5.35805
      4321.40      67.1911      5.36334
      4322.80      66.5999      5.17425
      4324.20      64.7490      5.22181
      4325.60      63.6544      4.97846
      4327.00      67.1532      5.08379
      4328.40      62.2740      5.04754
      4329.80      66.5742      5.05308
      4331.20      64.9326      5.13698
      4332.60      62.4747      4.92626
      4334.00      63.0016      4.80628
      4335.40      55.1781      4.81221
      4336.80      56.3597      4.89245
      4338.20      51.2109      4.63978
      4339.60      43.1682      4.15720
      4341.00      35.5862      3.97215
      4342.40      47.7996      4.35359
      4343.80      52.7079      4.66331
      4345.20      55.0814      4.65774
      4346.60      66.0493      5.07257
      4348.00      69.2755      5.52175
      4349.40      59.5444      5.04484
      4350.80      65.1309      5.06211
      4352.20      61.0233      4.82014
      4353.60      63.4086      4.95391
      4355.00      62.7940      4.94367
      4356.40      64.3347      5.08179
      4357.80      67.1292      5.48052
      4359.20      67.6018      6.14763
      4360.60      66.1634      6.30021
      4362.00      69.2924      5.55398
      4363.40      68.5094      5.13107
      4364.80      71.9434      5.29271
      4366.20      67.0689      5.45352
      4367.60      67.7582      5.34765
      4369.00      70.5786      5.30726
      4370.40      67.2566      5.20620
      4371.80      73.6596      5.20030
      4373.20      70.8583      5.13420
      4374.60      64.8295      5.03556
      4376.00      63.4144      4.89869
      4377.40      66.1952      5.05269
      4378.80      71.5945      5.22739
      4380.20      71.2517      5.50386
      4381.60      71.2433      5.39130
      4383.00      64.1012      4.93208
      4384.40      61.1955      4.82768
      4385.80      62.8264      5.10192
      4387.20      68.5822      5.09992
      4388.60      65.9356      4.87246
      4390.00      65.9407      4.94272
      4391.40      69.2651      5.01660
      4392.80      64.2807      5.20188
      4394.20      66.1887      5.17267
      4395.60      61.4393      5.04155
      4397.00      66.4751      5.02169
      4398.40      67.3242      4.93147
      4399.80      63.6038      4.98083
      4401.20      68.3224      4.76004
      4402.60      68.4175      5.13098
      4404.00      63.7742      4.98979
      4405.40      63.7081      4.76041
      4406.80      65.8194      4.96544
      4408.20      73.5823      5.01747
      4409.60      66.4860      5.08866
      4411.00      67.0292      4.96544
      4412.40      66.4279      4.98009
      4413.80      62.8922      4.85478
      4415.20      64.6834      4.77046
      4416.60      60.4435      4.73407
      4418.00      59.0110      4.84335
      4419.40      65.8069      5.13171
      4420.80      70.0015      5.18195
      4422.20      64.9387      5.05648
      4423.60      66.6437      4.90025
      4425.00      68.7163      4.98021
      4426.40      62.7949      5.06461
      4427.80      67.5390      4.94450
      4429.20      64.0559      4.79356
      4430.60      68.5328      4.92406
      4432.00      68.2875      5.14828
      4433.40      64.7977      4.99373
      4434.80      65.8298      4.93656
      4436.20      68.4244      4.80243
      4437.60      65.4629      4.97067
      4439.00      64.9650      4.91945
      4440.40      63.9627      4.93216
      4441.80      66.0752      5.05153
      4443.20      65.2432      5.02700
      4444.60      66.9107      4.91769
      4446.00      70.8916      4.90604
      4447.40      65.7355      4.75352
      4448.80      68.6722      4.84728
      4450.20      70.3552      5.20011
      4451.60      69.5326      5.37243
      4453.00      69.9316      4.91001
      4454.40      63.1111      4.62986
      4455.80      66.7626      4.73500
      4457.20      63.8792      4.91583
      4458.60      71.0644      5.09850
      4460.00      68.2418      4.89840
      4461.40      67.9820      4.84157
      4462.80      68.1205      4.62424
      4464.20      69.7957      4.96715
      4465.60      66.6299      4.87085
      4467.00      67.4912      4.92490
      4468.40      66.0101      4.65693
      4469.80      64.6086      4.72996
      4471.20      67.3254      4.80133
      4472.60      64.1775      4.76647
      4474.00      65.2772      4.65676
      4475.40      72.4852      5.09763
      4476.80      68.6524      4.91006
      4478.20      64.6970      4.71171
      4479.60      72.0866      4.85724
      4481.00      66.6861      4.68838
      4482.40      62.6450      4.70544
      4483.80      65.8921      4.75583
      4485.20      66.6778      4.76979
      4486.60      60.3934      4.58483
      4488.00      64.8354      4.66333
      4489.40      66.8411      4.87537
      4490.80      67.6572      4.60617
      4492.20      65.0350      4.49276
      4493.60      66.3485      4.60883
      4495.00      61.9295      4.72156
      4496.40      66.9232      5.00075
      4497.80      67.8554      4.91872
      4499.20      69.2013      4.78049
      4500.60      65.6485      4.61093
      4502.00      68.6854      4.65045
      4503.40      65.3688      4.73526
      4504.80      63.0454      4.80451
      4506.20      68.6247      4.93978
      4507.60      70.8350      4.85454
      4509.00      66.5224      4.57194
      4510.40      63.5866      4.54784
      4511.80      71.4828      4.74935
      4513.20      65.6574      4.68004
      4514.60      68.8727      4.53372
      4516.00      58.8610      4.49398
      4517.40      68.5143      4.80509
      4518.80      60.5696      4.51519
      4520.20      70.3736      4.80412
      4521.60      65.0552      4.84282
      4523.00      67.9960      4.73818
      4524.40      65.9758      4.77392
      4525.80      68.5171      4.80264
      4527.20      69.5174      4.65894
      4528.60      65.0188      4.63277
      4530.00      62.1946      4.57793
      4531.40      71.6356      4.78015
      4532.80      68.2003      4.64346
      4534.20      62.9127      4.68474
      4535.60      70.7713      4.86955
      4537.00      63.7952      4.64756
      4538.40      70.6562      4.89866
      4539.80      68.4552      4.63822
      4541.20      66.8322      4.60220
      4542.60      70.5763      4.81700
      4544.00      61.9770      4.45992
      4545.40      66.9949      4.60455
      4546.80      70.5567      4.76736
      4548.20      64.7851      4.68054
      4549.60      66.8785      4.38738
      4551.00      64.5569      4.61199
      4552.40      61.2453      4.46266
      4553.80      60.8797      4.37448
      4555.20      68.3445      4.35675
      4556.60      62.3828      4.44791
      4558.00      66.5155      4.47068
      4559.40      69.0564      4.58574
      4560.80      71.1003      4.70007
      4562.20      65.9484      4.27097
      4563.60      65.7374      4.43627
      4565.00      66.5186      4.61880
      4566.40      68.3175      4.76106
      4567.80      67.6048      4.44280
      4569.20      66.8525      4.48588
      4570.60      66.9893      4.68117
      4572.00      60.6134      4.76645
      4573.40      66.4410      4.67175
      4574.80      65.0778      4.38469
      4576.20      67.1751      4.55284
      4577.60      66.6154      4.52425
      4579.00      66.2689      4.41731
      4580.40      67.1786      4.34779
      4581.80      61.8208      4.39629
      4583.20      62.0419      4.37015
      4584.60      63.4248      4.36390
      4586.00      65.1596      4.54445
      4587.40      65.2735      4.42514
      4588.80      66.2945      4.42419
      4590.20      66.3613      4.45574
      4591.60      62.7313      4.30993
      4593.00      62.8812      4.37359
      4594.40      64.9729      4.48140
      4595.80      64.2647      4.58439
      4597.20      66.6079      4.29687
      4598.60      65.8457      4.38686
      4600.00      67.6654      4.43833
      4601.40      61.5840      4.38446
      4602.80      64.7650      4.56758
      4604.20      66.3148      4.45626
      4605.60      65.4706      4.48362
      4607.00      64.9837      4.43595
      4608.40      65.8440      4.72777
      4609.80      60.7628      4.38553
      4611.20      65.1888      4.35262
      4612.60      67.2213      4.54136
      4614.00      64.8981      4.47887
      4615.40      66.9789      4.46618
      4616.80      66.0651      4.55095
      4618.20      66.6879      4.43549
      4619.60      63.9705      4.33241
      4621.00      66.2639      4.62852
      4622.40      68.5804      4.61300
      4623.80      72.2088      4.61238
      4625.20      65.9989      4.43625
      4626.60      65.6136      4.57665
      4628.00      67.6632      4.52805
      4629.40      63.0622      4.35802
      4630.80      61.8366      4.45460
      4632.20      63.6146      4.21688
      4633.60      66.3653      4.34395
      4635.00      68.3558      4.55699
      4636.40      69.4608      4.59471
      4637.80      70.0646      4.47464
      4639.20      65.9306      4.24721
      4640.60      64.8558      4.21155
      4642.00      67.5944      4.34000
      4643.40      66.8799      4.38072
      4644.80      64.8021      4.45585
      4646.20      66.2443      4.41690
      4647.60      65.5221      4.46978
      4649.00      68.2545      4.72592
      4650.40      69.8684      4.73627
      4651.80      66.5788      4.60260
      4653.20      64.2201      4.34054
      4654.60      66.2178      4.40776
      4656.00      71.0461      4.56963
      4657.40      61.4627      4.29593
      4658.80      67.3980      4.36143
      4660.20      66.1978      4.35102
      4661.60      66.0683      4.41467
      4663.00      65.6932      4.38056
      4664.40      67.7722      4.54231
      4665.80      66.5236      4.52635
      4667.20      69.3601      4.64223
      4668.60      61.1285      4.36464
      4670.00      66.9294      4.35578
      4671.40      64.3416      4.31670
      4672.80      62.9474      4.39129
      4674.20      64.4488      4.55410
      4675.60      67.7964      4.68444
      4677.00      68.1558      4.50186
      4678.40      71.3598      4.64027
      4679.80      67.3994      4.62345
      4681.20      66.0647      4.37901
      4682.60      64.7299      4.21595
      4684.00      70.7161      4.55517
      4685.40      73.2601      4.55430
      4686.80      62.4869      4.35614
      4688.20      64.6898      4.26353
      4689.60      63.7541      4.28540
      4691.00      66.2005      4.35529
      4692.40      71.5119      4.50411
      4693.80      66.6832      4.42613
      4695.20      67.1915      4.39185
      4696.60      68.1342      4.57660
      4698.00      66.4262      4.59168
      4699.40      65.6024      4.72096
      4700.80      64.4134      4.47739
      4702.20      65.4468      4.59413
      4703.60      64.5996      4.30770
      4705.00      65.3759      4.45901
      4706.40      66.7919      4.59748
      4707.80      64.0132      4.43694
      4709.20      64.4503      4.40504
      4710.60      64.6354      4.38861
      4712.00      65.1903      4.55720
      4713.40      62.1962      4.21733
      4714.80      64.9802      4.40685
      4716.20      65.1430      4.52760
      4717.60      65.9319      4.32361
      4719.00      67.1794      4.29058
      4720.40      66.4003      4.28960
      4721.80      66.7297      4.35013
      4723.20      61.4365      4.22759
      4724.60      64.3819      4.35528
      4726.00      63.8799      4.24199
      4727.40      64.5153      4.32175
      4728.80      62.7691      4.25212
      4730.20      64.7474      4.36948
      4731.60      64.5565      4.37361
      4733.00      66.6220      4.41354
      4734.40      62.9894      4.18752
      4735.80      62.6837      4.26568
      4737.20      66.0493      4.10518
      4738.60      64.6856      4.23651
      4740.00      63.6827      4.24926
      4741.40      62.1141      4.12059
      4742.80      65.6161      4.36559
      4744.20      66.4391      4.12946
      4745.60      64.8567      4.30462
      4747.00      67.6162      4.41436
      4748.40      69.1147      4.46279
      4749.80      64.5210      4.27133
      4751.20      63.9309      3.97535
      4752.60      69.2179      4.30456
      4754.00      69.0811      4.33718
      4755.40      65.5505      4.12673
      4756.80      66.1097      4.04483
      4758.20      69.9741      4.24319
      4759.60      60.8633      4.03572
      4761.00      66.7161      4.12589
      4762.40      64.9039      4.26714
      4763.80      66.3014      4.34471
      4765.20      66.8569      4.29090
      4766.60      62.7422      4.11170
      4768.00      64.5688      4.05918
      4769.40      64.8599      4.07464
      4770.80      64.1912      4.12354
      4772.20      58.3392      4.02322
      4773.60      62.8360      4.11815
      4775.00      68.5583      4.14640
      4776.40      61.1564      3.96598
      4777.80      63.7037      3.97830
      4779.20      63.3117      4.13657
      4780.60      67.5086      4.38935
      4782.00      62.7254      4.21081
      4783.40      68.7160      4.14468
      4784.80      70.4637      4.26766
      4786.20      65.3486      4.27170
      4787.60      67.5375      4.32579
      4789.00      66.2473      4.30931
      4790.40      64.5240      4.21064
      4791.80      63.3245      4.05793
      4793.20      63.4724      4.21997
      4794.60      64.2322      4.43244
      4796.00      63.3055      4.49800
      4797.40      65.0306      4.18132
      4798.80      64.0870      4.32094
      4800.20      73.6656      4.69122
      4801.60      64.0704      4.15593
      4803.00      59.5011      3.98377
      4804.40      63.3477      4.00199
      4805.80      60.1717      3.92298
      4807.20      63.7977      3.97122
      4808.60      65.6384      4.10941
      4810.00      64.0836      4.09694
      4811.40      64.0454      4.19925
      4812.80      66.4171      4.21543
      4814.20      66.7777      4.14500
      4815.60      68.2238      4.46536
      4817.00      63.8097      4.12643
      4818.40      63.0714      4.15327
      4819.80      66.4340      4.42719
      4821.20      63.3379      4.18300
      4822.60      68.9633      4.29400
      4824.00      71.1028      4.34382
      4825.40      60.7063      4.35218
      4826.80      64.4539      4.24759
      4828.20      64.1476      4.22733
      4829.60      65.2378      4.19987
      4831.00      70.0856      4.27698
      4832.40      65.6465      4.17815
      4833.80      69.5791      4.37134
      4835.20      68.1326      4.64632
      4836.60      63.6689      4.35104
      4838.00      64.9097      4.22468
      4839.40      64.5896      4.20017
      4840.80      63.1262      4.22952
      4842.20      59.5207      4.12987
      4843.60      58.9023      4.28357
      4845.00      63.1128      4.29248
      4846.40      61.8130      4.19032
      4847.80      61.3915      4.15677
      4849.20      64.4958      4.20111
      4850.60      59.3862      3.97233
      4852.00      60.6490      4.02872
      4853.40      56.8291      3.90835
      4854.80      59.3043      4.03929
      4856.20      58.9701      4.01749
      4857.60      56.7234      3.74725
      4859.00      49.4853      3.63368
      4860.40      39.6120      3.56460
      4861.80      35.8523      3.39216
      4863.20      39.9010      3.30570
      4864.60      52.0859      3.68073
      4866.00      54.5694      3.72642
      4867.40      56.4277      3.75154
      4868.80      55.7144      3.79880
      4870.20      56.9034      3.77058
      4871.60      58.8359      3.93251
      4873.00      58.4301      3.82959
      4874.40      61.8566      4.01818
      4875.80      64.4732      4.07893
      4877.20      63.3906      4.00222
      4878.60      60.5177      3.89881
      4880.00      63.6838      4.06943
      4881.40      64.0605      4.09775
      4882.80      63.5280      3.96984
      4884.20      62.3707      3.89676
      4885.60      58.7993      3.88531
      4887.00      63.2152      3.95822
      4888.40      62.3416      3.89450
      4889.80      66.3456      4.06399
      4891.20      63.7443      3.99745
      4892.60      60.8981      3.85531
      4894.00      60.6908      3.83127
      4895.40      61.2155      3.81820
      4896.80      63.3848      3.90549
      4898.20      63.1964      3.87947
      4899.60      64.9234      4.08096
      4901.00      67.8234      4.10263
      4902.40      63.7179      4.05852
      4903.80      63.2239      4.17099
      4905.20      61.0414      4.08093
      4906.60      66.2435      4.08601
      4908.00      67.4775      4.02766
      4909.40      60.6763      3.91421
      4910.80      66.3457      3.95640
      4912.20      63.2172      3.85948
      4913.60      65.1273      3.97223
      4915.00      67.4081      4.14927
      4916.40      61.2910      3.91350
      4917.80      58.3340      3.73569
      4919.20      61.8846      3.86046
      4920.60      63.7299      3.92462
      4922.00      62.6885      3.77026
      4923.40      60.7914      3.74829
      4924.80      61.4531      3.71557
      4926.20      61.7832      3.85539
      4927.60      67.4147      3.84959
      4929.00      63.5515      3.85288
      4930.40      65.1145      3.96984
      4931.80      66.4643      3.98107
      4933.20      62.0217      3.83953
      4934.60      61.1521      3.88749
      4936.00      64.7117      3.99264
      4937.40      65.9867      4.01615
      4938.80      64.1869      3.97919
      4940.20      63.2361      3.82163
      4941.60      64.5303      3.99943
      4943.00      65.2776      4.08953
      4944.40      63.7769      3.91285
      4945.80      64.7637      3.88586
      4947.20      63.6249      3.79828
      4948.60      63.6996      3.77143
      4950.00      64.5017      3.86642
      4951.40      64.6475      4.01347
      4952.80      63.6358      4.00139
      4954.20      61.0593      3.92797
      4955.60      61.1385      3.77399
      4957.00      60.4212      3.77439
      4958.40      58.6758      3.68996
      4959.80      62.1542      3.88849
      4961.20      62.4785      3.72818
      4962.60      62.1709      3.88567
      4964.00      64.5616      3.87864
      4965.40      64.9034      3.91021
      4966.80      63.5962      3.91681
      4968.20      60.5152      3.86756
      4969.60      61.6856      3.70484
      4971.00      62.8200      3.81497
      4972.40      60.3368      3.83203
      4973.80      59.3540      3.81733
      4975.20      61.1694      3.82249
      4976.60      62.9768      3.83378
      4978.00      63.0582      3.96064
      4979.40      62.6399      3.88271
      4980.80      67.1533      3.98269
      4982.20      60.1282      3.74233
      4983.60      59.8872      3.85846
      4985.00      61.2443      3.84863
      4986.40      60.2400      3.84110
      4987.80      59.9112      3.76428
      4989.20      61.0975      3.83734
      4990.60      60.2109      3.86470
      4992.00      61.5790      4.11565
      4993.40      63.4721      4.20354
      4994.80      60.9969      4.11512
      4996.20      61.0960      3.85919
      4997.60      64.4396      3.85652
      4999.00      61.9704      3.74778
