      3900.00      48.0368      3.77554
      3901.40      42.6171      3.63280
      3902.80      48.0658      3.84417
      3904.20      45.8031      3.83925
      3905.60      47.5724      3.81347
      3907.00      47.7221      3.81371
      3908.40      47.9648      3.91990
      3909.80      55.0007      3.98746
      3911.20      50.9459      3.92774
      3912.60      45.2402      3.82080
      3914.00      51.6447      3.88778
      3915.40      54.4050      4.20328
      3916.80      52.0870      4.10329
      3918.20      59.6115      4.27566
      3919.60      47.4095      3.88408
      3921.00      52.2199      3.91519
      3922.40      52.2575      3.94610
      3923.80      50.6852      3.79208
      3925.20      53.3277      3.85525
      3926.60      50.7695      3.81157
      3928.00      56.1898      3.90417
      3929.40      49.2545      3.75343
      3930.80      50.5815      3.74154
      3932.20      40.4137      3.26423
      3933.60      30.7548      2.97452
      3935.00      34.9770      3.17588
      3936.40      51.9181      3.69593
      3937.80      55.3086      4.01853
      3939.20      59.4354      4.09350
      3940.60      55.5111      3.96902
      3942.00      63.0766      3.98048
      3943.40      50.6819      3.67212
      3944.80      56.6331      3.84768
      3946.20      52.8987      3.74432
      3947.60      52.4171      3.78418
      3949.00      50.9838      3.61888
      3950.40      56.7861      3.73029
      3951.80      48.9626      3.62374
      3953.20      48.4822      3.65922
      3954.60      49.0073      3.45807
      3956.00      49.2011      3.54734
      3957.40      44.0006      3.36778
      3958.80      45.5326      3.36711
      3960.20      45.3888      3.40966
      3961.60      45.8030      3.33754
      3963.00      40.8215      3.17215
      3964.40      41.8478      3.17715
      3965.80      33.4537      2.88552
      3967.20      28.8998      2.70761
      3968.60      23.4740      2.49627
      3970.00      26.0488      2.56525
      3971.40      26.2633      2.60035
      3972.80      31.1441      2.81282
      3974.20      33.0862      2.87849
      3975.60      40.6126      3.09672
      3977.00      42.4825      3.22398
      3978.40      43.0223      3.21804
      3979.80      48.8394      3.42955
      3981.20      48.3598      3.36112
      3982.60      50.4421      3.49961
      3984.00      46.7646      3.47368
      3985.40      50.5148      3.54653
      3986.80      47.0341      3.43644
      3988.20      45.5323      3.20739
      3989.60      49.4296      3.44498
      3991.00      52.7619      3.52529
      3992.40      51.9735      3.60542
      3993.80      55.9202      3.74903
      3995.20      52.9334      3.60524
      3996.60      47.3051      3.43370
      3998.00      56.3351      3.64560
      3999.40      54.1152      3.62606
      4000.80      56.5573      3.68476
      4002.20      50.5249      3.48866
      4003.60      52.9149      3.46121
      4005.00      58.8589      3.64667
      4006.40      53.8247      3.51817
      4007.80      59.3856      3.78900
      4009.20      54.7145      3.58326
      4010.60      51.2270      3.52501
      4012.00      59.0323      3.84097
      4013.40      54.2671      3.79708
      4014.80      53.0710      3.74100
      4016.20      53.0772      3.37105
      4017.60      50.7244      3.39391
      4019.00      55.2216      3.52650
      4020.40      56.3979      3.54926
      4021.80      54.6528      3.59286
      4023.20      61.3350      3.77143
      4024.60      53.2151      3.45577
      4026.00      54.0232      3.46651
      4027.40      59.0189      3.52884
      4028.80      52.1700      3.49725
      4030.20      58.1081      3.58001
      4031.60      55.8396      3.61921
      4033.00      59.0229      3.80228
      4034.40      53.5526      3.45595
      4035.80      51.8688      3.46461
      4037.20      52.8063      3.38638
      4038.60      55.9056      3.47644
      4040.00      51.0664      3.43847
      4041.40      58.6464      3.70982
      4042.80      55.6938      3.66170
      4044.20      54.5763      3.49848
      4045.60      52.3112      3.45026
      4047.00      56.7696      3.66469
      4048.40      58.2448      3.73878
      4049.80      54.6195      3.61441
      4051.20      62.2500      3.68534
      4052.60      58.8136      3.56414
      4054.00      54.7692      3.39613
      4055.40      53.4884      3.43699
      4056.80      52.8797      3.41097
      4058.20      60.6610      3.60524
      4059.60      56.1908      3.49124
      4061.00      57.1820      3.51538
      4062.40      56.3011      3.52651
      4063.80      52.7060      3.46212
      4065.20      54.0163      3.51307
      4066.60      52.9731      3.49581
      4068.00      50.6524      3.37203
      4069.40      53.6413      3.39283
      4070.80      50.0833      3.27625
      4072.20      49.9256      3.23095
      4073.60      52.1367      3.33341
      4075.00      54.4733      3.46760
      4076.40      55.3194      3.32245
      4077.80      48.0287      3.24302
      4079.20      58.3717      3.50081
      4080.60      52.8889      3.37127
      4082.00      51.1970      3.32402
      4083.40      55.7498      3.35525
      4084.80      57.0674      3.46626
      4086.20      52.8206      3.41145
      4087.60      48.4893      3.30307
      4089.00      47.9905      3.27507
      4090.40      50.4279      3.22493
      4091.80      45.2314      3.05231
      4093.20      46.1683      3.06231
      4094.60      41.6336      2.90655
      4096.00      41.5657      2.96561
      4097.40      35.8248      2.82923
      4098.80      33.6299      2.75695
      4100.20      38.3501      2.86251
      4101.60      33.5619      2.65729
      4103.00      31.1083      2.54541
      4104.40      37.2190      2.73989
      4105.80      37.1963      2.75854
      4107.20      39.3107      2.79624
      4108.60      41.6649      2.94611
      4110.00      44.7016      2.95115
      4111.40      50.0422      3.13639
      4112.80      44.9872      2.98747
      4114.20      50.3340      3.16089
      4115.60      53.5905      3.36882
      4117.00      48.5719      3.29693
      4118.40      53.3078      3.36794
      4119.80      50.0033      3.14481
      4121.20      51.2717      3.16543
      4122.60      54.6004      3.25145
      4124.00      48.1126      3.10373
      4125.40      56.5694      3.31494
      4126.80      55.1999      3.26085
      4128.20      49.8848      3.11269
      4129.60      50.9786      3.19320
      4131.00      54.0806      3.26514
      4132.40      56.3096      3.41920
      4133.80      57.0747      3.45936
      4135.20      50.9155      3.28300
      4136.60      58.2724      3.35997
      4138.00      57.2342      3.35166
      4139.40      56.6884      3.36676
      4140.80      58.3642      3.29997
      4142.20      52.6127      3.20296
      4143.60      50.8502      3.11617
      4145.00      60.6872      3.45338
      4146.40      54.4874      3.19569
      4147.80      60.5452      3.40406
      4149.20      54.4935      3.29095
      4150.60      59.6696      3.35602
      4152.00      56.4814      3.29570
      4153.40      59.0999      3.37277
      4154.80      58.3967      3.40170
      4156.20      54.8203      3.33052
      4157.60      55.3258      3.28158
      4159.00      56.7626      3.29771
      4160.40      59.3974      3.34756
      4161.80      58.9889      3.35379
      4163.20      56.6218      3.38998
      4164.60      56.0529      3.47162
      4166.00      60.9385      3.50050
      4167.40      61.3173      3.44826
      4168.80      56.1771      3.28404
      4170.20      53.7434      3.20475
      4171.60      56.6298      3.29833
      4173.00      61.1596      3.34813
      4174.40      55.8506      3.25783
      4175.80      54.7862      3.19803
      4177.20      56.5054      3.25004
      4178.60      58.1824      3.39031
      4180.00      56.7490      3.34656
      4181.40      56.8435      3.33989
      4182.80      57.4396      3.23086
      4184.20      51.3526      3.13875
      4185.60      56.1799      3.32810
      4187.00      56.3695      3.30930
      4188.40      54.3815      3.17272
      4189.80      59.6085      3.29527
      4191.20      57.2000      3.26774
      4192.60      54.1321      3.25032
      4194.00      55.2382      3.29935
      4195.40      56.4559      3.28390
      4196.80      56.3843      3.26731
      4198.20      53.3009      3.09256
      4199.60      56.2394      3.17257
      4201.00      51.1416      3.07858
      4202.40      58.2710      3.23276
      4203.80      51.2605      3.09071
      4205.20      54.7990      3.18625
      4206.60      57.3747      3.28218
      4208.00      57.4039      3.18739
      4209.40      57.7491      3.23749
      4210.80      62.4557      3.39436
      4212.20      56.0388      3.29575
      4213.60      58.9956      3.22773
      4215.00      54.4715      3.13229
      4216.40      54.0747      3.10863
      4217.80      53.9575      3.13160
      4219.20      55.3536      3.14128
      4220.60      55.4374      3.10558
      4222.00      57.8480      3.22560
      4223.40      59.6482      3.25271
      4224.80      56.9996      3.25830
      4226.20      51.3768      2.99332
      4227.60      58.1056      3.23100
      4229.00      58.6318      3.25759
      4230.40      57.1814      3.16001
      4231.80      50.2950      3.02039
      4233.20      55.1887      3.06855
      4234.60      48.8375      2.93951
      4236.00      54.8614      3.13058
      4237.40      58.2010      3.12842
      4238.80      56.4558      3.21912
      4240.20      56.0038      3.10841
      4241.60      57.2811      3.16330
      4243.00      57.7173      3.21020
      4244.40      56.7760      3.12965
      4245.80      54.5857      3.11259
      4247.20      57.7786      3.22848
      4248.60      58.5969      3.22451
      4250.00      56.0919      3.11925
      4251.40      54.6466      3.13655
      4252.80      56.4063      3.10885
      4254.20      55.2437      3.10497
      4255.60      55.6356      3.09672
      4257.00      54.3039      3.07306
      4258.40      56.5562      3.15236
      4259.80      59.3905      3.21633
      4261.20      55.8411      3.10681
      4262.60      57.2935      3.24131
      4264.00      56.3501      3.26207
      4265.40      55.0013      3.17315
      4266.80      57.7445      3.26674
      4268.20      61.3625      3.26432
      4269.60      58.3180      3.21177
      4271.00      53.0260      2.97164
      4272.40      56.4750      3.10660
      4273.80      55.2660      3.12353
      4275.20      56.8201      3.15229
      4276.60      54.1286      3.11748
      4278.00      55.7587      3.12576
      4279.40      53.3732      3.07548
      4280.80      54.1814      3.06915
      4282.20      53.1957      3.04346
      4283.60      57.3638      3.08498
      4285.00      56.5640      3.25967
      4286.40      61.3585      3.31385
      4287.80      53.7935      3.07476
      4289.20      54.3247      3.05258
      4290.60      58.0742      3.17829
      4292.00      54.9816      3.10594
      4293.40      51.3676      2.96831
      4294.80      52.6713      3.03174
      4296.20      51.1431      2.94132
      4297.60      53.6960      2.99641
      4299.00      52.0711      2.97064
      4300.40      54.7118      3.01533
      4301.80      54.0184      3.00878
      4303.20      52.7979      2.93731
      4304.60      52.1366      2.96689
      4306.00      60.6501      3.24340
      4307.40      52.7289      2.99112
      4308.80      52.5437      2.98294
      4310.20      55.7357      3.06875
      4311.60      50.4503      2.93242
      4313.00      56.9125      3.10759
      4314.40      51.5977      2.94673
      4315.80      55.5203      3.07553
      4317.20      57.7574      3.14345
      4318.60      53.9858      3.01647
      4320.00      53.5500      3.03183
      4321.40      52.1273      3.12308
      4322.80      54.2162      3.09361
      4324.20      51.4083      2.95189
      4325.60      50.5900      2.87695
      4327.00      50.0017      2.90791
      4328.40      48.5193      2.85983
      4329.80      45.4337      2.74361
      4331.20      46.0217      2.72890
      4332.60      43.5714      2.64954
      4334.00      44.9250      2.70285
      4335.40      39.2277      2.54038
      4336.80      37.8724      2.46486
      4338.20      36.6973      2.46272
      4339.60      41.5895      2.54580
      4341.00      36.2478      2.40774
      4342.40      34.3539      2.37139
      4343.80      38.0314      2.45335
      4345.20      40.8953      2.56234
      4346.60      42.6275      2.68058
      4348.00      47.1016      2.82736
      4349.40      45.8891      2.73420
      4350.80      48.3996      2.80469
      4352.20      47.3579      2.78655
      4353.60      50.1021      2.82562
      4355.00      50.2655      2.87499
      4356.40      47.1501      2.90503
      4357.80      54.4175      3.44193
      4359.20      54.4581      3.57853
      4360.60      53.5488      3.21248
      4362.00      51.1589      2.97453
      4363.40      51.9923      3.01051
      4364.80      55.8292      3.11057
      4366.20      50.7043      2.98406
      4367.60      50.6715      2.88693
      4369.00      53.9534      2.99443
      4370.40      54.4001      3.00127
      4371.80      60.2692      3.17241
      4373.20      60.3844      3.13821
      4374.60      55.4527      3.04987
      4376.00      56.8557      3.06812
      4377.40      56.9351      3.07367
      4378.80      55.5941      3.06945
      4380.20      57.1621      3.05201
      4381.60      54.1656      2.97539
      4383.00      53.2101      2.93089
      4384.40      49.9379      2.82265
      4385.80      54.4877      2.90479
      4387.20      50.8851      2.89787
      4388.60      57.2029      3.03598
      4390.00      52.6832      2.93136
      4391.40      57.7630      3.04036
      4392.80      55.2847      2.98663
      4394.20      57.0687      3.06621
      4395.60      54.9075      2.97336
      4397.00      53.6779      2.94984
      4398.40      53.0401      2.87377
      4399.80      58.5915      3.14955
      4401.20      60.2137      3.22429
      4402.60      56.4580      3.16999
      4404.00      53.3755      3.04109
      4405.40      54.8613      3.10411
      4406.80      53.3829      3.01769
      4408.20      55.5168      3.02352
      4409.60      54.8417      2.96723
      4411.00      56.9086      3.04287
      4412.40      59.8264      3.13125
      4413.80      48.8576      2.99101
      4415.20      55.2334      3.18509
      4416.60      50.7012      3.04596
      4418.00      56.2691      3.05009
      4419.40      56.3972      2.98348
      4420.80      56.7270      3.02824
      4422.20      59.4883      3.07064
      4423.60      55.4109      2.99524
      4425.00      54.8657      2.98992
      4426.40      54.2256      2.98537
      4427.80      53.1697      2.91739
      4429.20      54.4919      2.99464
      4430.60      53.7487      2.95845
      4432.00      55.8703      3.09693
      4433.40      55.8125      3.01906
      4434.80      51.3164      2.84257
      4436.20      54.4050      2.87902
      4437.60      56.1180      2.97386
      4439.00      55.3061      2.94589
      4440.40      50.8796      2.76013
      4441.80      53.0786      2.90383
      4443.20      56.4219      2.95395
      4444.60      57.4445      2.97197
      4446.00      56.0691      2.99280
      4447.40      60.2358      3.11788
      4448.80      57.0359      3.06379
      4450.20      54.6670      3.03675
      4451.60      56.8298      2.98795
      4453.00      52.6714      2.85255
      4454.40      52.9559      2.88485
      4455.80      58.9068      3.00450
      4457.20      54.8088      2.92858
      4458.60      53.5667      2.89132
      4460.00      55.2713      2.95865
      4461.40      59.1190      3.03443
      4462.80      54.3157      2.90651
      4464.20      54.6819      2.99379
      4465.60      55.5813      3.06437
      4467.00      53.9928      2.89746
      4468.40      53.8785      2.87501
      4469.80      54.8853      2.87940
      4471.20      56.0422      2.93604
      4472.60      58.3887      3.00969
      4474.00      56.1679      2.97662
      4475.40      58.5236      2.97410
      4476.80      53.7269      2.89074
      4478.20      54.7823      2.84244
      4479.60      53.9379      2.88711
      4481.00      52.1788      2.81139
      4482.40      53.1537      2.81397
      4483.80      52.4182      2.83427
      4485.20      56.7745      2.94619
      4486.60      54.0429      2.91605
      4488.00      54.0389      2.88335
      4489.40      52.7110      2.83225
      4490.80      54.6141      2.88816
      4492.20      57.2367      2.94665
      4493.60      53.5540      2.87257
      4495.00      54.3204      2.86820
      4496.40      54.6238      2.86993
      4497.80      54.0303      2.93649
      4499.20      55.8313      2.89009
      4500.60      50.7708      2.76951
      4502.00      57.1255      2.95561
      4503.40      56.0251      3.03010
      4504.80      54.5171      2.98356
      4506.20      55.5616      2.89628
      4507.60      53.6577      2.86512
      4509.00      55.7471      3.05844
      4510.40      59.6649      3.08886
      4511.80      52.2921      2.92192
      4513.20      55.8207      2.92422
      4514.60      54.0601      2.85535
      4516.00      51.8105      2.75629
      4517.40      53.0528      2.76711
      4518.80      51.1945      2.75219
      4520.20      54.4213      2.83220
      4521.60      55.3061      2.87540
      4523.00      55.5342      2.86233
      4524.40      55.4810      2.87451
      4525.80      54.4388      2.83455
      4527.20      52.1543      2.76418
      4528.60      55.8249      2.84679
      4530.00      50.4721      2.74843
      4531.40      52.0260      2.76218
      4532.80      55.9800      2.88462
      4534.20      56.7254      2.90943
      4535.60      53.6916      2.87468
      4537.00      52.4965      2.87907
      4538.40      56.7005      3.02306
      4539.80      55.1100      2.93026
      4541.20      56.0808      2.87467
      4542.60      50.1982      2.74961
      4544.00      58.8146      2.96753
      4545.40      51.6050      2.78820
      4546.80      53.1608      2.80653
      4548.20      48.9407      2.71185
      4549.60      52.9770      2.78775
      4551.00      54.0510      2.79839
      4552.40      51.9895      2.81659
      4553.80      60.7244      2.97166
      4555.20      51.9440      2.74712
      4556.60      58.1516      2.92025
      4558.00      53.2703      2.85386
      4559.40      58.0370      2.90107
      4560.80      52.9116      2.78346
      4562.20      56.3289      2.87102
      4563.60      54.0357      2.81898
      4565.00      54.3363      2.80817
      4566.40      53.0299      2.76671
      4567.80      58.4809      2.93852
      4569.20      53.4645      2.85347
      4570.60      60.4418      2.97727
      4572.00      50.8777      2.72186
      4573.40      53.4640      2.79144
      4574.80      53.6576      2.79683
      4576.20      55.2874      2.85646
      4577.60      55.0286      2.78880
      4579.00      52.7582      2.78464
      4580.40      55.0424      2.81711
      4581.80      54.6568      2.79808
      4583.20      53.7130      2.82530
      4584.60      56.8282      2.88645
      4586.00      50.1547      2.69377
      4587.40      53.0841      2.74171
      4588.80      53.7383      2.83437
      4590.20      54.1708      2.80561
      4591.60      50.5693      2.73759
      4593.00      53.3444      2.81678
      4594.40      55.1896      2.88357
      4595.80      56.6536      2.88040
      4597.20      56.5362      2.87033
      4598.60      53.1446      2.78912
      4600.00      54.8285      2.77366
      4601.40      53.7004      2.86124
      4602.80      57.9221      3.01967
      4604.20      55.7457      2.97226
      4605.60      53.2461      2.80518
      4607.00      51.6488      2.70858
      4608.40      56.5608      2.85511
      4609.80      54.8770      2.80187
      4611.20      54.5998      2.84895
      4612.60      55.4375      2.82254
      4614.00      52.7718      2.77320
      4615.40      52.5195      2.70785
      4616.80      54.8083      2.80648
      4618.20      53.4668      2.85647
      4619.60      54.0241      2.81317
      4621.00      52.9471      2.79540
      4622.40      53.9806      2.78593
      4623.80      57.4302      2.80363
      4625.20      52.3011      2.76554
      4626.60      55.0913      2.80508
      4628.00      53.1687      2.78706
      4629.40      55.5121      2.82695
      4630.80      54.3825      2.77264
      4632.20      54.4685      2.79798
      4633.60      54.9821      2.80214
      4635.00      52.8528      2.77885
      4636.40      57.5332      2.81222
      4637.80      56.5157      2.89644
      4639.20      51.6920      2.66466
      4640.60      51.3236      2.68550
      4642.00      54.0398      2.72227
      4643.40      54.1797      2.89269
      4644.80      56.8535      2.92548
      4646.20      53.7334      2.81309
      4647.60      55.0751      2.78556
      4649.00      54.1966      2.72565
      4650.40      50.9479      2.77701
      4651.80      52.8517      2.80702
      4653.20      57.0604      2.82588
      4654.60      53.7125      2.75873
      4656.00      57.5292      2.87554
      4657.40      53.4018      2.77772
      4658.80      50.7771      2.76069
      4660.20      57.6734      2.86390
      4661.60      50.3973      2.65010
      4663.00      53.8773      2.76406
      4664.40      54.9919      2.88616
      4665.80      52.0993      2.90450
      4667.20      55.9226      2.75564
      4668.60      50.9358      2.68678
      4670.00      54.8170      2.76745
      4671.40      54.4964      2.75102
      4672.80      50.6315      2.67254
      4674.20      55.8324      2.84986
      4675.60      57.9568      2.93002
      4677.00      56.6026      2.88284
      4678.40      57.6680      2.86246
      4679.80      54.9817      2.79543
      4681.20      52.5976      2.82732
      4682.60      54.2462      2.83153
      4684.00      53.6049      2.76371
      4685.40      57.4516      2.83837
      4686.80      55.7494      2.78803
      4688.20      54.7380      2.75392
      4689.60      52.4824      2.70068
      4691.00      53.5200      2.69943
      4692.40      51.4548      2.65854
      4693.80      53.7330      2.69358
      4695.20      50.6541      2.65885
      4696.60      51.3475      2.67099
      4698.00      56.6894      2.81895
      4699.40      55.2178      2.80396
      4700.80      53.6398      2.80580
      4702.20      53.8740      2.76680
      4703.60      53.2607      2.71140
      4705.00      53.7214      2.72378
      4706.40      54.8282      2.72169
      4707.80      53.9463      2.75864
      4709.20      57.0938      2.78094
      4710.60      52.1661      2.66137
      4712.00      52.3870      2.71403
      4713.40      54.0722      2.68792
      4714.80      51.8149      2.69524
      4716.20      55.6973      2.75485
      4717.60      54.2070      2.74146
      4719.00      53.9054      2.77077
      4720.40      51.7410      2.76360
      4721.80      54.8350      2.80513
      4723.20      52.5970      2.63447
      4724.60      52.5613      2.78494
      4726.00      52.9821      2.66146
      4727.40      51.5781      2.70756
      4728.80      55.0677      2.74536
      4730.20      54.2667      2.76528
      4731.60      53.1783      2.65757
      4733.00      51.0956      2.64380
      4734.40      51.3378      2.65853
      4735.80      54.4716      2.71278
      4737.20      53.4339      2.70918
      4738.60      54.6501      2.72591
      4740.00      56.4193      2.76359
      4741.40      51.8490      2.69497
      4742.80      53.9688      2.69649
      4744.20      55.4194      2.80606
      4745.60      54.1405      2.75766
      4747.00      54.4446      2.73142
      4748.40      50.6917      2.68963
      4749.80      56.4253      2.76193
      4751.20      51.0199      2.64136
      4752.60      54.0785      2.69927
      4754.00      53.0940      2.69445
      4755.40      54.9939      2.71332
      4756.80      53.7034      2.69686
      4758.20      55.3682      2.72950
      4759.60      50.3954      2.65081
      4761.00      51.2476      2.61995
      4762.40      50.8169      2.60479
      4763.80      52.7889      2.66777
      4765.20      53.4263      2.67825
      4766.60      55.6239      2.76017
      4768.00      54.2893      2.75425
      4769.40      52.0301      2.68387
      4770.80      55.6659      2.85271
      4772.20      52.7316      2.71934
      4773.60      50.0804      2.59812
      4775.00      53.8758      2.66951
      4776.40      52.5469      2.64019
      4777.80      53.3002      2.67108
      4779.20      55.5064      2.74100
      4780.60      51.8535      2.61601
      4782.00      53.5694      2.75283
      4783.40      55.3416      2.65139
      4784.80      54.1663      2.72519
      4786.20      55.7310      2.71947
      4787.60      54.5720      2.70519
      4789.00      53.6674      2.65521
      4790.40      53.1769      2.67520
      4791.80      50.6289      2.59269
      4793.20      53.3305      2.63734
      4794.60      52.3575      2.67549
      4796.00      55.2696      2.69781
      4797.40      48.8002      2.55404
      4798.80      56.4585      2.74523
      4800.20      54.7256      2.79274
      4801.60      54.2835      2.77042
      4803.00      51.7423      2.65203
      4804.40      50.7901      2.56209
      4805.80      51.4057      2.58987
      4807.20      49.0925      2.52700
      4808.60      51.4843      2.61065
      4810.00      48.0958      2.44401
      4811.40      49.1474      2.53748
      4812.80      53.5545      2.63332
      4814.20      53.2987      2.65215
      4815.60      50.9364      2.58448
      4817.00      50.2542      2.57264
      4818.40      50.6618      2.57400
      4819.80      52.0085      2.61262
      4821.20      51.4612      2.62521
      4822.60      48.5270      2.62298
      4824.00      55.4534      2.71981
      4825.40      50.3943      2.58272
      4826.80      51.0186      2.55516
      4828.20      47.1572      2.49667
      4829.60      51.6662      2.59659
      4831.00      49.0078      2.51491
      4832.40      51.1457      2.55259
      4833.80      45.6764      2.47723
      4835.20      51.1595      2.59448
      4836.60      47.3868      2.51132
      4838.00      48.0406      2.50066
      4839.40      52.0214      2.55702
      4840.80      46.1768      2.45131
      4842.20      46.1033      2.39902
      4843.60      47.1717      2.53516
      4845.00      47.3865      2.43307
      4846.40      47.4681      2.48160
      4847.80      46.2915      2.41746
      4849.20      45.6835      2.40226
      4850.60      46.5705      2.42004
      4852.00      47.5431      2.45059
      4853.40      44.6322      2.34952
      4854.80      40.0310      2.21511
      4856.20      39.0770      2.16812
      4857.60      37.9672      2.12295
      4859.00      40.3956      2.23387
      4860.40      45.6769      2.32803
      4861.80      38.2623      2.16016
      4863.20      35.3247      2.08763
      4864.60      37.6668      2.13808
      4866.00      42.3896      2.23673
      4867.40      41.1887      2.29165
      4868.80      44.1045      2.32268
      4870.20      43.9610      2.39490
      4871.60      44.5825      2.46580
      4873.00      44.7523      2.49327
      4874.40      42.7512      2.33756
      4875.80      46.4834      2.44461
      4877.20      49.3707      2.47200
      4878.60      48.0989      2.54056
      4880.00      50.8052      2.61255
      4881.40      49.8971      2.64817
      4882.80      51.4566      2.67525
      4884.20      50.6412      2.61944
      4885.60      55.3312      2.76950
      4887.00      47.5910      2.55039
      4888.40      51.0042      2.58717
      4889.80      45.7560      2.52698
      4891.20      51.3051      2.63072
      4892.60      51.9631      2.66344
      4894.00      50.0588      2.62013
      4895.40      52.2827      2.65741
      4896.80      51.8055      2.67269
      4898.20      53.1295      2.68272
      4899.60      53.3171      2.72601
      4901.00      51.5426      2.61636
      4902.40      49.5229      2.58940
      4903.80      47.3287      2.51412
      4905.20      47.4971      2.49441
      4906.60      50.2345      2.61770
      4908.00      53.4843      2.76390
      4909.40      48.0718      2.65991
      4910.80      51.3861      2.69946
      4912.20      49.6198      2.70688
      4913.60      54.7826      2.78984
      4915.00      55.4280      2.80709
      4916.40      51.0511      2.60521
      4917.80      48.7502      2.53743
      4919.20      51.7550      2.59563
      4920.60      50.3660      2.52358
      4922.00      50.4850      2.61191
      4923.40      50.3106          Inf
      4924.80      50.1361          Inf
      4926.20      49.9616          Inf
      4927.60      49.7872          Inf
      4929.00      49.6127          Inf
      4930.40      49.4382      2.52458
      4931.80      50.7261      2.58715
      4933.20      54.0067      2.62547
      4934.60      48.8476      2.52146
      4936.00      50.7260      2.52258
      4937.40      49.0751      2.50761
      4938.80      47.4798      2.46349
      4940.20      48.8688      2.49767
      4941.60      53.9527      2.61726
      4943.00      51.6389      2.56040
      4944.40      51.5575      2.60098
      4945.80      52.5302      2.61367
      4947.20      50.5962      2.57909
      4948.60      50.5154      2.58827
      4950.00      50.5415      2.63860
      4951.40      48.4342      2.50069
      4952.80      50.2410      2.58744
      4954.20      53.5242      2.70247
      4955.60      53.7951      2.63874
      4957.00      50.4104      2.58451
      4958.40      47.7365      2.41657
      4959.80      53.9062      2.59615
      4961.20      49.1993      2.55695
      4962.60      52.9807      2.65733
      4964.00      53.2672      2.61743
      4965.40      51.4236      2.54978
      4966.80      51.1031      2.54270
      4968.20      51.7245      2.56922
      4969.60      51.6474      2.58799
      4971.00      50.5056      2.57278
      4972.40      53.6837      2.61738
      4973.80      52.0105      2.57869
      4975.20      51.8471      2.60996
      4976.60      52.9374      2.72641
      4978.00      49.8566      2.64032
      4979.40      48.4599      2.49611
      4980.80      48.8824      2.53866
      4982.20      51.5751      2.55263
      4983.60      48.5824      2.54495
      4985.00      50.5810      2.55816
      4986.40      53.6420      2.65375
      4987.80      49.6005      2.50830
      4989.20      47.7261      2.46953
      4990.60      50.3244      2.49843
      4992.00      48.2154      2.53015
      4993.40      52.1118      2.58023
      4994.80      51.3505      2.59900
      4996.20      51.5066      2.53400
      4997.60      50.5744      2.51405
      4999.00      50.5866      2.51212
