      3900.00      47.4274      3.79488
      3901.40      48.7473          Inf
      3902.80      50.0672      4.06729
      3904.20      49.3553      3.90540
      3905.60      49.2626      3.88270
      3907.00      55.3537      4.12556
      3908.40      53.8861      3.97622
      3909.80      52.2154      4.00157
      3911.20      50.4026      3.85802
      3912.60      49.0628      3.87097
      3914.00      53.4178      4.05069
      3915.40      55.8953      4.05599
      3916.80      55.5997      3.92660
      3918.20      52.6181      3.90711
      3919.60      54.5855      3.93902
      3921.00      54.0459      3.78375
      3922.40      54.0281      3.72009
      3923.80      54.0484      3.58824
      3925.20      56.4417      3.65518
      3926.60      56.9224      3.91989
      3928.00      53.1986      3.53282
      3929.40      48.7472      3.53687
      3930.80      45.7936      3.23828
      3932.20      37.7569      3.08538
      3933.60      43.6332      3.23267
      3935.00      48.7872      3.42568
      3936.40      54.3218      3.51526
      3937.80      56.2828      3.69003
      3939.20      53.5647      3.57076
      3940.60      54.6322      3.73610
      3942.00      53.6873      3.60745
      3943.40      52.0861      3.57715
      3944.80      51.6068      3.56385
      3946.20      51.1620      3.47409
      3947.60      54.0934      3.59803
      3949.00      50.8372      3.48392
      3950.40      48.8661      3.47913
      3951.80      49.0800      3.43997
      3953.20      48.1549      3.29758
      3954.60      43.8902      3.30371
      3956.00      45.8626      3.32069
      3957.40      41.2570      3.22611
      3958.80      40.2246      3.30124
      3960.20      38.7090      3.00574
      3961.60      35.7373      2.95832
      3963.00      34.3265      2.81930
      3964.40      29.4960      2.79888
      3965.80      21.6498      2.41048
      3967.20      14.5278      2.15708
      3968.60      14.7247      2.05847
      3970.00      19.8303      2.34082
      3971.40      27.3058      2.75012
      3972.80      33.9071      2.95000
      3974.20      33.6846      2.98730
      3975.60      37.4886      3.21417
      3977.00      39.0214      3.37804
      3978.40      39.2447      3.45880
      3979.80      42.0999      3.50372
      3981.20      42.2359      3.69300
      3982.60      43.4138      3.81078
      3984.00      47.5220      3.70138
      3985.40      46.9271      3.56393
      3986.80      48.3792      3.61464
      3988.20      47.6353      3.36150
      3989.60      52.6419      3.30688
      3991.00      53.9487      3.35680
      3992.40      53.1202      3.35859
      3993.80      53.4444      3.40516
      3995.20      53.4179      3.14801
      3996.60      52.2558      3.19251
      3998.00      52.2605      3.34371
      3999.40      52.0264      3.30223
      4000.80      56.7918      3.42034
      4002.20      55.0157      3.51962
      4003.60      54.5346      3.32488
      4005.00      54.5510      3.34644
      4006.40      54.1950      3.37865
      4007.80      52.1553      3.32016
      4009.20      55.9640      3.26977
      4010.60      53.1726      3.42950
      4012.00      54.6003      3.26389
      4013.40      54.4713      3.32394
      4014.80      54.9135      3.28764
      4016.20      53.6322      3.24373
      4017.60      55.6447      3.29214
      4019.00      56.3124      3.25380
      4020.40      55.2868      3.34167
      4021.80      52.6582      3.34558
      4023.20      53.2510      3.24189
      4024.60      54.1555      3.29150
      4026.00      53.1540      3.21816
      4027.40      53.5915      3.24978
      4028.80      55.1213      3.41450
      4030.20      55.3665      3.38518
      4031.60      54.2647      3.44734
      4033.00      55.2431          Inf
      4034.40      56.2215          Inf
      4035.80      57.1999      3.39673
      4037.20      52.5198      3.15735
      4038.60      54.1514      3.25533
      4040.00      54.8865      3.26829
      4041.40      56.1992      3.23728
      4042.80      53.5210      3.31731
      4044.20      52.4361      3.39252
      4045.60      55.2328      3.75454
      4047.00      54.2183      3.75678
      4048.40      54.6361      3.51026
      4049.80      53.1001      3.36359
      4051.20      56.7604      3.40867
      4052.60      52.3661      3.15019
      4054.00      53.9573      3.33677
      4055.40      53.5271      3.38854
      4056.80      54.3605      3.45704
      4058.20      55.5692      3.45560
      4059.60      51.9628      3.31850
      4061.00      52.6924      3.26914
      4062.40      53.9337      3.41253
      4063.80      52.9772      3.39068
      4065.20      54.5791      3.25558
      4066.60      53.6123      3.26983
      4068.00      53.4488      3.29059
      4069.40      50.2348      3.16203
      4070.80      50.1635      3.27050
      4072.20      52.6705      3.41582
      4073.60      49.8206      3.31379
      4075.00      51.1131      3.28886
      4076.40      48.1764      3.14008
      4077.80      48.6952      3.17321
      4079.20      48.2750      3.19425
      4080.60      47.5067      3.28763
      4082.00      46.2283      3.19663
      4083.40      46.6956      3.08877
      4084.80      47.3490      3.10480
      4086.20      42.7293      2.82438
      4087.60      42.2564      2.88122
      4089.00      43.3293      2.92425
      4090.40      40.0543      2.84673
      4091.80      38.2771      2.83883
      4093.20      34.6879      2.64691
      4094.60      35.9166      2.53317
      4096.00      28.0864      2.37595
      4097.40      23.3567      2.14105
      4098.80      18.3240      1.93515
      4100.20      15.9653      1.90532
      4101.60      20.1587      2.05549
      4103.00      24.2021      2.22014
      4104.40      30.1115      2.40322
      4105.80      33.6774      2.43183
      4107.20      35.9665      2.52984
      4108.60      36.9280      2.59636
      4110.00      38.7131      2.70445
      4111.40      41.4597      2.79370
      4112.80      44.0996      2.86325
      4114.20      46.0473      2.97427
      4115.60      45.7677      2.76422
      4117.00      46.4039      2.90516
      4118.40      44.7898      2.88209
      4119.80      48.7263      2.96401
      4121.20      48.1846      2.89987
      4122.60      49.1839      3.04644
      4124.00      49.3717      2.96328
      4125.40      50.0955      2.97102
      4126.80      51.4104      3.00456
      4128.20      49.0955      2.97284
      4129.60      49.4457      3.06199
      4131.00      47.6516      3.61653
      4132.40      51.1211      3.11820
      4133.80      51.0491      3.05502
      4135.20      53.4850      3.00093
      4136.60      50.1276      3.03156
      4138.00      52.2000      3.18418
      4139.40      51.0907      2.92666
      4140.80      50.2935      2.90971
      4142.20      49.1330      3.00447
      4143.60      50.9200      3.01339
      4145.00      48.8398      3.03606
      4146.40      51.1227      3.01775
      4147.80      50.4435      3.20035
      4149.20      52.6714      3.04105
      4150.60      51.8749      3.02327
      4152.00      50.9595      2.95869
      4153.40      50.6885      3.18930
      4154.80      51.6284      3.21329
      4156.20      49.7527      3.03059
      4157.60      49.2289      2.84248
      4159.00      52.3276      2.99939
      4160.40      49.6910      2.97944
      4161.80      51.0257      2.93410
      4163.20      50.7135      2.96360
      4164.60      50.2505      3.01780
      4166.00      50.9163      3.11821
      4167.40      51.8981      3.12087
      4168.80      49.6992      2.99950
      4170.20      50.6634      4.90744
      4171.60      49.9706      5.03402
      4173.00      50.2878      4.91528
      4174.40      50.7440      5.24174
      4175.80      50.3465      5.30616
      4177.20      51.2446      4.82837
      4178.60      49.0020      4.97235
      4180.00      50.2711      3.39051
      4181.40      50.9265      2.88183
      4182.80      51.9403      2.93246
      4184.20      49.9442      2.86648
      4185.60      51.5861      2.79385
      4187.00      49.6245      2.92846
      4188.40      51.8371      2.86284
      4189.80      50.8178      2.91974
      4191.20      52.2317      2.87034
      4192.60      49.0842      2.69592
      4194.00      50.7427      2.83791
      4195.40      49.6974      2.84776
      4196.80      50.0047      2.83553
      4198.20      50.1499      2.78748
      4199.60      49.9727      2.73195
      4201.00      50.2566      2.81898
      4202.40      50.0268      2.99623
      4203.80      49.9073      3.01001
      4205.20      50.8225      2.87467
      4206.60      51.0067      2.92182
      4208.00      50.5372      2.82803
      4209.40      50.5772      2.78113
      4210.80      50.3456      2.81684
      4212.20      51.8351      2.76522
      4213.60      48.4883      2.70888
      4215.00      52.0978      2.83213
      4216.40      51.2838      2.90470
      4217.80      49.8313      2.82723
      4219.20      48.7910      2.66659
      4220.60      49.3004      2.71561
      4222.00      50.0635      2.79543
      4223.40      50.4085      2.86613
      4224.80      46.9046      2.65824
      4226.20      48.5089      2.71414
      4227.60      50.2344      2.70114
      4229.00      51.7440      2.88217
      4230.40      49.0463      2.77375
      4231.80      48.9786      2.97702
      4233.20      49.9770      2.99799
      4234.60      48.2020      2.87321
      4236.00      50.4469      2.77907
      4237.40      49.2531      2.79251
      4238.80      50.4373      2.76794
      4240.20      51.4564      2.93463
      4241.60      50.0856      2.85492
      4243.00      48.7826      2.67075
      4244.40      48.8408      2.68020
      4245.80      48.2822      2.56923
      4247.20      49.7240      2.70128
      4248.60      48.4045      2.79552
      4250.00      48.7824      2.73654
      4251.40      48.1315      2.88492
      4252.80      47.7637      2.78387
      4254.20      48.1333      2.65237
      4255.60      49.3345      2.67329
      4257.00      49.1696      2.79080
      4258.40      50.1467      2.70944
      4259.80      47.9534      2.71039
      4261.20      49.6442      2.61760
      4262.60      48.5515      2.81917
      4264.00      48.1461      2.74302
      4265.40      47.6655      2.87169
      4266.80      53.9484      2.95076
      4268.20      47.6904      2.67539
      4269.60      49.0176      2.72241
      4271.00      48.3735      2.71085
      4272.40      50.0628      2.77719
      4273.80      48.5764      2.67621
      4275.20      49.0957      2.66687
      4276.60      50.1413      2.71346
      4278.00      51.6885      2.82724
      4279.40      48.4289      2.75529
      4280.80      48.1785      2.70609
      4282.20      49.0920      2.83297
      4283.60      47.7254      2.66422
      4285.00      50.5762      2.75141
      4286.40      47.9636      2.63332
      4287.80      48.5800      2.70882
      4289.20      47.2064      2.64511
      4290.60      48.3740      2.77423
      4292.00      47.0923      2.57705
      4293.40      46.5085      2.58665
      4294.80      46.5621      2.68589
      4296.20      47.6692      2.81475
      4297.60      45.9596      2.93636
      4299.00      46.5795      2.55127
      4300.40      43.1700      2.63642
      4301.80      47.4937      2.66188
      4303.20      47.3411      2.69034
      4304.60      45.7201      2.64501
      4306.00      45.0879      2.48668
      4307.40      48.1192      2.65697
      4308.80      46.1802      2.61641
      4310.20      47.6928      2.63759
      4311.60      45.4788      2.47193
      4313.00      42.9998      2.53519
      4314.40      44.9957      2.60212
      4315.80      44.7333      2.58527
      4317.20      43.7118      2.55821
      4318.60      42.8621      2.51619
      4320.00      43.1806      2.37258
      4321.40      41.0153      2.41390
      4322.80      41.1414      2.33495
      4324.20      39.4112      2.26759
      4325.60      40.7020      2.44290
      4327.00      37.4978      2.32548
      4328.40      37.0408      2.21418
      4329.80      35.1158      2.11457
      4331.20      34.8940      2.27918
      4332.60      31.5967      2.21688
      4334.00      28.7887      2.08198
      4335.40      25.9563      1.86140
      4336.80      21.2489      1.67877
      4338.20      15.5769      1.54973
      4339.60      17.6453      1.68147
      4341.00      22.3348      1.82694
      4342.40      25.3051      1.84225
      4343.80      30.9022      2.05423
      4345.20      31.9896      2.19910
      4346.60      34.0006      2.22890
      4348.00      36.0994      2.16504
      4349.40      37.6688      2.30428
      4350.80      40.2589      2.30719
      4352.20      38.5133      2.23599
      4353.60      39.8792      2.29641
      4355.00      42.1174      2.47733
      4356.40      42.5798      2.52348
      4357.80      45.3509      2.70735
      4359.20      44.5798      2.84029
      4360.60      43.8598      2.78522
      4362.00      44.4496      2.71064
      4363.40      44.1365      2.68518
      4364.80      45.1567      2.47173
      4366.20      46.1527      2.50771
      4367.60      46.9875      2.46908
      4369.00      45.6698      2.47147
      4370.40      46.1885      2.53980
      4371.80      46.0237      2.53505
      4373.20      47.0450      2.71712
      4374.60      47.0445      2.61213
      4376.00      47.4560      2.49354
      4377.40      46.0627      2.45524
      4378.80      47.9565      2.50602
      4380.20      47.3587      2.48271
      4381.60      46.2885      2.49437
      4383.00      45.3467      2.45157
      4384.40      47.5091      2.58008
      4385.80      46.8288      2.58838
      4387.20      47.2427      2.56120
      4388.60      46.4652      2.46318
      4390.00      48.6143      2.58309
      4391.40      45.6800      2.52845
      4392.80      46.2314      2.61597
      4394.20      46.1583      2.45319
      4395.60      44.7181      2.46083
      4397.00      46.4029      2.50523
      4398.40      46.2696      2.51642
      4399.80      47.1137      2.66472
      4401.20      47.1578      2.65619
      4402.60      45.8834      2.65700
      4404.00      46.7460      2.70021
      4405.40      46.0283      2.60224
      4406.80      47.4580      2.60511
      4408.20      48.2930      2.59054
      4409.60      48.2478      2.67141
      4411.00      46.0381      2.61341
      4412.40      46.9448      2.53260
      4413.80      44.9930      2.53307
      4415.20      45.2068      2.53438
      4416.60      47.9818      2.68553
      4418.00      48.0003      2.57120
      4419.40      45.7914      2.50440
      4420.80      46.4991      2.49860
      4422.20      45.3310      2.61479
      4423.60      46.7090      2.55526
      4425.00      46.6227      2.47940
      4426.40      46.4419      2.55837
      4427.80      44.6785      2.37504
      4429.20      45.0318      2.38069
      4430.60      46.4182      2.56319
      4432.00      45.9733      2.48666
      4433.40      46.5720      2.49394
      4434.80      44.5206      2.43364
      4436.20      45.2701      2.36008
      4437.60      44.6610      2.48125
      4439.00      46.3370      2.48594
      4440.40      45.1965      2.49009
      4441.80      46.1869      2.36347
      4443.20      44.3772      2.39148
      4444.60      45.8475      2.44790
      4446.00      45.1742      2.43772
      4447.40      46.6101      2.41956
      4448.80      44.2386      2.45851
      4450.20      44.4013      2.44654
      4451.60      47.2402      2.51623
      4453.00      44.1744      2.48270
      4454.40      44.8307      2.42746
      4455.80      44.1634      2.41457
      4457.20      46.5764      2.47862
      4458.60      44.8779      2.44842
      4460.00      46.1068      2.59193
      4461.40      45.4056      2.57715
      4462.80      47.0847      2.57635
      4464.20      47.4243      2.56834
      4465.60      45.8308      2.48278
      4467.00      43.3874      2.34373
      4468.40      44.7312      2.39583
      4469.80      47.2724      2.52004
      4471.20      46.1299      2.48879
      4472.60      45.9941      2.42510
      4474.00      44.5923      2.52597
      4475.40      45.3351      2.56854
      4476.80      47.5326      2.66031
      4478.20      44.6071      2.42225
      4479.60      42.6204      2.40889
      4481.00      43.2691      2.40748
      4482.40      44.7415      2.34981
      4483.80      45.5266      2.42547
      4485.20      44.8022      2.33829
      4486.60      45.9944      2.48726
      4488.00      45.4038      2.53765
      4489.40      46.6514      2.57867
      4490.80      45.6814      2.42966
      4492.20      45.2181      2.37026
      4493.60      45.5683      2.38368
      4495.00      44.5345      2.43260
      4496.40      45.4479      2.43787
      4497.80      44.5724      2.36390
      4499.20      45.4695      2.33035
      4500.60      41.6619      2.50375
      4502.00      47.5002      2.71382
      4503.40      44.6906      2.43349
      4504.80      45.6552      2.42522
      4506.20      46.0558      2.41145
      4507.60      43.5871      2.32556
      4509.00      45.6136      2.40235
      4510.40      45.2421      2.45170
      4511.80      46.1134      2.43787
      4513.20      45.3335      2.41501
      4514.60      44.6808      2.43762
      4516.00      44.2592      2.34654
      4517.40      45.3617      2.37283
      4518.80      45.5707      2.34884
      4520.20      44.3026      2.31730
      4521.60      42.1467      2.31804
      4523.00      45.1765      2.38628
      4524.40      45.3390      2.49146
      4525.80      44.6922      2.41661
      4527.20      45.7276      2.30715
      4528.60      43.7859      2.29289
      4530.00      43.0680      2.30003
      4531.40      43.3390      2.24781
      4532.80      45.3753      2.44092
      4534.20      44.0462      2.36578
      4535.60      44.8402      2.47854
      4537.00      46.6292      2.48546
      4538.40      45.7195      2.41327
      4539.80      45.0906      2.38348
      4541.20      43.4727      2.32226
      4542.60      46.2463      2.41119
      4544.00      44.3445      2.43263
      4545.40      45.8090      2.48844
      4546.80      43.1907      2.38622
      4548.20      42.0358      2.28629
      4549.60      44.3387      2.41319
      4551.00      45.6716      2.41743
      4552.40      46.0454      2.31754
      4553.80      45.0265      2.34675
      4555.20      43.9829      2.45107
      4556.60      43.9964      2.44615
      4558.00      43.6116      2.45509
      4559.40      44.3603      2.32173
      4560.80      44.4479      2.40921
      4562.20      43.4554      2.40125
      4563.60      44.3306      2.40118
      4565.00      44.7925      2.29621
      4566.40      44.9450      2.38465
      4567.80      44.7854      2.29243
      4569.20      44.0105      2.31791
      4570.60      43.6395      2.37026
      4572.00      44.0215      2.32914
      4573.40      44.5640      2.32532
      4574.80      45.4610      2.36312
      4576.20      45.4107      2.33297
      4577.60      45.2592      2.39421
      4579.00      44.5882      2.23861
      4580.40      43.0708      2.38105
      4581.80      43.5010      2.32630
      4583.20      44.1280      2.32957
      4584.60      43.8069      2.23389
      4586.00      44.7820      2.31514
      4587.40      44.8659      2.34656
      4588.80      44.1491      2.26054
      4590.20      44.6175      2.35098
      4591.60      45.1042      2.32580
      4593.00      45.1066      2.31840
      4594.40      46.1417      2.32995
      4595.80      44.8124      2.21560
      4597.20      43.5496      2.31421
      4598.60      44.4061      2.35906
      4600.00      44.0705      2.38896
      4601.40      43.9506      2.40810
      4602.80      44.3883      2.29415
      4604.20      43.9825      2.20238
      4605.60      43.9823      2.25973
      4607.00      44.8836      2.32927
      4608.40      45.2106      2.41252
      4609.80      44.1940      2.34958
      4611.20      43.2443      2.23477
      4612.60      44.5637      2.25248
      4614.00      44.6369      2.32488
      4615.40      43.7122      2.31382
      4616.80      45.1567      2.36540
      4618.20      44.4227      2.31283
      4619.60      43.1895      2.25181
      4621.00      43.3919      2.27982
      4622.40      44.5544      2.26886
      4623.80      44.9256      2.25394
      4625.20      43.4962      2.20448
      4626.60      43.3401      2.20403
      4628.00      42.8789      2.21656
      4629.40      44.4149      2.26468
      4630.80      43.6151      2.20192
      4632.20      44.7071      2.22005
      4633.60      44.4613      2.21479
      4635.00      43.3715      2.23639
      4636.40      43.5045      2.22236
      4637.80      43.4511      2.23527
      4639.20      44.0264      2.28992
      4640.60      43.1742      2.22441
      4642.00      45.1553      2.28148
      4643.40      43.9888      2.29282
      4644.80      43.1070      2.22445
      4646.20      45.5046      2.33204
      4647.60      44.2528      2.29381
      4649.00      44.0266      2.24917
      4650.40      44.8804      2.31658
      4651.80      44.0118      2.28965
      4653.20      44.2343      2.43005
      4654.60      42.3826      2.20055
      4656.00      42.1556      2.13125
      4657.40      45.5681      2.31431
      4658.80      44.7755      2.28728
      4660.20      42.7506      2.21673
      4661.60      44.7166      2.40445
      4663.00      44.1947      2.32497
      4664.40      45.3054      2.30971
      4665.80      43.4310      2.25872
      4667.20      43.8901      2.33989
      4668.60      43.7075      2.25174
      4670.00      44.0001      2.31717
      4671.40      42.6187      2.31845
      4672.80      42.3719      2.33939
      4674.20      43.9329      2.36896
      4675.60      44.4905      2.34443
      4677.00      43.3343      2.27779
      4678.40      43.5065      2.31665
      4679.80      41.7468      2.37488
      4681.20      43.8470      2.27608
      4682.60      42.6704      2.27842
      4684.00      43.0866      2.21904
      4685.40      42.8735      2.17907
      4686.80      44.0488      2.23142
      4688.20      43.5246      2.20176
      4689.60      43.7854      2.24511
      4691.00      42.4515      2.18076
      4692.40      41.9883      2.21779
      4693.80      42.8396      2.19339
      4695.20      43.6359      2.19908
      4696.60      43.6340      2.19067
      4698.00      42.7102      2.18423
      4699.40      42.9765      2.22470
      4700.80      44.1899      2.26365
      4702.20      43.4991      2.25159
      4703.60      43.7136      2.16605
      4705.00      43.3386      2.24710
      4706.40      42.0387      2.22564
      4707.80      43.3152      2.25849
      4709.20      43.5303      2.22071
      4710.60      42.9259      2.26392
      4712.00      43.2468      2.29314
      4713.40      43.3685      2.25285
      4714.80      43.0106      2.25170
      4716.20      42.7367      2.20575
      4717.60      43.0906      2.29066
      4719.00      43.9120      2.26743
      4720.40      43.1522      2.30846
      4721.80      43.4805      2.21752
      4723.20      42.6207      2.22318
      4724.60      42.2263      2.23455
      4726.00      43.2800      2.27713
      4727.40      42.8801      2.23453
      4728.80      42.1401      2.17085
      4730.20      42.5133      2.32224
      4731.60      43.2393      2.38786
      4733.00      42.4979      2.34583
      4734.40      46.7637      2.36482
      4735.80      43.6037      2.23339
      4737.20      42.2706      2.21431
      4738.60      41.4813      2.25466
      4740.00      41.9668      2.27550
      4741.40      42.9564      2.34852
      4742.80      42.9485      2.28476
      4744.20      42.0593      2.15032
      4745.60      43.1692      2.20330
      4747.00      43.0492      2.27669
      4748.40      43.0914      2.26835
      4749.80      43.0206      2.24976
      4751.20      43.0494      2.23198
      4752.60      42.4497      2.14278
      4754.00      41.0035      2.03518
      4755.40      41.0976      2.15370
      4756.80      42.1278      2.14865
      4758.20      42.5686      2.17659
      4759.60      41.6674      2.23122
      4761.00      43.2850      2.18992
      4762.40      41.9005      2.15528
      4763.80      41.4050      2.10589
      4765.20      43.0056      2.20476
      4766.60      42.1418      2.27366
      4768.00      41.8533      2.15359
      4769.40      43.3478      2.10710
      4770.80      40.2596      2.04670
      4772.20      42.7806      2.15593
      4773.60      40.6814      2.13718
      4775.00      41.3973      2.11356
      4776.40      42.1934      2.17983
      4777.80      43.4394      2.50387
      4779.20      41.7303      2.30334
      4780.60      41.7810      2.17627
      4782.00      41.3211      2.16465
      4783.40      42.2126      2.16454
      4784.80      41.2486      2.15270
      4786.20      40.8920      2.05769
      4787.60      41.2586      2.07141
      4789.00      41.6895      2.10354
      4790.40      42.1851      2.19233
      4791.80      40.7885      2.12381
      4793.20      40.6815      2.14271
      4794.60      42.5417      2.25881
      4796.00      42.5725      2.14148
      4797.40      42.3868      2.11091
      4798.80      41.1844      2.09590
      4800.20      43.0993      2.10267
      4801.60      41.6201      2.12050
      4803.00      41.9664      2.18710
      4804.40      40.6878      2.10534
      4805.80      42.2737      2.11624
      4807.20      42.9672      2.18357
      4808.60      41.1555      2.10374
      4810.00      42.7509      2.14211
      4811.40      41.0335      2.15670
      4812.80      41.1960      2.13827
      4814.20      40.5886      2.10833
      4815.60      40.6311      2.09325
      4817.00      40.0086      2.06071
      4818.40      39.8056      1.98513
      4819.80      40.1905      2.13832
      4821.20      40.1667      2.09174
      4822.60      39.9280      2.06302
      4824.00      39.9010      2.12591
      4825.40      41.5574      2.14581
      4826.80      41.6043      2.12926
      4828.20      39.1263      2.04340
      4829.60      39.9901      2.06736
      4831.00      40.2936      2.09136
      4832.40      38.8420      2.12163
      4833.80      39.0896      2.11165
      4835.20      40.2960      2.03228
      4836.60      38.5642      2.05593
      4838.00      38.9348      2.10840
      4839.40      39.2421      2.06371
      4840.80      37.3896      2.04477
      4842.20      37.1533      1.95299
      4843.60      36.6694      1.99400
      4845.00      35.5933      1.98948
      4846.40      34.5261      1.84780
      4847.80      34.4515      1.81519
      4849.20      33.6679      1.91456
      4850.60      31.9220      1.83018
      4852.00      30.5620      1.74395
      4853.40      27.5258      1.67182
      4854.80      26.6849      1.64707
      4856.20      23.2772      1.55049
      4857.60      18.7680      1.46437
      4859.00      14.9474      1.34405
      4860.40      17.6506      1.35810
      4861.80      21.6014      1.54589
      4863.20      25.5978      1.67561
      4864.60      27.6372      1.73310
      4866.00      29.0192      1.81372
      4867.40      31.2247      1.88625
      4868.80      31.4821      1.96329
      4870.20      32.7619      2.10592
      4871.60      33.6341      2.00847
      4873.00      34.4581      1.96466
      4874.40      34.8416      1.98270
      4875.80      34.8537      2.06925
      4877.20      37.5309      2.03118
      4878.60      37.8674      2.06387
      4880.00      37.6120      1.99556
      4881.40      36.5521      1.95937
      4882.80      36.9686      2.08990
      4884.20      37.2209      2.10262
      4885.60      37.6725      2.05099
      4887.00      37.6115      2.05581
      4888.40      39.6861      2.12599
      4889.80      37.9476      2.10728
      4891.20      38.7848      2.05293
      4892.60      40.5034      2.07989
      4894.00      40.0153      2.07281
      4895.40      39.3791      2.00038
      4896.80      39.9403      2.11750
      4898.20      40.3558      2.08034
      4899.60      39.3859      2.04796
      4901.00      38.2568      2.03082
      4902.40      39.7051      1.98326
      4903.80      40.9633      2.11356
      4905.20      39.2483      2.05591
      4906.60      40.6317      2.15316
      4908.00      39.5878      2.15184
      4909.40      39.2979      2.00651
      4910.80      40.2413      1.95900
      4912.20      40.5446      2.06298
      4913.60      41.3105      2.13271
      4915.00      40.6108      2.22237
      4916.40      40.7419      2.20851
      4917.80      39.4988      2.03264
      4919.20      38.2341      1.93725
      4920.60      39.2371      2.01959
      4922.00      37.9717      1.99336
      4923.40      39.2969      1.99606
      4924.80      40.1396      2.04650
      4926.20      38.8126      1.97033
      4927.60      40.4007      2.03881
      4929.00      41.3868      2.07655
      4930.40      39.5230      1.95605
      4931.80      39.3565      1.98409
      4933.20      40.6268      2.01891
      4934.60      40.5331      2.07870
      4936.00      40.4736      2.00668
      4937.40      41.0069      2.08873
      4938.80      40.6595      2.02879
      4940.20      39.8116      2.02582
      4941.60      40.1203      2.02845
      4943.00      40.7718      2.06986
      4944.40      40.4702      2.03457
      4945.80      40.6575      2.05393
      4947.20      40.4014      2.04469
      4948.60      40.9761      2.05849
      4950.00      39.2360      2.01192
      4951.40      41.1590      2.05274
      4952.80      39.8751      1.99092
      4954.20      40.2227      1.98207
      4955.60      38.6029      1.99698
      4957.00      38.6796      1.98449
      4958.40      40.5058      2.04019
      4959.80      39.6891      2.04531
      4961.20      39.9685      1.99354
      4962.60      39.6130      2.03546
      4964.00      38.7200      1.95783
      4965.40      40.6581      2.03568
      4966.80      39.3233      2.04224
      4968.20      40.5088      1.96056
      4969.60      40.1125      2.04071
      4971.00      39.9523      2.03594
      4972.40      40.9097      1.95579
      4973.80      39.8540      1.95553
      4975.20      39.1737      2.02550
      4976.60      39.5671      2.05342
      4978.00      39.4809      2.04718
      4979.40      39.5080      1.99166
      4980.80      38.7395      2.01033
      4982.20      39.3159      2.06340
      4983.60      40.4921      2.04272
      4985.00      39.2529      2.07381
      4986.40      40.6693      2.14201
      4987.80      41.5159      2.16013
      4989.20      40.6796      2.16224
      4990.60      39.7485      2.06473
      4992.00      39.3033      2.00081
      4993.40      40.5479      2.12567
      4994.80      41.0912      2.07952
      4996.20      40.0214      2.01468
      4997.60      40.8360      2.06404
      4999.00      40.0183      2.04517
