      3900.00      84.4563      7.19112
      3901.40      100.053      7.91129
      3902.80      90.3654      7.62792
      3904.20      103.405      8.19901
      3905.60      101.681      8.09861
      3907.00      105.908      7.92512
      3908.40      113.109      8.23365
      3909.80      117.103      8.77500
      3911.20      115.058      8.28757
      3912.60      118.406      8.69994
      3914.00      120.005      8.53583
      3915.40      117.780      8.19055
      3916.80      112.315      8.06903
      3918.20      118.012      8.48439
      3919.60      115.615      8.08738
      3921.00      119.907      8.14923
      3922.40      118.797      8.18527
      3923.80      117.677      8.11374
      3925.20      122.262      8.23188
      3926.60      121.190      8.35485
      3928.00      123.502      8.49967
      3929.40      109.795      7.47361
      3930.80      116.134      7.94877
      3932.20      112.747      7.97379
      3933.60      102.676      7.38065
      3935.00      76.5125      6.40527
      3936.40      77.0303      6.30832
      3937.80      104.354      7.31302
      3939.20      116.795      7.79143
      3940.60      111.689      7.65210
      3942.00      120.795      8.43809
      3943.40      122.143      8.23928
      3944.80      112.923      8.06046
      3946.20      118.103      7.84944
      3947.60      111.299      7.84763
      3949.00      119.722      8.08239
      3950.40      119.791      7.60514
      3951.80      115.053      7.48554
      3953.20      112.628      7.49172
      3954.60      102.708      7.40191
      3956.00      109.684      7.58633
      3957.40      97.6848      6.86207
      3958.80      109.641      7.35368
      3960.20      94.5914      7.09129
      3961.60      93.2645      6.92275
      3963.00      85.9257      7.01129
      3964.40      77.5005      6.47456
      3965.80      81.1073      6.19686
      3967.20      70.0682      5.92712
      3968.60      57.8751      5.36678
      3970.00      41.9978      4.86205
      3971.40      29.5594      4.13578
      3972.80      29.6792      4.20575
      3974.20      49.0204      5.10866
      3975.60      60.5393      5.93674
      3977.00      65.4924      6.22362
      3978.40      73.1795      6.16114
      3979.80      84.0569      6.75049
      3981.20      87.7532      6.84366
      3982.60      90.2700      6.77372
      3984.00      98.4487      7.15029
      3985.40      95.7456      7.05357
      3986.80      109.222      7.45291
      3988.20      107.354      7.17950
      3989.60      106.016      7.27200
      3991.00      107.724      7.23186
      3992.40      110.919      7.14370
      3993.80      106.331      7.17374
      3995.20      110.756      6.98716
      3996.60      110.661      7.05938
      3998.00      112.560      7.19611
      3999.40      114.797      7.62476
      4000.80      112.054      7.48987
      4002.20      113.030      7.46467
      4003.60      114.506      7.28230
      4005.00      120.651      7.72618
      4006.40      112.480      7.22037
      4007.80      116.488      7.16210
      4009.20      113.352      7.30941
      4010.60      112.401      7.06890
      4012.00      114.859      7.13923
      4013.40      114.753      7.04727
      4014.80      110.302      7.21064
      4016.20      110.951      7.21245
      4017.60      118.598      7.37620
      4019.00      115.650      7.09240
      4020.40      123.706      7.80873
      4021.80      112.683      7.85694
      4023.20      109.933      7.95231
      4024.60      113.231      7.54554
      4026.00      116.817      7.69924
      4027.40      116.424      7.36527
      4028.80      113.793      7.17326
      4030.20      111.926      6.97557
      4031.60      107.579      7.03710
      4033.00      115.168      7.40698
      4034.40      117.027      7.31545
      4035.80      110.845      7.19058
      4037.20      122.025      7.28846
      4038.60      111.656      7.14625
      4040.00      115.231      7.28450
      4041.40      115.446      7.08013
      4042.80      116.390      7.55818
      4044.20      117.010      7.28687
      4045.60      114.403      6.93920
      4047.00      113.000      7.50584
      4048.40      106.958      7.37825
      4049.80      115.703      7.36711
      4051.20      108.121      6.64219
      4052.60      106.283      6.87491
      4054.00      111.897      7.20077
      4055.40      105.628      7.01534
      4056.80      110.903      7.24624
      4058.20      109.583      7.30439
      4059.60      114.316      7.06202
      4061.00      108.680      7.12491
      4062.40      111.381      6.86259
      4063.80      106.291      7.02929
      4065.20      110.623      6.99309
      4066.60      107.819      7.03186
      4068.00      110.124      6.69312
      4069.40      110.553      6.58745
      4070.80      111.628      7.04275
      4072.20      109.810      6.82422
      4073.60      106.237      6.90792
      4075.00      110.852      7.05112
      4076.40      106.973      6.85961
      4077.80      110.549      6.97653
      4079.20      105.720      6.62142
      4080.60      100.900      6.52937
      4082.00      107.257      6.93035
      4083.40      101.158      6.81581
      4084.80      102.407      6.87427
      4086.20      92.8292      6.73015
      4087.60      100.760      6.87168
      4089.00      88.6636      6.51932
      4090.40      96.1127      6.60295
      4091.80      91.7879      6.45671
      4093.20      84.5034      6.09726
      4094.60      76.6190      5.84510
      4096.00      81.6259      5.59217
      4097.40      69.3889      5.54114
      4098.80      67.2678      5.46089
      4100.20      60.1329      5.08120
      4101.60      51.9958      4.73367
      4103.00      38.8252      4.23744
      4104.40      29.8652      3.82251
      4105.80      46.6781      4.36781
      4107.20      55.0815      4.94049
      4108.60      68.8681      5.32484
      4110.00      67.8715      5.52232
      4111.40      76.2793      5.39582
      4112.80      79.3992      5.72105
      4114.20      86.4430      5.97017
      4115.60      85.6197      5.87111
      4117.00      98.4686      6.22698
      4118.40      93.3282      5.96481
      4119.80      94.0941      6.10829
      4121.20      96.0922      6.56112
      4122.60      99.8462      6.45898
      4124.00      96.0368      6.03518
      4125.40      97.9406      6.16382
      4126.80      94.8765      6.11192
      4128.20      99.0129      6.03980
      4129.60      104.162      6.31250
      4131.00      102.844      6.38269
      4132.40      102.221      6.25246
      4133.80      102.586      6.18178
      4135.20      104.689      6.34984
      4136.60      107.839      6.49854
      4138.00      103.118      6.36244
      4139.40      101.849      6.46189
      4140.80      107.344      6.69972
      4142.20      105.986      6.44693
      4143.60      99.6142      6.66407
      4145.00      105.419      6.55396
      4146.40      98.3770      6.06084
      4147.80      103.876      6.21551
      4149.20      105.684      6.31975
      4150.60      109.354      6.56567
      4152.00      100.397      6.17056
      4153.40      112.230      6.70358
      4154.80      104.046      6.66273
      4156.20      106.078      6.44223
      4157.60      104.988      6.26484
      4159.00      108.658      6.44836
      4160.40      104.495      6.21876
      4161.80      107.733      6.46114
      4163.20      101.478      6.06017
      4164.60      106.062      6.27022
      4166.00      107.375      6.34678
      4167.40      106.171      6.34354
      4168.80      104.277      6.02665
      4170.20      99.5184      6.08955
      4171.60      101.219      5.92880
      4173.00      103.950      6.14001
      4174.40      102.627      6.24979
      4175.80      97.7315      6.02466
      4177.20      106.647      6.21854
      4178.60      106.991      6.01376
      4180.00      105.215      6.51137
      4181.40      102.617      6.22570
      4182.80      102.228      6.08025
      4184.20      100.463      5.88110
      4185.60      103.660      6.02822
      4187.00      98.8543      6.29353
      4188.40      101.409      6.04698
      4189.80      101.520      6.07983
      4191.20      106.024      6.16515
      4192.60      102.981      6.14107
      4194.00      94.6172      5.82770
      4195.40      104.258      6.12063
      4196.80      102.446      6.04495
      4198.20      98.8646      6.26480
      4199.60      100.835      6.08246
      4201.00      100.854      6.03699
      4202.40      105.252      6.09062
      4203.80      99.4770      6.10015
      4205.20      99.9794      6.07252
      4206.60      105.538      6.05542
      4208.00      102.352      6.19094
      4209.40      108.009      6.22611
      4210.80      105.492      6.14298
      4212.20      104.538      6.05187
      4213.60      101.558      5.99507
      4215.00      100.602      6.20152
      4216.40      104.563      6.27504
      4217.80      100.892      5.79319
      4219.20      96.9996      5.82451
      4220.60      99.5085      6.00182
      4222.00      104.006      6.11071
      4223.40      100.963      5.92052
      4224.80      102.593      5.98343
      4226.20      97.8313      5.62677
      4227.60      101.403      5.84908
      4229.00      99.2929      5.71795
      4230.40      103.325      5.73743
      4231.80      99.9709      6.23831
      4233.20      99.2072      5.86283
      4234.60      98.3487      5.98423
      4236.00      96.3213      5.67899
      4237.40      100.805      5.70972
      4238.80      101.936      6.25304
      4240.20      103.583      6.29262
      4241.60      101.534      6.16872
      4243.00      97.9605      5.82800
      4244.40      97.2940      5.89252
      4245.80      98.1519      5.80840
      4247.20      97.8400      5.72633
      4248.60      100.841      5.99830
      4250.00      98.9417      6.11656
      4251.40      99.7450      5.75862
      4252.80      97.8069      5.73795
      4254.20      98.6583      5.92840
      4255.60      96.5619      5.63785
      4257.00      101.201      5.98399
      4258.40      101.290      5.90729
      4259.80      100.390      5.80547
      4261.20      93.6949      5.85101
      4262.60      103.811      5.79478
      4264.00      97.0175      5.67783
      4265.40      101.236      5.71090
      4266.80      102.034      5.84454
      4268.20      95.6412      5.73458
      4269.60      96.5971      5.78015
      4271.00      93.6191      5.96537
      4272.40      93.4589      5.89637
      4273.80      94.2681      5.82838
      4275.20      95.2319      5.73969
      4276.60      99.6603      5.66284
      4278.00      96.7963      5.67647
      4279.40      97.9099      6.22100
      4280.80      94.8683      5.68893
      4282.20      94.0330      5.83052
      4283.60      100.585      5.73773
      4285.00      99.5364      6.05286
      4286.40      95.6211      5.56632
      4287.80      97.1768      5.60444
      4289.20      97.3801      5.83823
      4290.60      96.8993      5.67048
      4292.00      95.7239      5.78754
      4293.40      95.9951      5.65977
      4294.80      94.3096      5.62272
      4296.20      94.7107      5.56191
      4297.60      89.4288      5.48098
      4299.00      95.4384      5.55040
      4300.40      96.4918      5.60677
      4301.80      94.2287      5.49066
      4303.20      92.8006      5.56191
      4304.60      89.7558      5.48682
      4306.00      96.2792      5.66466
      4307.40      94.1434      5.40293
      4308.80      95.5730      5.53210
      4310.20      88.5258      5.23438
      4311.60      91.3377      5.45197
      4313.00      90.4281      5.37510
      4314.40      86.7359      5.50921
      4315.80      88.4558      5.35428
      4317.20      88.3598      5.62268
      4318.60      92.8756      5.59851
      4320.00      92.8415      5.71436
      4321.40      85.4739      5.30690
      4322.80      85.3688      5.19066
      4324.20      86.5342      5.26487
      4325.60      85.7151      5.32366
      4327.00      85.6035      5.31858
      4328.40      72.9689      4.88790
      4329.80      78.5061      5.01579
      4331.20      79.2155      4.89459
      4332.60      72.7829      5.02671
      4334.00      70.0499      4.83402
      4335.40      66.1970      4.74246
      4336.80      65.0993      4.43811
      4338.20      59.3290      4.29811
      4339.60      53.8508      4.15097
      4341.00      39.8637      3.62922
      4342.40      31.9716      3.22377
      4343.80      32.4341      3.26742
      4345.20      45.4836      3.91445
      4346.60      50.3545      4.15195
      4348.00      62.1794      4.69015
      4349.40      65.1128      4.55570
      4350.80      65.9073      4.28694
      4352.20      72.1531      4.79145
      4353.60      70.3258      4.72087
      4355.00      76.0410      4.72459
      4356.40      77.3440      4.86342
      4357.80      78.2765      5.23646
      4359.20      84.5199      5.48072
      4360.60      91.1253      5.65392
      4362.00      86.0965      5.24924
      4363.40      86.9990      5.19945
      4364.80      85.4012      5.18684
      4366.20      88.4222      5.22462
      4367.60      86.2554      5.16405
      4369.00      88.4348      5.24122
      4370.40      88.7923      5.60868
      4371.80      88.1120      5.57280
      4373.20      92.9538      5.29023
      4374.60      93.1325      5.29310
      4376.00      86.6320      5.02453
      4377.40      90.3764      5.38792
      4378.80      93.0693      5.37601
      4380.20      93.1947      5.40546
      4381.60      85.0519      5.12072
      4383.00      93.9393      5.44071
      4384.40      93.8342      5.39105
      4385.80      90.0568      5.24270
      4387.20      89.1033      5.34572
      4388.60      89.3385      5.52508
      4390.00      92.4930      5.48598
      4391.40      93.3929      5.46374
      4392.80      91.1014      5.27521
      4394.20      86.5921      5.49732
      4395.60      93.6146      5.54946
      4397.00      85.8744      5.30784
      4398.40      86.9818      5.33994
      4399.80      91.6994      5.33165
      4401.20      88.2493      5.20077
      4402.60      90.5792      5.05313
      4404.00      90.0902      5.33370
      4405.40      91.7239      5.46859
      4406.80      88.5719      5.19800
      4408.20      90.5657      5.20639
      4409.60      91.4550      5.16019
      4411.00      86.9389      5.16026
      4412.40      92.8877      5.19916
      4413.80      90.7760      5.27256
      4415.20      86.4925      5.20852
      4416.60      89.7653      5.31699
      4418.00      83.2428      5.13354
      4419.40      87.8935      5.14633
      4420.80      85.4383      5.14555
      4422.20      88.6884      5.31537
      4423.60      87.9015      5.09029
      4425.00      88.5192      5.15424
      4426.40      91.2283      4.93880
      4427.80      85.2995      4.93759
      4429.20      89.1079      5.11053
      4430.60      90.1552      5.28342
      4432.00      87.0410      5.25285
      4433.40      88.3951      5.22754
      4434.80      89.5201      5.30016
      4436.20      90.4603      5.30870
      4437.60      90.8437      5.23810
      4439.00      88.4933      5.18584
      4440.40      88.7420      5.09801
      4441.80      90.5764      5.10514
      4443.20      85.4732      4.80046
      4444.60      82.7760      4.93329
      4446.00      86.1052      4.92444
      4447.40      86.6685      5.01944
      4448.80      89.8333      5.18102
      4450.20      87.2167      5.22182
      4451.60      92.3278      5.35163
      4453.00      83.7950      5.06818
      4454.40      86.6121      4.97935
      4455.80      85.8237      4.95919
      4457.20      86.0644      5.02078
      4458.60      89.2568      5.14016
      4460.00      83.7445      5.14794
      4461.40      88.9132      5.04029
      4462.80      92.5934      5.11493
      4464.20      88.3392      5.03087
      4465.60      84.4382      4.89054
      4467.00      83.9580      4.89831
      4468.40      82.9672      4.92513
      4469.80      85.1094      5.21082
      4471.20      79.2851      4.79689
      4472.60      85.7314      4.85844
      4474.00      86.6435      4.83006
      4475.40      85.2030      4.92608
      4476.80      86.3090      5.08023
      4478.20      85.9920      5.00909
      4479.60      89.0223      5.07885
      4481.00      84.5627      4.84805
      4482.40      84.3864      4.76293
      4483.80      81.3733      4.75103
      4485.20      88.6388      4.80805
      4486.60      86.5104      5.24342
      4488.00      85.1870      4.91774
      4489.40      85.3644      4.93869
      4490.80      84.8269      4.98827
      4492.20      81.9861      4.74478
      4493.60      86.2822      4.95132
      4495.00      83.0775      4.94391
      4496.40      89.0367      5.00937
      4497.80      86.2218      4.99100
      4499.20      84.4901      4.91992
      4500.60      82.0224      4.78238
      4502.00      82.9721      4.84161
      4503.40      81.5592      4.97383
      4504.80      84.6098      5.10833
      4506.20      83.0993      5.09606
      4507.60      83.0045      4.87067
      4509.00      83.6984      4.91419
      4510.40      84.7509      4.87618
      4511.80      88.3507      4.93896
      4513.20      87.1386      4.96230
      4514.60      84.3911      4.90744
      4516.00      85.6451      4.87790
      4517.40      84.2854      4.72796
      4518.80      83.4777      4.72661
      4520.20      84.7919      4.64373
      4521.60      82.2997      4.80090
      4523.00      85.5002      4.88943
      4524.40      85.5425      4.83167
      4525.80      81.5345      4.79419
      4527.20      86.3801      4.92848
      4528.60      85.6453      4.81448
      4530.00      89.1767      5.17443
      4531.40      80.3353      4.78936
      4532.80      86.1807      4.89648
      4534.20      81.9321      4.85334
      4535.60      83.0994      4.62955
      4537.00      77.9948      4.57274
      4538.40      83.3969      4.72863
      4539.80      84.8674      4.86221
      4541.20      84.4626      4.74252
      4542.60      81.0888      4.57992
      4544.00      84.1623      4.88580
      4545.40      86.3912      4.78774
      4546.80      85.7244      4.90433
      4548.20      81.2699      4.70371
      4549.60      86.6395      4.89651
      4551.00      83.2504      4.87085
      4552.40      81.1755      4.87525
      4553.80      84.8323      5.04341
      4555.20      80.7022      5.26688
      4556.60      86.2093      4.90895
      4558.00      79.7227      4.56968
      4559.40      79.1685      4.66075
      4560.80      83.1281      4.70300
      4562.20      80.2602      4.77564
      4563.60      84.8651      4.97069
      4565.00      79.9682      4.58622
      4566.40      82.1005      4.65558
      4567.80      82.0926      4.50426
      4569.20      79.7796      4.73068
      4570.60      83.9522      4.85949
      4572.00      79.2971      4.79877
      4573.40      76.8798      4.57462
      4574.80      78.1709      4.80007
      4576.20      81.5743      4.67442
      4577.60      80.3087      4.48423
      4579.00      80.4838      4.61470
      4580.40      78.9346      4.59772
      4581.80      83.2176      4.74277
      4583.20      84.0985      4.61147
      4584.60      79.2730      4.63458
      4586.00      78.6951      4.71865
      4587.40      81.4458      4.50295
      4588.80      81.0564      4.46509
      4590.20      80.7667      4.70578
      4591.60      80.9449      4.78313
      4593.00      79.5815      4.47769
      4594.40      80.4168      4.56410
      4595.80      81.3861      4.60293
      4597.20      82.4779      4.70153
      4598.60      81.9987      4.57504
      4600.00      82.1059      4.66259
      4601.40      80.1059      4.53171
      4602.80      83.1609      4.76616
      4604.20      78.2146      4.64816
      4605.60      79.8946      4.77365
      4607.00      80.9594      4.63988
      4608.40      78.6136      4.34275
      4609.80      78.0724      4.39171
      4611.20      80.8201      4.51504
      4612.60      78.3508      4.59583
      4614.00      79.0302      4.48812
      4615.40      78.5936      4.50112
      4616.80      79.4278      4.46943
      4618.20      85.0944      4.68911
      4619.60      81.9637      4.73167
      4621.00      81.5239      4.57064
      4622.40      81.5693      4.57140
      4623.80      81.9718      4.66091
      4625.20      85.3967      4.82376
      4626.60      81.1133      4.51675
      4628.00      79.2731      4.48799
      4629.40      81.4078      4.42725
      4630.80      75.3455      4.29891
      4632.20      76.5708      4.46407
      4633.60      78.7533      4.50493
      4635.00      80.2868      4.64821
      4636.40      79.4097      4.57671
      4637.80      79.5657      4.39594
      4639.20      80.3105      4.61411
      4640.60      85.3749      4.67891
      4642.00      80.5450      4.68754
      4643.40      78.6774      4.27001
      4644.80      79.0692      4.28840
      4646.20      79.7723      4.37458
      4647.60      82.6279      4.57886
      4649.00      79.8818      4.74041
      4650.40      80.9066      4.63560
      4651.80      80.8782      4.39157
      4653.20      81.1546      4.47024
      4654.60      81.7267      4.43845
      4656.00      78.3536      4.49749
      4657.40      80.5101      4.70928
      4658.80      77.4331      4.60577
      4660.20      79.3218      4.33631
      4661.60      80.4895      4.49726
      4663.00      78.5653      4.43925
      4664.40      79.9796      4.40621
      4665.80      80.5813      4.51416
      4667.20      79.5016      4.52149
      4668.60      76.8272      4.24196
      4670.00      74.7046      4.25736
      4671.40      79.3140      4.53994
      4672.80      81.0017      4.54860
      4674.20      78.0174      4.45840
      4675.60      78.2868      4.38233
      4677.00      80.2294      4.44997
      4678.40      80.9993      4.61790
      4679.80      80.8742      4.76326
      4681.20      78.7364      4.68781
      4682.60      77.4806      4.44427
      4684.00      77.6133      4.28471
      4685.40      77.5993      4.35299
      4686.80      78.7764      4.34547
      4688.20      75.1915      4.47644
      4689.60      78.1935      4.40044
      4691.00      77.0538      4.33037
      4692.40      79.7791      4.50996
      4693.80      78.5595      4.47286
      4695.20      77.0100      4.43684
      4696.60      80.3109      4.52110
      4698.00      76.6805      4.40933
      4699.40      76.6041      4.16944
      4700.80      76.3359      4.34868
      4702.20      78.3663      4.48437
      4703.60      78.1040      4.39948
      4705.00      74.2990      4.29381
      4706.40      78.3583      4.42478
      4707.80      80.8488      4.45601
      4709.20      78.4704      4.36119
      4710.60      74.3407      4.25906
      4712.00      75.8378      4.31787
      4713.40      72.0183      4.09295
      4714.80      76.2908      4.41470
      4716.20      77.0167      4.23416
      4717.60      77.9423      4.55594
      4719.00      79.9692      4.58222
      4720.40      79.5287      4.49502
      4721.80      78.4043      4.46134
      4723.20      76.9064      4.38620
      4724.60      75.7045      4.37312
      4726.00      77.4774      4.31210
      4727.40      76.3647      4.28262
      4728.80      76.2565      4.49668
      4730.20      76.5455      4.48837
      4731.60      77.5196      4.44860
      4733.00      80.0683      4.46165
      4734.40      77.7306      4.37658
      4735.80      75.3851      4.32330
      4737.20      77.3979      4.30485
      4738.60      77.0298      4.46818
      4740.00      73.0207      4.34684
      4741.40      77.5518      4.33303
      4742.80      77.2690      4.34691
      4744.20      76.3683      4.46834
      4745.60      76.7115      4.33426
      4747.00      75.1930      4.39411
      4748.40      78.5381      4.36547
      4749.80      75.5261      4.27197
      4751.20      74.6830      4.31433
      4752.60      77.6692      4.24495
      4754.00      76.4620      4.29424
      4755.40      76.5672      4.33083
      4756.80      74.8439      4.14420
      4758.20      72.4018      4.14616
      4759.60      74.9436      4.15010
      4761.00      74.7006      4.07700
      4762.40      73.6084      4.22215
      4763.80      76.4625      4.29482
      4765.20      72.0252      4.08638
      4766.60      74.4334      3.98214
      4768.00      74.8275      4.19491
      4769.40      76.8602      4.27825
      4770.80      74.3113      4.30306
      4772.20      73.8588      4.26544
      4773.60      76.0758      4.23271
      4775.00      73.2892      4.22469
      4776.40      76.0584      4.41786
      4777.80      71.2146      4.16510
      4779.20      73.9012      4.12414
      4780.60      77.0192      4.31628
      4782.00      69.5875      4.10420
      4783.40      78.1579      4.33840
      4784.80      72.6726      4.25031
      4786.20      76.6148      4.30571
      4787.60      75.0336      4.24450
      4789.00      74.6137      4.26679
      4790.40      72.8455      4.24164
      4791.80      73.9972      4.12637
      4793.20      72.1904      4.22812
      4794.60      72.2541      4.01967
      4796.00      74.4810      4.25614
      4797.40      71.6533      4.22454
      4798.80      72.9480      4.19580
      4800.20      75.1283      4.24518
      4801.60      72.7916      4.19821
      4803.00      74.3187      4.16282
      4804.40      74.6440      4.17441
      4805.80      72.4130      4.19205
      4807.20      72.7109      4.09328
      4808.60      72.6513      4.04146
      4810.00      71.2282      3.96479
      4811.40      71.7224      4.11663
      4812.80      71.6338      4.17065
      4814.20      72.0651      4.29118
      4815.60      72.7630      4.22434
      4817.00      74.5353      4.22823
      4818.40      74.7199      4.16181
      4819.80      75.5536      4.11132
      4821.20      72.5801      4.06830
      4822.60      74.4717      4.15395
      4824.00      70.4436      4.01274
      4825.40      71.3292      4.10072
      4826.80      70.6695      4.04071
      4828.20      75.5372      4.17741
      4829.60      73.0765      4.29300
      4831.00      71.5357      4.22690
      4832.40      70.2405      4.32949
      4833.80      69.9922      4.10397
      4835.20      71.8242      4.07664
      4836.60      69.7627      4.09597
      4838.00      67.9532      4.17202
      4839.40      67.8395      3.95460
      4840.80      66.2787      3.97258
      4842.20      66.8475      3.95311
      4843.60      63.3154      3.78956
      4845.00      66.6909      3.87763
      4846.40      64.4101      3.67703
      4847.80      64.4563      4.02349
      4849.20      61.5317      3.74805
      4850.60      63.9651      3.70061
      4852.00      60.1047      3.67933
      4853.40      58.8179      3.70925
      4854.80      57.6768      3.71095
      4856.20      53.7574      3.52023
      4857.60      53.2255      3.41130
      4859.00      48.4611      3.43248
      4860.40      42.2970      3.29535
      4861.80      36.8503      2.86676
      4863.20      27.3304      2.66994
      4864.60      25.6747      2.53463
      4866.00      34.0736      2.78191
      4867.40      42.5702      3.14297
      4868.80      48.3260      3.31190
      4870.20      52.4384      3.65348
      4871.60      54.9478      3.67445
      4873.00      54.2606      3.63964
      4874.40      55.5932      3.54346
      4875.80      57.2751      3.62781
      4877.20      57.9785      3.69622
      4878.60      59.8886      3.64094
      4880.00      63.5305      3.65741
      4881.40      61.6947      3.85076
      4882.80      66.2729      4.02337
      4884.20      65.9831      3.97050
      4885.60      69.2441      3.97561
      4887.00      66.6983      3.93146
      4888.40      68.4000      4.00184
      4889.80      67.8941      4.12514
      4891.20      66.5181      4.05193
      4892.60      67.9822      4.01923
      4894.00      67.7993      4.00114
      4895.40      67.6170      4.22380
      4896.80      68.3159      4.02796
      4898.20      66.6972      3.99829
      4899.60      68.1985      4.27801
      4901.00      69.3620      4.28925
      4902.40      70.9468      4.27581
      4903.80      69.1731      4.10204
      4905.20      66.4648      4.04880
      4906.60      65.6730      4.20834
      4908.00      68.2722      4.11338
      4909.40      66.3823      4.11769
      4910.80      71.1662      4.07524
      4912.20      66.9322      3.98205
      4913.60      67.7378      3.90254
      4915.00      68.3916      3.92788
      4916.40      68.0155      4.21751
      4917.80      68.7874      4.13120
      4919.20      70.1631      4.12852
      4920.60      68.3510      3.87966
      4922.00      64.6158      3.83009
      4923.40      66.2693      3.84735
      4924.80      64.4137      3.76963
      4926.20      62.8584      3.82229
      4927.60      70.6079      3.96037
      4929.00      68.8220      3.96649
      4930.40      66.0273      4.04562
      4931.80      68.0349      3.80512
      4933.20      71.6656      4.14398
      4934.60      69.1165      4.07742
      4936.00      67.7774      3.84912
      4937.40      66.6363      3.79711
      4938.80      66.1420      3.95661
      4940.20      66.5970      3.73553
      4941.60      66.4121      3.81685
      4943.00      66.5117      3.81651
      4944.40      67.5862      3.85305
      4945.80      69.0933      3.81207
      4947.20      69.6578      3.83221
      4948.60      65.2944      3.83486
      4950.00      68.3044      3.98227
      4951.40      68.7245      3.94492
      4952.80      69.8308      3.96372
      4954.20      66.8009      3.86880
      4955.60      66.6469      3.80473
      4957.00      61.4438      3.67059
      4958.40      65.0534      3.70540
      4959.80      66.5914      3.76261
      4961.20      66.2050      3.62286
      4962.60      66.2035      3.78349
      4964.00      68.4551      3.83770
      4965.40      70.0067      3.93567
      4966.80      67.1702      3.95262
      4968.20      68.1960      3.90962
      4969.60      66.7986      3.97676
      4971.00      67.1862      3.85503
      4972.40      64.2331      3.79531
      4973.80      69.5155      3.82375
      4975.20      67.0052      3.80908
      4976.60      67.6068      3.93543
      4978.00      71.0323      3.93971
      4979.40      69.0014      3.86472
      4980.80      66.4310      3.84993
      4982.20      67.2126      3.70650
      4983.60      68.1797      4.04640
      4985.00      66.7938      3.99660
      4986.40      66.0345      3.84361
      4987.80      67.3893      3.83839
      4989.20      65.9284      3.81425
      4990.60      65.6910      3.75125
      4992.00      67.9035      3.81339
      4993.40      66.4403      3.71001
      4994.80      66.1211      3.78320
      4996.20      67.2340      3.82866
      4997.60      66.0796      3.63718
      4999.00      68.0501      3.78905
