      3900.00      39.3792      6.52492
      3901.40      50.8706      7.46473
      3902.80      39.9416      7.39145
      3904.20      45.8147      7.73969
      3905.60      47.5249      7.91759
      3907.00      51.6025      7.43630
      3908.40      55.4325      7.54602
      3909.80      43.8308      7.28512
      3911.20      48.5591      7.77110
      3912.60      48.5152      7.73791
      3914.00      48.4472      7.98390
      3915.40      49.8905      7.94375
      3916.80      54.2661      8.24002
      3918.20      42.5732      7.69036
      3919.60      47.9750      7.94358
      3921.00      55.9932      7.75113
      3922.40      51.6294      7.19605
      3923.80      50.6338      6.82080
      3925.20      57.4500      6.63458
      3926.60      50.5399      6.61758
      3928.00      50.0682      6.62488
      3929.40      47.3077      6.17200
      3930.80      33.6496      5.48799
      3932.20      27.1213      5.12391
      3933.60      23.1986      4.82240
      3935.00      34.6424      5.58342
      3936.40      48.4762      6.17083
      3937.80      49.6457      6.41006
      3939.20      54.1956      6.29407
      3940.60      56.9432      6.45223
      3942.00      46.5248      6.18513
      3943.40      48.1972      7.12511
      3944.80      56.0280      7.71245
      3946.20      48.8534      7.50957
      3947.60      51.8338      6.54036
      3949.00      44.2988      6.02790
      3950.40      54.7061      6.61338
      3951.80      53.1129      6.32444
      3953.20      46.5386      6.40132
      3954.60      51.6513      6.19938
      3956.00      42.1975      6.05844
      3957.40      43.4935      5.83153
      3958.80      40.4708      5.81467
      3960.20      42.3750      5.89992
      3961.60      40.0163      5.63896
      3963.00      40.9771      5.77700
      3964.40      34.5220      5.69297
      3965.80      22.8139      4.83609
      3967.20      16.8398      4.47407
      3968.60      15.7143      5.02273
      3970.00      21.0989      5.47708
      3971.40      28.9665      5.88016
      3972.80      38.4726      6.34515
      3974.20      36.3592      6.23591
      3975.60      39.5285      6.26504
      3977.00      42.3383      6.87928
      3978.40      49.1236      7.15030
      3979.80      47.4834      6.91757
      3981.20      40.6630      6.69765
      3982.60      58.0367      7.09149
      3984.00      45.5344      6.47029
      3985.40      46.3898      6.21961
      3986.80      51.0563      6.30641
      3988.20      44.5850      6.33844
      3989.60      50.7114      6.21825
      3991.00      54.9744      5.93579
      3992.40      49.1634      5.93952
      3993.80      49.7796      5.85494
      3995.20      50.0588      5.84701
      3996.60      47.0031      5.99579
      3998.00      52.2138      6.53721
      3999.40      50.3731      6.38940
      4000.80      49.5231      6.49084
      4002.20      46.9797      6.12338
      4003.60      51.6548      5.96426
      4005.00      51.4290      5.74152
      4006.40      49.4409      5.41482
      4007.80      49.9154      5.48519
      4009.20      48.7679      5.50463
      4010.60      53.8980      5.80354
      4012.00      52.5438      5.71233
      4013.40      50.3019      5.48978
      4014.80      49.5966      5.76791
      4016.20      54.6057      5.51892
      4017.60      49.3651      5.58029
      4019.00      60.5119      5.93658
      4020.40      49.9773      5.81175
      4021.80      54.2307      6.11178
      4023.20      49.4203      5.70258
      4024.60      48.2154      5.60856
      4026.00      52.6587      5.71159
      4027.40      45.0458      5.12390
      4028.80      48.4328      5.30661
      4030.20      48.2261      5.40021
      4031.60      48.9316      5.55860
      4033.00      52.1678      5.54661
      4034.40      47.5822      5.28367
      4035.80      45.8059      4.96748
      4037.20      47.2432      5.77004
      4038.60      52.2499      6.11357
      4040.00      49.6584      5.30809
      4041.40      51.6326      5.39919
      4042.80      51.3481      5.31393
      4044.20      48.6293      5.57357
      4045.60      46.5366      5.60308
      4047.00      52.7610      5.81459
      4048.40      45.5093      5.88902
      4049.80      48.1480      5.64870
      4051.20      54.9630      5.79253
      4052.60      43.7344      5.45574
      4054.00      52.6189      6.27906
      4055.40      54.3052      6.75611
      4056.80      46.6367      6.56194
      4058.20      49.9659      6.44270
      4059.60      59.6899      6.55338
      4061.00      50.3554      6.16201
      4062.40      52.7910      6.18840
      4063.80      42.2377      5.36831
      4065.20      49.0695      6.07323
      4066.60      51.1558      6.33064
      4068.00      41.2126      5.73456
      4069.40      46.7562      5.65970
      4070.80      48.8840      6.09170
      4072.20      48.7496      6.30151
      4073.60      43.3385      5.90671
      4075.00      44.3313      5.76861
      4076.40      40.1305      5.06914
      4077.80      42.8105      5.41270
      4079.20      43.3979      5.73018
      4080.60      44.9060      5.35297
      4082.00      40.0945      5.20198
      4083.40      46.4493      5.41745
      4084.80      41.9559      5.19681
      4086.20      48.1476      5.60739
      4087.60      49.8522      5.93907
      4089.00      52.1577      5.71897
      4090.40      40.1555      5.06617
      4091.80      45.3650      4.95946
      4093.20      40.9745      4.96995
      4094.60      44.0364      5.03687
      4096.00      29.0997      4.63861
      4097.40      27.6046      4.62749
      4098.80      28.1992      4.56431
      4100.20      17.6614      4.27191
      4101.60      17.9467      4.05670
      4103.00      29.6844      4.46897
      4104.40      32.1330      4.32167
      4105.80      34.5705      4.53741
      4107.20      35.7271      4.62960
      4108.60      40.8400      4.93647
      4110.00      43.6762      5.04650
      4111.40      40.9429      4.95418
      4112.80      38.4688      4.65029
      4114.20      49.2523      4.95001
      4115.60      43.6634      4.74412
      4117.00      44.3910      4.87583
      4118.40      42.4866      4.97279
      4119.80      44.6046      5.04894
      4121.20      46.1564      4.83461
      4122.60      40.0979      4.68631
      4124.00      47.0643      5.01793
      4125.40      45.6030      5.40219
      4126.80      46.4358      5.34711
      4128.20      46.2334      5.28220
      4129.60      48.3817      5.08072
      4131.00      45.2422      4.94569
      4132.40      45.9404      5.02519
      4133.80      44.2949      4.88985
      4135.20      44.1820      4.89204
      4136.60      46.8410      5.24719
      4138.00      47.1052      5.35215
      4139.40      53.6765      5.42286
      4140.80      45.6074      5.13130
      4142.20      46.7383      4.82158
      4143.60      47.9985      4.97512
      4145.00      47.0618      4.79416
      4146.40      52.7070      6.30707
      4147.80      47.9244      6.30927
      4149.20      42.9844      5.40266
      4150.60      51.4432      5.27645
      4152.00      49.9921      4.73423
      4153.40      43.4232      5.05922
      4154.80      49.4850      5.72798
      4156.20      43.5755      4.75749
      4157.60      47.0248      4.66173
      4159.00      46.6185      4.76921
      4160.40      46.2365      4.75980
      4161.80      43.7189      4.91895
      4163.20      48.5014      5.13334
      4164.60      41.2548      5.31244
      4166.00      45.6830      5.35014
      4167.40      48.0988      4.84598
      4168.80      44.4468      4.67160
      4170.20      44.7435      4.63754
      4171.60      46.3534      4.63854
      4173.00      42.2301      4.62196
      4174.40      50.2342      5.02910
      4175.80      48.7909      5.18715
      4177.20      44.7661      4.71444
      4178.60      46.6170      4.58984
      4180.00      45.8256      4.63442
      4181.40      47.3293      4.49847
      4182.80      47.8268      4.45982
      4184.20      45.8461      4.45847
      4185.60      45.4825      4.46694
      4187.00      42.8772      4.40279
      4188.40      46.9976      4.38140
      4189.80      46.7556      4.65646
      4191.20      44.6026      4.85149
      4192.60      45.9402      5.11965
      4194.00      50.3272      4.81110
      4195.40      44.8475      4.47909
      4196.80      40.7942      4.44269
      4198.20      45.1905      4.70410
      4199.60      44.4100      4.57663
      4201.00      45.6711      4.96606
      4202.40      47.9653      4.93262
      4203.80      48.9468      4.77995
      4205.20      49.2308      4.64315
      4206.60      47.9730      4.54769
      4208.00      45.7903      4.73459
      4209.40      46.6135      4.85157
      4210.80      48.0091      4.97118
      4212.20      46.8312      4.89771
      4213.60      44.8330      4.97504
      4215.00      43.7159      4.41196
      4216.40      42.0882      4.33382
      4217.80      41.4119      4.19036
      4219.20      44.3092      4.47085
      4220.60      43.0425      4.42679
      4222.00      45.3079      4.54808
      4223.40      46.8109      4.46575
      4224.80      40.0295      4.10497
      4226.20      39.6929      4.31345
      4227.60      46.3000      4.48719
      4229.00      47.2699      4.43594
      4230.40      48.7746      4.47716
      4231.80      39.9237      4.10830
      4233.20      47.3839      4.30882
      4234.60      46.0337      4.25794
      4236.00      47.8385      4.86183
      4237.40      43.5613      5.02220
      4238.80      44.8781      4.97082
      4240.20      42.8154      4.52799
      4241.60      42.5810      4.30832
      4243.00      43.9224      4.27198
      4244.40      42.9654      4.27567
      4245.80      41.8425      4.38473
      4247.20      40.8458      4.53583
      4248.60      45.2233      4.51408
      4250.00      45.4098      4.34981
      4251.40      40.2107      4.15881
      4252.80      45.0161      4.68804
      4254.20      40.0616      4.74018
      4255.60      44.0710      4.70710
      4257.00      49.5024      4.40265
      4258.40      45.4543      4.34272
      4259.80      39.7775      3.99866
      4261.20      49.8949      4.52751
      4262.60      41.6743      4.75572
      4264.00      44.6378      4.79990
      4265.40      43.2417      4.61755
      4266.80      41.9011      4.16402
      4268.20      46.0594      4.34261
      4269.60      43.4754      4.08402
      4271.00      36.7277      4.08845
      4272.40      44.1764      4.25494
      4273.80      45.1568      4.38940
      4275.20      47.6685      4.32401
      4276.60      44.5474      4.58508
      4278.00      44.5775      4.68621
      4279.40      48.3261      4.60354
      4280.80      45.2945      4.44346
      4282.20      45.4284      4.76634
      4283.60      52.7048      5.00531
      4285.00      45.1619      4.76411
      4286.40      41.9104      4.56775
      4287.80      43.9109      4.61877
      4289.20      41.8230      4.62727
      4290.60      44.3229      4.65593
      4292.00      46.3067      4.53876
      4293.40      38.8662      4.29476
      4294.80      45.3316      4.50549
      4296.20      47.6652      4.30042
      4297.60      41.1215      4.11327
      4299.00      43.0855      4.14813
      4300.40      38.5689      3.90559
      4301.80      39.8338      3.90759
      4303.20      40.7396      4.04114
      4304.60      43.9690      4.01186
      4306.00      37.2278      3.93832
      4307.40      39.5486      4.12024
      4308.80      45.1093      4.20726
      4310.20      46.0758      4.08439
      4311.60      44.3963      4.07899
      4313.00      45.6647      4.08829
      4314.40      38.4613      3.96426
      4315.80      48.6024      4.40579
      4317.20      38.3504      4.12260
      4318.60      46.5277      4.13158
      4320.00      44.2424      4.17806
      4321.40      36.0410      3.94655
      4322.80      40.6752      4.00188
      4324.20      38.7373      3.84203
      4325.60      35.3437      3.76783
      4327.00      38.4029      4.01452
      4328.40      39.2646      4.05684
      4329.80      40.5790      3.94905
      4331.20      35.8138      3.76718
      4332.60      37.2865      4.05764
      4334.00      35.2460      4.47106
      4335.40      32.7482      4.47842
      4336.80      30.8382      4.08790
      4338.20      22.8287      3.35750
      4339.60      17.9366      3.11787
      4341.00      28.9636      3.46484
      4342.40      27.9563      3.52547
      4343.80      32.5485      3.76494
      4345.20      33.1978      3.90364
      4346.60      34.9933      4.02521
      4348.00      33.7589      3.75565
      4349.40      34.9779      3.73711
      4350.80      39.3625      3.74560
      4352.20      38.7406      3.97200
      4353.60      40.1449      4.44411
      4355.00      40.4875      4.18768
      4356.40      38.9841      4.03414
      4357.80      42.1250      4.50651
      4359.20      40.6301      5.13493
      4360.60      41.0573      4.67226
      4362.00      40.6655      4.06328
      4363.40      41.4625      3.90832
      4364.80      45.2273      4.00983
      4366.20      43.8206      3.92249
      4367.60      41.2423      3.93445
      4369.00      41.6329      4.33036
      4370.40      43.2973      4.33776
      4371.80      43.4561      4.66108
      4373.20      43.5778      4.51356
      4374.60      43.9657      4.48077
      4376.00      44.8891      4.29527
      4377.40      43.7193      3.96878
      4378.80      44.2830      3.95038
      4380.20      40.3744      3.65777
      4381.60      41.9933      3.91840
      4383.00      41.9757      3.77818
      4384.40      39.4532      3.72756
      4385.80      43.6926      3.86623
      4387.20      41.5867      3.88590
      4388.60      45.5665      3.98032
      4390.00      39.9459      3.87070
      4391.40      42.6668      3.98034
      4392.80      41.7513      3.93208
      4394.20      39.3490      4.02501
      4395.60      44.4991      4.28124
      4397.00      42.1101      4.17260
      4398.40      40.0155      3.77763
      4399.80      40.6956      3.81666
      4401.20      40.5915      3.82781
      4402.60      41.3456      4.07132
      4404.00      41.6069      4.38869
      4405.40      42.3639      4.46875
      4406.80      45.0021      4.11743
      4408.20      39.9997      3.93316
      4409.60      44.1593      3.94398
      4411.00      44.6170          Inf
      4412.40      45.0747      4.41308
      4413.80      36.5770      4.16366
      4415.20      43.1108      4.02515
      4416.60      39.8081      3.79342
      4418.00      39.6080      3.79849
      4419.40      45.6850      3.93609
      4420.80      43.6853      3.96689
      4422.20      39.4726      4.15122
      4423.60      40.8158      4.31960
      4425.00      44.5023      4.29914
      4426.40      40.9000      3.94822
      4427.80      38.4784      3.66867
      4429.20      38.9269      3.68977
      4430.60      41.5613      3.91799
      4432.00      43.5374      3.99903
      4433.40      44.1841      3.97779
      4434.80      43.3618      3.81969
      4436.20      44.1330      4.08217
      4437.60      42.5382      4.02378
      4439.00      40.6602      3.99788
      4440.40      38.6039      3.76932
      4441.80      38.8001      3.83763
      4443.20      41.0054      3.64790
      4444.60      41.6650      3.79025
      4446.00      41.2450      3.87137
      4447.40      43.3168      3.83097
      4448.80      39.0008      3.72398
      4450.20      43.7611      3.92765
      4451.60      44.4911      3.89641
      4453.00      40.4376      3.71903
      4454.40      39.3306      3.68822
      4455.80      40.2687          Inf
      4457.20      41.2068          Inf
      4458.60      42.1449      3.84263
      4460.00      41.7808      3.66374
      4461.40      42.7621      3.68026
      4462.80      43.0377      3.84173
      4464.20      44.8388      3.76979
      4465.60      42.0181      3.80994
      4467.00      40.5486      3.78903
      4468.40      38.5088      3.64060
      4469.80      45.1125      4.64021
      4471.20      40.0884      4.74166
      4472.60      41.9160      4.80277
      4474.00      40.3599      4.92579
      4475.40      42.1186      5.11376
      4476.80      41.9769      4.24600
      4478.20      40.3804      3.87038
      4479.60      40.2260      3.53586
      4481.00      38.7620      3.57008
      4482.40      37.9316      3.82135
      4483.80      39.8277      3.81368
      4485.20      38.7545      3.59448
      4486.60      43.0710      3.67767
      4488.00      41.5816      3.61412
      4489.40      38.9312      3.72500
      4490.80      41.9164      3.85665
      4492.20      40.5562      3.86914
      4493.60      37.9896      3.68355
      4495.00      40.9777      3.68571
      4496.40      42.5720      3.57676
      4497.80      41.8801      3.46103
      4499.20      38.9288      3.48375
      4500.60      37.1833      3.46418
      4502.00      42.7996      3.59450
      4503.40      39.5924      3.61140
      4504.80      41.4997      3.57206
      4506.20      38.6394      3.54851
      4507.60      42.4349      3.53561
      4509.00      41.9640      3.58781
      4510.40      41.9814      3.53202
      4511.80      44.3855      3.58852
      4513.20      41.6626      3.65397
      4514.60      40.6133      3.63711
      4516.00      39.5503      3.37824
      4517.40      36.5473      3.26309
      4518.80      38.3797      3.44253
      4520.20      40.0062      3.65943
      4521.60      39.8440      3.70592
      4523.00      39.2127      3.82250
      4524.40      38.9155      3.64589
      4525.80      40.2368      3.59460
      4527.20      42.9425      3.67941
      4528.60      42.7840      3.49920
      4530.00      39.2986      3.46387
      4531.40      38.0464      3.25736
      4532.80      39.1902      3.51627
      4534.20      37.7738      3.26773
      4535.60      38.3474      3.39721
      4537.00      38.9786      3.41808
      4538.40      40.1143      3.81728
      4539.80      40.4945      3.55696
      4541.20      52.6468      3.62270
      4542.60      39.0295      3.49836
      4544.00      40.2186      3.71364
      4545.40      42.0679      3.73810
      4546.80      40.1213      3.59715
      4548.20      38.6018      3.53930
      4549.60      38.2564      3.39572
      4551.00      38.4372      3.38331
      4552.40      41.5073      3.51020
      4553.80      38.6856      3.55459
      4555.20      40.7924      3.69302
      4556.60      40.4744      3.81039
      4558.00      43.3137      4.10901
      4559.40      40.1322      4.09355
      4560.80      44.5121      3.98357
      4562.20      38.5922      3.45016
      4563.60      37.8566      3.42818
      4565.00      43.3066      3.67050
      4566.40      34.6509      3.21046
      4567.80      41.9813      3.59627
      4569.20      42.3400      3.73389
      4570.60      35.9564      3.76619
      4572.00      43.1741      3.80023
      4573.40      45.4330      4.14731
      4574.80      43.4085          Inf
      4576.20      41.3841          Inf
      4577.60      39.3597      3.24859
      4579.00      41.9567      3.41134
      4580.40      39.6959      3.39765
      4581.80      38.1569      3.24294
      4583.20      38.1244      3.25093
      4584.60      41.2045      3.37666
      4586.00      42.2030      3.39914
      4587.40      36.0974      3.19611
      4588.80      39.6109      3.34359
      4590.20      38.1259      3.23525
      4591.60      39.6682      3.38016
      4593.00      42.0546      3.38687
      4594.40      41.5859      3.37615
      4595.80      37.1399      3.24883
      4597.20      43.5798      3.32664
      4598.60      40.9117      3.31454
      4600.00      42.5322      3.39391
      4601.40      40.2606      3.39266
      4602.80      43.8314      3.39374
      4604.20      42.6895      3.36736
      4605.60      39.5291      3.30009
      4607.00      39.8624      3.33741
      4608.40      39.5561      3.19839
      4609.80      39.4999      3.44009
      4611.20      43.3715      3.44315
      4612.60      38.3975      3.23662
      4614.00      41.9710      3.40621
      4615.40      40.0196      3.39714
      4616.80      38.3751      3.32390
      4618.20      38.3800      3.27877
      4619.60      39.7638      3.34191
      4621.00      41.0375      3.38165
      4622.40      43.6176      3.52873
      4623.80      40.4197      3.47289
      4625.20      41.3331      3.31754
      4626.60      42.7282      3.53535
      4628.00      37.5989      3.03404
      4629.40      38.5107      3.22772
      4630.80      37.8748      3.25788
      4632.20      39.2849      3.44734
      4633.60      42.9927      3.59069
      4635.00      41.4995      3.43602
      4636.40      40.0939      3.37840
      4637.80      39.9047      3.21200
      4639.20      38.8703      3.19977
      4640.60      39.6559      3.35549
      4642.00      39.8404      3.31387
      4643.40      39.4447      3.56784
      4644.80      39.4676      3.65450
      4646.20      38.5829      3.47613
      4647.60      38.7408      3.42207
      4649.00      40.9135      3.26950
      4650.40      40.4351      3.25798
      4651.80      41.1761      3.38322
      4653.20      39.5119      3.48790
      4654.60      39.5885      3.48117
      4656.00      41.7394      3.44217
      4657.40      42.4049      3.25632
      4658.80      44.1445      3.42767
      4660.20      42.7755      3.28341
      4661.60      39.0808      3.35000
      4663.00      38.1264      3.18876
      4664.40      40.3657      3.20153
      4665.80      41.0510      3.27260
      4667.20      38.1180      3.23070
      4668.60      38.1473      3.23145
      4670.00      35.7254      3.21428
      4671.40      38.6543      3.46802
      4672.80      37.9342      3.38056
      4674.20      36.5697      3.33814
      4675.60      42.8779      3.39078
      4677.00      34.6961      3.06818
      4678.40      39.9662      3.22105
      4679.80      40.2383      3.28002
      4681.20      40.2093      3.16687
      4682.60      39.6093      3.21106
      4684.00      38.4869      3.13828
      4685.40      39.0147      3.23912
      4686.80      41.6626      3.34614
      4688.20      37.7273      3.12992
      4689.60      37.8768      3.10597
      4691.00      38.7640      3.07764
      4692.40      38.1270      3.11932
      4693.80      37.2235      3.24704
      4695.20      38.4950      3.35061
      4696.60      42.6244      3.51451
      4698.00      37.2177      3.31810
      4699.40      37.2108      3.37370
      4700.80      39.5273      3.15190
      4702.20      39.7536      3.19891
      4703.60      41.0501      3.21685
      4705.00      37.4685      3.07354
      4706.40      39.3057      3.27238
      4707.80      37.1842      3.24367
      4709.20      40.3107      3.22428
      4710.60      40.6869      3.15332
      4712.00      41.5543      3.36448
      4713.40      38.3234      3.19080
      4714.80      39.9501      3.23593
      4716.20      40.5965      3.23282
      4717.60      41.8636      3.29759
      4719.00      40.5125      3.25508
      4720.40      36.5258      3.09627
      4721.80      40.4409      3.24285
      4723.20      42.8093      3.46496
      4724.60      39.9169      3.40475
      4726.00      38.0882      3.29986
      4727.40      38.0967      3.22967
      4728.80      38.1749      3.21478
      4730.20      36.7157      3.21043
      4731.60      40.0234      3.35167
      4733.00      40.2325      3.29227
      4734.40      38.9398      3.15321
      4735.80      37.7699      3.25312
      4737.20      43.0794      3.21116
      4738.60      37.2484      3.28134
      4740.00      39.0392      3.30681
      4741.40      39.8304      3.19905
      4742.80      36.9531      3.33580
      4744.20      42.0587      3.26808
      4745.60      37.7371      3.14552
      4747.00      37.6600      3.01279
      4748.40      39.4272      3.22799
      4749.80      39.8655      3.35870
      4751.20      38.4374      3.31164
      4752.60      40.1403      3.31373
      4754.00      36.3762      3.09880
      4755.40      38.5083      3.18010
      4756.80      37.7076      3.30146
      4758.20      41.6276      3.33010
      4759.60      41.4704      3.23746
      4761.00      38.8235      3.04918
      4762.40      38.4866      3.04887
      4763.80      35.6406      2.93231
      4765.20      36.7059      2.89480
      4766.60      39.3668      3.10117
      4768.00      38.8067      3.05164
      4769.40      36.8569      2.96051
      4770.80      39.2863      3.06072
      4772.20      38.3717      2.97399
      4773.60      38.2211      3.17766
      4775.00      40.5398      3.29900
      4776.40      36.5977      3.06626
      4777.80      35.2908      2.84071
      4779.20      38.5966      2.98092
      4780.60      39.9394      3.13303
      4782.00      40.0719      3.20144
      4783.40      38.0080      3.15500
      4784.80      39.4483      3.01393
      4786.20      37.3375      3.10508
      4787.60      38.4414      3.07252
      4789.00      39.4086      3.27353
      4790.40      37.5145      3.22789
      4791.80      38.8291      3.10338
      4793.20      40.8500      3.10458
      4794.60      42.7488      3.14738
      4796.00      41.6322          Inf
      4797.40      40.5156          Inf
      4798.80      39.3990      3.37008
      4800.20      37.3306      3.15332
      4801.60      37.8891      2.99688
      4803.00      37.6252      3.09636
      4804.40      40.0176      3.17643
      4805.80      39.9155      3.10928
      4807.20      40.6114      2.87345
      4808.60      38.0732      3.07565
      4810.00      35.9380      3.34848
      4811.40      39.6393      3.46230
      4812.80      39.8185      3.20525
      4814.20      37.6700      2.99375
      4815.60      38.5636      3.17775
      4817.00      38.3575      3.18513
      4818.40      39.2109      2.93091
      4819.80      36.3222      2.96141
      4821.20      37.1500      2.98141
      4822.60      38.5216      3.16794
      4824.00      39.2221      3.09096
      4825.40      39.3285      3.12340
      4826.80      34.2071      2.96725
      4828.20      35.1594      2.91346
      4829.60      36.9078      2.98267
      4831.00      43.0125      3.05813
      4832.40      40.1020      2.99171
      4833.80      38.7344      2.95920
      4835.20      33.7403      3.15777
      4836.60      37.3342      3.08192
      4838.00      34.7883      2.82247
      4839.40      36.9922      3.05548
      4840.80      36.7383      3.66199
      4842.20      38.8294      3.09195
      4843.60      35.9545      3.03074
      4845.00      34.9081      2.97592
      4846.40      37.8533      3.07917
      4847.80      33.6517      2.77300
      4849.20      34.3416      2.92642
      4850.60      35.1691      3.12178
      4852.00      34.0859      3.00571
      4853.40      30.7602      2.85507
      4854.80      28.3411      2.74343
      4856.20      27.5935      2.55528
      4857.60      25.5772      2.51253
      4859.00      19.2984      2.30071
      4860.40      17.8234      2.24245
      4861.80      23.2393      2.37410
      4863.20      25.2965      2.60658
      4864.60      27.4911      2.86494
      4866.00      30.8406      3.01495
      4867.40      31.8349      2.85234
      4868.80      32.3238      2.70926
      4870.20      32.0568      2.80156
      4871.60      32.9484      2.86847
      4873.00      34.5773      3.00256
      4874.40      34.7000      2.84786
      4875.80      34.6060      2.89047
      4877.20      34.4143      3.22193
      4878.60      34.8798      3.27329
      4880.00      37.2942      3.10119
      4881.40      34.2141      3.02415
      4882.80      34.8259      3.05380
      4884.20      34.7162      2.98741
      4885.60      37.1884      3.03404
      4887.00      36.0983      3.11569
      4888.40      34.3400      2.99009
      4889.80      33.7778      2.97787
      4891.20      35.2786      2.92722
      4892.60      37.8543      3.03143
      4894.00      35.8630      2.82362
      4895.40      36.0707      2.90122
      4896.80      37.3431      2.90682
      4898.20      36.5086      2.97190
      4899.60      37.0581      2.90828
      4901.00      37.4432      2.90580
      4902.40      35.8612      2.80554
      4903.80      36.4559      2.84861
      4905.20      35.4445      2.90062
      4906.60      35.0230      2.67195
      4908.00      34.9635      2.68566
      4909.40      36.6153      2.86723
      4910.80      36.8443      2.76154
      4912.20      36.0563      2.82092
      4913.60      39.1523      2.91595
      4915.00      37.0299      2.85904
      4916.40      35.3565      2.83610
      4917.80      35.1916      2.75337
      4919.20      33.5632      2.67197
      4920.60      32.8537      2.62576
      4922.00      33.1330      2.63021
      4923.40      34.1774      2.72097
      4924.80      35.5014      2.84358
      4926.20      35.9414      2.80112
      4927.60      36.6256      2.79029
      4929.00      34.1828      2.64997
      4930.40      35.0241      2.72925
      4931.80      35.4083      2.76720
      4933.20      32.7539      2.76747
      4934.60      34.1016      2.66383
      4936.00      37.2308      2.81991
      4937.40      36.6595      2.95987
      4938.80      38.3056      3.02225
      4940.20      36.6776      2.68567
      4941.60      37.3330      2.95206
      4943.00      38.0620      2.75679
      4944.40      37.1702      3.00841
      4945.80      36.5464      3.06823
      4947.20      37.7091      3.03482
      4948.60      38.0726      2.95872
      4950.00      31.8166      2.58508
      4951.40      35.9315      2.77225
      4952.80      39.6178      3.06363
      4954.20      33.5807      2.98694
      4955.60      34.6035      2.65766
      4957.00      32.2958      2.58537
      4958.40      34.6127      2.65702
      4959.80      37.9185      2.86141
      4961.20      37.9189      2.82788
      4962.60      36.5673      2.78315
      4964.00      35.0169      2.99850
      4965.40      35.9204      2.96739
      4966.80      37.2719      2.99074
      4968.20      35.5609      2.93498
      4969.60      35.8943      2.81270
      4971.00      36.8037      2.92137
      4972.40      33.7964      2.66825
      4973.80      35.5856      2.75346
      4975.20      33.8924      2.79192
      4976.60      35.2865      2.83963
      4978.00      36.1629      2.95882
      4979.40      38.4954      3.09961
      4980.80      34.4178      3.06532
      4982.20      36.6026      3.04371
      4983.60      36.0010      2.90249
      4985.00      34.5299      2.77713
      4986.40      36.0274      2.76230
      4987.80      34.8658      2.77608
      4989.20      37.4661      2.87351
      4990.60      33.6405      2.78392
      4992.00      37.7765      2.90607
      4993.40      37.6763      2.91260
      4994.80      36.0352      2.81157
      4996.20      31.7241      2.65477
      4997.60      37.0030      2.66532
      4999.00      37.4682      2.72283
