      3900.00      39.3442      4.69297
      3901.40      41.4267      4.86438
      3902.80      37.3824      4.60136
      3904.20      42.2757      4.75564
      3905.60      42.7902      4.86609
      3907.00      40.5683      4.88062
      3908.40      41.5403      4.80893
      3909.80      44.2606      5.05851
      3911.20      43.3875      4.79990
      3912.60      49.1292      5.02156
      3914.00      44.0249      4.89604
      3915.40      44.8314      4.69753
      3916.80      44.1217      4.68734
      3918.20      44.5611      4.59328
      3919.60      41.6296      4.67231
      3921.00      46.4862      4.36515
      3922.40      40.8600      4.47792
      3923.80      53.2011      4.91339
      3925.20      44.4503      4.85064
      3926.60      51.8836      5.03630
      3928.00      49.6497      5.55106
      3929.40      44.3272      4.66798
      3930.80      42.2883      4.43159
      3932.20      40.0276      4.14649
      3933.60      27.5609      3.75495
      3935.00      22.8570      3.59601
      3936.40      6.08973      3.16983
      3937.80      20.5955      3.68930
      3939.20      34.8120      3.94258
      3940.60      38.6530      4.34099
      3942.00      42.5368      4.32282
      3943.40      47.7076      4.46124
      3944.80      50.8575      4.54877
      3946.20      43.2367      4.39465
      3947.60      44.5383      4.34760
      3949.00      40.9450      4.31745
      3950.40      50.2889      4.39715
      3951.80      41.7704      4.21285
      3953.20      44.9580      4.33631
      3954.60      44.1146      4.22839
      3956.00      40.7525      4.11513
      3957.40      44.7704      4.28751
      3958.80      47.8449      4.35092
      3960.20      41.4076      4.02120
      3961.60      41.0550      3.95921
      3963.00      48.0912      4.25600
      3964.40      39.8715      3.97177
      3965.80      43.2804      4.07005
      3967.20      33.1169      3.67592
      3968.60      31.3593      3.65008
      3970.00      19.4057      3.28828
      3971.40      10.9731      2.99997
      3972.80      10.0379      3.25908
      3974.20      21.5536      3.41473
      3975.60      33.0472      3.85856
      3977.00      31.1333      3.91770
      3978.40      36.8235      4.01169
      3979.80      40.1560      4.07934
      3981.20      44.5470      4.33020
      3982.60      43.3783      4.23236
      3984.00      41.6684      4.05805
      3985.40      43.5799      4.14676
      3986.80      43.6293      4.10297
      3988.20      46.1099      4.40293
      3989.60      46.1431      4.11972
      3991.00      43.3806      3.87102
      3992.40      48.1676      4.19069
      3993.80      45.4440      4.11976
      3995.20      45.1856      5.18340
      3996.60      49.1509      4.27578
      3998.00      48.2703      4.15250
      3999.40      44.3957      4.00270
      4000.80      46.1530      3.83136
      4002.20      40.7222      3.77742
      4003.60      45.4860      3.92999
      4005.00      47.4293      4.32417
      4006.40      46.8205      4.18777
      4007.80      44.5966      4.10029
      4009.20      44.0601      3.98825
      4010.60      44.9004      4.05501
      4012.00      47.2954      4.07576
      4013.40      45.8118      4.23075
      4014.80      45.9644      4.07537
      4016.20      46.7426      3.96596
      4017.60      46.7218      4.05179
      4019.00      48.4031      4.17224
      4020.40      48.2663      4.17187
      4021.80      50.4148      4.38391
      4023.20      46.9161      4.05643
      4024.60      47.2065      4.04274
      4026.00      48.0998      3.97964
      4027.40      46.4506      3.99118
      4028.80      44.6420      3.97199
      4030.20      47.0174      3.93342
      4031.60      45.6996      3.90320
      4033.00      45.0632      3.92361
      4034.40      44.3299      3.90846
      4035.80      45.9852      3.95342
      4037.20      42.7516      3.74433
      4038.60      47.3363      3.91906
      4040.00      48.1966      4.00978
      4041.40      50.1269      4.00782
      4042.80      48.9332      3.92285
      4044.20      44.9257      3.81105
      4045.60      49.4690      4.17605
      4047.00      47.5279      4.32622
      4048.40      43.4745      3.95862
      4049.80      43.1414      3.75577
      4051.20      45.5602      3.81327
      4052.60      45.5339      3.81875
      4054.00      47.0760      3.83785
      4055.40      44.3153      3.80680
      4056.80      46.8565      3.93302
      4058.20      47.6754      3.97867
      4059.60      49.5628      3.94900
      4061.00      48.8811      4.11765
      4062.40      48.0792      4.03398
      4063.80      47.8141      3.99203
      4065.20      42.7370      3.88437
      4066.60      43.7387      3.84429
      4068.00      45.4861      3.80128
      4069.40      47.7886      3.77410
      4070.80      47.4917      3.71527
      4072.20      49.0720      3.75096
      4073.60      46.3461      3.74817
      4075.00      41.8298      3.76063
      4076.40      47.1140      3.91068
      4077.80      46.1578      4.03703
      4079.20      44.6603      3.69104
      4080.60      42.7406      3.75196
      4082.00      44.2294      3.94119
      4083.40      48.0798      3.99948
      4084.80      45.5983      3.91422
      4086.20      44.6991      3.80052
      4087.60      46.4173      3.71557
      4089.00      40.6100      3.61946
      4090.40      41.3048      3.54860
      4091.80      46.4069      3.65919
      4093.20      43.2194      3.54050
      4094.60      43.4027      3.52279
      4096.00      40.0717      3.47666
      4097.40      40.1641      3.79570
      4098.80      35.7155      3.52044
      4100.20      37.9195      3.38133
      4101.60      34.7681      3.22819
      4103.00      30.0360      3.09430
      4104.40      23.8198      2.88316
      4105.80      23.6455      2.81879
      4107.20      32.0017      3.20816
      4108.60      34.7303      3.25027
      4110.00      39.0618      3.33678
      4111.40      41.6012      3.47079
      4112.80      42.4772      3.47502
      4114.20      43.3862      3.52114
      4115.60      46.2350      3.56507
      4117.00      42.3268      3.46441
      4118.40      45.4113      3.45406
      4119.80      43.2791      3.45167
      4121.20      41.0730      3.38080
      4122.60      46.6564      3.75338
      4124.00      41.4581      3.49250
      4125.40      42.3552      3.48074
      4126.80      43.5192      3.45126
      4128.20      43.0323      3.39139
      4129.60      44.1816      3.34915
      4131.00      43.7033      3.39288
      4132.40      47.8589      3.67443
      4133.80      44.1832      3.56105
      4135.20      41.2260      3.40117
      4136.60      44.4838      3.46184
      4138.00      45.4571      3.48357
      4139.40      43.0237      3.50284
      4140.80      43.5610      3.37877
      4142.20      46.9832      3.47178
      4143.60      45.2243      3.53395
      4145.00      46.6465      3.39465
      4146.40      40.5945      3.33853
      4147.80      44.1203      3.55471
      4149.20      45.1514      3.50822
      4150.60      41.4934      3.39153
      4152.00      42.5547      3.49730
      4153.40      42.9265      3.30734
      4154.80      44.9954      3.37811
      4156.20      44.4620      3.40247
      4157.60      44.0844      3.41695
      4159.00      41.6559      3.48548
      4160.40      44.8536      3.34399
      4161.80      42.8020      3.55185
      4163.20      48.6626      3.45857
      4164.60      45.8435      3.62852
      4166.00      43.5449      3.50893
      4167.40      44.3911      3.48799
      4168.80      45.6360      3.47406
      4170.20      45.4839      3.39518
      4171.60      47.4614      3.53441
      4173.00      45.8368      3.54874
      4174.40      41.7813      3.22316
      4175.80      43.6012      3.30744
      4177.20      41.0271      3.23981
      4178.60      49.4843      3.53136
      4180.00      48.1687      3.37174
      4181.40      42.5980      3.33291
      4182.80      40.8217      3.29594
      4184.20      44.4437      3.30502
      4185.60      41.2892      3.34471
      4187.00      45.3182      3.39448
      4188.40      42.0447      3.28723
      4189.80      43.4203      3.18027
      4191.20      43.1219      3.33263
      4192.60      44.2143      3.30905
      4194.00      47.2550      3.38335
      4195.40      41.1019      3.38278
      4196.80      47.9931      3.32370
      4198.20      44.2398      3.37125
      4199.60      43.7668      3.16581
      4201.00      40.8952      3.07419
      4202.40      40.3780      3.09008
      4203.80      41.9342      3.09477
      4205.20      43.5536      3.34079
      4206.60      43.4482      3.24113
      4208.00      42.9303      3.29646
      4209.40      43.9707      3.26209
      4210.80      46.6479      3.35664
      4212.20      47.6822      3.41426
      4213.60      43.3290      3.37340
      4215.00      42.1650      3.42949
      4216.40      44.1918      3.34292
      4217.80      44.8941      3.20925
      4219.20      40.6137      3.38604
      4220.60      41.6598      3.37624
      4222.00      47.4114      3.50142
      4223.40      39.9182      3.32784
      4224.80      45.2792      3.27717
      4226.20      45.4394      3.26431
      4227.60      44.3300      3.18074
      4229.00      41.0295      3.09992
      4230.40      38.7786      3.18008
      4231.80      42.7937      3.20895
      4233.20      47.5433      3.37258
      4234.60      45.6713      3.28005
      4236.00      45.9554      3.26717
      4237.40      43.9788      3.15353
      4238.80      42.8921      3.28095
      4240.20      43.9447      3.28323
      4241.60      43.0162      3.28300
      4243.00      45.4363      3.23453
      4244.40      45.9188      3.35930
      4245.80      46.2511      3.34419
      4247.20      41.5071      3.20936
      4248.60      42.1068      3.19909
      4250.00      44.8744      3.15163
      4251.40      42.1117      3.20973
      4252.80      40.6107      3.08082
      4254.20      44.0682      3.13425
      4255.60      46.2186      3.36541
      4257.00      44.7120      3.35102
      4258.40      44.2014      3.29976
      4259.80      44.6221      3.28410
      4261.20      44.3412      3.24051
      4262.60      44.0502      3.22532
      4264.00      42.3815      3.26144
      4265.40      46.7077      3.18942
      4266.80      48.0786      3.26433
      4268.20      42.8499      3.23603
      4269.60      45.4336      3.26323
      4271.00      44.0613      3.22236
      4272.40      47.7318      3.24089
      4273.80      42.5795      3.11211
      4275.20      41.9922      3.09094
      4276.60      40.4671      2.99829
      4278.00      42.9543      3.22930
      4279.40      46.1037      3.34365
      4280.80      45.8295      3.35972
      4282.20      47.8873      3.25655
      4283.60      43.1209      3.16714
      4285.00      45.8418      3.18334
      4286.40      43.0027      3.22357
      4287.80      45.3831      3.37371
      4289.20      45.9102      3.23981
      4290.60      44.6741      3.13559
      4292.00      40.3205      3.07517
      4293.40      40.7714      3.07488
      4294.80      44.3843      3.17169
      4296.20      44.3340      3.19862
      4297.60      42.5565      3.29972
      4299.00      44.6211      3.15525
      4300.40      43.5519      3.20891
      4301.80      44.6727      3.16300
      4303.20      40.1224      3.07105
      4304.60      41.4384      3.04628
      4306.00      42.1506      2.95687
      4307.40      42.3119      3.05831
      4308.80      43.9657      3.05029
      4310.20      39.8438      2.91143
      4311.60      42.5491      3.12485
      4313.00      44.1273      3.10227
      4314.40      46.1963      3.22277
      4315.80      41.5598      3.26751
      4317.20      39.5173      3.02978
      4318.60      40.2511      2.91482
      4320.00      43.7669      3.12149
      4321.40      43.2032      3.30285
      4322.80      45.2253      3.35298
      4324.20      42.2476      3.07240
      4325.60      46.0497      3.18621
      4327.00      43.4535      3.07501
      4328.40      39.0556      3.07155
      4329.80      42.6781      3.12076
      4331.20      44.0013      3.10845
      4332.60      41.0808      3.02558
      4334.00      39.4329      3.00384
      4335.40      39.7515      2.93606
      4336.80      40.8023      3.12732
      4338.20      38.0490      2.99252
      4339.60      34.1300      2.92938
      4341.00      32.9646      2.77695
      4342.40      25.4688      2.45665
      4343.80      19.7535      2.24331
      4345.20      28.9575      2.52709
      4346.60      34.2145      2.69852
      4348.00      36.4987      2.76563
      4349.40      38.1805      2.81111
      4350.80      40.0741      2.82892
      4352.20      40.2030      2.88338
      4353.60      40.0110      3.01545
      4355.00      39.3677      3.00521
      4356.40      39.1356      3.03441
      4357.80      45.7550      3.49089
      4359.20      44.4976      3.73404
      4360.60      43.9065      3.46128
      4362.00      43.3618      3.01746
      4363.40      43.1605      2.97737
      4364.80      46.0119      3.11979
      4366.20      41.3544      3.11880
      4367.60      45.9417      3.12019
      4369.00      44.9026      3.12554
      4370.40      46.2505      3.06782
      4371.80      42.2238      2.97111
      4373.20      43.8623      3.05732
      4374.60      45.6170      3.24347
      4376.00      44.4431      3.07074
      4377.40      43.3566      3.08257
      4378.80      40.1317      2.83972
      4380.20      43.3173      2.93099
      4381.60      45.2136      3.09267
      4383.00      45.2310      3.10116
      4384.40      43.7624      3.03450
      4385.80      41.8948      3.06257
      4387.20      37.2612      2.92740
      4388.60      42.3167      2.90208
      4390.00      43.6945      2.93119
      4391.40      41.9540      2.94737
      4392.80      44.9630      3.04202
      4394.20      45.9513      3.04859
      4395.60      44.6243      3.10848
      4397.00      42.5421      2.99132
      4398.40      39.5924      2.93336
      4399.80      43.5460      3.06887
      4401.20      44.3712      2.99801
      4402.60      41.3654      2.90280
      4404.00      40.5535      2.86046
      4405.40      43.2732      3.00430
      4406.80      40.3493      2.75569
      4408.20      42.1266      2.83799
      4409.60      41.4172      2.86080
      4411.00      43.2179      2.86031
      4412.40      41.7000      2.92057
      4413.80      42.2946      2.86462
      4415.20      43.5216      2.93472
      4416.60      41.4771      2.92437
      4418.00      41.5720      2.89787
      4419.40      37.0353      2.76685
      4420.80      38.0821      2.83586
      4422.20      39.3341      2.81085
      4423.60      45.3770      3.00993
      4425.00      40.9178      2.98486
      4426.40      41.1615      2.91938
      4427.80      41.5580      2.95794
      4429.20      41.2084      2.97631
      4430.60      42.0697      2.93031
      4432.00      42.3573      2.82621
      4433.40      43.2394      2.95624
      4434.80      43.7046      3.04115
      4436.20      42.4173      2.89728
      4437.60      39.8786      2.85728
      4439.00      39.3236      2.76437
      4440.40      44.9169      2.93218
      4441.80      43.1488      2.82126
      4443.20      40.3855      2.88200
      4444.60      43.9945      2.88178
      4446.00      41.1972      2.75931
      4447.40      39.8113      2.72205
      4448.80      42.1485      2.90078
      4450.20      41.2598      2.98920
      4451.60      42.5277      3.01349
      4453.00      40.0100      3.04617
      4454.40      42.8925      2.93025
      4455.80      41.2849      2.71115
      4457.20      41.4485      2.90603
      4458.60      41.4441      2.92689
      4460.00      44.3112      2.87922
      4461.40      41.1415      2.87561
      4462.80      42.0148      2.80010
      4464.20      39.9813      2.78541
      4465.60      41.6198      2.70312
      4467.00      41.6417      2.81519
      4468.40      42.3495      3.01141
      4469.80      42.4329      2.87546
      4471.20      40.9043      2.79989
      4472.60      37.9991      2.84750
      4474.00      41.0430      2.92249
      4475.40      41.2098      2.96311
      4476.80      43.0699      2.87801
      4478.20      40.9634      2.80490
      4479.60      46.3793      2.92070
      4481.00      40.3602      2.77379
      4482.40      43.2319      2.73665
      4483.80      40.4248      2.68568
      4485.20      40.7410      2.74026
      4486.60      40.4171      2.72772
      4488.00      42.3842      2.80770
      4489.40      40.9203      2.82501
      4490.80      41.8419      2.86284
      4492.20      39.9070      2.65627
      4493.60      41.9941      2.69609
      4495.00      40.2498      2.82316
      4496.40      42.3879      2.87838
      4497.80      39.9637      2.91921
      4499.20      42.3507      2.83520
      4500.60      40.6958      2.84103
      4502.00      41.6402      2.87569
      4503.40      40.3967      2.75954
      4504.80      42.2633      2.86486
      4506.20      42.3909      2.82386
      4507.60      42.9100      2.85519
      4509.00      43.6037      2.81754
      4510.40      44.0729      2.81664
      4511.80      43.3209      2.85203
      4513.20      42.8298      2.79433
      4514.60      40.8749      2.88613
      4516.00      43.0369      2.81777
      4517.40      40.9566      2.76750
      4518.80      42.4940      2.75348
      4520.20      41.8519      2.78611
      4521.60      41.3072      2.76265
      4523.00      40.3261      2.74270
      4524.40      40.3870      2.68353
      4525.80      40.5968      2.82968
      4527.20      40.9592      2.84296
      4528.60      41.5812      2.73197
      4530.00      42.0125      2.85638
      4531.40      41.7268      2.76634
      4532.80      39.2588      2.70832
      4534.20      39.6624      2.67333
      4535.60      41.8354      2.75926
      4537.00      40.0214      2.63582
      4538.40      40.1317      2.70769
      4539.80      43.4039      2.78709
      4541.20      43.7676      2.81293
      4542.60      40.0212      2.71659
      4544.00      42.6176      2.69511
      4545.40      40.6259      2.83302
      4546.80      42.9541      2.79057
      4548.20      42.0935      2.88048
      4549.60      43.6042      2.86610
      4551.00      42.3562      2.80843
      4552.40      39.0306      2.55680
      4553.80      37.2619      2.59917
      4555.20      40.4415      2.57747
      4556.60      36.6856      2.53256
      4558.00      37.7033      2.66539
      4559.40      39.8010      2.63316
      4560.80      39.4433      2.61644
      4562.20      40.4267      2.56028
      4563.60      40.4440      2.65621
      4565.00      41.5619      2.64127
      4566.40      41.7804      2.66240
      4567.80      38.5641      2.66388
      4569.20      42.3492      2.86705
      4570.60      42.8802      2.71347
      4572.00      41.4992      2.66329
      4573.40      43.0366      2.77252
      4574.80      41.2356      2.66312
      4576.20      40.1237      2.65996
      4577.60      41.5012      2.76604
      4579.00      42.1401      2.70473
      4580.40      43.0447      2.70915
      4581.80      40.6496      2.72878
      4583.20      39.9477      2.65267
      4584.60      43.6411      2.65868
      4586.00      39.1305      2.66393
      4587.40      40.1236      2.66315
      4588.80      42.1379      2.83357
      4590.20      41.2920      2.88121
      4591.60      42.1677      2.76325
      4593.00      40.6126      2.56722
      4594.40      40.9554      2.67807
      4595.80      41.9394      2.59834
      4597.20      40.8608      2.70251
      4598.60      41.3186      2.66676
      4600.00      43.2740      2.65806
      4601.40      41.4698      2.60224
      4602.80      39.9512      2.68768
      4604.20      41.0085      2.62027
      4605.60      39.5753      2.60351
      4607.00      39.5695      2.64450
      4608.40      43.8309      2.79087
      4609.80      45.0103      2.89827
      4611.20      43.1432      2.73338
      4612.60      41.5771      2.65219
      4614.00      39.9891      2.67324
      4615.40      42.6258      2.66983
      4616.80      41.6019      2.62017
      4618.20      40.8190      2.61590
      4619.60      42.7077      2.54863
      4621.00      43.0171      2.68929
      4622.40      41.1602      2.63024
      4623.80      39.6630      2.57851
      4625.20      42.1943      2.75934
      4626.60      42.7351      2.68444
      4628.00      40.9617      2.62885
      4629.40      41.5323      2.64627
      4630.80      41.4770      2.72907
      4632.20      40.4679      2.64774
      4633.60      39.7724      2.68078
      4635.00      42.2662      2.64477
      4636.40      42.2511      2.60093
      4637.80      41.9275      2.62372
      4639.20      41.2317      2.64248
      4640.60      42.1079      2.81187
      4642.00      43.2934      3.06779
      4643.40      42.0111      2.68355
      4644.80      42.9429      2.62088
      4646.20      42.0986      2.69465
      4647.60      42.0832      2.62200
      4649.00      40.9283      2.59592
      4650.40      41.4805      2.54865
      4651.80      42.4944      2.57335
      4653.20      40.8288      2.61418
      4654.60      40.4311      2.57958
      4656.00      40.6063      2.50120
      4657.40      41.9590      2.56277
      4658.80      41.9461      2.59737
      4660.20      42.3558      2.56554
      4661.60      40.8633      2.51872
      4663.00      39.1072      2.59605
      4664.40      43.4733      2.65455
      4665.80      42.1046      2.64295
      4667.20      41.2294      2.58926
      4668.60      41.6894      2.58239
      4670.00      39.7913      2.54614
      4671.40      41.1134      2.58677
      4672.80      38.3015      2.60012
      4674.20      41.3119      2.61683
      4675.60      42.7130      2.57522
      4677.00      44.0035      2.81733
      4678.40      41.2500      2.58135
      4679.80      39.5791      2.53828
      4681.20      40.2185      2.67994
      4682.60      41.1901      2.59598
      4684.00      37.8181      2.57748
      4685.40      39.9080      2.62849
      4686.80      42.2839      2.64748
      4688.20      39.9015      2.67220
      4689.60      41.1449      2.71303
      4691.00      40.6324      2.59343
      4692.40      39.8331      2.49208
      4693.80      40.6841      2.62078
      4695.20      41.0439      2.52533
      4696.60      41.7273      2.56512
      4698.00      41.7636      2.57963
      4699.40      41.4403      2.57475
      4700.80      42.4363      2.61810
      4702.20      40.0094      2.55498
      4703.60      39.6123      2.61366
      4705.00      42.1378      2.55145
      4706.40      40.2741      2.54197
      4707.80      37.2650      2.40346
      4709.20      42.7084      2.52390
      4710.60      41.1251      2.62966
      4712.00      40.9562      2.69811
      4713.40      41.3446      2.62258
      4714.80      40.8988      2.60943
      4716.20      40.8272      2.49898
      4717.60      40.5477      2.53472
      4719.00      38.7304      2.48321
      4720.40      42.4812      2.58198
      4721.80      40.8870      2.59955
      4723.20      41.1076      2.59806
      4724.60      39.6118      2.48274
      4726.00      41.4573      2.55886
      4727.40      41.3592      2.63585
      4728.80      43.5910      2.62519
      4730.20      41.9123      2.56683
      4731.60      41.8971      2.65311
      4733.00      39.4948      2.50369
      4734.40      40.8536      2.62301
      4735.80      40.4347      2.54877
      4737.20      40.4692      2.51182
      4738.60      40.1034      2.47976
      4740.00      40.6911      2.60758
      4741.40      40.9075      2.52705
      4742.80      39.7355      2.54366
      4744.20      40.2178      2.55636
      4745.60      40.3782      2.56055
      4747.00      39.9910      2.48497
      4748.40      40.7963      2.48291
      4749.80      41.2850      2.49259
      4751.20      41.2162      2.54398
      4752.60      39.8442      2.59848
      4754.00      40.0187      2.62362
      4755.40      42.5948      2.60788
      4756.80      40.5433      2.51525
      4758.20      40.8857      2.48574
      4759.60      42.1478      2.55112
      4761.00      37.4747      2.52201
      4762.40      41.1969      2.58847
      4763.80      40.8583      2.49960
      4765.20      41.4897      2.48705
      4766.60      40.0840      2.57219
      4768.00      38.6981      2.57492
      4769.40      40.2952      2.53936
      4770.80      42.1012      2.52913
      4772.20      43.5845      2.55650
      4773.60      41.9229      2.58600
      4775.00      41.3869      2.58200
      4776.40      41.3052      2.50641
      4777.80      41.1318      2.53203
      4779.20      42.8547      2.60024
      4780.60      43.7244      2.55210
      4782.00      39.7422      2.49330
      4783.40      39.5167      2.47084
      4784.80      42.4654      2.60365
      4786.20      39.6575      2.43839
      4787.60      39.0561      2.48310
      4789.00      41.1690      2.47565
      4790.40      42.2573      2.57509
      4791.80      40.8865      2.53392
      4793.20      38.9794      2.48299
      4794.60      39.2201      2.44781
      4796.00      38.7370      2.36709
      4797.40      40.1706      2.49619
      4798.80      42.2633      2.55794
      4800.20      40.2892      2.43903
      4801.60      39.9244      2.47944
      4803.00      38.8560      2.39863
      4804.40      39.0507      2.46727
      4805.80      39.0740      2.42854
      4807.20      38.0846      2.43604
      4808.60      39.9957      2.45497
      4810.00      40.3873      2.45931
      4811.40      40.1226      2.46232
      4812.80      42.9587      2.53475
      4814.20      39.5386      2.51685
      4815.60      40.8922      2.56453
      4817.00      39.7450      2.50470
      4818.40      39.1536      2.40943
      4819.80      38.2247      2.49291
      4821.20      40.6235      2.48236
      4822.60      40.3307      2.53567
      4824.00      40.7993      2.54226
      4825.40      40.1429      2.43817
      4826.80      38.5074      2.41701
      4828.20      38.3213      2.42831
      4829.60      40.4731      2.50343
      4831.00      41.1515      2.52791
      4832.40      40.0536      2.51015
      4833.80      39.8164      2.53229
      4835.20      40.0983      2.44051
      4836.60      39.8861      2.44506
      4838.00      39.7976          Inf
      4839.40      39.7092          Inf
      4840.80      39.6207          Inf
      4842.20      39.5322          Inf
      4843.60      39.4437          Inf
      4845.00      39.3552      2.44427
      4846.40      41.4338      2.51033
      4847.80      39.3683      2.50068
      4849.20      36.3487      2.32453
      4850.60      38.1612      2.33401
      4852.00      37.7530      2.40152
      4853.40      40.4380      2.51759
      4854.80      35.8280      2.33610
      4856.20      34.7778      2.21504
      4857.60      36.6933      2.23928
      4859.00      35.7240      2.33158
      4860.40      33.4905      2.25678
      4861.80      32.4534      2.23943
      4863.20      27.7704      2.14080
      4864.60      20.9401      1.90655
      4866.00      21.3178      1.83222
      4867.40      29.2176      2.12291
      4868.80      33.8293      2.25853
      4870.20      31.8509      2.24836
      4871.60      34.8340      2.25942
      4873.00      36.4863      2.38901
      4874.40      35.1921      2.33792
      4875.80      35.5346      2.33217
      4877.20      36.7395      2.34595
      4878.60      36.2405      2.31830
      4880.00      38.3983      2.36717
      4881.40      38.3654      2.46048
      4882.80      37.6084      2.42718
      4884.20      39.4423      2.45348
      4885.60      37.0453      2.45190
      4887.00      37.9304      2.41628
      4888.40      40.0517      2.43748
      4889.80      38.2164      2.40205
      4891.20      37.5878      2.36666
      4892.60      40.0130      2.46767
      4894.00      38.5123      2.46733
      4895.40      35.9597      2.41789
      4896.80      38.7610      2.57018
      4898.20      37.5534      2.41709
      4899.60      38.8212      2.40565
      4901.00      40.5418      2.44878
      4902.40      38.9391      2.54232
      4903.80      40.0833      2.51346
      4905.20      37.5754      2.54350
      4906.60      39.5105      2.57617
      4908.00      39.6616      2.48447
      4909.40      37.9518      2.43581
      4910.80      39.5355      2.46663
      4912.20      39.7916      2.45440
      4913.60      40.8799      2.53179
      4915.00      40.3432      2.41795
      4916.40      39.4603      2.46235
      4917.80      39.1748      2.47216
      4919.20      38.3010      2.39766
      4920.60      39.0345      2.34644
      4922.00      38.4868      2.48349
      4923.40      36.7859      2.21396
      4924.80      33.8350      2.24068
      4926.20      38.5746      2.24348
      4927.60      35.1425      2.25461
      4929.00      35.8041      2.23289
      4930.40      39.3622      2.32652
      4931.80      38.8999      2.40940
      4933.20      38.9236      2.35617
      4934.60      39.7663      2.28872
      4936.00      37.8136      2.38241
      4937.40      37.2509      2.35163
      4938.80      38.2236      2.31779
      4940.20      39.1980      2.39726
      4941.60      39.3298      2.39940
      4943.00      37.8682      2.41935
      4944.40      37.7811      2.32479
      4945.80      38.6835      2.30488
      4947.20      38.8497      2.39128
      4948.60      40.6400      2.37111
      4950.00      40.2409      2.41121
      4951.40      37.3080      2.26145
      4952.80      40.4585      2.37045
      4954.20      39.3298      2.29109
      4955.60      39.3516      2.37110
      4957.00      39.5059      2.38842
      4958.40      37.3621      2.29886
      4959.80      37.1113      2.28559
      4961.20      37.7231      2.30516
      4962.60      37.8215      2.39266
      4964.00      39.9831      2.39178
      4965.40      40.7681      2.35094
      4966.80      37.9711      2.30634
      4968.20      39.4962      2.43178
      4969.60      38.1355      2.42380
      4971.00      38.5031      2.40621
      4972.40      37.7632      2.41825
      4973.80      38.1800      2.45351
      4975.20      39.2377      2.38227
      4976.60      38.8425      2.44974
      4978.00      40.0546      2.39015
      4979.40      38.3311      2.34751
      4980.80      37.7930      2.33197
      4982.20      37.8736      2.39626
      4983.60      36.2742      2.39795
      4985.00      37.0486      2.27728
      4986.40      37.5019      2.27528
      4987.80      36.7711      2.22323
      4989.20      38.1208      2.40118
      4990.60      38.5765      2.32878
      4992.00      39.5047      2.36028
      4993.40      39.1534      2.39166
      4994.80      39.2705      2.34618
      4996.20      36.8062      2.18978
      4997.60      38.9417      2.45777
      4999.00      39.1902      2.39580
