      3900.00      127.109      9.10631
      3901.40      119.261      8.69467
      3902.80      118.120      8.23002
      3904.20      131.503      8.88892
      3905.60      136.712      8.96741
      3907.00      138.278      8.97697
      3908.40      133.377      9.16010
      3909.80      144.961      9.31497
      3911.20      159.811      9.69652
      3912.60      156.790      9.62829
      3914.00      159.044      9.62799
      3915.40      148.826      9.05946
      3916.80      145.402      9.70760
      3918.20      152.713      9.27394
      3919.60      150.427      8.95739
      3921.00      150.022      9.02427
      3922.40      150.918      8.99828
      3923.80      151.731      8.93169
      3925.20      147.168      9.22429
      3926.60      152.908      9.43077
      3928.00      155.081      9.75382
      3929.40      148.420      8.85008
      3930.80      143.490      8.88756
      3932.20      129.786      8.22992
      3933.60      108.153      7.34619
      3935.00      70.5297      6.68273
      3936.40      36.7898      5.11003
      3937.80      71.3200      6.21642
      3939.20      119.340      7.58130
      3940.60      138.241      8.59598
      3942.00      152.261      8.60734
      3943.40      150.989      8.55352
      3944.80      151.003      9.08664
      3946.20      147.252      9.14357
      3947.60      147.235      9.18394
      3949.00      152.084      9.30001
      3950.40      150.818      9.31430
      3951.80      147.328      9.23677
      3953.20      146.197      8.68226
      3954.60      143.450      8.51801
      3956.00      144.892      8.69679
      3957.40      144.474      8.17677
      3958.80      132.786      8.38470
      3960.20      130.896      8.02672
      3961.60      137.894      8.29155
      3963.00      133.046      8.05541
      3964.40      121.638      7.76904
      3965.80      118.452      7.71019
      3967.20      106.749      7.24203
      3968.60      88.3006      6.40587
      3970.00      57.9978      5.24705
      3971.40      29.2635      4.34611
      3972.80      38.8191      4.80821
      3974.20      61.7497      5.79186
      3975.60      85.6439      6.61645
      3977.00      101.638      7.38484
      3978.40      108.600      7.37311
      3979.80      119.851      7.89158
      3981.20      124.737      7.84903
      3982.60      128.313      7.73689
      3984.00      131.775      8.21679
      3985.40      136.077      8.04167
      3986.80      138.621      8.02652
      3988.20      143.599      8.36934
      3989.60      143.850      8.73984
      3991.00      145.419      8.15018
      3992.40      155.227      8.93175
      3993.80      150.691      8.96793
      3995.20      155.211      9.04801
      3996.60      155.016      9.09252
      3998.00      145.938      9.02660
      3999.40      141.500      8.40454
      4000.80      140.604      8.51608
      4002.20      147.327      8.62300
      4003.60      161.198      8.93950
      4005.00      153.719      8.80428
      4006.40      151.377      8.62157
      4007.80      143.514      8.11315
      4009.20      143.162      8.30566
      4010.60      152.336      8.42906
      4012.00      155.068      8.69949
      4013.40      155.005      8.59651
      4014.80      148.300      8.05416
      4016.20      149.964      8.50099
      4017.60      147.061      8.54469
      4019.00      156.457      8.46583
      4020.40      154.596      8.66268
      4021.80      155.852      8.80882
      4023.20      155.759      8.46353
      4024.60      154.474      8.40955
      4026.00      154.300      8.46776
      4027.40      147.160      8.13630
      4028.80      156.695      8.65971
      4030.20      148.987      8.52938
      4031.60      153.098      8.55762
      4033.00      144.895      8.06889
      4034.40      145.602      8.08679
      4035.80      147.912      8.10647
      4037.20      147.020      8.10265
      4038.60      155.491      8.35516
      4040.00      155.106      8.50412
      4041.40      153.674      8.42668
      4042.80      157.780      8.41956
      4044.20      153.005      8.47212
      4045.60      154.099      8.13076
      4047.00      151.917      8.30458
      4048.40      137.844      8.11306
      4049.80      148.960      8.40616
      4051.20      154.548      8.34552
      4052.60      153.870      8.27931
      4054.00      150.154      8.14879
      4055.40      152.948      8.09386
      4056.80      147.793      8.03962
      4058.20      149.865      8.17877
      4059.60      148.964      8.13343
      4061.00      152.627      8.24460
      4062.40      152.723      8.24023
      4063.80      152.935      8.08090
      4065.20      142.368      7.93540
      4066.60      138.392      7.33655
      4068.00      142.512      7.96983
      4069.40      152.788      8.32044
      4070.80      143.663      8.15980
      4072.20      149.454      8.08421
      4073.60      143.291      7.88028
      4075.00      138.731      7.76890
      4076.40      144.952      8.20538
      4077.80      150.729      8.15345
      4079.20      134.556      7.38116
      4080.60      133.669      7.39077
      4082.00      138.837      7.80003
      4083.40      145.012      7.71308
      4084.80      143.711      7.82865
      4086.20      140.912      7.63181
      4087.60      137.873      7.49782
      4089.00      134.848      7.50794
      4090.40      137.481      7.97803
      4091.80      146.035      7.79168
      4093.20      128.740      7.63750
      4094.60      131.607      7.42270
      4096.00      123.129      7.16033
      4097.40      119.521      7.05404
      4098.80      110.578      6.92484
      4100.20      100.931      6.46281
      4101.60      93.3409      6.03853
      4103.00      71.1681      5.64120
      4104.40      53.4416      4.90101
      4105.80      65.4000      5.10655
      4107.20      85.5759      5.95328
      4108.60      100.461      6.40315
      4110.00      111.244      6.61925
      4111.40      114.292      6.74204
      4112.80      121.105      7.46876
      4114.20      129.378      7.60303
      4115.60      127.508      7.79743
      4117.00      134.873      7.70916
      4118.40      132.210      7.72638
      4119.80      140.035      7.55442
      4121.20      134.318      7.42282
      4122.60      142.282      7.74238
      4124.00      140.029      7.75307
      4125.40      138.748      7.57966
      4126.80      140.814      7.61024
      4128.20      138.814      7.47029
      4129.60      135.965      7.36304
      4131.00      136.314      7.20916
      4132.40      138.978      7.59337
      4133.80      136.775      7.26064
      4135.20      133.816      7.41446
      4136.60      141.016      7.61380
      4138.00      140.812      7.66699
      4139.40      144.957      7.73481
      4140.80      147.344      7.61308
      4142.20      145.128      7.60945
      4143.60      143.570      7.48232
      4145.00      145.695      7.74469
      4146.40      134.854      7.27200
      4147.80      139.419      7.29851
      4149.20      146.591      7.97993
      4150.60      148.596      7.86245
      4152.00      144.239      7.69693
      4153.40      143.883      7.32034
      4154.80      144.903      7.66374
      4156.20      141.658      7.66374
      4157.60      133.566      7.49953
      4159.00      135.833      7.40139
      4160.40      143.286      7.39281
      4161.80      140.867      7.36492
      4163.20      142.722      7.51960
      4164.60      137.881      7.67286
      4166.00      136.332      7.63119
      4167.40      140.866      7.29574
      4168.80      145.960      7.61064
      4170.20      141.012      7.19425
      4171.60      141.819      7.43211
      4173.00      143.521      7.42378
      4174.40      134.755      7.08327
      4175.80      130.216      7.12705
      4177.20      130.146      7.21116
      4178.60      138.172      7.35652
      4180.00      137.449      7.14905
      4181.40      129.366      6.84752
      4182.80      133.736      7.22796
      4184.20      135.705      7.26914
      4185.60      140.082      7.47097
      4187.00      135.512      7.46658
      4188.40      138.141      7.17262
      4189.80      137.717      6.89502
      4191.20      133.776      7.15345
      4192.60      140.254      7.50282
      4194.00      137.905      6.95508
      4195.40      142.588      7.47659
      4196.80      145.134      7.66492
      4198.20      144.276      7.56900
      4199.60      141.373      7.16674
      4201.00      128.381      6.80601
      4202.40      133.046      7.01750
      4203.80      139.226      7.10716
      4205.20      133.805      7.00244
      4206.60      133.411      7.16348
      4208.00      139.020      7.24837
      4209.40      142.386      7.29190
      4210.80      142.555      7.29514
      4212.20      138.583      7.14023
      4213.60      141.760      7.18496
      4215.00      139.042      7.03678
      4216.40      143.601      7.01429
      4217.80      131.603      6.75593
      4219.20      133.630      6.98853
      4220.60      134.977      6.89572
      4222.00      140.721      7.15869
      4223.40      138.014      7.17083
      4224.80      137.607      6.92166
      4226.20      134.394      7.23802
      4227.60      136.979      7.02274
      4229.00      126.731      6.61702
      4230.40      120.799      6.36159
      4231.80      139.711      7.03684
      4233.20      144.169      7.34185
      4234.60      138.048      6.92883
      4236.00      124.192      6.58297
      4237.40      125.887      6.90465
      4238.80      133.051      7.00472
      4240.20      135.597      7.13609
      4241.60      139.223      6.99804
      4243.00      140.305      7.11883
      4244.40      136.681      7.24044
      4245.80      134.848      7.13919
      4247.20      142.469      7.30381
      4248.60      136.311      7.09857
      4250.00      120.245      6.79924
      4251.40      134.818      6.84988
      4252.80      129.208      6.72603
      4254.20      126.264      6.75523
      4255.60      133.712      6.93365
      4257.00      134.717      7.10343
      4258.40      134.288      6.89748
      4259.80      139.180      7.03828
      4261.20      138.288      7.13065
      4262.60      131.684      7.08200
      4264.00      136.250      7.07799
      4265.40      140.672      7.22989
      4266.80      140.500      6.97051
      4268.20      141.850      6.98314
      4269.60      141.649      7.41666
      4271.00      140.806      7.09151
      4272.40      139.334      7.12647
      4273.80      127.383      6.74603
      4275.20      125.535      6.55239
      4276.60      132.801      6.67566
      4278.00      133.177      6.75032
      4279.40      136.124      6.78450
      4280.80      141.680      7.28457
      4282.20      145.123      7.16529
      4283.60      135.743      7.02479
      4285.00      131.971      6.82826
      4286.40      137.185      6.82936
      4287.80      140.477      7.29392
      4289.20      139.075      7.34939
      4290.60      130.517      6.71108
      4292.00      127.233      6.68348
      4293.40      118.808      6.29404
      4294.80      135.146      7.26789
      4296.20      132.355      7.58345
      4297.60      126.100      6.70124
      4299.00      132.751      6.89130
      4300.40      129.103      6.61386
      4301.80      124.327      6.31759
      4303.20      113.351      6.18908
      4304.60      120.139      6.68962
      4306.00      119.988      6.74999
      4307.40      131.096      7.02361
      4308.80      133.273      6.88899
      4310.20      122.566      6.46729
      4311.60      122.704      6.34260
      4313.00      129.495      6.54646
      4314.40      132.234      6.72119
      4315.80      126.772      6.50763
      4317.20      119.450      6.34357
      4318.60      121.926      6.37986
      4320.00      129.561      6.64087
      4321.40      126.872      6.77900
      4322.80      123.037      6.62389
      4324.20      120.074      6.45840
      4325.60      129.271      6.64742
      4327.00      129.248      6.69233
      4328.40      113.808      6.06971
      4329.80      117.534      6.22734
      4331.20      123.156      6.28629
      4332.60      117.178      6.20703
      4334.00      108.576      5.75212
      4335.40      111.054      6.16597
      4336.80      111.752      6.00607
      4338.20      97.5730      5.64283
      4339.60      96.1156      5.45059
      4341.00      74.3091      4.90959
      4342.40      59.1587      4.33717
      4343.80      44.3976      4.21245
      4345.20      67.4516      4.82177
      4346.60      83.3526      5.12900
      4348.00      94.5791      5.90480
      4349.40      103.984      6.00831
      4350.80      110.307      6.26997
      4352.20      112.102      6.00778
      4353.60      112.629      6.00851
      4355.00      108.133      6.09649
      4356.40      114.747      6.37260
      4357.80      124.646      6.19908
      4359.20      126.803      6.85548
      4360.60      131.944      6.76035
      4362.00      130.174      6.66294
      4363.40      131.880      6.57208
      4364.80      129.734      6.62399
      4366.20      130.732      6.60143
      4367.60      131.073      6.72534
      4369.00      131.691      6.58860
      4370.40      131.910      6.46077
      4371.80      126.307      6.37688
      4373.20      128.524      6.59173
      4374.60      132.889      6.62046
      4376.00      131.024      6.55206
      4377.40      117.493      6.12101
      4378.80      121.803      6.27102
      4380.20      134.183      6.62306
      4381.60      136.578      6.76874
      4383.00      134.405      6.74060
      4384.40      131.244      6.58109
      4385.80      127.865      6.47180
      4387.20      112.810      5.87819
      4388.60      123.003      6.36633
      4390.00      127.076      6.46429
      4391.40      130.931      6.57174
      4392.80      129.805      6.40090
      4394.20      131.624      6.56894
      4395.60      129.018      6.52618
      4397.00      120.101      6.26966
      4398.40      114.625      6.07540
      4399.80      126.848      6.45933
      4401.20      129.668      6.50073
      4402.60      119.945      6.43890
      4404.00      120.586      6.40544
      4405.40      134.675      6.56868
      4406.80      129.891      6.41980
      4408.20      122.267      6.33388
      4409.60      130.327      6.51157
      4411.00      131.086      6.63628
      4412.40      125.537      6.49551
      4413.80      131.251      6.67213
      4415.20      129.614      6.80246
      4416.60      129.698      6.33266
      4418.00      117.918      6.17057
      4419.40      111.346      5.89301
      4420.80      117.767      6.36117
      4422.20      123.660      6.37339
      4423.60      132.122      6.56836
      4425.00      126.500      6.37939
      4426.40      126.792      6.40957
      4427.80      125.994      6.19651
      4429.20      126.682      6.70951
      4430.60      129.093      6.50525
      4432.00      128.678      6.47977
      4433.40      125.457      6.43893
      4434.80      128.545      6.26055
      4436.20      125.535      6.25352
      4437.60      123.202      6.17181
      4439.00      122.640      6.16285
      4440.40      133.677      6.68271
      4441.80      130.162      6.50364
      4443.20      128.578      6.23412
      4444.60      127.929      6.42107
      4446.00      119.032      6.05484
      4447.40      117.427      5.98638
      4448.80      124.471      6.18212
      4450.20      126.880      6.26323
      4451.60      127.983      6.36011
      4453.00      122.895      6.28176
      4454.40      122.936      6.15539
      4455.80      128.142      6.30257
      4457.20      122.544      6.17451
      4458.60      119.139      5.97637
      4460.00      124.459      6.09408
      4461.40      124.728      6.56866
      4462.80      125.830      6.11638
      4464.20      124.633      6.03409
      4465.60      124.454      6.11439
      4467.00      124.908      6.32216
      4468.40      124.518      6.22017
      4469.80      121.967      6.20628
      4471.20      115.576      6.12550
      4472.60      117.695      6.20430
      4474.00      120.873      6.12539
      4475.40      127.025      6.15044
      4476.80      126.602      6.17185
      4478.20      125.473      6.32597
      4479.60      125.060      6.29615
      4481.00      130.839      6.44154
      4482.40      124.979      6.17576
      4483.80      116.552      6.12688
      4485.20      110.054      5.66724
      4486.60      127.412      6.14651
      4488.00      125.962      6.14744
      4489.40      128.802      6.01695
      4490.80      122.826      6.01250
      4492.20      122.050      5.93163
      4493.60      117.844      5.86775
      4495.00      121.915      5.98583
      4496.40      122.311      5.96913
      4497.80      118.059      6.15035
      4499.20      123.304      6.21176
      4500.60      125.464      6.30274
      4502.00      126.582      6.32382
      4503.40      120.417      6.28310
      4504.80      117.546      5.93021
      4506.20      123.806      6.31427
      4507.60      130.537      6.33495
      4509.00      128.040      6.29024
      4510.40      121.761      6.08823
      4511.80      117.130      5.94373
      4513.20      123.969      6.16520
      4514.60      127.491      6.19404
      4516.00      127.894      6.25166
      4517.40      124.418      6.29307
      4518.80      121.025      5.99454
      4520.20      120.376      6.16625
      4521.60      123.219      6.01105
      4523.00      122.643      6.03538
      4524.40      118.759      5.92288
      4525.80      114.186      5.83257
      4527.20      118.378      5.84552
      4528.60      120.681      5.93527
      4530.00      121.497      5.90539
      4531.40      117.775      5.76387
      4532.80      118.417      6.13439
      4534.20      121.934      6.21353
      4535.60      119.603      6.13306
      4537.00      110.043      5.69059
      4538.40      114.206      5.82214
      4539.80      121.855      6.04515
      4541.20      124.604      6.23247
      4542.60      128.457      6.38817
      4544.00      123.691      6.20732
      4545.40      119.808      6.08984
      4546.80      123.623      6.09360
      4548.20      122.548      6.04713
      4549.60      122.848      6.11833
      4551.00      125.483      6.06595
      4552.40      107.750      5.78877
      4553.80      113.278      5.65354
      4555.20      121.275      5.74194
      4556.60      116.358      5.73152
      4558.00      115.766      5.81422
      4559.40      113.709      5.87754
      4560.80      122.028      6.19680
      4562.20      114.603      5.83274
      4563.60      119.908      6.05984
      4565.00      125.233      6.18902
      4566.40      118.506      5.81663
      4567.80      114.929      5.81733
      4569.20      120.383      5.87874
      4570.60      119.555      6.11712
      4572.00      123.248      5.82987
      4573.40      121.909      5.95269
      4574.80      119.067      5.64622
      4576.20      114.756      5.90823
      4577.60      126.042      6.10859
      4579.00      121.856      5.93951
      4580.40      120.462      5.90563
      4581.80      123.499      5.92974
      4583.20      118.808      5.85074
      4584.60      118.107      5.66997
      4586.00      109.580      5.60847
      4587.40      107.422      5.57553
      4588.80      119.846      5.85383
      4590.20      119.951      5.84176
      4591.60      118.747      5.88102
      4593.00      115.231      5.71205
      4594.40      115.665      5.85056
      4595.80      117.658      5.88385
      4597.20      120.095      5.79516
      4598.60      122.670      5.89246
      4600.00      121.200      5.82026
      4601.40      120.510      5.86230
      4602.80      123.951      6.15575
      4604.20      121.631      6.01748
      4605.60      120.276      5.80108
      4607.00      123.704      6.04924
      4608.40      120.107      5.79065
      4609.80      120.252      5.81428
      4611.20      118.357      5.91848
      4612.60      118.353      6.00712
      4614.00      121.587      6.07258
      4615.40      121.217      5.67237
      4616.80      124.054      5.94367
      4618.20      120.823      5.92336
      4619.60      119.330      5.58924
      4621.00      120.232      5.80652
      4622.40      120.413      5.72050
      4623.80      117.375      5.79012
      4625.20      117.706      6.05045
      4626.60      121.593      6.00527
      4628.00      121.559      5.97839
      4629.40      118.825      5.64882
      4630.80      119.684      5.87726
      4632.20      116.159      5.65386
      4633.60      116.349      5.76160
      4635.00      120.969      5.84053
      4636.40      116.432      5.70967
      4637.80      117.366      5.74475
      4639.20      122.805      5.86094
      4640.60      120.796      6.06980
      4642.00      117.579      5.80600
      4643.40      118.624      6.00296
      4644.80      122.717      5.87480
      4646.20      120.432      5.75321
      4647.60      118.157      5.75441
      4649.00      118.029      5.79679
      4650.40      117.229      5.53969
      4651.80      115.442      5.70459
      4653.20      120.230      5.79943
      4654.60      117.699      5.64859
      4656.00      116.885      5.79603
      4657.40      118.287      5.55182
      4658.80      117.726      5.64518
      4660.20      117.583      5.70027
      4661.60      117.331      5.68884
      4663.00      118.764      5.94579
      4664.40      120.422      5.68974
      4665.80      118.477      5.67780
      4667.20      115.374      5.93890
      4668.60      119.076      5.84041
      4670.00      112.294      5.49953
      4671.40      115.069      5.55378
      4672.80      115.758      5.71664
      4674.20      116.425      5.76846
      4675.60      117.486      5.79647
      4677.00      118.698      5.84839
      4678.40      121.727      5.86005
      4679.80      119.012      5.58072
      4681.20      115.222      5.60127
      4682.60      117.171      5.71437
      4684.00      119.798      5.68706
      4685.40      116.373      5.69132
      4686.80      118.354      5.73525
      4688.20      121.587      5.91290
      4689.60      116.189      5.64972
      4691.00      121.413      5.72441
      4692.40      115.473      5.50993
      4693.80      122.531      5.90946
      4695.20      119.313      5.76330
      4696.60      113.596      5.63753
      4698.00      118.031      5.60103
      4699.40      115.729      5.71105
      4700.80      117.677      5.57020
      4702.20      115.097      5.76970
      4703.60      115.022      5.64219
      4705.00      115.350      5.57615
      4706.40      112.607      5.21787
      4707.80      113.429      5.46092
      4709.20      117.557      5.64390
      4710.60      111.863      5.56510
      4712.00      115.998      5.72197
      4713.40      116.905      5.92898
      4714.80      115.482      5.64416
      4716.20      117.239      5.54642
      4717.60      117.679      5.64959
      4719.00      115.876      5.50414
      4720.40      118.018      5.72813
      4721.80      117.252      5.76395
      4723.20      116.343      5.82651
      4724.60      117.942      5.60926
      4726.00      117.971      5.69254
      4727.40      118.953      5.64785
      4728.80      118.365      5.65754
      4730.20      114.699      5.53644
      4731.60      113.761      5.40145
      4733.00      115.107      5.64877
      4734.40      115.314      5.53570
      4735.80      114.582      5.63864
      4737.20      115.252      5.59299
      4738.60      116.517      5.60118
      4740.00      115.494      5.60460
      4741.40      113.593      5.39466
      4742.80      111.947      5.40448
      4744.20      112.184      5.54585
      4745.60      113.859      5.50209
      4747.00      113.788      5.58582
      4748.40      117.431      5.58312
      4749.80      115.780      5.71100
      4751.20      119.199      5.69736
      4752.60      114.348      5.67135
      4754.00      116.029      5.94381
      4755.40      115.898      6.06611
      4756.80      114.483      6.89284
      4758.20      116.463      5.90287
      4759.60      115.156      5.57203
      4761.00      116.590      5.66839
      4762.40      114.961      5.66478
      4763.80      113.924      5.48340
      4765.20      114.245      5.42697
      4766.60      111.136      5.59179
      4768.00      113.194      5.60154
      4769.40      116.457      5.75301
      4770.80      112.810      5.56723
      4772.20      114.501      5.36390
      4773.60      112.527      5.29745
      4775.00      110.649      5.35927
      4776.40      115.107      5.54542
      4777.80      115.493      5.63544
      4779.20      114.077      5.60899
      4780.60      114.526      5.55612
      4782.00      111.135      5.58295
      4783.40      110.473      5.33544
      4784.80      114.087      5.57875
      4786.20      113.309      5.49552
      4787.60      113.824      5.50776
      4789.00      112.479      5.39372
      4790.40      113.134      5.43794
      4791.80      115.417      5.51195
      4793.20      111.428      5.48070
      4794.60      116.908      5.62088
      4796.00      112.342      5.38267
      4797.40      113.103      5.37427
      4798.80      115.934      5.42960
      4800.20      114.573      5.35764
      4801.60      112.990      5.44378
      4803.00      116.868      5.50036
      4804.40      112.679      5.40102
      4805.80      112.609      5.40565
      4807.20      112.268      5.33302
      4808.60      110.461      5.31345
      4810.00      110.969      5.58708
      4811.40      111.875      5.40566
      4812.80      110.589      5.49096
      4814.20      111.313      5.39453
      4815.60      110.389      5.35877
      4817.00      110.020      5.22003
      4818.40      112.593      5.55153
      4819.80      110.702      5.27977
      4821.20      111.684      5.39058
      4822.60      114.411      5.48642
      4824.00      110.410      5.52160
      4825.40      116.090      5.65659
      4826.80      108.949      5.23067
      4828.20      108.264      5.38336
      4829.60      112.661      5.46154
      4831.00      113.309      5.37006
      4832.40      110.895      5.30657
      4833.80      108.892      5.25284
      4835.20      114.627      5.39598
      4836.60      110.800      5.44894
      4838.00      106.975      5.37587
      4839.40      108.905      5.16100
      4840.80      109.864      5.31508
      4842.20      110.445      5.28173
      4843.60      105.963      5.13859
      4845.00      107.164      5.09546
      4846.40      109.851      5.24005
      4847.80      108.440      5.24794
      4849.20      106.270      5.27856
      4850.60      100.862      5.13949
      4852.00      99.1876      5.11568
      4853.40      102.837      5.19936
      4854.80      96.9583      4.96749
      4856.20      97.7271      4.92899
      4857.60      96.5781      4.92080
      4859.00      89.6965      4.75843
      4860.40      82.5022      4.45925
      4861.80      77.2332      4.34911
      4863.20      58.4478      3.72961
      4864.60      43.7346      3.26227
      4866.00      54.2162      3.66447
      4867.40      74.1506      4.26805
      4868.80      81.9965      4.42110
      4870.20      88.6550      4.66433
      4871.60      92.6052      4.92444
      4873.00      94.7258      4.96037
      4874.40      92.4889      4.81147
      4875.80      94.3453      4.87553
      4877.20      98.1936      5.22594
      4878.60      99.8756      5.44704
      4880.00      102.183      5.56854
      4881.40      98.3829      5.16998
      4882.80      103.766      5.17318
      4884.20      102.640      5.34328
      4885.60      107.257      5.42749
      4887.00      104.457      5.43944
      4888.40      101.896      5.27079
      4889.80      105.309      5.30799
      4891.20      107.237      5.32445
      4892.60      106.140      5.13249
      4894.00      99.8271      5.20210
      4895.40      101.852      5.22537
      4896.80      107.723      5.37515
      4898.20      107.065      5.32852
      4899.60      105.338      5.29205
      4901.00      106.033      5.45086
      4902.40      105.251      5.35911
      4903.80      104.232      5.26523
      4905.20      105.889      5.32521
      4906.60      107.780      5.26258
      4908.00      109.571      5.36751
      4909.40      110.348      5.44847
      4910.80      109.198      5.38607
      4912.20      110.492      5.34250
      4913.60      107.274      5.22389
      4915.00      103.763      5.92276
      4916.40      105.717      6.60408
      4917.80      109.274      5.32744
      4919.20      106.438      5.21446
      4920.60      106.575      5.11744
      4922.00      103.130      5.09684
      4923.40      104.069      4.98409
      4924.80      104.536      5.02392
      4926.20      100.934      4.92795
      4927.60      100.137      4.92226
      4929.00      103.873      5.15307
      4930.40      112.806      5.28161
      4931.80      106.780      5.11156
      4933.20      107.755      5.22768
      4934.60      106.925      5.27234
      4936.00      108.467      5.37682
      4937.40      103.809      5.11056
      4938.80      104.216      5.00003
      4940.20      108.052      5.11201
      4941.60      105.756      5.16775
      4943.00      106.757      5.32851
      4944.40      109.309      5.27030
      4945.80      108.546      5.19371
      4947.20      107.178      5.14789
      4948.60      106.687      5.13070
      4950.00      106.174      5.08708
      4951.40      106.428      5.13546
      4952.80      106.358      5.23801
      4954.20      107.478      5.18723
      4955.60      107.326      5.26884
      4957.00      104.128      4.95210
      4958.40      104.413      4.93591
      4959.80      102.758      5.00453
      4961.20      97.9970      4.92883
      4962.60      105.503      4.93596
      4964.00      106.157      5.13395
      4965.40      105.607      5.15491
      4966.80      104.714      5.12836
      4968.20      106.874      5.25400
      4969.60      108.210      5.36132
      4971.00      102.374      5.12747
      4972.40      107.265      5.12995
      4973.80      105.650      5.23271
      4975.20      105.099      5.14499
      4976.60      106.378      5.05257
      4978.00      104.716      5.07768
      4979.40      105.950      5.05298
      4980.80      107.453      5.08963
      4982.20      107.338      5.19042
      4983.60      109.836      5.10681
      4985.00      103.180      5.03738
      4986.40      99.3453      5.01558
      4987.80      102.466      5.01844
      4989.20      101.640      4.93427
      4990.60      103.108      4.91331
      4992.00      107.518      5.08250
      4993.40      103.178      5.19214
      4994.80      102.308      5.04199
      4996.20      102.494      4.94014
      4997.60      103.374      4.89165
      4999.00      105.187      5.05644
