      3900.00      131.500      7.36817
      3901.40      122.900      7.16317
      3902.80      129.911      7.49810
      3904.20      125.163      7.12216
      3905.60      135.779      7.54078
      3907.00      141.739      7.79526
      3908.40      139.295      7.66789
      3909.80      149.071      7.95085
      3911.20      144.966      7.80806
      3912.60      143.367      7.81790
      3914.00      141.114      7.86007
      3915.40      149.021      8.00974
      3916.80      144.566      7.96307
      3918.20      151.059      8.06238
      3919.60      142.682      7.71168
      3921.00      155.577      8.05121
      3922.40      141.440      7.72241
      3923.80      158.111      8.11346
      3925.20      157.274      8.04320
      3926.60      149.689      7.70968
      3928.00      142.410      7.45218
      3929.40      151.496      7.72098
      3930.80      138.278      7.34586
      3932.20      101.882      6.08763
      3933.60      70.1838      5.24425
      3935.00      101.857      6.07280
      3936.40      148.632      7.54385
      3937.80      145.202      7.58448
      3939.20      152.291      7.73144
      3940.60      160.917      8.00133
      3942.00      148.319      7.63147
      3943.40      144.637      7.57134
      3944.80      148.760      7.57031
      3946.20      147.725      7.55777
      3947.60      140.875      7.37053
      3949.00      138.345      7.30870
      3950.40      138.902      7.46655
      3951.80      133.768      7.26949
      3953.20      137.633      7.34486
      3954.60      140.138      7.32441
      3956.00      139.598      7.16702
      3957.40      130.864      7.01446
      3958.80      122.755      6.69527
      3960.20      131.144      6.90250
      3961.60      124.845      6.74263
      3963.00      103.325      6.25491
      3964.40      106.301      6.15236
      3965.80      81.3638      5.30866
      3967.20      53.9685      4.37446
      3968.60      35.2256      3.78261
      3970.00      28.5223      3.46564
      3971.40      61.9023      4.35425
      3972.80      68.4769      4.88198
      3974.20      94.0217      5.56803
      3975.60      103.591      5.91264
      3977.00      107.629      6.19943
      3978.40      120.295      6.58892
      3979.80      133.122      6.98372
      3981.20      127.701      6.79192
      3982.60      141.196      6.86288
      3984.00      130.998      7.05899
      3985.40      138.589      6.90545
      3986.80      136.051      6.92878
      3988.20      138.825      7.00180
      3989.60      140.766      7.06428
      3991.00      133.486      6.85325
      3992.40      142.558      7.14612
      3993.80      139.220      7.06550
      3995.20      142.292      7.07902
      3996.60      147.051      7.24485
      3998.00      156.810      7.44769
      3999.40      146.732      7.20731
      4000.80      149.012      7.24312
      4002.20      138.853      6.93907
      4003.60      148.179      7.27076
      4005.00      144.121      7.23995
      4006.40      144.430      7.13499
      4007.80      152.888      7.36208
      4009.20      159.536      7.49592
      4010.60      149.755      7.48636
      4012.00      141.455      7.24404
      4013.40      143.876      7.05123
      4014.80      145.292      7.07034
      4016.20      150.658      7.09709
      4017.60      140.784      6.91322
      4019.00      156.166      7.36361
      4020.40      157.151      7.41638
      4021.80      149.058      7.10214
      4023.20      149.698      7.14841
      4024.60      145.394      7.04883
      4026.00      144.415      6.98320
      4027.40      144.373      7.08286
      4028.80      149.943      7.26367
      4030.20      140.062      6.77370
      4031.60      148.690      7.10326
      4033.00      136.889      6.88917
      4034.40      143.702      7.01610
      4035.80      149.805      7.10196
      4037.20      145.373      6.93860
      4038.60      148.788      7.09203
      4040.00      149.371      7.20795
      4041.40      149.514      7.31110
      4042.80      150.578      7.40766
      4044.20      140.878      6.93227
      4045.60      131.032      6.58586
      4047.00      144.965      7.06085
      4048.40      144.227      7.04719
      4049.80      150.120      7.14162
      4051.20      140.606      6.93023
      4052.60      142.198      6.82765
      4054.00      139.204      6.76142
      4055.40      140.522      6.80073
      4056.80      145.475      6.86088
      4058.20      139.012      6.72546
      4059.60      142.099      6.93303
      4061.00      147.823      7.04230
      4062.40      138.906      6.72145
      4063.80      126.169      6.39049
      4065.20      139.903      6.68372
      4066.60      133.618      6.57595
      4068.00      134.353      6.62278
      4069.40      142.691      6.94823
      4070.80      135.552      6.64518
      4072.20      137.721      6.58587
      4073.60      137.280      6.63393
      4075.00      137.422      6.53279
      4076.40      114.224      6.15745
      4077.80      136.801      6.68355
      4079.20      139.794      6.70295
      4080.60      139.972      6.65349
      4082.00      132.074      6.51149
      4083.40      135.439      6.42260
      4084.80      122.471      6.18598
      4086.20      130.013      6.41025
      4087.60      121.308      6.22625
      4089.00      124.337      6.07943
      4090.40      111.268      5.86535
      4091.80      112.343      5.83856
      4093.20      116.194      5.96874
      4094.60      103.724      5.59891
      4096.00      98.5536      5.45666
      4097.40      89.6259      5.11049
      4098.80      71.2361      4.39136
      4100.20      53.9671      3.77771
      4101.60      35.8078      3.25225
      4103.00      52.8996      3.77848
      4104.40      71.9963      4.40147
      4105.80      84.9958      4.97381
      4107.20      89.4398      5.13605
      4108.60      102.752      5.40463
      4110.00      108.078      5.62909
      4111.40      107.171      5.45631
      4112.80      114.628      5.82323
      4114.20      123.102      6.01475
      4115.60      116.051      6.01442
      4117.00      135.065      6.22172
      4118.40      128.359      6.17733
      4119.80      132.903      6.29577
      4121.20      132.410      6.31958
      4122.60      134.911      6.28894
      4124.00      133.506      6.36700
      4125.40      139.216      6.47135
      4126.80      141.797      6.53345
      4128.20      137.073      6.53531
      4129.60      134.808      6.41963
      4131.00      134.722      6.37204
      4132.40      132.197      6.31745
      4133.80      131.533      6.22201
      4135.20      130.158      6.27889
      4136.60      133.320      6.12971
      4138.00      135.559      6.38605
      4139.40      136.082      6.33688
      4140.80      133.164      6.29878
      4142.20      132.794      6.21766
      4143.60      129.627      6.14482
      4145.00      140.289      6.45035
      4146.40      130.244      6.17784
      4147.80      127.952      6.14860
      4149.20      131.252      6.05440
      4150.60      137.023      6.30591
      4152.00      133.358      6.24822
      4153.40      143.622      6.51766
      4154.80      124.108      6.12174
      4156.20      140.367      6.33639
      4157.60      131.135      6.19450
      4159.00      143.668      6.44911
      4160.40      134.822      6.37752
      4161.80      139.888      6.34446
      4163.20      130.297      6.17103
      4164.60      132.237      6.22457
      4166.00      134.578      6.37933
      4167.40      134.696      6.32129
      4168.80      141.728      6.42653
      4170.20      132.100      6.23446
      4171.60      123.942      5.98152
      4173.00      127.222      6.09679
      4174.40      122.124      5.95291
      4175.80      134.112      6.23569
      4177.20      126.410      6.02180
      4178.60      130.961      6.09157
      4180.00      129.393      6.07969
      4181.40      128.560      6.07194
      4182.80      133.329      6.20399
      4184.20      137.451      6.30531
      4185.60      139.658      6.38424
      4187.00      135.432      6.02183
      4188.40      124.164      5.97412
      4189.80      136.636      6.11901
      4191.20      128.004      5.98839
      4192.60      130.072      5.92327
      4194.00      126.645      5.96561
      4195.40      134.250      6.12157
      4196.80      127.000      5.85359
      4198.20      122.688      5.82973
      4199.60      133.518      6.04650
      4201.00      129.854      6.17625
      4202.40      130.474      6.06615
      4203.80      133.432      6.12289
      4205.20      128.821      5.90613
      4206.60      126.846      5.94985
      4208.00      127.687      5.88432
      4209.40      124.699      5.80630
      4210.80      132.409      6.10399
      4212.20      133.518      6.12915
      4213.60      126.190      5.79068
      4215.00      120.889      5.78564
      4216.40      127.436      5.85987
      4217.80      135.440      6.13248
      4219.20      129.196      5.86554
      4220.60      130.011      5.93412
      4222.00      129.060      5.90533
      4223.40      124.003      5.72215
      4224.80      122.362      5.70342
      4226.20      121.600      5.68404
      4227.60      119.707      5.55265
      4229.00      127.163      5.88763
      4230.40      130.127      5.90384
      4231.80      122.277      5.67427
      4233.20      115.889      5.51474
      4234.60      123.714      5.71659
      4236.00      128.977      5.86227
      4237.40      121.610      5.64673
      4238.80      135.659      6.00350
      4240.20      129.004      5.94953
      4241.60      131.466      5.90302
      4243.00      122.924      5.74569
      4244.40      132.108      5.93308
      4245.80      128.363      6.04343
      4247.20      122.988      5.65452
      4248.60      123.084      5.73086
      4250.00      126.377      5.82948
      4251.40      120.999      5.81235
      4252.80      131.461      5.93820
      4254.20      126.843      5.82241
      4255.60      126.999      5.81482
      4257.00      129.186      5.90739
      4258.40      133.482      6.03953
      4259.80      126.837      5.87889
      4261.20      124.443      5.74352
      4262.60      126.001      5.87487
      4264.00      130.186      6.03361
      4265.40      128.299      6.02528
      4266.80      130.463      5.87826
      4268.20      124.757      5.74357
      4269.60      120.852      5.60037
      4271.00      116.724      5.50355
      4272.40      121.391      5.55951
      4273.80      116.178      5.46903
      4275.20      124.889      5.68518
      4276.60      131.215      5.87009
      4278.00      124.396      5.70408
      4279.40      132.631      6.04624
      4280.80      128.021      5.78102
      4282.20      122.606      5.68812
      4283.60      130.672      6.09579
      4285.00      129.361      5.80642
      4286.40      118.503      5.57367
      4287.80      120.116      5.53342
      4289.20      116.408      5.48201
      4290.60      119.659      5.55847
      4292.00      121.811      5.58190
      4293.40      122.194      5.59928
      4294.80      125.320      5.71838
      4296.20      125.933      5.83907
      4297.60      125.838      5.96548
      4299.00      114.833      5.56695
      4300.40      112.161      5.43198
      4301.80      118.969      5.50663
      4303.20      127.023      5.75497
      4304.60      125.777      5.68288
      4306.00      119.543      5.51685
      4307.40      116.680      5.42103
      4308.80      113.464      5.41493
      4310.20      124.896      5.63619
      4311.60      116.450      5.43955
      4313.00      116.354      5.39888
      4314.40      114.510      5.36368
      4315.80      117.920      5.46723
      4317.20      122.855      5.64775
      4318.60      119.663      5.48350
      4320.00      117.139      5.48485
      4321.40      119.690      5.58865
      4322.80      118.320      5.60369
      4324.20      112.554      5.26686
      4325.60      109.472      5.17532
      4327.00      111.186      5.32706
      4328.40      102.764      5.04127
      4329.80      104.356      4.91754
      4331.20      98.5132      4.89911
      4332.60      102.530      4.87341
      4334.00      85.3387      4.47701
      4335.40      85.5137      4.36026
      4336.80      69.0486      3.88679
      4338.20      51.4291      3.31851
      4339.60      42.1997      3.00693
      4341.00      40.1688      2.95787
      4342.40      52.4894      3.34220
      4343.80      76.3221      3.99882
      4345.20      77.7662      4.24903
      4346.60      95.2255      4.77656
      4348.00      90.1688      4.69414
      4349.40      102.069      4.93400
      4350.80      99.4587      4.90766
      4352.20      95.0738      4.72330
      4353.60      104.881      4.95126
      4355.00      110.686      5.18208
      4356.40      113.210      5.18718
      4357.80      111.988      5.42768
      4359.20      115.005      5.70233
      4360.60      116.326      5.59150
      4362.00      120.603      5.53553
      4363.40      119.654      5.43331
      4364.80      119.184      5.39758
      4366.20      119.965      5.57217
      4367.60      126.968      5.46312
      4369.00      112.615      5.59431
      4370.40      180.247      7.34855
      4371.80      133.363      6.79179
      4373.20      121.053      5.42357
      4374.60      118.761      5.39577
      4376.00      119.530      5.39355
      4377.40      115.205      5.27324
      4378.80      116.821      5.33971
      4380.20      125.711      5.56668
      4381.60      117.559      5.28305
      4383.00      113.043      5.26081
      4384.40      109.604      5.16755
      4385.80      117.789      5.37922
      4387.20      115.110      5.35019
      4388.60      118.476      5.33560
      4390.00      116.122      5.24087
      4391.40      116.755      5.33779
      4392.80      115.057      5.16272
      4394.20      113.542      5.22150
      4395.60      105.294      4.98302
      4397.00      114.396      5.18377
      4398.40      112.594      5.16746
      4399.80      116.737      5.23935
      4401.20      114.768      5.20678
      4402.60      112.915      5.17918
      4404.00      116.436      5.24341
      4405.40      111.879      5.20124
      4406.80      116.041      5.16047
      4408.20      114.652      5.24011
      4409.60      120.335      5.29601
      4411.00      113.807      5.30874
      4412.40      122.643      5.37979
      4413.80      117.909      5.31843
      4415.20      115.360      5.21403
      4416.60      106.799      5.08530
      4418.00      109.067      5.20329
      4419.40      116.829      5.41622
      4420.80      124.910      5.52315
      4422.20      112.456      5.11517
      4423.60      118.257      5.27418
      4425.00      118.099      5.23318
      4426.40      106.183      4.97102
      4427.80      110.836      5.05884
      4429.20      114.032      5.13907
      4430.60      117.105      5.23675
      4432.00      112.833      5.18052
      4433.40      117.056      5.21690
      4434.80      109.976      5.01944
      4436.20      112.191      5.09500
      4437.60      117.448      5.17274
      4439.00      113.539      5.14235
      4440.40      112.785      5.09219
      4441.80      111.865      5.06527
      4443.20      107.278      5.00689
      4444.60      108.384      4.99447
      4446.00      114.303      5.11990
      4447.40      112.216      5.00939
      4448.80      112.957      5.18408
      4450.20      111.772      5.02219
      4451.60      110.590      4.99982
      4453.00      112.548      5.06219
      4454.40      108.161      4.87883
      4455.80      113.791      5.08575
      4457.20      108.126      5.06996
      4458.60      116.618      5.25931
      4460.00      119.244      5.23333
      4461.40      112.589      5.07458
      4462.80      110.912      5.02725
      4464.20      111.124      5.05794
      4465.60      108.838      4.96575
      4467.00      109.713      4.92605
      4468.40      103.309      4.78248
      4469.80      105.107      4.82245
      4471.20      116.112      5.11440
      4472.60      115.950      5.13818
      4474.00      114.194      5.06620
      4475.40      110.793      4.97950
      4476.80      115.131      5.10360
      4478.20      116.142      5.15300
      4479.60      117.438      5.08380
      4481.00      100.503      4.72287
      4482.40      110.092      5.09475
      4483.80      113.256      5.17022
      4485.20      110.199      5.03091
      4486.60      108.989      5.04269
      4488.00      113.821      5.12955
      4489.40      112.013      5.07283
      4490.80      112.888      5.06819
      4492.20      117.004      5.16284
      4493.60      113.475      5.08733
      4495.00      109.734      5.00301
      4496.40      115.651      5.20016
      4497.80      112.417      5.01862
      4499.20      114.499      5.06153
      4500.60      104.149      4.79165
      4502.00      107.371      4.89083
      4503.40      116.437      5.08629
      4504.80      108.759      5.01683
      4506.20      115.335      4.99264
      4507.60      106.291      4.83073
      4509.00      115.501      5.09985
      4510.40      117.037      5.09594
      4511.80      110.464      4.96149
      4513.20      112.251      5.00563
      4514.60      109.102      4.92887
      4516.00      107.824      4.93565
      4517.40      111.289      5.01598
      4518.80      109.149      4.99615
      4520.20      115.613      5.14027
      4521.60      109.049      4.92852
      4523.00      108.755      4.87473
      4524.40      110.878      4.91123
      4525.80      113.726      5.04526
      4527.20      104.725      4.91485
      4528.60      109.907      5.06753
      4530.00      105.737      5.00126
      4531.40      110.536      4.93591
      4532.80      103.735      4.71720
      4534.20      103.054      4.71310
      4535.60      107.003      4.84891
      4537.00      107.547      4.80603
      4538.40      110.872      4.91244
      4539.80      110.215      4.93304
      4541.20      109.931      4.85906
      4542.60      104.141      4.78528
      4544.00      105.529      4.79167
      4545.40      111.413      4.98670
      4546.80      112.891      5.00102
      4548.20      102.830      4.70245
      4549.60      101.927      4.64002
      4551.00      105.720      4.76180
      4552.40      113.342      4.92016
      4553.80      107.558      4.91890
      4555.20      101.430      4.66905
      4556.60      107.839      4.91803
      4558.00      108.579      5.00348
      4559.40      105.478      4.83352
      4560.80      109.977      4.95587
      4562.20      109.632      4.85696
      4563.60      99.1541      4.54799
      4565.00      105.493      4.69045
      4566.40      109.964      4.85950
      4567.80      108.686      4.82056
      4569.20      113.784      4.92811
      4570.60      102.401      4.63712
      4572.00      100.586      4.55000
      4573.40      107.690      4.79212
      4574.80      109.584      4.85011
      4576.20      112.048      4.90413
      4577.60      110.602      4.93813
      4579.00      108.182      4.81333
      4580.40      108.583      4.82495
      4581.80      110.388      4.77382
      4583.20      96.9536      4.55155
      4584.60      100.762      4.48684
      4586.00      108.298      4.78199
      4587.40      102.050      4.55068
      4588.80      103.661      4.70757
      4590.20      108.581      4.72613
      4591.60      108.617      4.79634
      4593.00      105.938      4.69985
      4594.40      103.919      4.62622
      4595.80      107.868      4.73041
      4597.20      106.589      4.71902
      4598.60      106.542      4.71358
      4600.00      105.946      4.74511
      4601.40      111.552      4.76321
      4602.80      102.830      4.69599
      4604.20      107.252      4.79433
      4605.60      106.205      4.77769
      4607.00      110.412      4.93954
      4608.40      110.258      4.83499
      4609.80      103.120      4.67027
      4611.20      104.375      4.55718
      4612.60      99.3467      4.65044
      4614.00      117.177      4.66084
      4615.40      81.8858      4.70524
      4616.80      249.384      9.00400
      4618.20      112.886      5.64679
      4619.60      109.026      4.64406
      4621.00      101.153      4.64243
      4622.40      115.481      4.89728
      4623.80      104.746      4.61430
      4625.20      109.919      4.75947
      4626.60      104.211      4.61848
      4628.00      99.9150      4.50299
      4629.40      102.817      4.57332
      4630.80      103.246      4.59478
      4632.20      100.368      4.55659
      4633.60      107.096      4.67804
      4635.00      98.1353      4.44395
      4636.40      111.709      4.81594
      4637.80      104.797      4.69693
      4639.20      109.694      4.75668
      4640.60      99.7294      4.58185
      4642.00      104.717      4.61350
      4643.40      102.429      4.58545
      4644.80      101.834      4.54020
      4646.20      105.166      4.67191
      4647.60      103.237      4.58008
      4649.00      110.115      4.80060
      4650.40      107.982      4.69429
      4651.80      102.701      4.57310
      4653.20      103.808      4.58276
      4654.60      103.988      4.65934
      4656.00      105.229      4.63018
      4657.40      103.325      4.59380
      4658.80      107.070      4.70419
      4660.20      106.428      4.62092
      4661.60      100.983      4.56389
      4663.00      103.823      4.56062
      4664.40      107.566      4.69307
      4665.80      100.610      4.54382
      4667.20      102.974      4.64311
      4668.60      103.576      4.62147
      4670.00      102.588      4.56157
      4671.40      103.420      4.58737
      4672.80      104.838      4.60491
      4674.20      96.6689      4.42705
      4675.60      99.5862      4.41748
      4677.00      98.8739      4.43027
      4678.40      102.799      4.51770
      4679.80      99.2015      4.59439
      4681.20      96.2188      4.40996
      4682.60      104.831      4.58427
      4684.00      105.529      4.61950
      4685.40      106.497      4.64712
      4686.80      103.527      4.55688
      4688.20      102.021      4.51111
      4689.60      104.729      4.60509
      4691.00      100.392      4.44727
      4692.40      100.968      4.49125
      4693.80      103.934      4.52207
      4695.20      98.7674      4.53525
      4696.60      103.665      4.58857
      4698.00      99.5080      4.57161
      4699.40      102.996      4.59081
      4700.80      104.106      4.56408
      4702.20      102.123      4.51800
      4703.60      102.063      4.48698
      4705.00      103.891      4.60036
      4706.40      99.7043      4.48166
      4707.80      99.9040      4.39515
      4709.20      97.0222      4.35819
      4710.60      101.959      4.54647
      4712.00      103.290      4.61080
      4713.40      103.108      4.54856
      4714.80      98.1767      4.41680
      4716.20      101.186      4.45392
      4717.60      106.253      4.59310
      4719.00      101.861      4.50622
      4720.40      102.632      4.55322
      4721.80      107.931      4.69301
      4723.20      101.073      4.48006
      4724.60      102.993      4.50148
      4726.00      100.750      4.45916
      4727.40      100.760      4.47321
      4728.80      102.872      4.59968
      4730.20      97.9926      4.36728
      4731.60      100.205      4.49282
      4733.00      110.155      4.67105
      4734.40      101.130      4.50764
      4735.80      106.748      4.63337
      4737.20      100.968      4.54138
      4738.60      103.011      4.46896
      4740.00      97.6411      4.34701
      4741.40      101.085      4.50928
      4742.80      95.6515      4.28824
      4744.20      99.6268      4.42838
      4745.60      103.747      4.60018
      4747.00      96.4111      4.39314
      4748.40      96.2831      4.29990
      4749.80      97.9032      4.38590
      4751.20      100.136      4.39118
      4752.60      101.896      4.51398
      4754.00      100.189      4.33770
      4755.40      100.607      4.55611
      4756.80      98.5217      4.38023
      4758.20      101.178      4.46837
      4759.60      98.9417      4.28756
      4761.00      98.9794      4.44139
      4762.40      106.127      4.51370
      4763.80      91.5163      4.21861
      4765.20      99.1306      4.33668
      4766.60      100.832      4.42654
      4768.00      99.4029      4.36827
      4769.40      100.182      4.39525
      4770.80      97.8857      4.36508
      4772.20      99.4232      4.39261
      4773.60      99.9969      4.38236
      4775.00      98.9492      4.34361
      4776.40      101.869      4.48008
      4777.80      102.997      4.43473
      4779.20      93.1557      4.20225
      4780.60      99.0997      4.45704
      4782.00      99.1913      4.26163
      4783.40      99.0212      4.42873
      4784.80      99.6213      4.36193
      4786.20      101.425      4.45981
      4787.60      98.1438      4.33353
      4789.00      100.775      4.39921
      4790.40      100.478      4.40258
      4791.80      96.8171      4.34484
      4793.20      97.9985      4.35348
      4794.60      98.5592      4.36316
      4796.00      98.3355      4.34990
      4797.40      98.4556      4.47145
      4798.80      98.4495      4.56978
      4800.20      102.111      4.46748
      4801.60      99.8096      4.40962
      4803.00      93.7952      4.22103
      4804.40      91.9181      4.20479
      4805.80      94.1539      4.22688
      4807.20      99.7131      4.39267
      4808.60      100.734      4.37832
      4810.00      95.4994      4.25169
      4811.40      97.0035      4.31221
      4812.80      106.440      4.52521
      4814.20      97.3907      4.29390
      4815.60      99.3204      4.37866
      4817.00      99.2199      4.40010
      4818.40      96.5403      4.33728
      4819.80      98.7464      4.33466
      4821.20      93.9378      4.19746
      4822.60      91.8630      4.14224
      4824.00      97.5726      4.29381
      4825.40      97.5393      4.36558
      4826.80      94.9351      4.38824
      4828.20      90.7747      4.11924
      4829.60      92.4303      4.16097
      4831.00      92.9049      4.14311
      4832.40      91.0581      4.16796
      4833.80      97.8814      4.28122
      4835.20      94.0306      4.21877
      4836.60      92.6666      4.17591
      4838.00      92.0498      4.22081
      4839.40      91.6654      4.08321
      4840.80      86.6337      4.00762
      4842.20      95.0535      4.24265
      4843.60      87.1988      4.12431
      4845.00      82.4012      3.90209
      4846.40      85.1951      3.87650
      4847.80      78.0134      3.71266
      4849.20      79.9276      3.75368
      4850.60      83.8019      3.87121
      4852.00      77.4271      3.71001
      4853.40      71.0607      3.53876
      4854.80      65.6667      3.34840
      4856.20      61.7750      3.23648
      4857.60      55.1522      3.01686
      4859.00      46.8493      2.75228
      4860.40      35.0587      2.31472
      4861.80      31.4999      2.32902
      4863.20      45.6550      2.67250
      4864.60      56.5093      3.05072
      4866.00      63.5594      3.26964
      4867.40      66.6198      3.43884
      4868.80      73.0957      3.59875
      4870.20      76.5353      3.74741
      4871.60      76.3890      3.74753
      4873.00      75.5104      3.78474
      4874.40      86.7316      3.98162
      4875.80      80.2995      3.82432
      4877.20      87.8573      4.02631
      4878.60      87.9287      4.09504
      4880.00      84.1275      4.02499
      4881.40      87.6552      4.10610
      4882.80      90.4914      4.08980
      4884.20      90.6599      4.22222
      4885.60      93.6575      4.19804
      4887.00      93.0777      4.18469
      4888.40      90.4162      4.22261
      4889.80      90.4814      4.04866
      4891.20      89.3718      4.18793
      4892.60      94.7670      4.29157
      4894.00      92.2699      4.38914
      4895.40      95.1268      4.37620
      4896.80      93.5912      4.30959
      4898.20      100.761      4.40290
      4899.60      94.7442      4.27487
      4901.00      93.9355      4.20473
      4902.40      92.2254      4.20659
      4903.80      96.9540      4.28713
      4905.20      97.8861      4.32956
      4906.60      95.0430      4.22053
      4908.00      91.0320      4.11919
      4909.40      91.7699      4.13272
      4910.80      95.5297      4.22066
      4912.20      93.4071      4.17144
      4913.60      89.7666      4.05490
      4915.00      94.3845      4.19079
      4916.40      97.8868      4.23838
      4917.80      94.1522      4.20367
      4919.20      92.6365      4.09383
      4920.60      87.9887      4.01954
      4922.00      93.8420      4.11253
      4923.40      87.5937      4.01425
      4924.80      87.3861      3.97028
      4926.20      95.1501      4.18109
      4927.60      95.8550      4.21190
      4929.00      92.1308      4.12876
      4930.40      93.5231      4.19503
      4931.80      91.5053      4.11521
      4933.20      92.4422      4.28373
      4934.60      90.6538      4.03818
      4936.00      87.8012      4.00477
      4937.40      95.0450      4.09100
      4938.80      92.2346      4.12376
      4940.20      93.5735      4.06850
      4941.60      87.4839      3.94158
      4943.00      95.8717      4.15832
      4944.40      93.3064      4.11099
      4945.80      92.0007      4.06307
      4947.20      92.5179      4.07091
      4948.60      85.1584      3.86297
      4950.00      92.4958      4.01364
      4951.40      91.3184      4.08637
      4952.80      90.7360      4.03563
      4954.20      94.8616      4.15744
      4955.60      91.2067      3.99807
      4957.00      87.3261      3.95622
      4958.40      90.1287      3.98127
      4959.80      89.2581      3.99191
      4961.20      91.9228      4.02220
      4962.60      89.6194      3.99499
      4964.00      94.1438      4.13610
      4965.40      92.2506      4.11684
      4966.80      88.5864      4.00493
      4968.20      89.3149      3.97104
      4969.60      88.5343      3.93750
      4971.00      93.4172      4.06987
      4972.40      89.4505      3.98894
      4973.80      85.7552      3.86876
      4975.20      89.2940      4.02242
      4976.60      89.1251      4.05690
      4978.00      86.9355      4.00913
      4979.40      91.8352      4.02764
      4980.80      93.2004      4.08532
      4982.20      89.4744      4.02017
      4983.60      88.4531      3.95338
      4985.00      88.0556      3.91074
      4986.40      86.2114      3.92727
      4987.80      92.6793      4.02245
      4989.20      91.5577      4.09687
      4990.60      90.4960      4.07624
      4992.00      90.4335      4.06286
      4993.40      90.9731      4.04231
      4994.80      92.3884      4.00717
      4996.20      89.1159      3.93500
      4997.60      85.6393      3.91489
      4999.00      90.4578      4.00784
