      3900.00      97.8255      11.0521
      3901.40      100.032      11.5506
      3902.80      100.820      11.2489
      3904.20      103.829      11.4642
      3905.60      119.679      12.4575
      3907.00      116.789      12.8247
      3908.40      116.079      12.6302
      3909.80      127.991      12.6725
      3911.20      136.114      12.7050
      3912.60      126.569      12.2068
      3914.00      97.1693      11.3494
      3915.40      115.389      11.9904
      3916.80      101.889      11.4440
      3918.20      118.596      11.9472
      3919.60      115.461      11.8664
      3921.00      105.963      11.6662
      3922.40      125.932      11.8793
      3923.80      114.382      11.5761
      3925.20      119.900      11.3604
      3926.60      97.0996      10.2644
      3928.00      120.341      10.7003
      3929.40      116.570      10.7785
      3930.80      130.747      11.1329
      3932.20      115.871      10.4854
      3933.60      66.4025      9.14082
      3935.00      93.1334      10.3476
      3936.40      102.944      11.1283
      3937.80      130.509      11.8507
      3939.20      110.011      10.9896
      3940.60      110.420      11.5696
      3942.00      109.281      11.1709
      3943.40      124.098      11.7250
      3944.80      113.289      11.2760
      3946.20      103.583      10.7532
      3947.60      110.978      10.7605
      3949.00      105.061      10.6827
      3950.40      106.291      10.6890
      3951.80      118.714      11.5311
      3953.20      105.883      11.5709
      3954.60      91.2682      11.3126
      3956.00      102.231      12.1055
      3957.40      110.618      12.0490
      3958.80      92.3497      11.1349
      3960.20      100.962      11.1319
      3961.60      93.1471      10.7525
      3963.00      91.3817      10.6425
      3964.40      89.3061      10.6789
      3965.80      78.7422      10.3884
      3967.20      74.4083      9.97166
      3968.60      68.0495      9.26509
      3970.00      26.7240      7.32739
      3971.40      44.8281      7.49914
      3972.80      60.9963      7.49572
      3974.20      82.1326      8.96632
      3975.60      78.2259      9.41397
      3977.00      77.5289      9.43435
      3978.40      104.230      10.3112
      3979.80      94.6217      11.9299
      3981.20      136.825      13.4837
      3982.60      102.395      9.69959
      3984.00      104.591      9.52176
      3985.40      93.7083      9.05638
      3986.80      113.840      9.38245
      3988.20      99.8531      9.10938
      3989.60      123.698      9.76676
      3991.00      108.936      9.63594
      3992.40      109.726      9.57013
      3993.80      121.397      10.3594
      3995.20      123.182      10.2054
      3996.60      117.466      9.66546
      3998.00      117.856      9.40846
      3999.40      109.593      9.50125
      4000.80      101.532      9.34224
      4002.20      125.591      9.91241
      4003.60      98.7976      9.31069
      4005.00      104.930      9.06611
      4006.40      109.708      9.05283
      4007.80      107.881      9.20009
      4009.20      124.744      9.79919
      4010.60      109.218      9.38290
      4012.00      114.399      9.46100
      4013.40      111.616      9.55944
      4014.80      122.454      9.78747
      4016.20      110.713      9.59629
      4017.60      105.349      10.0422
      4019.00      120.874      10.1350
      4020.40      137.575      10.4184
      4021.80      133.674      10.4604
      4023.20      111.679      9.77457
      4024.60      112.095      9.62852
      4026.00      98.6169      9.41554
      4027.40      105.592      9.16685
      4028.80      133.206      9.95036
      4030.20      113.764      9.50033
      4031.60      114.734      9.46886
      4033.00      113.273      9.35434
      4034.40      114.331      9.48025
      4035.80      129.683      10.0084
      4037.20      115.922      9.36282
      4038.60      122.419      10.0175
      4040.00      125.940      10.1575
      4041.40      106.148      9.73370
      4042.80      113.556      10.3976
      4044.20      126.280      10.7168
      4045.60      101.515      9.84270
      4047.00      122.722      10.3179
      4048.40      115.256      10.2830
      4049.80      132.468      10.8040
      4051.20      121.669      11.4487
      4052.60      110.623      10.7494
      4054.00      117.515      10.0723
      4055.40      109.838      9.68588
      4056.80      128.272      10.0292
      4058.20      124.698      10.2054
      4059.60      129.204      10.7749
      4061.00      126.460      10.8787
      4062.40      108.222      9.80919
      4063.80      112.925      9.27237
      4065.20      106.810      9.14854
      4066.60      117.164      9.64284
      4068.00      116.609      9.72725
      4069.40      119.178      10.0906
      4070.80      129.900      9.68869
      4072.20      85.4999      8.19300
      4073.60      124.897      9.16076
      4075.00      112.358      9.25528
      4076.40      105.788      9.24979
      4077.80      98.2566      9.20685
      4079.20      108.769      8.99783
      4080.60      120.170      9.19567
      4082.00      110.809      9.20931
      4083.40      116.038      9.09681
      4084.80      115.424      8.89288
      4086.20      94.4440      8.27854
      4087.60      100.159      8.89119
      4089.00      94.3032      8.90610
      4090.40      107.345      9.15123
      4091.80      94.0635      8.28986
      4093.20      104.811      8.47782
      4094.60      81.3780      7.97050
      4096.00      87.6836      8.18505
      4097.40      71.5989      7.71421
      4098.80      66.6145      7.46158
      4100.20      58.9434      7.18682
      4101.60      53.4638      6.70808
      4103.00      44.3841      6.55210
      4104.40      44.7617      6.42453
      4105.80      68.7498      7.00682
      4107.20      74.4774      7.39514
      4108.60      84.6808      7.99889
      4110.00      89.1055      8.32582
      4111.40      93.8619      8.77248
      4112.80      100.781      9.32902
      4114.20      95.2540      8.69084
      4115.60      99.4261      8.41391
      4117.00      101.482      8.32582
      4118.40      101.518      8.38117
      4119.80      109.852      8.40170
      4121.20      107.496      8.55134
      4122.60      102.562      8.29681
      4124.00      111.074      8.61174
      4125.40      107.622      8.32985
      4126.80      101.095      8.28291
      4128.20      121.045      8.78917
      4129.60      112.517      8.80444
      4131.00      118.235      8.96892
      4132.40      113.440      9.03097
      4133.80      121.059      9.28709
      4135.20      107.682      9.01052
      4136.60      118.691      9.12159
      4138.00      105.775      8.43654
      4139.40      117.248      8.37473
      4140.80      104.008      8.16217
      4142.20      114.443      8.48904
      4143.60      109.297      8.57146
      4145.00      104.947      7.96730
      4146.40      109.167      8.33353
      4147.80      120.967      8.42268
      4149.20      109.033      8.09435
      4150.60      107.098      7.83284
      4152.00      105.872      7.99724
      4153.40      116.537      8.29806
      4154.80      100.833      7.88076
      4156.20      112.534      8.34116
      4157.60      110.729      8.25402
      4159.00      115.943      8.31193
      4160.40      114.500      8.19043
      4161.80      106.455      8.42880
      4163.20      114.503      8.78191
      4164.60      102.641      8.35610
      4166.00      101.955      7.96883
      4167.40      108.800      8.05740
      4168.80      107.354      8.04998
      4170.20      118.383      8.40042
      4171.60      109.038      7.99943
      4173.00      97.8825      7.72441
      4174.40      109.349      8.40113
      4175.80      109.888      8.38241
      4177.20      106.682      8.20567
      4178.60      116.447      8.24509
      4180.00      101.314      7.67736
      4181.40      107.838      7.80276
      4182.80      108.000      8.25820
      4184.20      106.046      8.15273
      4185.60      110.948      7.98851
      4187.00      115.244      7.98773
      4188.40      111.229      7.97843
      4189.80      97.8980      8.68910
      4191.20      97.3678      11.3408
      4192.60      103.606      11.6977
      4194.00      110.126      11.6622
      4195.40      164.778      14.4077
      4196.80      315.854      21.6302
      4198.20      128.185      12.7037
      4199.60      112.105      11.2879
      4201.00      94.6044      10.7266
      4202.40      111.998      7.70109
      4203.80      115.880      8.01245
      4205.20      105.162      7.71087
      4206.60      107.285      7.60194
      4208.00      103.119      7.65781
      4209.40      116.072      8.09306
      4210.80      92.2428      7.33327
      4212.20      97.7177      7.21370
      4213.60      101.582      7.65700
      4215.00      100.380      7.22767
      4216.40      116.428      8.03135
      4217.80      97.9745      7.73928
      4219.20      117.212      7.88708
      4220.60      99.4540      7.47473
      4222.00      112.139      7.61071
      4223.40      104.837      7.30548
      4224.80      105.294      7.36516
      4226.20      98.1709      7.01635
      4227.60      102.012      7.12512
      4229.00      111.490      7.45599
      4230.40      94.2330      7.05002
      4231.80      114.886      7.57115
      4233.20      104.063      7.72229
      4234.60      110.306      7.93725
      4236.00      92.4022      7.40139
      4237.40      106.997      7.44740
      4238.80      102.659      7.17146
      4240.20      98.7338      7.03771
      4241.60      103.088      7.14260
      4243.00      102.339      7.22836
      4244.40      110.313      7.87057
      4245.80      104.405      7.47224
      4247.20      100.238      7.62263
      4248.60      107.517      7.71483
      4250.00      87.9245      7.02061
      4251.40      120.466      7.82212
      4252.80      132.183      8.16990
      4254.20      108.549      7.45626
      4255.60      107.386      7.59082
      4257.00      102.687      7.66588
      4258.40      105.058      7.49650
      4259.80      105.716      7.24596
      4261.20      100.709      7.03319
      4262.60      99.3390      7.18399
      4264.00      109.659      7.20508
      4265.40      106.511      7.42393
      4266.80      111.563      7.40591
      4268.20      82.8089      6.52147
      4269.60      98.2022      6.90448
      4271.00      101.924      7.18009
      4272.40      101.554      7.38688
      4273.80      95.5840      7.19935
      4275.20      92.9878      6.91961
      4276.60      101.095      6.81047
      4278.00      90.0226      7.00862
      4279.40      103.107      7.42261
      4280.80      114.713      7.76345
      4282.20      103.071      7.34287
      4283.60      106.053      7.14021
      4285.00      109.672      7.25912
      4286.40      112.718      7.42132
      4287.80      109.635      7.38986
      4289.20      101.048      7.26798
      4290.60      112.803      7.44228
      4292.00      96.4056      6.80969
      4293.40      99.5637      6.90766
      4294.80      94.8648      6.77700
      4296.20      99.5595      6.72720
      4297.60      101.168      7.20865
      4299.00      105.257      7.28668
      4300.40      88.9780      7.05317
      4301.80      88.7818      6.46448
      4303.20      99.8117      6.74233
      4304.60      96.5273      6.93853
      4306.00      111.413      7.53759
      4307.40      104.405      7.18465
      4308.80      93.6010      6.53430
      4310.20      97.7783      6.71051
      4311.60      100.941      6.93705
      4313.00      94.3258      6.97977
      4314.40      89.3806      6.55373
      4315.80      97.1473      6.79912
      4317.20      89.7401      6.84100
      4318.60      96.9681      7.44675
      4320.00      90.7768      6.92485
      4321.40      100.504      6.84865
      4322.80      92.0478      6.63601
      4324.20      85.0999      6.54132
      4325.60      105.350      6.91125
      4327.00      86.1702      6.37696
      4328.40      90.8198      6.44744
      4329.80      92.2897      6.68545
      4331.20      88.3167      6.75842
      4332.60      88.6728      6.98508
      4334.00      82.2909      6.06508
      4335.40      74.2230      5.90187
      4336.80      69.6876      5.83906
      4338.20      65.3223      5.68582
      4339.60      48.1789      5.01066
      4341.00      39.8276      4.55513
      4342.40      36.4201      4.45180
      4343.80      56.0583      5.09180
      4345.20      78.4888      5.84653
      4346.60      73.1686      5.89487
      4348.00      80.8190      6.14318
      4349.40      84.4616      6.31634
      4350.80      90.0618      6.40868
      4352.20      86.9522      6.41377
      4353.60      89.4527      6.45158
      4355.00      86.7382      6.30523
      4356.40      93.2286      6.48363
      4357.80      88.9008      6.66708
      4359.20      89.9053      7.39710
      4360.60      101.702      7.71049
      4362.00      96.3780      6.74682
      4363.40      90.0963      6.72728
      4364.80      103.449      6.91616
      4366.20      94.5018      6.82059
      4367.60      102.154      6.84623
      4369.00      95.3379      6.68877
      4370.40      99.1484      6.68504
      4371.80      93.3086      6.51817
      4373.20      101.580      6.66367
      4374.60      88.1049      6.39963
      4376.00      97.3786      6.63358
      4377.40      103.753      6.85489
      4378.80      98.6598      6.81503
      4380.20      100.309      6.95647
      4381.60      98.4441      7.14773
      4383.00      94.8521      6.75677
      4384.40      89.5245      6.40733
      4385.80      104.392      6.69155
      4387.20      87.2694      6.37331
      4388.60      95.4375      6.36664
      4390.00      100.202      6.68484
      4391.40      96.8432      6.56021
      4392.80      100.525      7.31025
      4394.20      118.315      7.46363
      4395.60      83.4218      6.39980
      4397.00      103.731      6.76693
      4398.40      91.8756      6.38307
      4399.80      92.3448      6.23221
      4401.20      91.1107      6.31095
      4402.60      104.039      6.64306
      4404.00      93.1847      6.61887
      4405.40      92.1387      7.78363
      4406.80      90.8280      6.37209
      4408.20      98.4408      6.52732
      4409.60      100.742      6.72156
      4411.00      95.1182      6.90842
      4412.40      92.5259      6.81237
      4413.80      96.2399      6.72516
      4415.20      92.7140      6.57141
      4416.60      101.066      6.58659
      4418.00      96.3247      6.45713
      4419.40      94.9280      6.40660
      4420.80      102.152      6.57904
      4422.20      96.6597      6.33804
      4423.60      97.0612      6.37202
      4425.00      98.0922      6.46186
      4426.40      87.0601      6.24399
      4427.80      91.4334      6.41692
      4429.20      89.8675      6.26296
      4430.60      98.1345      6.29508
      4432.00      90.3773      6.26197
      4433.40      98.4628      6.80519
      4434.80      99.3840      6.92738
      4436.20      91.3299      6.65680
      4437.60      94.0129      6.54714
      4439.00      97.7373      6.38324
      4440.40      88.2754      6.22469
      4441.80      95.1987      6.85023
      4443.20      89.8485      6.51267
      4444.60      86.7597      6.06750
      4446.00      92.3674      6.21051
      4447.40      95.5195      6.10653
      4448.80      99.7316      6.41028
      4450.20      98.5163      6.38218
      4451.60      97.8934      6.52671
      4453.00      96.0886      6.48768
      4454.40      98.0266      6.36862
      4455.80      100.601      6.29080
      4457.20      89.0837      5.89229
      4458.60      100.724      6.24093
      4460.00      99.8218      6.28986
      4461.40      97.2723      6.30391
      4462.80      99.4515      6.85190
      4464.20      101.585      6.94482
      4465.60      83.9688      6.19730
      4467.00      99.2764      6.19382
      4468.40      82.6415      5.71937
      4469.80      98.5751      6.11598
      4471.20      88.3535      6.05164
      4472.60      95.0001      6.31924
      4474.00      97.5878      6.20111
      4475.40      102.453      6.29748
      4476.80      89.5217      5.99054
      4478.20      90.4353      5.87969
      4479.60      98.6561      6.19125
      4481.00      94.4872      6.08946
      4482.40      90.6436      6.00524
      4483.80      88.9434      5.98641
      4485.20      89.0936      6.00657
      4486.60      86.4428      5.85799
      4488.00      98.0574      6.10689
      4489.40      99.0973      6.20326
      4490.80      89.2776      5.87165
      4492.20      93.9147      6.03183
      4493.60      98.1356      6.29282
      4495.00      100.770      6.47183
      4496.40      95.8053      6.35465
      4497.80      91.8258      6.15374
      4499.20      93.8485      5.98480
      4500.60      87.9065      5.82473
      4502.00      97.3211      5.99194
      4503.40      85.2134      5.73318
      4504.80      89.9488      5.81985
      4506.20      92.4556      5.90727
      4507.60      90.5010      5.80525
      4509.00      89.8559      5.77192
      4510.40      90.9652      5.81492
      4511.80      86.1963      5.72790
      4513.20      99.6789      6.06160
      4514.60      88.9826      5.86398
      4516.00      96.5695      6.11511
      4517.40      95.2178      6.25387
      4518.80      95.4824      6.35728
      4520.20      91.1044      6.09506
      4521.60      95.8783      5.98509
      4523.00      91.4002      5.95601
      4524.40      90.7815      6.02993
      4525.80      92.6326      6.00264
      4527.20      93.8436      5.97798
      4528.60      91.6375      5.97045
      4530.00      96.1276      5.96172
      4531.40      87.3020      5.89939
      4532.80      88.5224      5.80924
      4534.20      96.3046      6.37919
      4535.60      92.8292      6.73044
      4537.00      94.0626      6.51816
      4538.40      97.4854      6.13472
      4539.80      90.2495      5.88883
      4541.20      89.9160      5.98979
      4542.60      91.4002      6.14866
      4544.00      90.2623      5.82049
      4545.40      93.1624      5.93845
      4546.80      88.8650      5.73592
      4548.20      88.3053      5.97392
      4549.60      87.4560      5.95449
      4551.00      94.3625      6.12717
      4552.40      91.7508      5.81108
      4553.80      97.6952      6.08510
      4555.20      97.0921      5.84365
      4556.60      90.9774      5.81514
      4558.00      90.9762      6.02439
      4559.40      95.4353      6.39164
      4560.80      97.7402      5.97822
      4562.20      95.3319      5.85742
      4563.60      91.7118      5.74591
      4565.00      84.9161      5.70124
      4566.40      94.8016      5.66934
      4567.80      95.4421      5.82278
      4569.20      93.8569      5.82832
      4570.60      88.2188      5.83530
      4572.00      90.7714      5.74987
      4573.40      83.0199      5.49784
      4574.80      90.3357      5.57366
      4576.20      85.1151      5.51930
      4577.60      89.2295      5.45902
      4579.00      80.8559      5.47489
      4580.40      98.9764      5.83191
      4581.80      88.9559      5.56398
      4583.20      102.117      5.94713
      4584.60      93.7172      5.78490
      4586.00      94.7082      5.74125
      4587.40      84.8605      5.34302
      4588.80      92.0882      5.93077
      4590.20      104.965      6.39373
      4591.60      99.3049      6.34463
      4593.00      93.5386      6.18030
      4594.40      90.9644      5.96238
      4595.80      85.7825      5.73345
      4597.20      90.4498      5.73763
      4598.60      90.4265      5.75044
      4600.00      85.1757      5.59220
      4601.40      81.0001      5.39988
      4602.80      86.0113      5.41284
      4604.20      87.9595      5.47326
      4605.60      96.7831      5.69883
      4607.00      85.9880      5.61131
      4608.40      92.9132      5.87714
      4609.80      90.0008      5.71746
      4611.20      87.7565      5.54615
      4612.60      100.623      5.75953
      4614.00      86.0044      5.47877
      4615.40      88.7850      5.54517
      4616.80      81.2233      5.28343
      4618.20      92.7379      5.57085
      4619.60      84.1657      5.43561
      4621.00      88.2377      5.48374
      4622.40      83.5136      5.37253
      4623.80      88.5403      5.47494
      4625.20      90.1055      5.54220
      4626.60      92.5583      5.58984
      4628.00      84.3393      5.39711
      4629.40      96.7663      5.83429
      4630.80      88.7463      5.56604
      4632.20      85.7088      5.39430
      4633.60      87.5570      5.44633
      4635.00      93.1466      5.91811
      4636.40      93.2987      5.78146
      4637.80      86.4301      5.45200
      4639.20      87.7513      5.46425
      4640.60      89.3010      5.50848
      4642.00      79.3985      5.41454
      4643.40      88.6322      5.47984
      4644.80      86.9296      5.36758
      4646.20      80.1446      5.53639
      4647.60      88.4067      5.67208
      4649.00      85.7334      5.55886
      4650.40      85.8125      5.38221
      4651.80      87.6818      5.42458
      4653.20      86.2256      5.38281
      4654.60      91.8418      5.48826
      4656.00      89.8490      5.58215
      4657.40      90.0454      5.62619
      4658.80      88.2773      5.39957
      4660.20      82.2736      5.32679
      4661.60      79.9619      5.36544
      4663.00      88.0228      5.70070
      4664.40      90.2663      5.62069
      4665.80      95.8023      5.68402
      4667.20      88.6932      5.41182
      4668.60      86.5122      5.49060
      4670.00      89.7846      5.41061
      4671.40      87.2993      5.46619
      4672.80      90.3379      5.47260
      4674.20      90.1781      5.42824
      4675.60      84.7725      5.57660
      4677.00      85.7934      5.44978
      4678.40      88.1565      5.40705
      4679.80      84.6521      5.35352
      4681.20      91.3244      5.37119
      4682.60      86.4197      5.45173
      4684.00      94.8139      5.58362
      4685.40      97.1411      5.58513
      4686.80      83.6119      5.36555
      4688.20      86.6046      5.32290
      4689.60      91.1982      5.79971
      4691.00      86.2438      5.52495
      4692.40      83.4780      5.48707
      4693.80      78.8977      5.05230
      4695.20      76.7418      5.16551
      4696.60      81.5010      5.22061
      4698.00      84.7830      5.44601
      4699.40      85.9719      5.35622
      4700.80      86.8943      5.47095
      4702.20      90.5020      5.42610
      4703.60      85.7801      5.49521
      4705.00      87.1157      5.37315
      4706.40      79.2461      5.31923
      4707.80      88.4653      5.60879
      4709.20      86.8425      5.47836
      4710.60      86.9844      5.56785
      4712.00      92.6803      5.61674
      4713.40      84.6479      5.41255
      4714.80      85.2272      5.32412
      4716.20      89.5302      5.53969
      4717.60      84.3340      5.24648
      4719.00      94.7748      5.60045
      4720.40      88.9609      5.48718
      4721.80      86.9754      5.38084
      4723.20      94.5350      5.67771
      4724.60      95.0646      5.74956
      4726.00      89.6208      5.52401
      4727.40      83.2391      5.18420
      4728.80      85.8396      5.23654
      4730.20      96.5468      5.47370
      4731.60      82.9920      5.18943
      4733.00      82.7940      5.10417
      4734.40      89.9966      5.36975
      4735.80      89.3561      5.19437
      4737.20      83.6527      5.32027
      4738.60      82.3908      5.11228
      4740.00      82.5126      5.20475
      4741.40      76.9216      5.20259
      4742.80      90.9400      5.62298
      4744.20      85.3415      5.62210
      4745.60      86.6420      5.48561
      4747.00      88.8494      5.31309
      4748.40      89.6665      5.34036
      4749.80      89.5675      5.25121
      4751.20      88.4598      5.25393
      4752.60      82.6113      5.00794
      4754.00      83.1316      5.24744
      4755.40      83.2676      5.03215
      4756.80      81.0564      5.05622
      4758.20      81.6142      4.96322
      4759.60      79.2166      5.01485
      4761.00      83.9711      5.07934
      4762.40      80.6555      5.10285
      4763.80      88.4853      5.34910
      4765.20      87.5590      5.19674
      4766.60      88.3911      5.36194
      4768.00      83.6077      5.00058
      4769.40      83.7459      5.03176
      4770.80      86.3654      5.17794
      4772.20      91.2665      5.23771
      4773.60      76.1935      4.82039
      4775.00      81.3586      4.94866
      4776.40      77.5823      4.94953
      4777.80      84.2885      5.23220
      4779.20      84.4568      5.30820
      4780.60      85.2100      5.29727
      4782.00      85.1575      5.12375
      4783.40      82.3188      5.03159
      4784.80      81.8506      4.97964
      4786.20      83.9327      5.13031
      4787.60      87.1555      5.08415
      4789.00      82.6425      5.02745
      4790.40      77.6516      4.89385
      4791.80      78.8298      4.76047
      4793.20      81.5031      5.14027
      4794.60      79.5780      4.82391
      4796.00      78.4054      5.02621
      4797.40      88.1842      5.26598
      4798.80      88.9399      5.48148
      4800.20      84.5945      4.98187
      4801.60      87.4495      5.08638
      4803.00      77.3539      4.94459
      4804.40      82.6711      4.90519
      4805.80      77.6245      4.86506
      4807.20      84.6913      5.09442
      4808.60      88.7266      5.44694
      4810.00      79.5681      5.18588
      4811.40      83.6212      5.07872
      4812.80      81.5596      4.94567
      4814.20      88.2038      5.08972
      4815.60      87.1447      5.09906
      4817.00      82.7219      5.00489
      4818.40      81.5452      4.96538
      4819.80      80.8426      5.07263
      4821.20      83.4028      5.11555
      4822.60      77.7003      4.90825
      4824.00      82.8146      4.99974
      4825.40      84.1632      5.29392
      4826.80      87.5908      5.24900
      4828.20      87.2001      5.14171
      4829.60      76.8129      4.85000
      4831.00      79.5639      5.09198
      4832.40      82.0819      5.23490
      4833.80      74.9868      4.83667
      4835.20      73.8397      4.77250
      4836.60      71.2005      4.76901
      4838.00      83.7143      5.14674
      4839.40      80.0117      5.00652
      4840.80      71.4951      4.90021
      4842.20      80.6051      5.17938
      4843.60      73.7093      5.04796
      4845.00      78.7766      4.85704
      4846.40      65.2937      4.57812
      4847.80      67.2855      4.56027
      4849.20      65.8669      4.68048
      4850.60      72.3127      4.97513
      4852.00      68.1885      5.14786
      4853.40      70.2834      4.96749
      4854.80      60.2817      4.87255
      4856.20      67.5592      4.78404
      4857.60      64.8960      4.49403
      4859.00      55.2921      4.02777
      4860.40      45.7422      3.77841
      4861.80      36.2356      3.61128
      4863.20      38.1120      3.83793
      4864.60      46.6754      4.14954
      4866.00      56.2755      4.34067
      4867.40      61.8519      4.41847
      4868.80      63.8016      4.46179
      4870.20      72.8374      4.85689
      4871.60      69.1051      4.74345
      4873.00      65.2966      4.45650
      4874.40      70.6051      4.47003
      4875.80      69.7064      4.49707
      4877.20      69.0816      4.47832
      4878.60      77.8943      4.77620
      4880.00      75.7026      4.82270
      4881.40      76.0584      4.90401
      4882.80      73.3988      4.82456
      4884.20      77.7995      4.82608
      4885.60      81.0365      4.81034
      4887.00      82.0335      4.88392
      4888.40      79.4075      4.80959
      4889.80      79.9329      5.07454
      4891.20      80.4455      5.81154
      4892.60      67.5766      4.52771
      4894.00      79.5496      4.93714
      4895.40      81.4688      4.90325
      4896.80      75.6371      4.65748
      4898.20      83.1033      4.94319
      4899.60      78.4777      5.25443
      4901.00      81.7977      5.19423
      4902.40      79.9074      4.80947
      4903.80      72.6897      4.57547
      4905.20      85.6752      4.92206
      4906.60      72.3145      4.59323
      4908.00      69.1845      4.43540
      4909.40      81.4003      4.74995
      4910.80      79.8018      4.69510
      4912.20      77.0511      4.78865
      4913.60      79.7352      4.90388
      4915.00      75.2575      4.81351
      4916.40      78.3549      4.81461
      4917.80      85.8065      4.86485
      4919.20      79.0676      4.72376
      4920.60      78.8449      4.66866
      4922.00      74.0414      4.53723
      4923.40      76.0124      4.55366
      4924.80      76.3543      4.65459
      4926.20      73.3271      4.64312
      4927.60      71.9974      4.64282
      4929.00      76.4400      4.51162
      4930.40      76.6730      4.62104
      4931.80      78.4538      4.66180
      4933.20      81.3944      4.89973
      4934.60      81.3617      5.28951
      4936.00      77.4236      5.02305
      4937.40      77.0782      4.64113
      4938.80      85.7827      4.93475
      4940.20      84.3692          Inf
      4941.60      82.9557      4.73175
      4943.00      74.0176      4.52737
      4944.40      73.2398      4.57148
      4945.80      82.5836      4.79853
      4947.20      77.2660      4.60510
      4948.60      76.6522      4.55014
      4950.00      77.9773      4.61034
      4951.40      74.2268      4.51099
      4952.80      77.6867      4.58112
      4954.20      76.6643      4.61153
      4955.60      72.7436      4.44318
      4957.00      74.9415      4.52769
      4958.40      79.7558      4.68439
      4959.80      79.5745      4.82229
      4961.20      70.2393      4.72545
      4962.60      79.2302      4.96977
      4964.00      88.5591      4.98614
      4965.40      72.8545      4.62264
      4966.80      88.3674      4.85498
      4968.20      82.6415      4.81747
      4969.60      78.4741      4.60602
      4971.00      78.8610      4.69573
      4972.40      79.9143      4.63348
      4973.80      73.0921      4.50405
      4975.20      73.1338      4.46310
      4976.60      78.2621      4.70073
      4978.00      77.9097      4.66933
      4979.40      78.9425      4.77811
      4980.80      76.0569      4.72282
      4982.20      76.1804      4.75167
      4983.60      76.8485      4.82309
      4985.00      76.1054      4.75262
      4986.40      74.9394      4.74198
      4987.80      81.6827      4.75098
      4989.20      71.2951      4.46924
      4990.60      71.2551      4.35976
      4992.00      75.2772      4.54779
      4993.40      73.8654      4.54988
      4994.80      75.1827      4.85536
      4996.20      78.8148      4.93979
      4997.60      75.0519      4.72868
      4999.00      69.4539      4.39247
