      3900.00      104.107      8.35520
      3901.40      107.021      8.52058
      3902.80      130.345      8.81883
      3904.20      120.439      8.73425
      3905.60      121.915      9.09265
      3907.00      132.494      9.49530
      3908.40      128.919      9.50692
      3909.80      132.703      9.24909
      3911.20      141.243      9.84684
      3912.60      144.285      9.40386
      3914.00      130.626      9.21194
      3915.40      131.569      9.28199
      3916.80      141.600      9.86898
      3918.20      136.532      9.76270
      3919.60      132.626      9.73043
      3921.00      132.920      8.99248
      3922.40      131.466      9.00758
      3923.80      128.976      8.74751
      3925.20      147.230      9.67470
      3926.60      135.212      8.88499
      3928.00      132.922      8.71275
      3929.40      126.446      8.56525
      3930.80      128.754      8.51790
      3932.20      106.763      7.91848
      3933.60      69.8408      6.62767
      3935.00      74.8897      7.07511
      3936.40      107.280      8.04900
      3937.80      123.359      8.89905
      3939.20      131.925      9.45853
      3940.60      141.057      9.56662
      3942.00      131.712      9.11526
      3943.40      134.031      9.30432
      3944.80      136.802      9.32766
      3946.20      138.531      9.04167
      3947.60      133.030      9.32198
      3949.00      132.833      9.67372
      3950.40      130.152      9.67702
      3951.80      129.494      9.52002
      3953.20      130.421      9.83441
      3954.60      137.094      9.83013
      3956.00      119.837      9.57631
      3957.40      123.268      9.64193
      3958.80      124.416      9.41733
      3960.20      110.787      8.78542
      3961.60      112.480      9.27612
      3963.00      103.885      8.50539
      3964.40      106.739      8.17143
      3965.80      94.9402      7.88730
      3967.20      72.4983      6.54497
      3968.60      44.6895      5.13190
      3970.00      30.7396      4.53934
      3971.40      40.6057      5.01007
      3972.80      64.3164      5.95042
      3974.20      84.2287      6.70564
      3975.60      88.7767      7.06348
      3977.00      94.9810      7.31612
      3978.40      103.280      7.65790
      3979.80      116.105      8.11510
      3981.20      118.246      7.94288
      3982.60      120.051      7.80372
      3984.00      123.323      8.03602
      3985.40      131.005      8.03485
      3986.80      122.869      8.14391
      3988.20      132.384      8.49051
      3989.60      129.115      8.61345
      3991.00      128.477      8.55230
      3992.40      143.498      9.11755
      3993.80      123.201      8.26963
      3995.20      145.795      8.67553
      3996.60      137.399      8.42334
      3998.00      129.602      8.43863
      3999.40      137.071      8.20972
      4000.80      135.121      8.54807
      4002.20      143.648      8.39160
      4003.60      135.753      8.48593
      4005.00      139.759      8.44042
      4006.40      133.402      8.62386
      4007.80      136.783      8.40114
      4009.20      145.799      8.61733
      4010.60      136.857      8.30109
      4012.00      131.968      8.26119
      4013.40      132.663      8.55213
      4014.80      139.341      8.56398
      4016.20      134.294      8.11641
      4017.60      138.699      8.44512
      4019.00      144.131      9.04458
      4020.40      137.808      8.94942
      4021.80      144.605      9.29025
      4023.20      138.394      8.69618
      4024.60      137.458      8.41750
      4026.00      138.264      8.15964
      4027.40      138.528      8.50586
      4028.80      133.657      8.46709
      4030.20      137.294      8.64325
      4031.60      137.524      8.41802
      4033.00      136.674      8.53830
      4034.40      136.773      8.47138
      4035.80      134.793      8.38737
      4037.20      137.353      8.55374
      4038.60      142.146      8.89817
      4040.00      146.357      9.17175
      4041.40      134.322      8.43535
      4042.80      141.694      8.90350
      4044.20      140.288      8.63346
      4045.60      136.263      8.88820
      4047.00      133.004      8.69036
      4048.40      143.404      8.84753
      4049.80      135.478      8.20703
      4051.20      139.408      8.58007
      4052.60      138.980      8.60134
      4054.00      133.339      8.56647
      4055.40      135.724      8.14876
      4056.80      137.888      8.46505
      4058.20      133.968      8.28090
      4059.60      139.793      8.62379
      4061.00      144.193      8.69500
      4062.40      132.649      8.37166
      4063.80      141.926      8.18058
      4065.20      128.991      8.24490
      4066.60      135.965      8.16546
      4068.00      132.226      7.86560
      4069.40      132.686      8.48614
      4070.80      136.425      8.37652
      4072.20      130.674      8.37695
      4073.60      129.651      7.92002
      4075.00      137.348      8.06226
      4076.40      134.583      8.03725
      4077.80      124.821      7.39087
      4079.20      130.117      7.75379
      4080.60      131.038      7.91569
      4082.00      137.149      7.77010
      4083.40      124.068      7.68631
      4084.80      129.500      7.74711
      4086.20      120.581      7.35777
      4087.60      123.004      7.34061
      4089.00      123.538      7.37635
      4090.40      120.916      7.62084
      4091.80      119.199      7.30272
      4093.20      109.215      7.10315
      4094.60      112.310      7.46521
      4096.00      100.887      6.88228
      4097.40      99.8315      6.55118
      4098.80      87.1322      5.93682
      4100.20      67.7303      5.36518
      4101.60      47.8122      4.77278
      4103.00      46.3389      4.71116
      4104.40      63.6027      5.47275
      4105.80      83.2178      6.28162
      4107.20      89.4559      6.71408
      4108.60      93.2059      6.70283
      4110.00      103.350      6.84722
      4111.40      109.644      6.93100
      4112.80      119.299      7.48979
      4114.20      119.742      7.56268
      4115.60      121.164      7.43992
      4117.00      120.073      7.50059
      4118.40      130.553      7.80277
      4119.80      122.384      7.37509
      4121.20      124.777      7.50430
      4122.60      126.772      7.70269
      4124.00      131.812      7.54092
      4125.40      130.697      7.75946
      4126.80      128.775      7.80478
      4128.20      131.395      7.61173
      4129.60      129.738      7.69076
      4131.00      129.189      7.73648
      4132.40      128.432      7.65718
      4133.80      132.662      7.77920
      4135.20      123.786      7.42837
      4136.60      128.036      7.35700
      4138.00      132.902      7.51798
      4139.40      131.122      7.44410
      4140.80      133.227      7.39638
      4142.20      123.119      7.17519
      4143.60      127.754      7.49851
      4145.00      126.690      7.48426
      4146.40      130.346      7.19548
      4147.80      130.580      7.19795
      4149.20      136.488      7.63147
      4150.60      131.012      7.35287
      4152.00      129.167      7.16474
      4153.40      129.434      7.29047
      4154.80      134.167      7.56575
      4156.20      128.345      7.49705
      4157.60      128.515      7.61258
      4159.00      130.183      7.59508
      4160.40      128.726      7.26865
      4161.80      131.283      7.49651
      4163.20      129.751      7.39423
      4164.60      128.003      7.42213
      4166.00      133.114      7.74515
      4167.40      126.905      7.35381
      4168.80      127.423      7.33180
      4170.20      127.258      7.30838
      4171.60      130.450      7.50968
      4173.00      124.589      7.30425
      4174.40      129.286      7.26086
      4175.80      127.038      7.18309
      4177.20      127.024      7.03860
      4178.60      130.055      7.38660
      4180.00      125.510      7.09363
      4181.40      131.601      7.26242
      4182.80      127.454      7.20950
      4184.20      130.106      7.41303
      4185.60      131.493      7.29420
      4187.00      128.577      7.20130
      4188.40      121.310      7.02084
      4189.80      133.112      7.37534
      4191.20      123.725      7.27288
      4192.60      129.124      6.93404
      4194.00      129.437      7.34904
      4195.40      129.680      7.41172
      4196.80      134.264      7.32836
      4198.20      127.257      7.41648
      4199.60      128.865      7.26305
      4201.00      127.673      7.23339
      4202.40      129.535      7.46628
      4203.80      129.726      7.22245
      4205.20      126.664      6.85624
      4206.60      132.603      7.32798
      4208.00      135.261      7.27974
      4209.40      130.991      7.14780
      4210.80      137.477      7.27397
      4212.20      126.654      7.14116
      4213.60      134.831      7.27246
      4215.00      128.987      6.95797
      4216.40      127.077      6.91856
      4217.80      126.310      7.08485
      4219.20      126.008      6.87503
      4220.60      127.491      6.99143
      4222.00      133.017      7.03210
      4223.40      125.383      7.00801
      4224.80      126.679      7.09504
      4226.20      118.646      6.89091
      4227.60      122.735      7.14897
      4229.00      127.457      7.18594
      4230.40      125.477      6.75419
      4231.80      132.371      7.08622
      4233.20      129.675      7.04856
      4234.60      126.862      6.93549
      4236.00      125.198      6.90566
      4237.40      126.400      6.76885
      4238.80      128.270      6.98084
      4240.20      126.816      7.14792
      4241.60      128.695      7.12575
      4243.00      124.656      7.08807
      4244.40      137.637      7.37107
      4245.80      133.636      7.33681
      4247.20      116.819      6.60340
      4248.60      133.204      7.11687
      4250.00      126.326      6.83730
      4251.40      123.126      6.80172
      4252.80      124.724      6.65108
      4254.20      122.698      7.17774
      4255.60      127.355      6.81830
      4257.00      134.186      7.13578
      4258.40      128.949      6.90870
      4259.80      125.152      6.85156
      4261.20      129.305      7.02022
      4262.60      122.720      6.79478
      4264.00      130.028      7.16473
      4265.40      132.010      7.19364
      4266.80      128.949      7.03941
      4268.20      132.992      7.07715
      4269.60      130.202      6.83935
      4271.00      124.828      6.63914
      4272.40      116.902      6.65396
      4273.80      116.661      6.64527
      4275.20      124.311      6.82330
      4276.60      128.257      7.31536
      4278.00      132.657      7.16191
      4279.40      124.664      7.14328
      4280.80      134.484      7.04604
      4282.20      120.610      6.68110
      4283.60      124.907      6.71619
      4285.00      130.831      7.04587
      4286.40      129.265      6.79297
      4287.80      125.777      6.97639
      4289.20      121.244      6.77730
      4290.60      121.189      6.47275
      4292.00      121.492      6.59665
      4293.40      122.582      6.54429
      4294.80      125.375      6.84018
      4296.20      118.627      6.53857
      4297.60      126.895      6.89262
      4299.00      122.424      6.72885
      4300.40      119.404      6.48713
      4301.80      117.974      6.36668
      4303.20      119.941      6.49045
      4304.60      124.456      6.56997
      4306.00      116.999      6.17648
      4307.40      119.248      6.47967
      4308.80      114.109      6.21276
      4310.20      121.408      6.66408
      4311.60      125.329      6.50038
      4313.00      121.508      6.36171
      4314.40      112.642      6.19849
      4315.80      113.435      6.39390
      4317.20      118.995      6.53041
      4318.60      120.584      6.53978
      4320.00      116.587      6.39061
      4321.40      116.598      6.54127
      4322.80      112.389      6.12578
      4324.20      114.739      6.36382
      4325.60      113.111      6.00676
      4327.00      107.104      6.14531
      4328.40      114.442      6.35820
      4329.80      113.775      6.34556
      4331.20      107.865      6.28511
      4332.60      104.873      6.11969
      4334.00      103.135      6.05887
      4335.40      97.4424      5.63933
      4336.80      87.1132      5.40527
      4338.20      77.4134      5.07306
      4339.60      61.6830      4.55420
      4341.00      39.0354      3.93497
      4342.40      57.0578      4.32483
      4343.80      68.2653      4.66608
      4345.20      75.7028          Inf
      4346.60      83.1403          Inf
      4348.00      90.5778          Inf
      4349.40      98.0153      5.67532
      4350.80      109.766      6.25019
      4352.20      106.360      6.23831
      4353.60      106.283      6.13474
      4355.00      113.314      6.08350
      4356.40      122.383      6.61638
      4357.80      116.048      6.62418
      4359.20      113.054      7.04684
      4360.60      115.805      6.70243
      4362.00      120.720      6.46086
      4363.40      119.330      6.34239
      4364.80      121.567      6.56622
      4366.20      123.235      6.54194
      4367.60      121.072      6.64846
      4369.00      130.567      6.88495
      4370.40      114.985      6.19879
      4371.80      130.099      6.66979
      4373.20      120.998      6.66155
      4374.60      123.596      6.55060
      4376.00      118.223      6.45403
      4377.40      125.178      6.66608
      4378.80      119.312      6.40966
      4380.20      125.421      6.73291
      4381.60      132.145      6.83971
      4383.00      120.507      6.48784
      4384.40      108.715      5.93076
      4385.80      116.126      6.04027
      4387.20      116.922      6.28543
      4388.60      127.159      6.88660
      4390.00      121.592      6.46016
      4391.40      122.553      6.30598
      4392.80      119.343      6.36747
      4394.20      123.400      6.52596
      4395.60      115.343      6.27839
      4397.00      119.385      6.31866
      4398.40      127.266      6.48641
      4399.80      118.961      6.44454
      4401.20      122.312      6.48133
      4402.60      119.681      6.21993
      4404.00      121.717      6.27182
      4405.40      119.773      6.25585
      4406.80      121.197      6.41546
      4408.20      117.922      6.38198
      4409.60      122.232      6.44551
      4411.00      117.117      6.29459
      4412.40      122.369      6.52461
      4413.80      122.598      6.35597
      4415.20      120.990      6.42312
      4416.60      116.433      6.10744
      4418.00      114.406      6.14199
      4419.40      117.542      6.19510
      4420.80      127.478      6.66909
      4422.20      124.314      6.65240
      4423.60      120.099      6.24051
      4425.00      121.308      6.56482
      4426.40      117.446      6.46596
      4427.80      126.265      6.58742
      4429.20      126.848      6.67212
      4430.60      123.926      6.28867
      4432.00      115.364      6.24918
      4433.40      122.404      6.19076
      4434.80      117.063      6.02276
      4436.20      119.693      6.29833
      4437.60      117.590      6.07917
      4439.00      113.349      6.07236
      4440.40      121.138      6.75017
      4441.80      118.965      6.37014
      4443.20      119.032      6.21140
      4444.60      110.582      6.20925
      4446.00      115.249      6.04107
      4447.40      117.739      6.11547
      4448.80      116.921      6.00165
      4450.20      117.080      6.00188
      4451.60      121.982      6.51681
      4453.00      124.278      6.55062
      4454.40      118.918      6.28093
      4455.80      116.155      6.02294
      4457.20      120.117      6.19811
      4458.60      114.579      6.06728
      4460.00      118.947      6.24743
      4461.40      118.504      6.28246
      4462.80      124.064      6.12201
      4464.20      112.634      5.90659
      4465.60      120.136      6.30570
      4467.00      118.512      6.01898
      4468.40      114.639      6.08421
      4469.80      111.395      6.01639
      4471.20      114.287      6.27308
      4472.60      115.561      6.24599
      4474.00      117.612      6.30486
      4475.40      118.665      6.21444
      4476.80      113.943      5.94549
      4478.20      113.329      5.76327
      4479.60      117.796      6.00297
      4481.00      107.914      5.90739
      4482.40      109.658      6.14476
      4483.80      115.233      6.26880
      4485.20      120.630      6.31597
      4486.60      117.678      6.22087
      4488.00      116.126      6.18133
      4489.40      111.985      5.98118
      4490.80      110.008      5.97262
      4492.20      115.858      5.90860
      4493.60      115.373      6.19053
      4495.00      118.167      6.22016
      4496.40      114.821      6.10532
      4497.80      117.588      6.30051
      4499.20      116.039      6.18561
      4500.60      117.881      6.22972
      4502.00      111.934      5.98437
      4503.40      114.983      6.10507
      4504.80      114.144      5.91231
      4506.20      119.383      6.17063
      4507.60      115.144      6.01076
      4509.00      107.997      5.83602
      4510.40      113.252      5.94624
      4511.80      118.288      5.91464
      4513.20      113.123      6.00935
      4514.60      119.939      6.10467
      4516.00      114.605      6.20552
      4517.40      114.159      6.12303
      4518.80      117.178      6.07623
      4520.20      114.455      5.99304
      4521.60      112.412      6.12936
      4523.00      113.521      6.12759
      4524.40      115.467      6.15364
      4525.80      114.849      6.13372
      4527.20      113.278      6.04614
      4528.60      109.510      5.93753
      4530.00      114.807      6.04783
      4531.40      119.723      6.23415
      4532.80      116.898      6.13528
      4534.20      104.802      5.98056
      4535.60      107.276      5.74275
      4537.00      110.668      5.78180
      4538.40      122.269      6.19310
      4539.80      118.241      6.07145
      4541.20      118.986      6.16238
      4542.60      118.297      6.08245
      4544.00      109.816      5.58937
      4545.40      118.284      5.90657
      4546.80      115.075      6.11790
      4548.20      117.058      5.97366
      4549.60      109.001      5.70668
      4551.00      106.554      5.65923
      4552.40      110.161      5.69925
      4553.80      114.583      6.00928
      4555.20      111.957      5.79381
      4556.60      107.823      5.98809
      4558.00      117.449      6.02805
      4559.40      109.674      5.88838
      4560.80      115.725      5.94343
      4562.20      114.261      5.86293
      4563.60      114.572      5.84911
      4565.00      113.855      5.71907
      4566.40      107.743      5.94712
      4567.80      118.167      5.75255
      4569.20      112.981      5.86074
      4570.60      115.780      6.06573
      4572.00      110.002      5.61243
      4573.40      113.446      5.70583
      4574.80      109.918      5.74836
      4576.20      109.392      5.61527
      4577.60      111.772      6.00118
      4579.00      116.977      5.97920
      4580.40      113.892      5.71070
      4581.80      113.569      5.70746
      4583.20      113.842      5.75545
      4584.60      108.470      5.60046
      4586.00      107.412      5.65327
      4587.40      114.109      5.83609
      4588.80      109.349      5.49259
      4590.20      106.563      5.55525
      4591.60      114.181      5.72442
      4593.00      110.304      5.65823
      4594.40      112.874      5.70985
      4595.80      115.449      5.82310
      4597.20      118.070      6.03798
      4598.60      113.519      5.73223
      4600.00      117.294      5.91289
      4601.40      108.853      5.71872
      4602.80      117.090      5.87360
      4604.20      113.088      5.86120
      4605.60      114.083      5.77075
      4607.00      113.092      5.95126
      4608.40      113.149      5.75856
      4609.80      109.916      5.74808
      4611.20      115.662      5.87765
      4612.60      111.658      5.66532
      4614.00      112.903      5.79299
      4615.40      108.300      5.52869
      4616.80      112.955      5.74862
      4618.20      110.721      5.62202
      4619.60      111.147      5.69955
      4621.00      113.884      5.90252
      4622.40      114.857      5.92188
      4623.80      111.259      5.80329
      4625.20      110.843      5.63220
      4626.60      110.365      5.75177
      4628.00      111.556      5.77996
      4629.40      111.957      5.70087
      4630.80      107.047      5.65379
      4632.20      111.097      5.69385
      4633.60      111.840      5.67806
      4635.00      109.815      5.75529
      4636.40      112.631      6.00819
      4637.80      109.369      5.68823
      4639.20      108.481      5.80380
      4640.60      108.623      5.86285
      4642.00      116.908      5.85375
      4643.40      108.378      5.64954
      4644.80      110.004      5.68533
      4646.20      107.964      5.54702
      4647.60      108.126      5.67368
      4649.00      110.210      5.59654
      4650.40      110.261      5.70627
      4651.80      113.077      5.82754
      4653.20      113.139      5.74413
      4654.60      107.910      5.61954
      4656.00      110.097      5.59097
      4657.40      109.235      5.39364
      4658.80      105.290      5.42225
      4660.20      110.868      5.67016
      4661.60      115.092      5.82378
      4663.00      107.644      5.59438
      4664.40      112.231      5.74689
      4665.80      109.376      5.45550
      4667.20      107.516      5.44921
      4668.60      108.887      5.48159
      4670.00      105.346      5.48490
      4671.40      115.160      5.94503
      4672.80      107.085      5.59121
      4674.20      107.148      5.66058
      4675.60      111.242      5.59341
      4677.00      110.791      5.59928
      4678.40      107.326      5.62640
      4679.80      110.186      5.79359
      4681.20      110.586      5.70430
      4682.60      110.441      5.66885
      4684.00      112.302      5.68695
      4685.40      108.787      5.64293
      4686.80      108.154      5.69188
      4688.20      110.825      5.70831
      4689.60      107.766      5.61588
      4691.00      109.172      5.51285
      4692.40      105.584      5.69451
      4693.80      108.292      5.67248
      4695.20      107.566      5.54232
      4696.60      105.278      5.45430
      4698.00      109.694      5.71057
      4699.40      108.242      5.58912
      4700.80      106.758      5.60854
      4702.20      107.839      5.68351
      4703.60      107.241      5.72866
      4705.00      105.032      5.51323
      4706.40      102.832      5.70392
      4707.80      107.192      5.88413
      4709.20      106.542      5.74740
      4710.60      106.547      5.67753
      4712.00      110.879      5.77208
      4713.40      106.401      5.60393
      4714.80      100.668      5.44670
      4716.20      106.165      5.71124
      4717.60      109.574      5.86541
      4719.00      107.153      5.76250
      4720.40      107.121      5.68605
      4721.80      109.752      5.64763
      4723.20      105.449      5.47465
      4724.60      104.264      5.38778
      4726.00      106.763      5.55765
      4727.40      104.724      5.43814
      4728.80      104.067      5.30710
      4730.20      106.473      5.33693
      4731.60      102.702      5.29136
      4733.00      105.413      5.44805
      4734.40      109.228      5.53975
      4735.80      104.821      5.34853
      4737.20      103.821      5.58750
      4738.60      106.099      5.46600
      4740.00      107.236      5.41330
      4741.40      105.561      5.32076
      4742.80      105.971      5.37867
      4744.20      103.457      5.38427
      4745.60      105.624      5.30575
      4747.00      105.690      5.52809
      4748.40      106.778      5.40643
      4749.80      101.612      5.37025
      4751.20      102.552      5.50326
      4752.60      104.304      5.21443
      4754.00      104.405      5.41823
      4755.40      107.628      5.48630
      4756.80      102.851      5.25806
      4758.20      106.820      5.61507
      4759.60      105.046      5.40972
      4761.00      106.111      5.45678
      4762.40      103.522      5.35918
      4763.80      100.540      5.18193
      4765.20      101.332      5.24371
      4766.60      103.547      5.23998
      4768.00      98.0501      5.15400
      4769.40      103.208      5.17370
      4770.80      103.593      5.30196
      4772.20      105.403      5.31603
      4773.60      103.217      5.46653
      4775.00      103.778      5.31162
      4776.40      104.745      5.59336
      4777.80      105.399      5.96824
      4779.20      109.622      6.80749
      4780.60      96.1218      6.04818
      4782.00      102.769      5.23651
      4783.40      106.716      5.43195
      4784.80      101.070      5.19261
      4786.20      105.117      5.26606
      4787.60      105.375      5.41768
      4789.00      105.573      5.36918
      4790.40      105.717      5.38936
      4791.80      103.910      5.27109
      4793.20      103.240      5.11037
      4794.60      100.710      5.06064
      4796.00      103.173      5.17363
      4797.40      105.414      5.15928
      4798.80      103.215      5.14345
      4800.20      97.5561      4.96491
      4801.60      106.089      5.21331
      4803.00      107.699      5.32636
      4804.40      101.468      5.25395
      4805.80      100.847      5.20857
      4807.20      99.1733      5.18725
      4808.60      102.194      5.18031
      4810.00      100.063      5.11915
      4811.40      107.310      5.49822
      4812.80      101.404      5.28193
      4814.20      108.524      5.24972
      4815.60      104.267      5.36922
      4817.00      101.175      5.18394
      4818.40      100.220      5.17813
      4819.80      101.789      4.97182
      4821.20      98.4122      5.21706
      4822.60      98.3837      5.17223
      4824.00      99.7378      5.12873
      4825.40      99.2711      5.43268
      4826.80      103.278      5.31210
      4828.20      101.782      5.29938
      4829.60      102.771      5.31785
      4831.00      103.716      5.38323
      4832.40      103.022      5.37091
      4833.80      108.324      5.23997
      4835.20      107.892      5.37538
      4836.60      100.563      5.21902
      4838.00      96.4505      5.18424
      4839.40      101.534      5.52563
      4840.80      102.836      5.45265
      4842.20      101.187      5.22429
      4843.60      94.8450      4.98011
      4845.00      92.4382      4.90615
      4846.40      93.6698      5.08533
      4847.80      96.2392      5.08577
      4849.20      93.4609      5.00230
      4850.60      89.3722      4.89315
      4852.00      87.6753      4.86239
      4853.40      86.1959      4.71068
      4854.80      82.1596      4.61565
      4856.20      78.9406      4.49723
      4857.60      77.2955      4.99298
      4859.00      62.6443      7.45505
      4860.40      59.5242      5.33156
      4861.80      42.9503      3.34289
      4863.20      45.2041      3.38209
      4864.60      58.4917      3.91200
      4866.00      67.0128      4.17202
      4867.40      71.7280      4.21048
      4868.80      79.6349      4.37647
      4870.20      84.0216      4.51970
      4871.60      82.6561      4.78655
      4873.00      85.2282      4.75724
      4874.40      91.8457      4.89976
      4875.80      93.9975      4.81536
      4877.20      91.9511      4.72505
      4878.60      91.1361      4.98620
      4880.00      93.9626      4.92433
      4881.40      95.5961      4.98798
      4882.80      94.7877      4.84716
      4884.20      100.135      4.90304
      4885.60      92.8654      4.87017
      4887.00      97.3070      4.96701
      4888.40      100.073      5.01048
      4889.80      96.0826      4.91075
      4891.20      100.003      5.05902
      4892.60      97.3708      4.98908
      4894.00      100.916      5.19651
      4895.40      99.1064      5.15100
      4896.80      98.7130      5.17461
      4898.20      100.036      5.07010
      4899.60      97.1424      4.99918
      4901.00      95.2462      4.75821
      4902.40      99.4269      5.08455
      4903.80      101.963      5.20364
      4905.20      99.0580      4.99149
      4906.60      100.110      4.89066
      4908.00      102.115      5.11814
      4909.40      100.232      4.96669
      4910.80      98.4567      4.91523
      4912.20      98.1995      5.06130
      4913.60      97.5865      5.00766
      4915.00      100.353      4.93482
      4916.40      99.7247      5.03238
      4917.80      101.645      5.09743
      4919.20      102.974      5.05947
      4920.60      97.1136      4.75124
      4922.00      95.4391      4.84207
      4923.40      93.9172      4.64634
      4924.80      90.6444      4.68793
      4926.20      94.6987      4.76257
      4927.60      97.1837      4.91888
      4929.00      97.0972      4.81091
      4930.40      94.7387      4.85611
      4931.80      101.007      4.86530
      4933.20      99.1753      4.82092
      4934.60      92.3624      4.63067
      4936.00      94.8055      4.82765
      4937.40      97.1399      4.96680
      4938.80      95.3501      4.84208
      4940.20      95.4590      4.87971
      4941.60      97.1331      4.90037
      4943.00      97.6949      4.90797
      4944.40      102.092      5.02389
      4945.80      104.933      5.12894
      4947.20      100.673      5.01249
      4948.60      103.459      5.09088
      4950.00      103.342      5.10304
      4951.40      95.6997      4.91910
      4952.80      100.385      5.14991
      4954.20      104.072      5.18413
      4955.60      97.2235      4.97136
      4957.00      96.2478      4.75743
      4958.40      92.4722      4.71464
      4959.80      94.1424      4.69744
      4961.20      95.9579      4.80508
      4962.60      96.6091      4.95029
      4964.00      99.3066      5.00410
      4965.40      99.0258      5.05863
      4966.80      97.6200      4.99068
      4968.20      101.958      5.04428
      4969.60      98.1440      4.86829
      4971.00      96.8660      5.01285
      4972.40      94.3832      4.71313
      4973.80      98.7940      4.90386
      4975.20      97.8102      4.89170
      4976.60      103.863      5.04431
      4978.00      98.6606      5.09958
      4979.40      97.4544      4.83639
      4980.80      99.2741      4.91004
      4982.20      97.5643      4.89464
      4983.60      100.321      4.98462
      4985.00      102.182      4.89733
      4986.40      94.1536      4.74009
      4987.80      97.1948      4.84666
      4989.20      95.1082      4.80772
      4990.60      101.145      4.89644
      4992.00      97.3527      4.81965
      4993.40      98.6207      4.82995
      4994.80      99.2313      4.91380
      4996.20      96.6576      4.65401
      4997.60      97.4655      4.71667
      4999.00      98.6801      4.79439
