      3900.00      131.353      10.3686
      3901.40      135.984      10.3597
      3902.80      153.031      10.9768
      3904.20      148.333      10.9389
      3905.60      164.128      10.9634
      3907.00      150.888      11.1578
      3908.40      150.959      10.7480
      3909.80      139.233      11.0482
      3911.20      178.020      11.5504
      3912.60      162.234      10.8592
      3914.00      156.959      10.8368
      3915.40      162.733      11.2104
      3916.80      148.047      10.4937
      3918.20      176.052      11.0813
      3919.60      162.332      10.5502
      3921.00      166.751      10.3465
      3922.40      152.748      9.75524
      3923.80      139.020      9.57788
      3925.20      151.333      9.61025
      3926.60      133.788      9.34030
      3928.00      96.4845      7.98554
      3929.40      78.5848      7.69628
      3930.80      111.964      8.41414
      3932.20      146.147      9.94364
      3933.60      145.834      9.30646
      3935.00      142.291      9.49924
      3936.40      145.405      9.53437
      3937.80      157.820      9.84416
      3939.20      147.863      9.70638
      3940.60      146.002      9.50414
      3942.00      138.058      9.25358
      3943.40      148.209      9.38621
      3944.80      136.593      9.45474
      3946.20      149.330      9.65129
      3947.60      140.726      9.52166
      3949.00      133.693      9.18481
      3950.40      142.323      9.67849
      3951.80      149.491      9.84934
      3953.20      115.169      8.90552
      3954.60      130.246      9.37973
      3956.00      121.209      9.01159
      3957.40      119.088      8.78416
      3958.80      99.8252      8.41436
      3960.20      97.6162      8.46661
      3961.60      76.3036      8.20133
      3963.00      53.7388      6.89971
      3964.40      37.2213      6.44780
      3965.80      38.6608      6.23294
      3967.20      55.9487      6.84297
      3968.60      65.9613      7.47332
      3970.00      92.5037      8.95339
      3971.40      96.7479      8.95482
      3972.80      112.098      9.22607
      3974.20      121.832      9.20264
      3975.60      136.171      9.41117
      3977.00      143.645      9.92511
      3978.40      144.087      9.49254
      3979.80      137.588      9.23449
      3981.20      138.270      9.25040
      3982.60      151.058      9.40909
      3984.00      153.450      9.24284
      3985.40      155.107      9.96000
      3986.80      161.492      9.63709
      3988.20      157.394      9.73915
      3989.60      153.884      9.26940
      3991.00      156.324      9.01042
      3992.40      161.532      9.62017
      3993.80      145.432      9.21443
      3995.20      151.914      8.92318
      3996.60      148.062      9.09193
      3998.00      153.379      8.95036
      3999.40      156.889      9.57960
      4000.80      147.949      9.47985
      4002.20      154.166      9.70256
      4003.60      159.218      9.32965
      4005.00      155.851      9.49682
      4006.40      156.377      9.20341
      4007.80      160.452      9.62074
      4009.20      161.160      9.46920
      4010.60      151.672      9.50777
      4012.00      150.371      9.24568
      4013.40      170.491      9.39948
      4014.80      161.818      9.20245
      4016.20      151.098      8.96414
      4017.60      157.529      9.14052
      4019.00      150.989      9.00757
      4020.40      160.462      9.22609
      4021.80      147.657      8.73288
      4023.20      153.583      9.17449
      4024.60      162.701      9.24868
      4026.00      150.158      9.47072
      4027.40      157.325      9.25862
      4028.80      146.583      9.17450
      4030.20      158.480      10.0883
      4031.60      158.784      9.73239
      4033.00      156.274      9.80580
      4034.40      163.893      9.49064
      4035.80      160.551      9.61055
      4037.20      155.352      9.31915
      4038.60      161.801      9.31646
      4040.00      140.273      8.89274
      4041.40      150.300      9.43289
      4042.80      155.936      9.30123
      4044.20      168.498      11.6791
      4045.60      160.409      11.4673
      4047.00      152.679      9.63494
      4048.40      160.828      10.5756
      4049.80      148.174      9.85226
      4051.20      157.471      9.97066
      4052.60      153.455      9.99579
      4054.00      157.991      10.2183
      4055.40      154.175      9.56809
      4056.80      154.899      9.72598
      4058.20      150.252      9.43308
      4059.60      151.357      10.0650
      4061.00      156.596      9.57928
      4062.40      153.047      9.64853
      4063.80      157.335      9.12544
      4065.20      156.831      9.55197
      4066.60      151.726      9.05043
      4068.00      145.160      9.06624
      4069.40      156.763      9.27889
      4070.80      139.966      8.93091
      4072.20      134.397      8.58427
      4073.60      144.144      8.80577
      4075.00      152.538      9.03990
      4076.40      140.966      8.90569
      4077.80      143.726      8.45655
      4079.20      146.539      8.75307
      4080.60      136.036      8.55935
      4082.00      144.735      8.53707
      4083.40      124.752      8.14768
      4084.80      137.677      8.66343
      4086.20      135.734      8.60486
      4087.60      123.688      7.89679
      4089.00      119.601      7.91109
      4090.40      108.670      7.98965
      4091.80      100.434      7.17569
      4093.20      90.3161      7.01917
      4094.60      80.9909      6.46586
      4096.00      55.6213      5.31201
      4097.40      53.8065      5.29201
      4098.80      65.3440      6.02452
      4100.20      85.9534      6.79543
      4101.60      89.6163      6.83398
      4103.00      107.309      7.31823
      4104.40      108.228      7.34991
      4105.80      114.142      7.54212
      4107.20      119.998      7.88445
      4108.60      126.651      7.87371
      4110.00      127.289      8.14763
      4111.40      132.287      7.93084
      4112.80      133.228      8.13676
      4114.20      139.061      8.28681
      4115.60      141.288      8.72138
      4117.00      149.554      8.84670
      4118.40      148.020      8.73486
      4119.80      144.482      8.80779
      4121.20      143.047      8.21667
      4122.60      136.775      8.40463
      4124.00      147.498      8.71284
      4125.40      142.204      8.44268
      4126.80      144.256      8.39403
      4128.20      142.593      8.43369
      4129.60      153.417      8.58851
      4131.00      157.444      8.69079
      4132.40      151.578      8.82660
      4133.80      156.447      8.93756
      4135.20      148.632      8.65310
      4136.60      154.283      8.36271
      4138.00      146.989      8.64201
      4139.40      142.545      8.57520
      4140.80      152.480      8.75858
      4142.20      152.570      8.37815
      4143.60      145.077      8.14722
      4145.00      142.929      7.79826
      4146.40      143.447      8.45768
      4147.80      158.408      8.56251
      4149.20      138.150      8.27993
      4150.60      154.432      8.33890
      4152.00      147.871      8.25256
      4153.40      151.296      8.54300
      4154.80      147.932      8.33622
      4156.20      147.048      8.02160
      4157.60      144.319      8.35237
      4159.00      137.007      8.03885
      4160.40      154.020      8.23009
      4161.80      147.712      8.29340
      4163.20      141.152      7.92698
      4164.60      143.113      8.22149
      4166.00      138.768      8.58314
      4167.40      144.309      8.11105
      4168.80      141.629      8.02475
      4170.20      144.486      8.13966
      4171.60      142.276      8.37237
      4173.00      146.951      8.12997
      4174.40      137.275      7.85909
      4175.80      150.030      8.31633
      4177.20      151.094      11.6559
      4178.60      155.359          Inf
      4180.00      159.623          Inf
      4181.40      163.888      11.8256
      4182.80      142.623      8.22847
      4184.20      146.626      7.99513
      4185.60      145.112      8.01130
      4187.00      141.048      7.55469
      4188.40      150.345      8.02652
      4189.80      150.435      8.04019
      4191.20      143.909      8.09992
      4192.60      141.110      7.89444
      4194.00      138.166      7.95291
      4195.40      145.504      8.24830
      4196.80      142.719      8.00437
      4198.20      141.025      7.84450
      4199.60      147.816      7.91500
      4201.00      149.000      8.15545
      4202.40      145.422      8.00300
      4203.80      140.682      8.01162
      4205.20      145.074      7.93802
      4206.60      148.775      8.12617
      4208.00      144.010      7.91077
      4209.40      140.035      7.90189
      4210.80      140.355      7.77586
      4212.20      146.126      7.84283
      4213.60      144.850      7.80861
      4215.00      146.067      7.86486
      4216.40      146.002      8.14239
      4217.80      148.205      8.43489
      4219.20      142.970      7.88344
      4220.60      135.027      7.46494
      4222.00      134.344      7.36711
      4223.40      141.354      7.66789
      4224.80      137.192      7.31666
      4226.20      147.117      7.94473
      4227.60      137.818      7.56759
      4229.00      138.390      7.36974
      4230.40      137.004      7.61419
      4231.80      142.337      7.76723
      4233.20      149.689      7.79457
      4234.60      141.078      7.63429
      4236.00      142.967      7.52153
      4237.40      137.840      7.61480
      4238.80      143.012      7.44323
      4240.20      140.530      7.70179
      4241.60      135.820      7.59715
      4243.00      144.620      7.52836
      4244.40      142.219      7.82055
      4245.80      137.289      7.42617
      4247.20      137.293      7.60832
      4248.60      144.419      7.77241
      4250.00      137.977      7.36349
      4251.40      145.729      7.51075
      4252.80      147.735      7.53454
      4254.20      141.896      7.74434
      4255.60      139.575      7.56604
      4257.00      139.730      7.53461
      4258.40      141.256      7.43372
      4259.80      150.469      8.04645
      4261.20      139.239      7.54953
      4262.60      144.481      7.81562
      4264.00      140.006      7.49589
      4265.40      144.259      7.32049
      4266.80      131.296      7.50167
      4268.20      138.681      7.39763
      4269.60      143.802      7.58775
      4271.00      143.580      7.43234
      4272.40      148.769      7.89886
      4273.80      142.539      7.52088
      4275.20      147.049      7.63197
      4276.60      135.379      7.44026
      4278.00      137.202      7.51647
      4279.40      146.323      7.59539
      4280.80      147.414      7.45469
      4282.20      131.253      7.26323
      4283.60      142.194      7.41387
      4285.00      133.680      7.29402
      4286.40      145.961      7.69676
      4287.80      138.707      7.13978
      4289.20      131.639      7.20160
      4290.60      138.866      7.47943
      4292.00      141.002      7.46967
      4293.40      137.697      7.37418
      4294.80      129.863      7.02929
      4296.20      126.982      6.90597
      4297.60      128.648      6.97650
      4299.00      140.027      7.18098
      4300.40      132.812      7.05296
      4301.80      130.803      7.02283
      4303.20      131.075      7.08423
      4304.60      142.402      7.43326
      4306.00      133.947      7.03051
      4307.40      134.294      7.11877
      4308.80      126.208      6.98390
      4310.20      133.977      7.03326
      4311.60      131.788      7.13430
      4313.00      130.606      7.13168
      4314.40      129.505      7.16903
      4315.80      125.891      7.20585
      4317.20      137.315      7.13083
      4318.60      124.116      6.99281
      4320.00      124.529      6.92954
      4321.40      116.287      6.51905
      4322.80      112.994      6.40826
      4324.20      111.195      6.36098
      4325.60      115.835      6.42943
      4327.00      110.041      6.24637
      4328.40      103.067      6.00548
      4329.80      93.6017      5.80029
      4331.20      90.5832      5.81676
      4332.60      76.6351      5.51006
      4334.00      57.7344      5.01555
      4335.40      49.5925      4.49404
      4336.80      57.6910      4.64033
      4338.20      72.2320      5.22810
      4339.60      89.9194      5.68972
      4341.00      92.8434      5.76534
      4342.40      96.1403      5.86585
      4343.80      101.509      5.97738
      4345.20      104.345      5.95383
      4346.60      106.155      6.41306
      4348.00      116.318      6.35296
      4349.40      124.577      6.83086
      4350.80      128.100      6.99203
      4352.20      129.860      7.00456
      4353.60      118.488      6.76412
      4355.00      132.445      6.97063
      4356.40      132.708      7.04107
      4357.80      133.640      7.45082
      4359.20      129.288      7.65677
      4360.60      141.700      7.90241
      4362.00      128.491      7.35346
      4363.40      140.319      7.20430
      4364.80      133.259      6.94680
      4366.20      135.310      7.02861
      4367.60      135.633      6.91602
      4369.00      132.521      7.12141
      4370.40      133.034      7.04558
      4371.80      132.659      6.76529
      4373.20      136.669      6.91667
      4374.60      141.350      7.08914
      4376.00      135.272      7.04117
      4377.40      130.024      6.79228
      4378.80      129.377      6.79485
      4380.20      129.005      7.03997
      4381.60      137.655      6.86637
      4383.00      131.048      6.93162
      4384.40      137.006      7.07555
      4385.80      135.862      7.00974
      4387.20      140.932      7.21898
      4388.60      129.329      6.94124
      4390.00      128.068      6.70348
      4391.40      128.361      6.79734
      4392.80      138.940      6.82442
      4394.20      134.092      7.22329
      4395.60      136.841      7.19458
      4397.00      132.721      6.94533
      4398.40      136.314      6.98624
      4399.80      129.255      6.93210
      4401.20      138.574      7.37798
      4402.60      133.435      6.85829
      4404.00      132.487      6.75733
      4405.40      137.784      7.21380
      4406.80      138.765      7.35989
      4408.20      132.434      7.13031
      4409.60      129.385      6.95509
      4411.00      128.079      6.66316
      4412.40      135.235      6.68801
      4413.80      131.165      6.91936
      4415.20      139.431      6.97419
      4416.60      139.047      6.92140
      4418.00      134.669      6.85283
      4419.40      131.017      6.74532
      4420.80      132.680      6.75244
      4422.20      132.676      6.76468
      4423.60      139.437      7.20156
      4425.00      132.396      6.60138
      4426.40      134.972      7.03138
      4427.80      133.082      6.95742
      4429.20      131.814      6.85600
      4430.60      133.474      6.74038
      4432.00      133.481      6.69187
      4433.40      137.319      6.86035
      4434.80      132.111      6.65014
      4436.20      129.552      6.76677
      4437.60      126.257      6.66803
      4439.00      122.312      6.52438
      4440.40      136.408      7.21519
      4441.80      137.848      6.98937
      4443.20      132.346      6.82566
      4444.60      127.001      6.77784
      4446.00      129.847      6.97377
      4447.40      137.276      7.08371
      4448.80      131.681      6.67738
      4450.20      125.234      6.24756
      4451.60      136.286      6.83807
      4453.00      130.815      6.51798
      4454.40      130.801      6.57757
      4455.80      130.607      6.45235
      4457.20      133.539      6.77740
      4458.60      133.522      6.94573
      4460.00      133.680      6.97354
      4461.40      126.510      6.31199
      4462.80      126.003      6.54622
      4464.20      132.512      6.60687
      4465.60      133.138      6.55429
      4467.00      138.585      6.89200
      4468.40      132.039      6.73980
      4469.80      125.963      6.27249
      4471.20      131.142      6.66194
      4472.60      134.804      6.71478
      4474.00      129.615      6.33316
      4475.40      120.359      6.10050
      4476.80      116.147      6.19271
      4478.20      129.448      6.40074
      4479.60      137.103      6.59076
      4481.00      130.987      6.68283
      4482.40      138.016      6.83265
      4483.80      126.254      6.40103
      4485.20      128.490      6.56747
      4486.60      136.320      6.62664
      4488.00      127.551      6.42519
      4489.40      130.434      6.43294
      4490.80      126.346      6.57358
      4492.20      138.595      6.61555
      4493.60      129.101      6.58396
      4495.00      125.531      6.49398
      4496.40      122.488      6.11627
      4497.80      124.221      6.29090
      4499.20      132.606      6.62795
      4500.60      135.037      6.71452
      4502.00      131.393      6.38400
      4503.40      126.962      6.34498
      4504.80      130.495      6.37327
      4506.20      128.118      6.33699
      4507.60      126.045      6.04673
      4509.00      130.112      6.43832
      4510.40      127.582      6.41404
      4511.80      128.504      6.69650
      4513.20      135.224      6.93759
      4514.60      125.389      6.55563
      4516.00      123.850      6.20847
      4517.40      125.993      6.30521
      4518.80      127.350      6.67375
      4520.20      134.510      7.17907
      4521.60      132.443      6.70383
      4523.00      123.914      6.42900
      4524.40      127.620      6.41112
      4525.80      131.080      6.48577
      4527.20      126.208      6.49284
      4528.60      127.268      6.51292
      4530.00      125.992      6.62802
      4531.40      128.629      6.44764
      4532.80      136.323      6.61601
      4534.20      127.515      6.51864
      4535.60      125.411      6.26814
      4537.00      130.340      6.59326
      4538.40      128.658      6.68068
      4539.80      128.915      6.72776
      4541.20      130.689      6.38487
      4542.60      130.338      6.49139
      4544.00      124.613      6.24543
      4545.40      117.263      6.13646
      4546.80      128.682      6.24978
      4548.20      134.306      6.50664
      4549.60      123.388      6.24696
      4551.00      126.722      6.54085
      4552.40      116.139      6.01933
      4553.80      138.120      6.38741
      4555.20      124.768      6.32848
      4556.60      130.798      6.32276
      4558.00      122.554      6.13949
      4559.40      127.659      6.32960
      4560.80      125.135      6.24366
      4562.20      128.688      6.29265
      4563.60      126.168      6.19521
      4565.00      124.415      6.21073
      4566.40      118.484      6.29910
      4567.80      128.479      6.29709
      4569.20      134.101      6.47952
      4570.60      125.044      6.18825
      4572.00      128.418      6.17670
      4573.40      130.377      6.16180
      4574.80      125.409      6.08962
      4576.20      126.126      6.21883
      4577.60      124.397      5.92043
      4579.00      115.125      5.77498
      4580.40      125.529      6.06555
      4581.80      125.520      6.07397
      4583.20      121.749      5.92255
      4584.60      124.051      6.13662
      4586.00      129.430      6.19041
      4587.40      122.250      6.11471
      4588.80      129.489      6.15756
      4590.20      125.601      6.30434
      4591.60      124.789      6.16321
      4593.00      125.074      6.09808
      4594.40      123.159      6.20474
      4595.80      132.227      6.44151
      4597.20      128.058      6.24790
      4598.60      126.508      6.04497
      4600.00      126.786      6.08673
      4601.40      120.090      6.11622
      4602.80      130.727      6.27124
      4604.20      121.422      6.12871
      4605.60      120.815      5.96323
      4607.00      122.158      5.93895
      4608.40      125.627      5.86412
      4609.80      127.111      6.01412
      4611.20      131.640      7.25166
      4612.60      136.074      6.84384
      4614.00      127.117      6.09856
      4615.40      121.742      5.96165
      4616.80      123.316      6.07979
      4618.20      134.984      8.45855
      4619.60      134.823      6.91482
      4621.00      124.547      6.23257
      4622.40      124.939      6.08535
      4623.80      120.917      5.85194
      4625.20      122.590      6.03004
      4626.60      123.454      5.90866
      4628.00      121.685      5.88912
      4629.40      126.730      6.21220
      4630.80      131.633      7.87411
      4632.20      119.404      6.34471
      4633.60      129.049      6.29360
      4635.00      125.423      6.05435
      4636.40      124.224      5.93329
      4637.80      124.945      6.00903
      4639.20      122.196      5.98356
      4640.60      124.348      6.07794
      4642.00      119.604      5.87646
      4643.40      125.233      6.09380
      4644.80      130.865      6.01310
      4646.20      123.307      6.11013
      4647.60      122.557      5.77293
      4649.00      121.812      6.04272
      4650.40      122.928      5.97074
      4651.80      122.993      5.88735
      4653.20      126.877      6.08785
      4654.60      128.249      6.10124
      4656.00      118.315      5.92259
      4657.40      126.882      6.05013
      4658.80      123.889      6.07899
      4660.20      125.858      6.00409
      4661.60      118.031      5.81593
      4663.00      127.405      5.97405
      4664.40      122.819      5.78825
      4665.80      124.930      5.99252
      4667.20      125.782      6.04074
      4668.60      123.079      5.81087
      4670.00      122.962      6.05404
      4671.40      123.795      6.11588
      4672.80      121.035      5.82433
      4674.20      119.034      5.76666
      4675.60      121.432      5.86272
      4677.00      124.715      5.88994
      4678.40      124.501      5.87321
      4679.80      117.186      5.92546
      4681.20      125.905      5.93691
      4682.60      124.688      6.17121
      4684.00      123.096      5.90742
      4685.40      121.505      5.89039
      4686.80      123.685      5.93077
      4688.20      126.333      5.99028
      4689.60      119.134      5.80084
      4691.00      122.365      5.78005
      4692.40      115.783      5.83867
      4693.80      120.797      5.93580
      4695.20      122.782      6.06994
      4696.60      119.094      5.95898
      4698.00      122.871      6.05907
      4699.40      125.042      5.95489
      4700.80      118.065      5.75246
      4702.20      118.180      5.91036
      4703.60      118.584      5.79218
      4705.00      118.576      5.93795
      4706.40      120.167      5.82433
      4707.80      121.666      5.93547
      4709.20      125.745      6.04160
      4710.60      124.445      5.86995
      4712.00      121.005      5.85571
      4713.40      121.219      5.98414
      4714.80      121.685      5.81592
      4716.20      121.946      5.78808
      4717.60      122.774      6.06253
      4719.00      121.158      6.08305
      4720.40      118.801      5.95648
      4721.80      123.474      5.95619
      4723.20      125.871      5.98062
      4724.60      121.483      5.86306
      4726.00      120.304      6.02871
      4727.40      122.128      5.97209
      4728.80      121.362      5.87684
      4730.20      119.453      5.97149
      4731.60      121.779      5.81751
      4733.00      121.310      5.61129
      4734.40      121.479      5.63723
      4735.80      120.412      5.81667
      4737.20      124.335      5.90930
      4738.60      122.401      5.72176
      4740.00      119.975      5.68726
      4741.40      120.713      5.63354
      4742.80      123.398      5.66001
      4744.20      120.947      5.56189
      4745.60      124.214      5.67719
      4747.00      111.690      5.55485
      4748.40      129.481      5.84710
      4749.80      119.424      5.48471
      4751.20      123.360      5.63437
      4752.60      121.079      5.70441
      4754.00      118.907      5.54546
      4755.40      116.547      5.45825
      4756.80      120.619      5.74383
      4758.20      121.407      5.87162
      4759.60      118.307      5.78475
      4761.00      120.033      5.76566
      4762.40      119.658      5.63033
      4763.80      120.968      5.71514
      4765.20      119.371      5.71482
      4766.60      122.673      5.68569
      4768.00      122.010      5.59592
      4769.40      119.090      5.53631
      4770.80      119.016      5.46835
      4772.20      118.030      5.48807
      4773.60      118.119      5.48407
      4775.00      120.010      5.53615
      4776.40      117.512      5.50282
      4777.80      116.441      5.43843
      4779.20      115.616      5.40475
      4780.60      115.034      5.43268
      4782.00      124.803      5.79282
      4783.40      117.680      5.53167
      4784.80      118.420      5.67650
      4786.20      118.277      5.67686
      4787.60      116.864      5.60268
      4789.00      112.824      5.48659
      4790.40      119.296      5.64923
      4791.80      118.070      5.41792
      4793.20      113.957      5.32330
      4794.60      115.549      5.42351
      4796.00      118.662      5.64306
      4797.40      114.796      5.52227
      4798.80      121.487      5.64694
      4800.20      117.721      5.60801
      4801.60      119.906      5.57715
      4803.00      114.246      5.35730
      4804.40      115.724      5.43677
      4805.80      115.401      5.51233
      4807.20      117.018      5.53062
      4808.60      111.157      5.27256
      4810.00      109.459      5.34132
      4811.40      114.767      5.41920
      4812.80      115.050      5.46272
      4814.20      115.446      5.48376
      4815.60      119.049      5.52521
      4817.00      115.701      5.38689
      4818.40      110.773      5.45227
      4819.80      115.936      5.49349
      4821.20      117.303      5.44740
      4822.60      111.685      5.37772
      4824.00      112.335      5.46879
      4825.40      117.728      5.51215
      4826.80      112.149      5.33995
      4828.20      111.074      5.39296
      4829.60      113.373      5.50040
      4831.00      107.948      5.29433
      4832.40      111.188      5.35583
      4833.80      106.048      5.24059
      4835.20      107.668      5.23207
      4836.60      110.506      5.36411
      4838.00      107.747      5.30503
      4839.40      106.366      5.30905
      4840.80      100.786      5.05819
      4842.20      99.2133      5.00078
      4843.60      98.6210      5.28621
      4845.00      95.5763      5.48963
      4846.40      90.6534      4.84134
      4847.80      89.3875      4.89057
      4849.20      89.4675      4.71237
      4850.60      80.2331      4.41604
      4852.00      77.7387      4.28079
      4853.40      65.7262      3.93367
      4854.80      50.9290      3.51206
      4856.20      46.0327      3.53931
      4857.60      56.0914      3.92087
      4859.00      69.1290      4.16201
      4860.40      80.4901      4.29167
      4861.80      81.1137      4.51368
      4863.20      88.2434      4.69618
      4864.60      89.8100      4.91491
      4866.00      92.3023      4.83840
      4867.40      94.5549      4.85061
      4868.80      98.0266      4.87657
      4870.20      97.8702      4.90631
      4871.60      100.027      4.92507
      4873.00      106.041      5.09713
      4874.40      107.300      5.42248
      4875.80      103.523      5.17294
      4877.20      104.988      5.23226
      4878.60      109.854      5.24946
      4880.00      108.483      5.30413
      4881.40      111.437      5.51989
      4882.80      106.000      5.23406
      4884.20      111.056      5.33655
      4885.60      103.589      5.08039
      4887.00      111.520      5.17861
      4888.40      111.135      5.31246
      4889.80      113.284      5.28395
      4891.20      114.140      5.41295
      4892.60      110.361      5.24945
      4894.00      110.943      5.36592
      4895.40      114.520      5.32596
      4896.80      114.787      5.35190
      4898.20      115.976      5.39810
      4899.60      118.105      5.37176
      4901.00      115.175      5.22733
      4902.40      112.160      5.39879
      4903.80      111.109      5.17772
      4905.20      106.704      5.19303
      4906.60      114.548      5.32970
      4908.00      117.826      5.41565
      4909.40      112.352      5.26248
      4910.80      111.459      5.22271
      4912.20      113.651      5.19902
      4913.60      111.336      5.19600
      4915.00      112.842      5.27637
      4916.40      110.340      5.08892
      4917.80      105.433      4.94563
      4919.20      106.124      4.94838
      4920.60      110.130      5.13867
      4922.00      114.293      5.33453
      4923.40      114.422      5.25204
      4924.80      114.193      5.32556
      4926.20      114.459      5.48301
      4927.60      107.330      5.20417
      4929.00      107.526      5.20149
      4930.40      110.212      5.12613
      4931.80      109.561      5.15290
      4933.20      114.850      5.14383
      4934.60      108.254      5.02802
      4936.00      110.183      5.14323
      4937.40      112.722      5.13522
      4938.80      110.163      5.22338
      4940.20      115.222      5.28070
      4941.60      113.226      5.24012
      4943.00      110.063      5.29595
      4944.40      108.887      5.35888
      4945.80      108.645      4.94054
      4947.20      110.359      5.10960
      4948.60      109.436      5.09365
      4950.00      109.401      5.20279
      4951.40      108.983      4.93203
      4952.80      105.209      4.84826
      4954.20      108.718      5.00927
      4955.60      110.037      5.02395
      4957.00      109.926      5.08954
      4958.40      110.589      5.10623
      4959.80      112.279      5.17213
      4961.20      111.333      5.09381
      4962.60      109.921      5.11932
      4964.00      107.592      5.16890
      4965.40      106.991      5.19625
      4966.80      111.822      5.36311
      4968.20      113.695      5.27316
      4969.60      109.666      5.03992
      4971.00      112.880      5.01863
      4972.40      109.200      5.12746
      4973.80      107.303      5.06755
      4975.20      106.741      5.03661
      4976.60      110.335      5.14435
      4978.00      107.450      5.06550
      4979.40      104.587      4.94555
      4980.80      104.244      5.07542
      4982.20      110.594      5.36732
      4983.60      111.918      5.35238
      4985.00      107.596      5.16321
      4986.40      107.192      5.11493
      4987.80      106.579      5.13049
      4989.20      103.191      5.02288
      4990.60      109.218      5.11099
      4992.00      111.871      5.10446
      4993.40      106.277      5.03512
      4994.80      108.976      5.11223
      4996.20      107.569      5.10272
      4997.60      107.716      5.07794
      4999.00      105.458      4.93642
