      3900.00      93.4077      9.83410
      3901.40      102.400      10.1329
      3902.80      93.6461      9.78957
      3904.20      81.5232      8.85194
      3905.60      88.2653      9.07284
      3907.00      108.285      9.65448
      3908.40      97.6649      9.43067
      3909.80      99.2461      9.74399
      3911.20      106.248      9.99788
      3912.60      99.8900      9.89605
      3914.00      92.1871      9.56736
      3915.40      115.502      9.58877
      3916.80      101.631      9.03554
      3918.20      88.8800      8.63065
      3919.60      95.3496      8.79532
      3921.00      95.7175      8.62653
      3922.40      97.9100      8.69324
      3923.80      102.740      8.78870
      3925.20      79.5785      7.98354
      3926.60      90.1608      8.05778
      3928.00      81.8585      7.73012
      3929.40      69.0173      7.15713
      3930.80      49.7977      6.33918
      3932.20      36.2016      5.65454
      3933.60      25.2392      5.30098
      3935.00      63.2487      6.72689
      3936.40      80.2705      7.44677
      3937.80      85.2861      7.51818
      3939.20      96.8876      8.12156
      3940.60      96.3850      8.23685
      3942.00      103.743      8.39902
      3943.40      96.0006      8.24225
      3944.80      98.6118      8.34853
      3946.20      99.9026      8.47237
      3947.60      89.9112      7.96715
      3949.00      97.3524      8.29038
      3950.40      93.9480      8.10616
      3951.80      98.9142      8.33474
      3953.20      98.8213      8.65613
      3954.60      92.2498      8.37017
      3956.00      93.7725      8.11750
      3957.40      95.1464      8.26944
      3958.80      95.8823      8.36209
      3960.20      91.9099      8.10245
      3961.60      72.8174      7.53822
      3963.00      80.3271      7.64580
      3964.40      69.0803      7.12919
      3965.80      44.4981      6.28785
      3967.20      32.4778      6.09708
      3968.60      31.6468      5.97190
      3970.00      36.8655      6.22292
      3971.40      78.5783      8.03548
      3972.80      78.3587      8.51104
      3974.20      88.7711      8.97795
      3975.60      103.399      9.25190
      3977.00      98.3935      8.56158
      3978.40      90.1375      8.21590
      3979.80      99.9842      8.22225
      3981.20      94.5393      8.11070
      3982.60      89.5541      7.85643
      3984.00      87.9177      7.75671
      3985.40      95.3166      8.00367
      3986.80      111.403      8.24215
      3988.20      99.5729      7.85542
      3989.60      108.735      8.23174
      3991.00      81.6664      7.44871
      3992.40      108.190      8.03827
      3993.80      99.8964      7.99073
      3995.20      101.866      7.94487
      3996.60      102.203      8.20029
      3998.00      90.9389      7.89972
      3999.40      103.058      7.79476
      4000.80      97.0309      7.77520
      4002.20      102.999      7.85294
      4003.60      103.619      7.94092
      4005.00      107.967      7.96349
      4006.40      94.3586      7.79236
      4007.80      99.4745      7.56842
      4009.20      110.966      8.05596
      4010.60      111.719      8.20561
      4012.00      92.8949      7.61802
      4013.40      103.159      7.69773
      4014.80      108.960      8.02959
      4016.20      98.0762      7.91759
      4017.60      99.9192      8.03113
      4019.00      113.908      7.97153
      4020.40      102.258      7.81804
      4021.80      108.087      7.98933
      4023.20      98.6388      7.64719
      4024.60      92.0209      7.47022
      4026.00      96.7804      7.59701
      4027.40      105.898      7.72525
      4028.80      98.8621      7.59882
      4030.20      94.2890      7.45648
      4031.60      111.069      7.69013
      4033.00      101.365      7.66277
      4034.40      107.707      7.80795
      4035.80      107.603      7.97041
      4037.20      102.807      7.89074
      4038.60      100.326      7.86807
      4040.00      116.227      8.16089
      4041.40      99.4837      7.67726
      4042.80      109.780      7.99159
      4044.20      99.5346      7.77487
      4045.60      99.2783      7.76499
      4047.00      108.951      8.08751
      4048.40      96.9742      8.13720
      4049.80      113.776      8.23880
      4051.20      112.093      8.14936
      4052.60      101.927      7.96753
      4054.00      105.014      7.80290
      4055.40      105.404      7.88648
      4056.80      102.811      7.95893
      4058.20      114.679      8.33479
      4059.60      112.320      8.22569
      4061.00      95.9346      7.87041
      4062.40      107.117      8.07565
      4063.80      110.366      8.16761
      4065.20      97.1076      7.80888
      4066.60      101.627      8.08280
      4068.00      106.664      8.49170
      4069.40      107.221      8.65465
      4070.80      107.869      8.27259
      4072.20      96.2517      7.88275
      4073.60      104.096      7.75340
      4075.00      106.268      7.79099
      4076.40      91.1801      7.85364
      4077.80      93.8091      8.11495
      4079.20      106.434      7.85870
      4080.60      101.358      7.71759
      4082.00      99.8613      7.53896
      4083.40      99.4100      7.70351
      4084.80      98.0338      7.52517
      4086.20      107.137      7.77044
      4087.60      108.745      8.06428
      4089.00      109.712      7.98554
      4090.40      92.8241      7.32867
      4091.80      86.0508      6.84919
      4093.20      93.2259      7.51590
      4094.60      83.7899      7.54189
      4096.00      92.1316      7.36518
      4097.40      75.8648      6.69637
      4098.80      75.2977      6.86192
      4100.20      56.6821      6.65482
      4101.60      55.2477      6.15366
      4103.00      61.0733      5.82321
      4104.40      82.3212      6.57615
      4105.80      80.9289      6.68089
      4107.20      77.4739      6.62397
      4108.60      91.9623      7.03823
      4110.00      95.0891      7.15034
      4111.40      97.7631      7.08942
      4112.80      92.6347      7.02035
      4114.20      96.4643      7.08079
      4115.60      103.130      7.20345
      4117.00      87.3721      6.98433
      4118.40      93.2203      6.97215
      4119.80      87.8286      6.91686
      4121.20      104.754      7.46540
      4122.60      93.5976      8.10236
      4124.00      107.257      8.06718
      4125.40      108.545      7.68023
      4126.80      104.102      7.38055
      4128.20      105.278      7.43587
      4129.60      98.5462      7.22703
      4131.00      86.9792      7.08825
      4132.40      96.9201      7.24980
      4133.80      94.3068      7.02326
      4135.20      91.4660      6.98279
      4136.60      104.036      7.17721
      4138.00      104.952      7.45584
      4139.40      111.162      7.55566
      4140.80      92.7941      7.09694
      4142.20      105.074      7.16336
      4143.60      88.0256      6.70514
      4145.00      113.277      7.57956
      4146.40      108.276      7.54181
      4147.80      102.876      7.32238
      4149.20      95.9924      6.99012
      4150.60      102.962      7.24139
      4152.00      95.2998      7.04339
      4153.40      94.5657      6.98527
      4154.80      95.1759      6.92097
      4156.20      95.8648      6.79352
      4157.60      107.123      7.43974
      4159.00      111.088      7.39535
      4160.40      104.946      7.15482
      4161.80      91.5377      6.87589
      4163.20      103.659      7.03988
      4164.60      101.194      7.00791
      4166.00      93.3243      6.79343
      4167.40      103.216      7.16621
      4168.80      102.367      7.00929
      4170.20      93.7762      6.77365
      4171.60      96.2748      6.79765
      4173.00      89.7069      6.65246
      4174.40      95.0849      6.86101
      4175.80      87.7086      6.58816
      4177.20      93.5668      6.61384
      4178.60      95.9846      6.70303
      4180.00      99.4682      6.72852
      4181.40      91.9997      6.56095
      4182.80      108.242      7.01885
      4184.20      87.3692      6.54702
      4185.60      104.245      6.99720
      4187.00      91.2611      6.53986
      4188.40      98.7558      6.61560
      4189.80      104.268      6.93703
      4191.20      88.6152      6.56684
      4192.60      99.6162      6.76090
      4194.00      103.284      7.03443
      4195.40      107.490      6.87015
      4196.80      91.2767      6.53661
      4198.20      104.230      6.71347
      4199.60      81.6235      6.20583
      4201.00      100.352      6.60838
      4202.40      98.0369      6.73355
      4203.80      86.6268      6.33163
      4205.20      98.7947      6.60886
      4206.60      100.447      6.60142
      4208.00      93.2299      6.74659
      4209.40      99.3814      6.71500
      4210.80      103.005      6.75875
      4212.20      103.853      6.78233
      4213.60      92.9104      6.65541
      4215.00      90.9610      6.57815
      4216.40      96.5499      6.59809
      4217.80      107.594      6.91956
      4219.20      106.201      6.84192
      4220.60      95.0180      6.49795
      4222.00      99.8373      6.58825
      4223.40      95.0308      6.47520
      4224.80      91.4449      6.31468
      4226.20      81.0020      6.21136
      4227.60      110.243      6.60346
      4229.00      94.6376      6.29622
      4230.40      101.402      6.51748
      4231.80      94.9898      6.45394
      4233.20      98.0710      6.35549
      4234.60      102.886      6.58753
      4236.00      94.4425      6.49232
      4237.40      93.9124      6.53758
      4238.80      99.6915      6.41742
      4240.20      100.492      6.49967
      4241.60      103.207      6.62851
      4243.00      101.841      6.62665
      4244.40      109.991      6.65322
      4245.80      90.7752      6.27091
      4247.20      95.2825      6.31230
      4248.60      101.793      6.42839
      4250.00      93.7523      6.31160
      4251.40      95.9918      6.19844
      4252.80      105.946      6.67275
      4254.20      94.4700      6.49583
      4255.60      101.384      6.32360
      4257.00      100.307      6.55017
      4258.40      97.3062      6.95062
      4259.80      109.378      7.08372
      4261.20      96.6642      6.47312
      4262.60      105.741      6.49763
      4264.00      94.0112      6.42095
      4265.40      105.255      6.95863
      4266.80      98.2265      6.51873
      4268.20      99.2759      6.43053
      4269.60      86.3439      6.05953
      4271.00      95.6193      6.17902
      4272.40      89.3954      5.97049
      4273.80      96.2489      6.15328
      4275.20      91.4429      6.21482
      4276.60      105.939      6.60744
      4278.00      98.0262      6.48607
      4279.40      105.039      6.57261
      4280.80      91.1513      6.02563
      4282.20      92.9229      6.13374
      4283.60      93.0324      6.36812
      4285.00      97.5513      6.46315
      4286.40      95.4386      6.33641
      4287.80      87.9258      6.03566
      4289.20      92.2396      6.38513
      4290.60      90.3265      6.61870
      4292.00      99.7857      6.64394
      4293.40      99.2881      6.23781
      4294.80      90.4553      6.18144
      4296.20      99.2481      6.19076
      4297.60      89.6506      5.94551
      4299.00      83.2147      5.75767
      4300.40      82.1572      5.65534
      4301.80      87.3334      5.73830
      4303.20      99.2198      6.03071
      4304.60      99.5023      6.09415
      4306.00      93.8809      5.98245
      4307.40      92.4901      5.96602
      4308.80      101.672      6.13337
      4310.20      99.1853      6.08234
      4311.60      86.5752      5.73740
      4313.00      83.8197      5.62377
      4314.40      93.7714      6.27120
      4315.80      106.845      6.45828
      4317.20      95.8884      6.19082
      4318.60      103.754      6.51769
      4320.00      77.3540      5.73986
      4321.40      107.177      6.24656
      4322.80      90.6378      6.00903
      4324.20      89.8223      5.69996
      4325.60      80.8039      5.58589
      4327.00      91.7938      5.85332
      4328.40      86.8162      5.96540
      4329.80      95.0810      6.21284
      4331.20      92.6544      5.88326
      4332.60      91.7187      6.09516
      4334.00      97.6025      5.93894
      4335.40      89.8965      5.81516
      4336.80      71.6780      5.30821
      4338.20      59.0163      5.00228
      4339.60      49.7317      4.58082
      4341.00      54.6581      4.62945
      4342.40      65.7441      5.05660
      4343.80      79.1142      5.33903
      4345.20      69.1945      5.22963
      4346.60      84.8189      5.62902
      4348.00      90.8266      5.80577
      4349.40      96.8177      5.99060
      4350.80      84.0569      5.56817
      4352.20      82.9014      5.65955
      4353.60      95.6078      6.15102
      4355.00      94.7751      6.35920
      4356.40      92.1917      6.12774
      4357.80      94.2595      6.28232
      4359.20      90.9478      6.72747
      4360.60      108.413      7.03112
      4362.00      108.429      6.72913
      4363.40      108.659      6.44495
      4364.80      99.1136      6.12920
      4366.20      101.551      6.32695
      4367.60      94.7452      6.37203
      4369.00      100.746      6.33848
      4370.40      97.9761      6.00764
      4371.80      88.7181      5.79044
      4373.20      91.5347      5.82111
      4374.60      90.1598      5.82271
      4376.00      102.222      6.10266
      4377.40      104.398      6.23190
      4378.80      89.1467      5.86342
      4380.20      95.8064      5.98128
      4381.60      93.6076      5.91688
      4383.00      94.0173      5.77947
      4384.40      83.4107      5.52667
      4385.80      100.656      5.99335
      4387.20      99.3168      6.08068
      4388.60      97.3341      6.11236
      4390.00      103.763      6.16230
      4391.40      104.142      6.25145
      4392.80      92.7053      5.88418
      4394.20      88.3303      5.77640
      4395.60      88.7635      5.70716
      4397.00      81.9736      5.58670
      4398.40      87.3932      5.75469
      4399.80      96.8055      6.00608
      4401.20      91.9711      5.80288
      4402.60      90.8282      5.85247
      4404.00      101.579      6.03369
      4405.40      90.5560      5.90037
      4406.80      90.4803      5.94549
      4408.20      100.275      6.12458
      4409.60      106.679      6.23680
      4411.00      91.4858      5.82325
      4412.40      107.085      6.23467
      4413.80      96.5481      6.01167
      4415.20      95.2721      5.81516
      4416.60      87.3715      5.72826
      4418.00      92.1590      6.07237
      4419.40      93.3047      6.15950
      4420.80      100.274      6.25432
      4422.20      92.4371      5.79497
      4423.60      91.6226      5.76470
      4425.00      98.0762      5.88078
      4426.40      95.1448      5.80515
      4427.80      98.8546      5.88083
      4429.20      88.9717      5.66555
      4430.60      101.708      5.94605
      4432.00      89.5932      5.68437
      4433.40      88.6742      5.54344
      4434.80      86.6058      5.46716
      4436.20      96.7826      5.97031
      4437.60      94.0068      5.98793
      4439.00      105.123      5.99844
      4440.40      92.6752      5.74306
      4441.80      95.6538      5.63571
      4443.20      75.8119      5.30440
      4444.60      99.2229      5.87440
      4446.00      94.8853      6.08979
      4447.40      95.3842      6.18762
      4448.80      81.5898      5.68037
      4450.20      89.5294      5.65927
      4451.60      92.7793      5.64133
      4453.00      92.8631      5.67479
      4454.40      91.8026      5.63973
      4455.80      96.6620      5.68158
      4457.20      98.6675      5.72232
      4458.60      86.8996      5.42907
      4460.00      93.7446      5.69565
      4461.40      84.1697      5.33299
      4462.80      99.5992      5.72107
      4464.20      91.1515      5.65683
      4465.60      92.6787      5.57162
      4467.00      90.6651      5.61089
      4468.40      86.3894      5.47024
      4469.80      88.0453      5.51761
      4471.20      100.129      5.83988
      4472.60      90.2418      5.63844
      4474.00      93.5414      5.90592
      4475.40      95.1160      6.16752
      4476.80      95.9598      6.06647
      4478.20      94.9755      5.89452
      4479.60      95.5137      5.78831
      4481.00      87.3118      5.52036
      4482.40      92.5846      5.58469
      4483.80      97.0077      5.70230
      4485.20      98.0909      5.76601
      4486.60      93.4212      5.72587
      4488.00      90.0078      5.51707
      4489.40      94.2631      5.75496
      4490.80      90.6935      5.40290
      4492.20      90.9406      5.63838
      4493.60      90.9986      5.43355
      4495.00      93.9596      5.58896
      4496.40      99.9796      5.91424
      4497.80      98.7025      5.86983
      4499.20      93.0461      5.89418
      4500.60      90.9209      5.92914
      4502.00      98.9056      6.04663
      4503.40      101.461      5.93453
      4504.80      93.7379      5.62792
      4506.20      95.3948      5.61458
      4507.60      87.5824      5.48383
      4509.00      96.8977      5.62327
      4510.40      96.8597      5.71597
      4511.80      103.236      5.88424
      4513.20      98.9892      5.81661
      4514.60      98.6667      5.89467
      4516.00      101.955      5.86671
      4517.40      91.1829      5.46263
      4518.80      94.8206      5.56599
      4520.20      101.391      5.64356
      4521.60      88.6172      5.61722
      4523.00      97.6037      5.98810
      4524.40      93.1749      6.15829
      4525.80      92.1278      5.86696
      4527.20      87.1235      5.71455
      4528.60      95.2956      5.89070
      4530.00      90.1991      5.83842
      4531.40      89.4583      5.51170
      4532.80      97.9569      5.60244
      4534.20      91.2071      5.48067
      4535.60      95.1743      5.57890
      4537.00      91.3182      5.65661
      4538.40      92.0041      5.67590
      4539.80      89.2603      5.43362
      4541.20      87.0605      5.42057
      4542.60      95.0697      5.57079
      4544.00      87.2828      5.39447
      4545.40      93.9959      5.60106
      4546.80      92.3427      5.47605
      4548.20      81.1316      5.20380
      4549.60      83.4283      5.29236
      4551.00      87.5492      5.35649
      4552.40      91.3825      5.46344
      4553.80      81.6410      5.20785
      4555.20      77.6534      5.06762
      4556.60      96.4240      5.57963
      4558.00      96.4109      5.59397
      4559.40      87.7840      5.41083
      4560.80      99.4663      5.64262
      4562.20      88.4094      5.38617
      4563.60      98.5935      5.58664
      4565.00      96.1122      5.65689
      4566.40      97.3307      5.65354
      4567.80      91.5701      5.44240
      4569.20      98.2501      5.56661
      4570.60      90.7717      5.42859
      4572.00      95.2553      5.44929
      4573.40      91.3261      5.45583
      4574.80      97.5031      5.80169
      4576.20      100.157      6.01586
      4577.60      94.8072      5.88158
      4579.00      99.0631      5.80616
      4580.40      91.9737      5.42725
      4581.80      84.0521      5.07850
      4583.20      85.6431      5.24291
      4584.60      93.1131      5.34181
      4586.00      89.7186      5.30100
      4587.40      86.8269      5.07359
      4588.80      88.5588      5.38321
      4590.20      87.8672      5.19485
      4591.60      84.8935      5.43866
      4593.00      88.9920      5.42397
      4594.40      87.7322      5.26013
      4595.80      95.6917      5.48931
      4597.20      88.7879      5.62121
      4598.60      88.3593      5.54700
      4600.00      92.2723      5.28112
      4601.40      91.5676      5.22532
      4602.80      90.2141      5.20333
      4604.20      92.5782      5.32529
      4605.60      95.1273      5.41532
      4607.00      95.4845      5.47126
      4608.40      95.6191      5.46418
      4609.80      92.4586      5.42258
      4611.20      86.6658      5.55475
      4612.60      92.9670      5.27795
      4614.00      91.6895      5.25837
      4615.40      91.6452      5.38170
      4616.80      98.1306      5.63762
      4618.20      95.9735      5.55813
      4619.60      94.2473      5.32772
      4621.00      95.3235      5.36024
      4622.40      94.6208      5.39388
      4623.80      88.8126      5.18061
      4625.20      91.7711      5.26643
      4626.60      94.9861      5.33353
      4628.00      84.9867      4.99757
      4629.40      86.7949      5.08342
      4630.80      91.0124      5.31251
      4632.20      92.3371      5.63567
      4633.60      88.5354      5.68593
      4635.00      89.3277      5.49993
      4636.40      91.3184      5.34759
      4637.80      92.3474      5.30220
      4639.20      93.2034      5.39216
      4640.60      91.9763      5.46016
      4642.00      93.1628      5.39810
      4643.40      91.4357      5.21188
      4644.80      88.2603      5.14016
      4646.20      95.3768      5.47027
      4647.60      90.0368      5.46372
      4649.00      93.4581      5.37484
      4650.40      97.6253      5.36222
      4651.80      90.7996      5.45805
      4653.20      94.9723      5.38700
      4654.60      97.1463      5.42283
      4656.00      87.8443      5.00425
      4657.40      87.7715      5.25581
      4658.80      90.6735      5.14537
      4660.20      88.2349      5.30859
      4661.60      91.2710      5.31675
      4663.00      92.1922      5.15372
      4664.40      92.4100      5.29055
      4665.80      85.9239      5.26411
      4667.20      88.7085      5.23785
      4668.60      88.8311      5.00981
      4670.00      86.9709      5.11494
      4671.40      95.2117      5.48090
      4672.80      89.7637      5.24941
      4674.20      92.7615      5.10465
      4675.60      90.2144      5.25366
      4677.00      92.4722      5.13229
      4678.40      95.1166      5.81783
      4679.80      84.2039      5.06446
      4681.20      86.8522      5.08538
      4682.60      90.6047      5.09788
      4684.00      85.7283      5.08222
      4685.40      87.5849      4.89501
      4686.80      88.4400      5.37954
      4688.20      89.9190      4.95407
      4689.60      89.4307      5.10229
      4691.00      85.1810      5.07667
      4692.40      95.4286      5.22080
      4693.80      91.5270      5.16552
      4695.20      85.9466      5.02738
      4696.60      89.7140      5.17170
      4698.00      86.9009      4.98704
      4699.40      84.6143      5.00967
      4700.80      86.1419      5.01301
      4702.20      86.7190      5.13517
      4703.60      91.1548      5.09928
      4705.00      85.5393      5.15731
      4706.40      84.0788      5.25085
      4707.80      79.2750      5.20433
      4709.20      89.0343      5.02765
      4710.60      91.8326      5.42529
      4712.00      88.3104      5.08904
      4713.40      92.9693      5.16051
      4714.80      78.6571      4.91274
      4716.20      94.7287      5.31923
      4717.60      93.2108      5.25252
      4719.00      90.6223      5.26453
      4720.40      98.8415      5.43555
      4721.80      91.8583      5.27896
      4723.20      87.8824      5.22358
      4724.60      96.4460      5.43245
      4726.00      95.7847      5.32155
      4727.40      88.4829      5.08291
      4728.80      91.2165      5.15991
      4730.20      88.9760      5.28709
      4731.60      102.261      5.44741
      4733.00      93.8895      5.18315
      4734.40      83.3742      4.90533
      4735.80      90.7266      5.17631
      4737.20      86.7885      5.01287
      4738.60      90.9468      5.07569
      4740.00      93.0571      5.25243
      4741.40      88.4519      5.36061
      4742.80      96.2100      5.58148
      4744.20      85.9800      5.10713
      4745.60      97.7405      5.18476
      4747.00      92.1458      5.10769
      4748.40      95.1282      5.14193
      4749.80      91.3457      5.25706
      4751.20      95.9146      5.30210
      4752.60      91.3909      5.02833
      4754.00      92.2304      5.08378
      4755.40      90.2435      4.96907
      4756.80      92.0597      5.09355
      4758.20      91.1515      5.06158
      4759.60      90.7017      5.13254
      4761.00      90.8440      4.88811
      4762.40      85.9106      4.89173
      4763.80      88.2218      4.91717
      4765.20      91.6817      4.91153
      4766.60      92.6061      5.11131
      4768.00      91.6041      4.99045
      4769.40      93.6487      5.09543
      4770.80      95.9806      5.05349
      4772.20      97.5368      5.23735
      4773.60      95.8929      5.19940
      4775.00      92.4047      5.16780
      4776.40      96.5427      5.33668
      4777.80      88.8931      4.86056
      4779.20      86.4629      5.00070
      4780.60      97.2955      5.12162
      4782.00      89.4610      5.01877
      4783.40      90.0390      4.86876
      4784.80      85.5633      4.81340
      4786.20      91.0598      4.94828
      4787.60      82.1011      5.03847
      4789.00      91.6425      5.22406
      4790.40      90.0915      5.11298
      4791.80      94.4587      5.10216
      4793.20      97.9826      5.20161
      4794.60      94.9933      5.12737
      4796.00      85.6552      4.96179
      4797.40      96.2072      5.19499
      4798.80      90.8493      5.09402
      4800.20      90.5317      4.96735
      4801.60      94.7308      5.02510
      4803.00      91.3111      4.99098
      4804.40      90.2033      4.97063
      4805.80      88.3212      4.97597
      4807.20      91.4070      4.98201
      4808.60      96.3407      5.09061
      4810.00      88.8650      4.98203
      4811.40      90.0966      5.09551
      4812.80      88.2219      5.17017
      4814.20      85.4718      4.90521
      4815.60      88.3713      4.84360
      4817.00      88.8093      4.94448
      4818.40      90.8059      5.17744
      4819.80      91.5019      5.09390
      4821.20      86.6679      4.90080
      4822.60      85.2317      4.77900
      4824.00      87.3748      4.90240
      4825.40      88.1834      4.95572
      4826.80      84.2923      5.17810
      4828.20      93.7637      5.22981
      4829.60      86.4367      5.07032
      4831.00      85.9582      4.89886
      4832.40      89.4555      4.89809
      4833.80      85.8299      4.92302
      4835.20      87.5745      4.87696
      4836.60      85.4143      4.82920
      4838.00      88.7416      4.88977
      4839.40      90.0027      4.90251
      4840.80      79.4835      4.69760
      4842.20      83.4165      5.05874
      4843.60      81.8715      4.91799
      4845.00      89.4128      5.12446
      4846.40      79.6146      4.94384
      4847.80      77.2426      5.16134
      4849.20      86.1311      5.39972
      4850.60      82.5699      5.06983
      4852.00      79.6347      4.76685
      4853.40      86.3154      4.90343
      4854.80      80.1485      4.63109
      4856.20      73.3949      4.44317
      4857.60      74.1981      4.41618
      4859.00      58.1175      4.10641
      4860.40      48.0510      3.77238
      4861.80      54.9370      4.03317
      4863.20      73.1809      4.38346
      4864.60      67.3088      4.33313
      4866.00      86.3481      4.66918
      4867.40      77.4347      4.59349
      4868.80      80.2451      4.67739
      4870.20      84.5262      4.80513
      4871.60      79.7008      4.68199
      4873.00      87.3490      4.75606
      4874.40      81.8094      4.65959
      4875.80      84.6016      4.72939
      4877.20      86.3073      4.84450
      4878.60      90.0487      4.87768
      4880.00      80.6102      4.77362
      4881.40      87.2691      4.83177
      4882.80      84.2710      4.84559
      4884.20      88.2813      4.81281
      4885.60      93.9123      4.93998
      4887.00      85.2273      4.73334
      4888.40      90.9254      5.10841
      4889.80      93.4823      5.25940
      4891.20      84.5908      4.96952
      4892.60      84.2272      4.73418
      4894.00      85.9795      4.76297
      4895.40      84.8274      4.70237
      4896.80      89.1487      4.84814
      4898.20      80.0962      4.73030
      4899.60      86.1946      4.72027
      4901.00      84.4195      4.60176
      4902.40      87.7323      4.92645
      4903.80      92.8544      4.97865
      4905.20      87.9504      4.92091
      4906.60      85.1633      4.73229
      4908.00      87.8542      4.92776
      4909.40      77.2481      4.48845
      4910.80      86.6733      4.68102
      4912.20      92.7471      4.82026
      4913.60      86.7795      4.83809
      4915.00      86.4429      4.90390
      4916.40      82.3887      4.88535
      4917.80      85.4193      4.86153
      4919.20      80.1653      4.60394
      4920.60      79.6808      4.60117
      4922.00      84.6955      4.74089
      4923.40      83.6465      4.74063
      4924.80      83.8102      4.68149
      4926.20      95.0305      4.83303
      4927.60      84.8492      4.63141
      4929.00      83.1933      4.56175
      4930.40      88.5934      4.69517
      4931.80      90.6116      4.76259
      4933.20      83.7891      4.57060
      4934.60      87.9526      4.68148
      4936.00      88.7793      4.78750
      4937.40      90.2414      4.92999
      4938.80      90.8539      4.80889
      4940.20      85.1851      4.62819
      4941.60      86.0810      4.66236
      4943.00      85.1708      4.76100
      4944.40      85.9120      4.75750
      4945.80      86.6525      4.68795
      4947.20      82.8600      4.75091
      4948.60      86.9096      4.72042
      4950.00      79.9758      4.46094
      4951.40      79.9001      4.50781
      4952.80      90.7861      4.72939
      4954.20      86.1646      4.78499
      4955.60      84.6379      4.74505
      4957.00      77.5474      4.32272
      4958.40      80.2532      4.43668
      4959.80      85.5608      4.56114
      4961.20      86.6848      4.62684
      4962.60      87.4078      4.70220
      4964.00      87.2005      4.61485
      4965.40      85.3902      4.59891
      4966.80      80.7435      4.53013
      4968.20      86.3058      4.64142
      4969.60      83.4736      4.62036
      4971.00      93.2120      4.82692
      4972.40      76.7618      4.42712
      4973.80      90.8299      4.70468
      4975.20      91.3480      4.77014
      4976.60      81.1150      4.43439
      4978.00      84.5060      4.73742
      4979.40      85.9952      4.78790
      4980.80      86.3745      4.81046
      4982.20      84.5501      4.58154
      4983.60      83.0204      4.60220
      4985.00      85.8701      4.58797
      4986.40      85.2373      4.70829
      4987.80      82.7551      4.52855
      4989.20      82.2866      4.56321
      4990.60      80.4532      4.41093
      4992.00      79.5658      4.47465
      4993.40      82.7661      4.52665
      4994.80      81.6693      4.48354
      4996.20      86.0940      4.59123
      4997.60      83.0917      4.51217
      4999.00      78.7104      4.36603
