      3900.00      34.8049      4.15729
      3901.40      34.2090      4.11060
      3902.80      31.7951      3.95289
      3904.20      23.3863      3.97207
      3905.60      38.6066      4.39788
      3907.00      32.5062      4.36258
      3908.40      43.1509      4.54228
      3909.80      27.8149      3.88865
      3911.20      33.4675      4.13814
      3912.60      31.0411      4.02469
      3914.00      38.9521      4.24860
      3915.40      32.8997      4.16883
      3916.80      35.4024      4.27331
      3918.20      32.8906      4.05262
      3919.60      41.8741      4.27191
      3921.00      32.1682      3.89103
      3922.40      34.5237      3.83842
      3923.80      35.0150      3.86207
      3925.20      34.7445      3.85812
      3926.60      34.0056      3.75632
      3928.00      34.0768      3.70985
      3929.40      28.1669      3.43957
      3930.80      17.2782      2.99212
      3932.20      17.4985      2.95387
      3933.60      20.5756      3.13656
      3935.00      29.0108      3.48062
      3936.40      31.9486      3.67076
      3937.80      36.4275      3.83666
      3939.20      35.7030      3.82432
      3940.60      33.3014      3.67360
      3942.00      31.3143      3.39258
      3943.40      35.8330      3.65705
      3944.80      36.8981      3.66487
      3946.20      33.2907      3.55826
      3947.60      33.8617      3.59263
      3949.00      34.7170      3.64677
      3950.40      30.9406      3.43136
      3951.80      30.5065      3.48457
      3953.20      33.1820      3.62423
      3954.60      36.5250      3.82113
      3956.00      35.8490      3.72553
      3957.40      28.9175      3.45174
      3958.80      30.1310      3.48194
      3960.20      31.9963      3.38830
      3961.60      29.9488      3.39379
      3963.00      18.2491      2.96344
      3964.40      24.0719      3.08771
      3965.80      12.0202      2.63421
      3967.20      7.45396      2.37404
      3968.60      9.05534      2.53600
      3970.00      15.3596      2.92063
      3971.40      21.9584      3.15821
      3972.80      30.5671      3.56589
      3974.20      20.1634      3.54196
      3975.60      35.8994      3.96399
      3977.00      32.7285      4.00458
      3978.40      24.9653      3.71277
      3979.80      29.9580      3.81910
      3981.20      29.3047      3.87665
      3982.60      40.3769      4.15958
      3984.00      35.1957      3.95176
      3985.40      37.3357      3.85765
      3986.80      35.2688      3.73630
      3988.20      31.6702      3.63160
      3989.60      36.9087      3.79263
      3991.00      37.3902      3.70579
      3992.40      26.8438      3.37098
      3993.80      34.1716      3.47012
      3995.20      35.2502      3.47307
      3996.60      34.3810      3.40708
      3998.00      38.2625      3.53789
      3999.40      39.0205      3.54897
      4000.80      35.4926      3.42899
      4002.20      33.0574      3.29096
      4003.60      31.7693      3.23552
      4005.00      31.0386      3.22425
      4006.40      32.0552      3.33046
      4007.80      38.6906      3.56052
      4009.20      33.2212      3.42691
      4010.60      38.0615      3.55185
      4012.00      35.4679      3.61112
      4013.40      36.7783      3.83024
      4014.80      34.6740      3.76700
      4016.20      36.1041      3.60721
      4017.60      43.5349      3.57346
      4019.00      36.0617      3.46903
      4020.40      39.3605      3.76360
      4021.80      33.1263      3.61239
      4023.20      33.8016      3.58782
      4024.60      34.1861      3.58176
      4026.00      39.5455      3.58852
      4027.40      38.8266      3.41326
      4028.80      32.7742      3.23517
      4030.20      34.5808      3.31572
      4031.60      31.8475      3.26994
      4033.00      34.9119      3.35525
      4034.40      37.7372      3.37542
      4035.80      36.7056      3.42252
      4037.20      40.4930      3.53169
      4038.60      38.3435      3.49770
      4040.00      35.2387      3.37440
      4041.40      33.0072      3.25329
      4042.80      36.5178      3.38610
      4044.20      40.3129      3.40484
      4045.60      35.2863      3.45758
      4047.00      39.7408      3.68226
      4048.40      31.2287      3.49827
      4049.80      39.4652      3.59864
      4051.20      37.7913      3.59944
      4052.60      37.3978      3.45436
      4054.00      34.1147      3.31682
      4055.40      38.9628      3.50812
      4056.80      33.0208      3.44306
      4058.20      33.6569      3.43803
      4059.60      37.7564      3.51991
      4061.00      33.4705      3.36675
      4062.40      28.5926      3.24292
      4063.80      32.5138      3.35477
      4065.20      35.7264      3.55843
      4066.60      39.8424      3.72152
      4068.00      35.0308      3.65175
      4069.40      28.3100      3.53787
      4070.80      37.8604      3.69086
      4072.20      36.2422      3.53756
      4073.60      34.7611      3.48384
      4075.00      31.3725      3.27752
      4076.40      35.0049      3.46786
      4077.80      26.5564      3.27724
      4079.20      34.4539      3.44991
      4080.60      35.4801      3.46412
      4082.00      31.2580      3.39414
      4083.40      32.0727      3.55937
      4084.80      31.1453      3.40566
      4086.20      33.5156      3.40094
      4087.60      29.6077      3.21941
      4089.00      37.2272      3.36824
      4090.40      29.3157      3.19043
      4091.80      27.2891      3.07860
      4093.20      25.1187      3.23957
      4094.60      25.5776      3.33896
      4096.00      25.0710      3.06696
      4097.40      20.1967      2.78170
      4098.80      15.3907      2.56012
      4100.20      13.0791      2.54648
      4101.60      14.3218      2.66648
      4103.00      27.3765      3.08065
      4104.40      24.1333      3.00442
      4105.80      28.8117      3.17170
      4107.20      30.2248      3.23956
      4108.60      26.0881      3.16850
      4110.00      28.3406      3.24580
      4111.40      35.4955      3.52779
      4112.80      33.2274      3.57217
      4114.20      35.2071      3.69369
      4115.60      29.0119      3.47708
      4117.00      37.4046      3.79911
      4118.40      35.8046      3.72860
      4119.80      36.1428      3.63720
      4121.20      35.9649      3.62858
      4122.60      31.5327      3.49937
      4124.00      33.3528      3.58747
      4125.40      32.9063      3.56715
      4126.80      36.0855      3.54959
      4128.20      30.8563      3.57792
      4129.60      33.6882      3.51827
      4131.00      34.5139      3.61223
      4132.40      42.2404      3.76402
      4133.80      35.9983      3.69160
      4135.20      41.3082      3.78938
      4136.60      38.4691      3.68086
      4138.00      39.1024      3.64971
      4139.40      34.2078      3.49908
      4140.80      37.9826      3.60014
      4142.20      32.1738      3.41545
      4143.60      38.7970      3.60096
      4145.00      34.7856      3.41232
      4146.40      36.1258      3.35602
      4147.80      33.4533      3.35892
      4149.20      37.9293      3.48581
      4150.60      35.6725      3.32702
      4152.00      32.4050      3.11056
      4153.40      34.8097      3.23084
      4154.80      34.6041      3.20192
      4156.20      33.6734      3.12424
      4157.60      33.0977      3.29475
      4159.00      34.8307      3.13826
      4160.40      30.8939      3.02982
      4161.80      34.0326      3.06707
      4163.20      35.0641      3.11802
      4164.60      39.7486      3.31229
      4166.00      34.9518      3.11370
      4167.40      33.9942      3.04982
      4168.80      34.3751      3.02558
      4170.20      31.1447      2.94613
      4171.60      31.9420      2.89961
      4173.00      30.6624      2.80272
      4174.40      31.6629      2.86850
      4175.80      35.1124      2.91001
      4177.20      31.4648      2.82642
      4178.60      36.7143      3.07007
      4180.00      33.7468      2.90158
      4181.40      32.8634      2.88797
      4182.80      34.8305      3.03268
      4184.20      37.4074      2.97304
      4185.60      32.3127      2.88305
      4187.00      31.9304      2.81104
      4188.40      36.0110      2.89808
      4189.80      32.8498      2.87762
      4191.20      38.0075      3.05558
      4192.60      35.9427      3.02932
      4194.00      34.2176      2.91766
      4195.40      35.0545      3.04170
      4196.80      38.4998      3.09127
      4198.20      37.5385      3.08187
      4199.60      32.8541      2.91069
      4201.00      29.6013      2.83901
      4202.40      36.5267      3.00737
      4203.80      34.0339      3.01298
      4205.20      39.9201      3.13864
      4206.60      31.0808      2.87676
      4208.00      34.9619      2.95736
      4209.40      31.9267      2.97207
      4210.80      35.3301      3.06321
      4212.20      36.9738      2.96280
      4213.60      31.1860      2.76751
      4215.00      33.8703      2.79986
      4216.40      33.9241      2.98751
      4217.80      39.0540      3.25648
      4219.20      34.5017      3.04129
      4220.60      34.4589      2.76924
      4222.00      29.6218      2.72339
      4223.40      38.3801      2.96949
      4224.80      29.6884      2.67852
      4226.20      30.4054      2.75380
      4227.60      35.3732      2.76700
      4229.00      33.0166      2.76962
      4230.40      30.5517      2.70239
      4231.80      32.7042      2.78942
      4233.20      34.9006      2.91911
      4234.60      35.5947      2.93929
      4236.00      34.3081      2.81839
      4237.40      30.6469      2.69134
      4238.80      36.0241      2.81643
      4240.20      33.4877      2.75245
      4241.60      35.1734      2.80814
      4243.00      31.0309      2.67599
      4244.40      33.3821      2.80955
      4245.80      30.2148      2.67604
      4247.20      33.4494      2.80746
      4248.60      32.1604      2.91923
      4250.00      33.8325      2.96853
      4251.40      36.6401      2.95673
      4252.80      33.6377      2.87892
      4254.20      38.8591      2.89662
      4255.60      31.8251      2.70706
      4257.00      36.1710      2.94062
      4258.40      34.6839      2.84454
      4259.80      35.3270      2.96734
      4261.20      35.6776      2.83392
      4262.60      32.0161      2.67512
      4264.00      31.4645      2.79200
      4265.40      42.1121      3.05958
      4266.80      38.9479      3.00687
      4268.20      35.6161      2.86048
      4269.60      30.7043      2.66764
      4271.00      30.8574      2.65183
      4272.40      34.4737      2.74385
      4273.80      31.5369      2.67248
      4275.20      33.3321      2.72899
      4276.60      37.1570      2.92164
      4278.00      34.5312      2.79985
      4279.40      33.0011      2.71072
      4280.80      33.5248      2.70542
      4282.20      33.7252      2.74220
      4283.60      35.1084      2.81074
      4285.00      36.0941      2.83141
      4286.40      31.4055      2.67487
      4287.80      33.4413      2.73474
      4289.20      35.8770      2.74714
      4290.60      33.6890      2.72120
      4292.00      32.4785      2.70188
      4293.40      31.7805      2.67934
      4294.80      31.4912      2.73018
      4296.20      32.4128      2.77645
      4297.60      29.4004      2.79977
      4299.00      30.8565      2.77056
      4300.40      28.9425      2.56042
      4301.80      31.5340      2.57975
      4303.20      29.6276      2.59336
      4304.60      33.9481      2.78856
      4306.00      28.5234      2.68996
      4307.40      34.6787      2.86062
      4308.80      34.4719      2.79310
      4310.20      31.7289      2.69248
      4311.60      32.6724      2.64803
      4313.00      31.2669      2.61576
      4314.40      34.4765      2.71032
      4315.80      33.5837      2.70798
      4317.20      33.1670      2.76842
      4318.60      31.9192      2.72586
      4320.00      32.0016      2.75833
      4321.40      31.9573      2.68345
      4322.80      35.9714      2.72362
      4324.20      30.6463      2.54350
      4325.60      28.2172      2.47897
      4327.00      32.2210      2.52441
      4328.40      28.1727      2.52108
      4329.80      32.2896      2.64692
      4331.20      26.9822      2.50784
      4332.60      27.4897      2.50902
      4334.00      28.4123      2.42903
      4335.40      22.6680      2.22518
      4336.80      13.8740      1.90538
      4338.20      13.6110      1.88400
      4339.60      17.6579      2.06521
      4341.00      20.7451      2.22014
      4342.40      25.8140      2.42933
      4343.80      28.1063      2.48759
      4345.20      27.3493      2.46651
      4346.60      28.3662      2.49477
      4348.00      29.7359      2.49654
      4349.40      29.6209      2.49489
      4350.80      28.6213      2.50096
      4352.20      30.5975      2.68136
      4353.60      30.0953      2.68873
      4355.00      33.0156      2.61714
      4356.40      33.4695      2.67265
      4357.80      34.9218      3.03749
      4359.20      35.0133      3.18673
      4360.60      34.0957      2.90863
      4362.00      32.1554      2.72704
      4363.40      33.9441      2.62399
      4364.80      34.8494      2.65844
      4366.20      31.8289      2.56781
      4367.60      31.7744      2.55864
      4369.00      34.2490      2.63377
      4370.40      33.7601      2.61958
      4371.80      31.0651      2.54319
      4373.20      30.8172      2.53844
      4374.60      37.0106      2.71630
      4376.00      33.3538      2.63894
      4377.40      30.4934      2.52120
      4378.80      34.7411      2.72171
      4380.20      33.8250      2.78812
      4381.60      32.1555      2.54921
      4383.00      30.1236      2.55680
      4384.40      36.3253      2.69166
      4385.80      34.7589      2.67169
      4387.20      36.8247      2.71039
      4388.60      33.7692      2.71098
      4390.00      33.7398      2.65706
      4391.40      37.1705      2.80573
      4392.80      30.7611      2.64602
      4394.20      33.0949      2.64898
      4395.60      32.1852      2.66484
      4397.00      36.2451      2.82593
      4398.40      30.5696      2.71511
      4399.80      32.8743      2.73825
      4401.20      36.2592      2.73653
      4402.60      33.0064      2.62001
      4404.00      26.5894      2.48150
      4405.40      40.3934      2.84093
      4406.80      36.3088      2.69366
      4408.20      32.1839      2.67287
      4409.60      32.0437      2.63157
      4411.00      31.8599      2.56313
      4412.40      31.9571      2.55959
      4413.80      29.1900      2.47397
      4415.20      31.0244      2.52477
      4416.60      29.1989      2.43231
      4418.00      33.7029      2.64911
      4419.40      35.9406      2.65761
      4420.80      33.4819      2.61788
      4422.20      34.4899      2.66047
      4423.60      36.0286      2.73175
      4425.00      30.3280      2.60733
      4426.40      32.2930      2.61024
      4427.80      32.4483      2.60642
      4429.20      33.3759      2.56005
      4430.60      35.8344      2.58427
      4432.00      32.0788      2.54517
      4433.40      32.5193      2.51047
      4434.80      32.2747      2.52179
      4436.20      32.6044      2.68186
      4437.60      36.0585      2.70462
      4439.00      31.4516      2.49298
      4440.40      31.5521      2.45258
      4441.80      31.6244      2.57307
      4443.20      34.3676      2.61423
      4444.60      33.5775      2.61043
      4446.00      29.8284      2.43402
      4447.40      29.3541      2.57877
      4448.80      29.6836      2.48874
      4450.20      32.4112      2.59683
      4451.60      38.6819      2.68939
      4453.00      31.3820      2.48301
      4454.40      31.0786      2.40139
      4455.80      28.9318      2.43334
      4457.20      32.2648      2.52835
      4458.60      30.5272      2.41002
      4460.00      32.5944      2.47738
      4461.40      30.8736      2.44294
      4462.80      33.6911      2.54228
      4464.20      30.9131      2.52366
      4465.60      29.4658      2.42114
      4467.00      30.1381      2.38673
      4468.40      27.1496      2.31145
      4469.80      33.4133      2.47534
      4471.20      33.9448      2.54174
      4472.60      35.0093      2.58697
      4474.00      29.6908      2.38614
      4475.40      33.7060      2.56354
      4476.80      35.0148      2.67361
      4478.20      31.5542      2.48865
      4479.60      28.5720      2.37947
      4481.00      33.5668      2.49128
      4482.40      32.9521      2.46271
      4483.80      32.6092      2.51232
      4485.20      32.8636      2.51291
      4486.60      32.7202      2.53014
      4488.00      33.6967      2.55562
      4489.40      29.9232      2.36714
      4490.80      31.5723      2.52211
      4492.20      33.2952      2.54053
      4493.60      31.9791      2.59057
      4495.00      30.7848      2.56064
      4496.40      33.5506      2.61897
      4497.80      33.9510      2.58037
      4499.20      29.3617      2.42179
      4500.60      30.4875      2.34398
      4502.00      29.9443      2.41150
      4503.40      38.1958      2.55242
      4504.80      34.7686      2.49957
      4506.20      34.0150      2.50899
      4507.60      29.3003      2.42074
      4509.00      33.7081      2.56011
      4510.40      29.4971      2.46135
      4511.80      34.8960      2.49494
      4513.20      32.2649      2.41877
      4514.60      30.0076      2.35747
      4516.00      32.3774      2.43500
      4517.40      28.9358      2.31324
      4518.80      28.4900      2.29952
      4520.20      33.7174      2.41950
      4521.60      28.7254      2.32431
      4523.00      30.0159      2.45526
      4524.40      31.8382      2.52070
      4525.80      29.5342      2.37227
      4527.20      31.6003      2.37285
      4528.60      34.2369      2.44482
      4530.00      32.1788      2.40856
      4531.40      31.2081      2.44650
      4532.80      32.5461      2.51451
      4534.20      27.9157      2.44464
      4535.60      35.6186      2.63867
      4537.00      34.0757      2.54868
      4538.40      32.9966      2.49219
      4539.80      35.2275      2.52152
      4541.20      31.6604      2.46914
      4542.60      35.8251      2.55851
      4544.00      35.3203      2.54759
      4545.40      44.8769      3.06421
      4546.80      28.0408      2.93087
      4548.20      32.5324      2.38512
      4549.60      31.8230      2.57977
      4551.00      31.8635      2.61330
      4552.40      30.1604      2.52475
      4553.80      32.6742      2.50327
      4555.20      35.4913      2.49319
      4556.60      30.1136      2.39851
      4558.00      31.5140      2.42219
      4559.40      33.8283      2.44952
      4560.80      31.9777      2.39950
      4562.20      35.1621      2.50313
      4563.60      28.5916      2.30222
      4565.00      29.3710      2.35951
      4566.40      33.2020      2.37181
      4567.80      32.3518      2.41084
      4569.20      29.4390      2.29716
      4570.60      30.9758      2.41144
      4572.00      36.2809      2.50559
      4573.40      32.0711      2.38373
      4574.80      29.8395      2.28754
      4576.20      30.4510      2.32175
      4577.60      30.6006      2.34030
      4579.00      34.1847      2.54335
      4580.40      33.0810      2.41636
      4581.80      28.5269      2.26035
      4583.20      29.0435      2.23949
      4584.60      34.5734      2.43621
      4586.00      33.6367      2.50170
      4587.40      32.0113      2.54239
      4588.80      31.6221      2.57297
      4590.20      31.6218      2.48375
      4591.60      33.3405      2.50116
      4593.00      34.3094      2.47194
      4594.40      31.1280      2.29853
      4595.80      29.2886      2.33171
      4597.20      33.7647      2.42520
      4598.60      33.2002      2.37963
      4600.00      32.0729      2.32035
      4601.40      30.6605      2.28948
      4602.80      29.8036      2.26166
      4604.20      32.7194      2.31521
      4605.60      31.6439      2.35821
      4607.00      33.6560      2.30101
      4608.40      32.0337      2.37226
      4609.80      29.8188      2.25422
      4611.20      34.1777      2.41973
      4612.60      31.8322      2.28081
      4614.00      29.6654      2.25259
      4615.40      31.3057      2.27512
      4616.80      32.9818      2.32424
      4618.20      28.4779      2.20708
      4619.60      29.8209      2.19914
      4621.00      32.0006      2.29501
      4622.40      32.2025      2.34555
      4623.80      32.3796      2.27560
      4625.20      30.9696      2.30582
      4626.60      31.0411      2.25603
      4628.00      31.6138      2.34209
      4629.40      32.8029      2.28257
      4630.80      33.2143      2.39777
      4632.20      30.7076      2.26365
      4633.60      27.6707      2.16398
      4635.00      31.7077      2.35374
      4636.40      34.9160      2.37465
      4637.80      32.8559      2.36123
      4639.20      32.9954      2.36098
      4640.60      33.1299      2.44342
      4642.00      31.8540      2.42423
      4643.40      30.5360      2.38666
      4644.80      30.8064      2.35822
      4646.20      31.6737      2.37860
      4647.60      34.0432      2.46229
      4649.00      33.2750      2.44953
      4650.40      29.8717      2.29996
      4651.80      32.1441      2.31266
      4653.20      31.9100      2.29788
      4654.60      32.4057      2.34134
      4656.00      32.0138      2.36023
      4657.40      31.0053      2.37356
      4658.80      33.2175      2.42793
      4660.20      34.1501      2.45314
      4661.60      32.6718      2.36725
      4663.00      32.0468      2.33333
      4664.40      32.4868      2.31223
      4665.80      32.5182      2.33884
      4667.20      31.1462      2.29413
      4668.60      32.1322      2.23873
      4670.00      30.0404      2.35454
      4671.40      36.0055      2.39408
      4672.80      31.1475      2.32934
      4674.20      33.0823      2.38246
      4675.60      29.7772      2.42036
      4677.00      28.9914      2.32500
      4678.40      32.5531      2.48037
      4679.80      34.3990      2.46465
      4681.20      31.9520      2.37430
      4682.60      31.2740      2.23025
      4684.00      28.3289      2.17589
      4685.40      31.6978      2.28565
      4686.80      34.2196      2.39004
      4688.20      29.8647      2.34287
      4689.60      33.1823      2.36544
      4691.00      32.1140      2.30430
      4692.40      35.4968      2.39437
      4693.80      29.9946      2.39646
      4695.20      32.8240      2.44179
      4696.60      32.9777      2.34247
      4698.00      29.4102      2.23864
      4699.40      31.4192      2.28664
      4700.80      33.1614      2.37846
      4702.20      34.5120      2.44851
      4703.60      30.3423      2.29463
      4705.00      33.4848      2.34647
      4706.40      32.4899      2.34666
      4707.80      32.0627      2.33011
      4709.20      34.0477      2.35648
      4710.60      35.1799      2.44239
      4712.00      31.6388      2.39465
      4713.40      29.3489      2.28272
      4714.80      30.9272      2.28339
      4716.20      32.5537      2.34248
      4717.60      32.3112      2.41015
      4719.00      31.6002      2.39949
      4720.40      36.7570      2.46835
      4721.80      31.6748      2.38826
      4723.20      33.1444      2.39826
      4724.60      36.3917      2.55582
      4726.00      33.2974      2.43647
      4727.40      33.1265      2.43701
      4728.80      30.2634      2.35527
      4730.20      30.2044      2.34632
      4731.60      30.3196      2.34404
      4733.00      37.3727      2.47323
      4734.40      56.2036      3.99002
      4735.80      44.3189      2.79983
      4737.20      31.4529      2.50101
      4738.60      39.3515      2.58606
      4740.00      32.8569      2.45675
      4741.40      32.8466      2.35969
      4742.80      34.8727      2.39308
      4744.20      31.9052      2.30161
      4745.60      34.1540      2.38977
      4747.00      31.4021      2.25752
      4748.40      31.9476      2.24465
      4749.80      30.0054      2.24153
      4751.20      33.7244      2.28341
      4752.60      38.3677      2.68712
      4754.00      39.7651      4.00176
      4755.40      37.7165      2.62417
      4756.80      30.2294      2.20491
      4758.20      30.7159      2.19411
      4759.60      29.9788      2.20054
      4761.00      31.5944      2.20521
      4762.40      30.6080      2.23694
      4763.80      32.6578      2.30187
      4765.20      32.1372      2.32555
      4766.60      32.3939      2.27448
      4768.00      32.5579      2.23927
      4769.40      32.6986      2.26589
      4770.80      28.5696      2.06805
      4772.20      31.6351      2.19486
      4773.60      33.0319      2.24271
      4775.00      31.1773      2.26276
      4776.40      31.0606      2.25323
      4777.80      28.6361      2.14804
      4779.20      28.2400      2.10925
      4780.60      29.3126      2.16838
      4782.00      34.3689      2.25630
      4783.40      27.0089      2.10090
      4784.80      29.7103      2.13180
      4786.20      32.8740      2.21809
      4787.60      32.8453      2.25590
      4789.00      31.4467      2.20097
      4790.40      27.9319      2.09187
      4791.80      34.3857      2.25624
      4793.20      33.4150      2.29777
      4794.60      30.4416      2.32524
      4796.00      34.6166      2.48445
      4797.40      30.8092      2.24627
      4798.80      30.5624      2.14836
      4800.20      27.6482      2.08233
      4801.60      31.8207      2.16920
      4803.00      32.0090      2.22390
      4804.40      28.4378      2.08661
      4805.80      28.0424      2.14692
      4807.20      30.9576      2.25622
      4808.60      27.2687      1.99727
      4810.00      29.2542      2.14760
      4811.40      31.4279      2.15237
      4812.80      28.7165      2.15192
      4814.20      30.6977      2.15962
      4815.60      30.9369      2.30449
      4817.00      31.5689      2.16497
      4818.40      29.7769      2.18590
      4819.80      33.8579      2.28364
      4821.20      32.1600      2.19131
      4822.60      25.8592      2.06093
      4824.00      29.3144      2.20649
      4825.40      35.5708      2.36523
      4826.80      32.0728      2.23506
      4828.20      31.4498      2.18560
      4829.60      33.1880      2.24897
      4831.00      32.3461      2.23980
      4832.40      28.5714      2.10848
      4833.80      29.0726      2.13281
      4835.20      31.6228      2.27556
      4836.60      29.9678      2.25055
      4838.00      31.4785      2.35660
      4839.40      30.7084      2.22593
      4840.80      28.3708      2.08745
      4842.20      29.1679      2.14451
      4843.60      29.4576      2.10049
      4845.00      29.3511      2.14680
      4846.40      30.5386      2.19108
      4847.80      29.9261      2.26625
      4849.20      29.4101      2.20794
      4850.60      28.5884      2.17615
      4852.00      26.2721      2.02850
      4853.40      23.7333      1.97182
      4854.80      22.2612      1.92685
      4856.20      23.5843      1.96623
      4857.60      19.9980      1.79016
      4859.00      13.4386      1.61614
      4860.40      16.7916      1.75308
      4861.80      22.1377      2.01713
      4863.20      21.2886      2.06118
      4864.60      24.8525      2.08454
      4866.00      25.9814      2.47187
      4867.40      26.4217      2.18145
      4868.80      24.1788      1.97239
      4870.20      22.6147      1.92385
      4871.60      25.7270      2.03237
      4873.00      27.5160      2.10628
      4874.40      28.3220      2.10469
      4875.80      28.4600      2.16373
      4877.20      28.8861      2.17592
      4878.60      27.5413      2.13316
      4880.00      29.2954      2.15203
      4881.40      30.4609      2.18509
      4882.80      27.5108      2.22250
      4884.20      34.0726      2.37752
      4885.60      31.3960      2.29958
      4887.00      30.1333      2.16888
      4888.40      32.4836      2.21071
      4889.80      30.1928      2.19298
      4891.20      28.7899      2.07010
      4892.60      25.2611      2.09352
      4894.00      30.2484      2.13595
      4895.40      30.5295      2.11755
      4896.80      25.2676      1.93590
      4898.20      31.9303      2.19159
      4899.60      30.8521      2.15934
      4901.00      29.8817      2.14516
      4902.40      28.7881      2.09999
      4903.80      29.1299      2.08886
      4905.20      30.4525      2.11441
      4906.60      28.8232      2.07354
      4908.00      28.5417      2.06296
      4909.40      32.2224      2.22316
      4910.80      32.9829      2.23168
      4912.20      30.9649      2.17177
      4913.60      29.4553      2.06438
      4915.00      31.1464      2.13005
      4916.40      31.5190      2.19923
      4917.80      31.1515      2.15729
      4919.20      29.9952      2.10730
      4920.60      27.8933      2.01598
      4922.00      29.0993      2.03170
      4923.40      28.7837      2.06046
      4924.80      27.7883      1.99493
      4926.20      31.9472      2.14445
      4927.60      29.6441      2.09577
      4929.00      30.5483      2.08621
      4930.40      27.6720      2.06312
      4931.80      32.0864      2.14751
      4933.20      27.0403      2.05172
      4934.60      27.8359      1.97214
      4936.00      31.6553      2.17908
      4937.40      31.5176      2.21808
      4938.80      28.9178      2.01646
      4940.20      31.0685      2.12748
      4941.60      33.0268      2.15279
      4943.00      29.5718      2.08336
      4944.40      31.2461      2.11471
      4945.80      30.6887      2.09796
      4947.20      31.4907      2.11917
      4948.60      28.2704      2.02945
      4950.00      31.5177      2.10749
      4951.40      31.4389      2.11094
      4952.80      30.3437      2.09694
      4954.20      30.4211      2.07893
      4955.60      28.1712      2.06889
      4957.00      31.3630      2.09094
      4958.40      31.8517      2.10737
      4959.80      30.7874      2.10666
      4961.20      31.9930      2.13787
      4962.60      30.2427      2.08161
      4964.00      28.5375      2.00828
      4965.40      29.5858      2.08311
      4966.80      29.5234      2.02211
      4968.20      30.9946      2.10970
      4969.60      29.0710      2.07934
      4971.00      31.5655      2.15440
      4972.40      26.8828      2.06950
      4973.80      27.1550      2.04824
      4975.20      30.4838      2.03058
      4976.60      30.0557      2.12046
      4978.00      28.1360      2.00702
      4979.40      25.8475      1.94259
      4980.80      25.7586      1.98258
      4982.20      27.5305      2.06824
      4983.60      27.2508      2.14571
      4985.00      31.9072      2.26648
      4986.40      28.4263      2.18018
      4987.80      32.2030      2.26157
      4989.20      27.9356      2.16041
      4990.60      31.5633      2.12220
      4992.00      26.2928      1.98863
      4993.40      28.7367      2.03738
      4994.80      30.2833      2.20000
      4996.20      30.7916      2.17077
      4997.60      31.9580      2.18431
      4999.00      31.6462      2.09925
