      3900.00      93.8888      9.03641
      3901.40      107.079      9.70824
      3902.80      103.305      9.45218
      3904.20      101.323      10.1125
      3905.60      114.613      9.60035
      3907.00      109.018      9.91285
      3908.40      113.417      9.53368
      3909.80      110.912      9.61343
      3911.20      115.298      9.70241
      3912.60      122.912      9.81286
      3914.00      119.706      9.87757
      3915.40      131.972      10.1523
      3916.80      123.450      9.84881
      3918.20      117.314      9.28728
      3919.60      112.149      9.12974
      3921.00      123.758      10.0059
      3922.40      119.887      9.62899
      3923.80      114.340      9.46848
      3925.20      115.750      9.27897
      3926.60      127.724      9.66180
      3928.00      116.282      8.88666
      3929.40      118.890      9.18043
      3930.80      114.125      9.61607
      3932.20      110.273      8.95592
      3933.60      95.4647      8.24073
      3935.00      82.8973      7.46334
      3936.40      51.5556      6.33653
      3937.80      27.4345      5.79103
      3939.20      38.5523      6.37133
      3940.60      75.1411      8.17167
      3942.00      100.180      9.32153
      3943.40      113.814      9.38319
      3944.80      122.532      9.17908
      3946.20      112.159      9.48228
      3947.60      124.292      9.43629
      3949.00      113.711      8.85984
      3950.40      128.566      9.50828
      3951.80      114.016      8.72551
      3953.20      119.823      9.63152
      3954.60      115.872      10.4222
      3956.00      120.428      10.7299
      3957.40      117.976      10.6833
      3958.80      111.998      11.3057
      3960.20      116.770      10.4540
      3961.60      113.097      10.3329
      3963.00      121.143      10.9544
      3964.40      105.279      9.47521
      3965.80      114.440      9.60986
      3967.20      101.359      8.46649
      3968.60      90.9410      8.42741
      3970.00      92.5955      8.93420
      3971.40      55.1428      8.55569
      3972.80      30.8483      5.71781
      3974.20      27.4505      5.60193
      3975.60      56.1996      6.35192
      3977.00      77.8354      7.23338
      3978.40      86.8259      8.29817
      3979.80      99.9334      7.98884
      3981.20      106.884      8.02649
      3982.60      97.0116      7.78755
      3984.00      118.625      8.66626
      3985.40      115.729      8.68947
      3986.80      109.913      9.11659
      3988.20      110.199      8.75666
      3989.60      122.723      9.13222
      3991.00      114.973      8.65718
      3992.40      118.423      8.56182
      3993.80      113.281      8.40379
      3995.20      119.840      8.60580
      3996.60      118.616      8.81993
      3998.00      125.120      8.81333
      3999.40      117.373      8.44652
      4000.80      123.901      8.24618
      4002.20      106.391      8.17336
      4003.60      111.794      8.75501
      4005.00      125.955      9.24074
      4006.40      126.708      8.52032
      4007.80      122.373      8.39392
      4009.20      108.554      7.91346
      4010.60      114.950      8.29679
      4012.00      122.295      8.66240
      4013.40      120.400      8.25389
      4014.80      125.314      8.52927
      4016.20      123.090      8.70519
      4017.60      122.047      8.35615
      4019.00      127.525      8.26015
      4020.40      121.465      8.39222
      4021.80      129.235      8.40764
      4023.20      128.201      8.76824
      4024.60      131.375      8.72733
      4026.00      122.932      8.51482
      4027.40      126.121      8.39467
      4028.80      130.095      8.89512
      4030.20      121.766      8.62008
      4031.60      124.848      8.79606
      4033.00      119.574      8.04158
      4034.40      110.955      7.95088
      4035.80      118.037      8.52902
      4037.20      114.517      8.54013
      4038.60      116.398      8.52670
      4040.00      118.566      8.81013
      4041.40      121.600      8.74335
      4042.80      124.358      8.83967
      4044.20      124.431      8.90832
      4045.60      119.139      9.01941
      4047.00      129.386      9.27816
      4048.40      127.776      9.51203
      4049.80      117.643      8.77938
      4051.20      124.478      8.75014
      4052.60      123.899      8.89930
      4054.00      127.358      8.88928
      4055.40      123.171      8.49562
      4056.80      120.755      8.70390
      4058.20      114.624      8.17879
      4059.60      120.746      8.46354
      4061.00      125.161      8.70603
      4062.40      122.798      8.48415
      4063.80      123.800      8.75665
      4065.20      114.569      8.82823
      4066.60      118.197      8.87883
      4068.00      108.949      7.80277
      4069.40      120.454      8.33374
      4070.80      118.606      8.01030
      4072.20      113.427      8.12140
      4073.60      120.908      8.13965
      4075.00      128.781      8.55157
      4076.40      116.960      8.58093
      4077.80      123.821      8.32115
      4079.20      119.378      8.27273
      4080.60      116.828      7.90961
      4082.00      114.317      7.93876
      4083.40      105.744      7.93463
      4084.80      122.088      7.68307
      4086.20      121.846      8.13701
      4087.60      121.711      8.12684
      4089.00      114.039      7.75309
      4090.40      112.338      8.03187
      4091.80      125.240      7.84741
      4093.20      116.041      7.97262
      4094.60      117.349      7.91663
      4096.00      112.468      7.76040
      4097.40      114.547      7.98160
      4098.80      106.235      7.62423
      4100.20      107.260      7.61809
      4101.60      96.4124      7.51109
      4103.00      89.4005      7.15120
      4104.40      76.0044      6.79384
      4105.80      60.8835      6.02203
      4107.20      62.3903      6.10476
      4108.60      82.4636      6.58583
      4110.00      91.9798      7.05104
      4111.40      98.6024      7.17233
      4112.80      116.112      7.48722
      4114.20      99.7490      7.30368
      4115.60      106.997      7.53347
      4117.00      116.868      8.07656
      4118.40      113.366      7.97877
      4119.80      112.257      7.59053
      4121.20      124.624      7.86732
      4122.60      115.815      7.71116
      4124.00      114.679      7.50194
      4125.40      114.558      8.30188
      4126.80      126.330      7.82353
      4128.20      115.538      7.83171
      4129.60      116.365      7.56795
      4131.00      118.302      8.20513
      4132.40      120.430      8.19296
      4133.80      114.282      7.87933
      4135.20      112.604      7.66927
      4136.60      114.138      7.73166
      4138.00      116.790      7.83108
      4139.40      119.543      7.60992
      4140.80      119.768      7.53655
      4142.20      122.298      7.63350
      4143.60      119.921      7.45943
      4145.00      125.279      7.74035
      4146.40      128.215      8.11724
      4147.80      113.325      7.84033
      4149.20      110.286      7.28399
      4150.60      114.432      6.87378
      4152.00      123.472      7.62217
      4153.40      117.120      7.46150
      4154.80      120.460      7.62729
      4156.20      119.871      8.04625
      4157.60      121.917      8.02155
      4159.00      116.751      7.24406
      4160.40      117.063      7.46154
      4161.80      113.215      7.15094
      4163.20      120.843      7.45041
      4164.60      122.021      7.49947
      4166.00      123.722      7.55261
      4167.40      117.715      7.66789
      4168.80      117.649      7.89184
      4170.20      118.099      7.64515
      4171.60      122.748      7.16484
      4173.00      118.067      7.40904
      4174.40      126.283      7.87160
      4175.80      113.479      7.24273
      4177.20      112.240      6.94894
      4178.60      118.457      7.05226
      4180.00      113.467      7.05983
      4181.40      113.960      7.15703
      4182.80      108.776      7.12806
      4184.20      113.906      7.02656
      4185.60      115.813      7.14194
      4187.00      121.540      7.31078
      4188.40      125.034      7.44514
      4189.80      118.134      7.30665
      4191.20      109.901      7.41330
      4192.60      117.080      7.45403
      4194.00      116.741      7.24563
      4195.40      119.870      7.26846
      4196.80      113.223      6.93840
      4198.20      122.891      7.44613
      4199.60      120.474      7.08841
      4201.00      121.179      7.37431
      4202.40      112.485      7.31111
      4203.80      116.290      7.18764
      4205.20      119.573      7.14563
      4206.60      117.355      6.99167
      4208.00      115.431      7.10195
      4209.40      120.521      7.31057
      4210.80      120.058      7.21980
      4212.20      112.525      6.85150
      4213.60      112.684      6.88134
      4215.00      117.291      7.14819
      4216.40      123.964      7.27181
      4217.80      121.886      7.45450
      4219.20      114.347      7.06321
      4220.60      113.190      6.97491
      4222.00      112.385      6.90990
      4223.40      116.166      7.01319
      4224.80      121.723      7.19608
      4226.20      118.691      7.18874
      4227.60      122.923      7.18989
      4229.00      114.391      6.76353
      4230.40      108.177      6.61487
      4231.80      105.216      6.78042
      4233.20      123.308      7.35765
      4234.60      120.602      7.37411
      4236.00      118.207      7.01074
      4237.40      108.300      6.69691
      4238.80      118.893      6.82986
      4240.20      112.764      6.82006
      4241.60      113.398      6.54698
      4243.00      122.625      6.91951
      4244.40      113.373      6.84762
      4245.80      123.281      7.08511
      4247.20      120.356      7.09412
      4248.60      119.227      7.11648
      4250.00      119.313      6.95921
      4251.40      118.116      6.88384
      4252.80      112.042      6.99796
      4254.20      113.472      6.96345
      4255.60      112.248      6.94571
      4257.00      116.420      6.85597
      4258.40      123.609      7.21166
      4259.80      113.634      6.80580
      4261.20      116.817      7.03563
      4262.60      119.395      7.28738
      4264.00      125.426      7.12992
      4265.40      115.631      6.84113
      4266.80      119.296      7.02311
      4268.20      119.340      6.90971
      4269.60      113.763      6.72708
      4271.00      118.514      7.10000
      4272.40      118.055      7.22681
      4273.80      119.022      7.15548
      4275.20      111.382      6.93470
      4276.60      109.583      6.69626
      4278.00      114.285      6.63835
      4279.40      112.386      6.83208
      4280.80      116.235      6.79786
      4282.20      116.742      7.08440
      4283.60      125.534      6.89175
      4285.00      117.759      6.88486
      4286.40      116.402      6.84989
      4287.80      109.662      6.67461
      4289.20      114.478      6.87366
      4290.60      117.252      7.38583
      4292.00      120.979      7.23249
      4293.40      108.968      6.65069
      4294.80      106.618      6.57512
      4296.20      107.313      6.44941
      4297.60      117.452      6.70058
      4299.00      113.118      6.62400
      4300.40      116.812      6.94648
      4301.80      116.585      6.95684
      4303.20      106.690      6.48693
      4304.60      104.517      6.52146
      4306.00      100.913      6.13664
      4307.40      104.831      6.45475
      4308.80      109.942      6.34694
      4310.20      112.863      6.37765
      4311.60      107.158      6.45768
      4313.00      107.027      6.52736
      4314.40      111.631      6.65995
      4315.80      114.400      6.56000
      4317.20      108.707      6.66704
      4318.60      111.728      6.29733
      4320.00      100.048      6.08884
      4321.40      110.900      6.64347
      4322.80      116.752      6.74324
      4324.20      117.103      6.73655
      4325.60      107.468      6.67182
      4327.00      109.456      6.65417
      4328.40      110.323      6.53404
      4329.80      106.359      6.28702
      4331.20      105.843      6.08504
      4332.60      115.030      6.55088
      4334.00      109.650      6.39873
      4335.40      102.984      6.35000
      4336.80      108.959      6.76588
      4338.20      107.881      6.48534
      4339.60      105.316      6.54054
      4341.00      99.0008      6.20465
      4342.40      83.1034      5.40332
      4343.80      68.4616      5.08564
      4345.20      58.9972      4.88142
      4346.60      65.2518      5.09672
      4348.00      84.4149      5.69825
      4349.40      89.3887      5.77890
      4350.80      103.026      6.33458
      4352.20      103.003          Inf
      4353.60      102.979          Inf
      4355.00      102.956      6.58390
      4356.40      95.3762      6.12789
      4357.80      108.842      6.47744
      4359.20      108.696      6.84256
      4360.60      109.718      7.02798
      4362.00      114.540      6.72658
      4363.40      110.700      6.81095
      4364.80      116.856      6.89491
      4366.20      116.722      7.07005
      4367.60      115.244      6.83995
      4369.00      120.207      6.86615
      4370.40      119.456      6.97792
      4371.80      118.999      6.87363
      4373.20      114.124      6.74752
      4374.60      116.413      6.72508
      4376.00      117.414      6.56651
      4377.40      118.702      6.61526
      4378.80      116.748      6.68033
      4380.20      111.528      6.60769
      4381.60      109.459      6.49902
      4383.00      117.460      6.69115
      4384.40      118.176      6.69440
      4385.80      113.089      6.56659
      4387.20      116.650      6.84615
      4388.60      113.223      6.65419
      4390.00      113.098      6.60189
      4391.40      112.727      6.94400
      4392.80      119.876      6.59180
      4394.20      110.741      6.53479
      4395.60      111.020      6.56328
      4397.00      118.400      6.74877
      4398.40      109.843      6.24221
      4399.80      105.959      6.07444
      4401.20      108.425      6.22350
      4402.60      113.846      6.38808
      4404.00      110.381      6.25326
      4405.40      109.852      6.37343
      4406.80      111.305      6.44099
      4408.20      111.651      6.41792
      4409.60      110.493      6.53038
      4411.00      116.448      6.67964
      4412.40      108.046      6.29309
      4413.80      114.791      6.49224
      4415.20      111.505      6.66560
      4416.60      118.932      6.53337
      4418.00      110.368      6.25384
      4419.40      109.795      6.13756
      4420.80      103.428      6.11214
      4422.20      101.312      6.06777
      4423.60      113.504      6.22420
      4425.00      112.928      6.43453
      4426.40      118.427      6.55672
      4427.80      113.667      6.62786
      4429.20      119.157      6.54920
      4430.60      111.110      6.34835
      4432.00      112.823      6.31318
      4433.40      115.249      6.53963
      4434.80      113.723      6.36441
      4436.20      113.796      6.35577
      4437.60      115.922      6.37593
      4439.00      115.472      6.29444
      4440.40      108.894      6.39136
      4441.80      114.315      6.60614
      4443.20      117.708      6.73315
      4444.60      116.959      6.54645
      4446.00      111.451      6.07148
      4447.40      108.205      6.34018
      4448.80      105.750      6.23854
      4450.20      109.386      6.33433
      4451.60      115.822      6.55420
      4453.00      115.178      6.56453
      4454.40      115.030      6.31431
      4455.80      111.219      6.24329
      4457.20      118.687      6.36628
      4458.60      116.887      6.40261
      4460.00      106.833      6.27209
      4461.40      117.660      6.52132
      4462.80      112.706      6.40972
      4464.20      111.223      5.98808
      4465.60      111.092      6.21486
      4467.00      110.317      6.42786
      4468.40      113.295      6.55064
      4469.80      111.962      6.51630
      4471.20      110.546      6.08586
      4472.60      103.202      5.85287
      4474.00      106.228      6.27624
      4475.40      111.894      6.02318
      4476.80      111.221      5.98823
      4478.20      110.559      5.92227
      4479.60      112.484      6.13168
      4481.00      112.482      6.19055
      4482.40      112.266      6.28727
      4483.80      114.297      6.13828
      4485.20      111.963      6.11476
      4486.60      107.480      6.14080
      4488.00      109.507      6.27005
      4489.40      114.466      6.10652
      4490.80      115.459      6.24751
      4492.20      115.878      6.35064
      4493.60      109.568      6.11228
      4495.00      106.117      5.72322
      4496.40      109.867      6.11280
      4497.80      112.013      6.02886
      4499.20      116.303      6.30729
      4500.60      112.215      6.13118
      4502.00      116.668      6.14760
      4503.40      116.818      6.22913
      4504.80      112.968      6.00034
      4506.20      105.732      5.91268
      4507.60      108.453      5.80682
      4509.00      114.486      6.20909
      4510.40      118.852      6.17867
      4511.80      108.033      5.95372
      4513.20      116.239      6.47595
      4514.60      113.497      6.32557
      4516.00      113.744      6.24546
      4517.40      114.798      6.38001
      4518.80      113.602      6.36537
      4520.20      109.835      6.05066
      4521.60      109.804      6.12096
      4523.00      110.555      6.28356
      4524.40      110.940      6.23631
      4525.80      109.031      6.45429
      4527.20      108.873      6.46486
      4528.60      104.284      6.14203
      4530.00      110.167      6.29452
      4531.40      110.648      6.28670
      4532.80      110.078      6.26813
      4534.20      105.863      5.98213
      4535.60      109.168      6.01552
      4537.00      109.560      6.09194
      4538.40      105.889      6.13183
      4539.80      103.426      6.04913
      4541.20      107.926      5.90450
      4542.60      107.827      6.21651
      4544.00      116.076      6.39037
      4545.40      115.769      6.72461
      4546.80      109.505      6.43500
      4548.20      113.796      6.12991
      4549.60      110.378      5.87193
      4551.00      113.453      6.26891
      4552.40      106.033      5.81252
      4553.80      103.019      5.68155
      4555.20      101.502      5.93201
      4556.60      108.123      6.11688
      4558.00      105.847      5.91721
      4559.40      104.656      5.78795
      4560.80      103.493      5.99368
      4562.20      111.636      6.08084
      4563.60      111.523      6.15414
      4565.00      111.074      6.08173
      4566.40      115.314      6.09912
      4567.80      110.071      5.74311
      4569.20      106.491      5.94246
      4570.60      108.881      6.22325
      4572.00      110.651      6.05287
      4573.40      113.913      6.31214
      4574.80      112.733      6.04949
      4576.20      104.156      5.71762
      4577.60      102.627      5.75655
      4579.00      110.173      5.83334
      4580.40      110.788      5.91133
      4581.80      108.039      5.84020
      4583.20      110.792      5.96074
      4584.60      110.282      5.81823
      4586.00      116.236      6.01997
      4587.40      109.967      5.80893
      4588.80      104.095      5.87434
      4590.20      109.043      5.98378
      4591.60      109.284      5.87201
      4593.00      109.193      5.84206
      4594.40      108.779      5.82820
      4595.80      105.841      5.41314
      4597.20      107.438      5.72105
      4598.60      110.874      5.73183
      4600.00      113.467      5.77138
      4601.40      111.714      5.74002
      4602.80      110.452      6.05378
      4604.20      114.598      5.81706
      4605.60      111.177      5.96242
      4607.00      110.390      5.98720
      4608.40      110.392      5.92162
      4609.80      109.609      5.82141
      4611.20      113.495      5.98323
      4612.60      111.093      5.98075
      4614.00      109.969      5.74649
      4615.40      110.643      5.94694
      4616.80      110.647      5.74042
      4618.20      113.266      5.97393
      4619.60      112.698      5.78097
      4621.00      112.228      5.92842
      4622.40      114.125      5.82184
      4623.80      111.561      5.81938
      4625.20      110.002      5.72983
      4626.60      112.334      5.85044
      4628.00      115.327      5.98583
      4629.40      112.585      5.66243
      4630.80      107.299      5.58248
      4632.20      109.574      5.89023
      4633.60      108.507      5.65125
      4635.00      102.415      5.53089
      4636.40      111.535      5.89995
      4637.80      113.009      5.93540
      4639.20      110.271      5.85355
      4640.60      110.968      5.79183
      4642.00      109.003      5.92539
      4643.40      112.205      6.22086
      4644.80      111.668      5.74428
      4646.20      108.327      5.78057
      4647.60      111.006      6.00645
      4649.00      114.418      5.98510
      4650.40      113.698      5.96417
      4651.80      111.983      5.64988
      4653.20      115.828      5.80286
      4654.60      109.862      5.76311
      4656.00      113.814      5.94663
      4657.40      111.239      5.89007
      4658.80      112.359      5.84712
      4660.20      114.556      5.94074
      4661.60      107.295      5.73258
      4663.00      109.474      5.82525
      4664.40      110.081      5.72629
      4665.80      110.915      5.68797
      4667.20      106.223      5.91708
      4668.60      109.520      5.60129
      4670.00      104.111      5.75425
      4671.40      110.881      6.02391
      4672.80      107.626      5.93077
      4674.20      108.451      5.57711
      4675.60      105.972      5.53542
      4677.00      109.680      5.67762
      4678.40      109.025      5.90294
      4679.80      111.051      5.80135
      4681.20      109.987      5.60704
      4682.60      109.305      5.75498
      4684.00      109.008      5.76938
      4685.40      107.035      5.84843
      4686.80      107.222      5.69745
      4688.20      108.791      5.66711
      4689.60      113.093      5.76386
      4691.00      109.605      5.67797
      4692.40      108.243      5.88562
      4693.80      110.218      5.91615
      4695.20      112.458      5.92223
      4696.60      109.118      5.72499
      4698.00      111.800      5.70187
      4699.40      110.346      5.71092
      4700.80      110.630      5.92322
      4702.20      109.625      5.79813
      4703.60      106.422      5.85011
      4705.00      107.862      5.89315
      4706.40      110.702      5.98825
      4707.80      107.710      5.78535
      4709.20      108.271      5.81259
      4710.60      111.962      5.96022
      4712.00      110.307      5.93122
      4713.40      110.214      6.04124
      4714.80      108.946      5.71889
      4716.20      109.314      5.72506
      4717.60      112.601      5.75250
      4719.00      108.737      5.76440
      4720.40      110.442      5.88399
      4721.80      110.136      5.82178
      4723.20      108.171      5.82321
      4724.60      109.447      5.86749
      4726.00      108.515      5.79119
      4727.40      110.814      5.58243
      4728.80      112.284      5.70603
      4730.20      114.289      5.81643
      4731.60      110.307      5.73772
      4733.00      113.182      5.72585
      4734.40      109.346      5.64157
      4735.80      108.952      5.75766
      4737.20      109.416      5.66732
      4738.60      105.315      5.63833
      4740.00      110.818      5.70213
      4741.40      112.352      5.72323
      4742.80      104.144      5.45763
      4744.20      112.482      5.93593
      4745.60      112.512      5.85243
      4747.00      107.558      5.67335
      4748.40      110.826      5.60976
      4749.80      113.691      5.94344
      4751.20      111.701      5.63077
      4752.60      109.124      5.60150
      4754.00      113.205      5.66567
      4755.40      110.469      5.61031
      4756.80      105.543      5.50599
      4758.20      109.111      5.50715
      4759.60      109.560      5.65538
      4761.00      106.846      5.52156
      4762.40      109.617      5.58465
      4763.80      113.714      5.52826
      4765.20      115.296      5.51925
      4766.60      111.647      5.73253
      4768.00      109.916      5.62015
      4769.40      109.964      5.68183
      4770.80      105.212      5.56410
      4772.20      112.772      5.68100
      4773.60      109.327      5.52001
      4775.00      109.795      5.76429
      4776.40      109.770      5.82318
      4777.80      108.789      5.77515
      4779.20      107.589      5.66719
      4780.60      110.957      5.77719
      4782.00      108.434      5.53143
      4783.40      108.268      5.63640
      4784.80      105.035      5.51372
      4786.20      103.035      5.47312
      4787.60      109.079      5.27096
      4789.00      106.895      5.59705
      4790.40      111.611      5.65128
      4791.80      106.519      5.55217
      4793.20      103.443      5.31097
      4794.60      107.022      5.57694
      4796.00      109.953      5.50351
      4797.40      105.312      5.45882
      4798.80      104.472      5.45967
      4800.20      110.139      5.67816
      4801.60      105.091      5.58706
      4803.00      112.482      5.57065
      4804.40      103.938      5.43110
      4805.80      106.744      5.38945
      4807.20      108.785      5.61322
      4808.60      101.347      5.47609
      4810.00      109.308      5.61333
      4811.40      103.659      5.38719
      4812.80      109.698      5.50565
      4814.20      111.140      5.71163
      4815.60      107.385      5.54565
      4817.00      110.393      5.72668
      4818.40      107.119      5.74422
      4819.80      104.404      5.58593
      4821.20      106.398      5.50590
      4822.60      108.797      5.45629
      4824.00      105.567      5.31972
      4825.40      105.449      5.28696
      4826.80      109.588      5.55038
      4828.20      111.914      5.73850
      4829.60      107.150      5.78352
      4831.00      103.559      5.54481
      4832.40      108.283      5.38649
      4833.80      106.442      5.68052
      4835.20      107.232      5.79992
      4836.60      106.743      5.58532
      4838.00      105.844      5.44234
      4839.40      105.342      5.47520
      4840.80      107.167      5.65948
      4842.20      105.950      5.38181
      4843.60      106.249      5.43933
      4845.00      100.628      5.22247
      4846.40      103.169      5.68312
      4847.80      104.625      5.54231
      4849.20      104.474      5.60785
      4850.60      105.752      5.56806
      4852.00      105.585      5.43907
      4853.40      105.541      5.45176
      4854.80      100.049      5.41552
      4856.20      98.8261      5.51809
      4857.60      101.641      5.42806
      4859.00      96.9356      5.30609
      4860.40      94.1044      5.19508
      4861.80      90.2139      5.00233
      4863.20      87.1540      4.89887
      4864.60      81.1435      4.74451
      4866.00      61.8517      4.01499
      4867.40      55.6863      3.70405
      4868.80      71.0314      4.23626
      4870.20      85.9720      4.84603
      4871.60      93.3649      5.15799
      4873.00      92.6955      4.93446
      4874.40      96.1514      4.96127
      4875.80      94.5725      4.94564
      4877.20      92.6687      4.87248
      4878.60      93.4062      4.91337
      4880.00      97.8571      5.23378
      4881.40      100.409      5.30673
      4882.80      100.957      5.27984
      4884.20      100.713      5.23419
      4885.60      99.2309      5.28471
      4887.00      105.231      5.16490
      4888.40      101.261      5.53951
      4889.80      101.185      5.27723
      4891.20      98.9195      5.21081
      4892.60      105.263      5.27903
      4894.00      105.354      5.35368
      4895.40      104.653      5.26914
      4896.80      104.523      5.10094
      4898.20      99.5509      5.14107
      4899.60      105.412      5.31150
      4901.00      103.477      5.37885
      4902.40      104.108      5.23602
      4903.80      105.493      5.29474
      4905.20      103.287      5.19139
      4906.60      104.145      5.24306
      4908.00      104.410      5.23416
      4909.40      103.819      5.15466
      4910.80      103.538      5.39175
      4912.20      103.213      5.18884
      4913.60      102.040      5.12389
      4915.00      107.542      5.24962
      4916.40      106.079      5.26970
      4917.80      104.853      5.43312
      4919.20      105.308      5.31971
      4920.60      102.112      5.07673
      4922.00      104.727      5.40364
      4923.40      106.045      5.38737
      4924.80      100.968      5.30676
      4926.20      98.6858      4.92743
      4927.60      99.2545      5.01018
      4929.00      97.1092      4.89530
      4930.40      98.2089      5.11320
      4931.80      102.816      5.28854
      4933.20      104.721      5.20695
      4934.60      106.553      5.18498
      4936.00      106.612      5.28031
      4937.40      104.585      5.12720
      4938.80      105.899      5.50666
      4940.20      101.077      5.16519
      4941.60      100.964      4.95232
      4943.00      101.654      4.97522
      4944.40      105.019      5.29325
      4945.80      104.439      5.23994
      4947.20      100.038      5.10191
      4948.60      100.963      5.04298
      4950.00      105.548      5.08602
      4951.40      107.375      5.44810
      4952.80      107.299      5.22118
      4954.20      104.539      5.28246
      4955.60      105.671      5.14821
      4957.00      104.010      5.17966
      4958.40      106.460      5.21859
      4959.80      104.748      5.26629
      4961.20      99.8080      4.91638
      4962.60      99.9230      4.95797
      4964.00      101.419      5.06081
      4965.40      103.001      5.27779
      4966.80      102.995      5.27305
      4968.20      103.937      5.20927
      4969.60      107.117      5.25560
      4971.00      103.841      5.22171
      4972.40      102.160      5.27628
      4973.80      101.918      4.97354
      4975.20      104.864      5.14066
      4976.60      102.457      5.12680
      4978.00      106.674      5.24317
      4979.40      101.874      5.12059
      4980.80      104.420      5.18777
      4982.20      105.807      5.37655
      4983.60      102.665      5.17336
      4985.00      101.094      5.27415
      4986.40      102.535      5.14652
      4987.80      101.869      4.92173
      4989.20      97.6992      4.99508
      4990.60      101.263      5.10665
      4992.00      105.161      5.21699
      4993.40      100.363      5.24607
      4994.80      101.346      5.19361
      4996.20      103.768      5.19065
      4997.60      100.915      5.02680
      4999.00      100.599      4.93041
