      3900.00      86.6745      7.61267
      3901.40      79.3137      7.05322
      3902.80      80.5940      7.11712
      3904.20      89.5220      7.39073
      3905.60      89.3709      7.34762
      3907.00      85.3584      7.53892
      3908.40      97.3913      7.82906
      3909.80      87.9770      7.43884
      3911.20      91.2816      7.43524
      3912.60      98.9571      7.97137
      3914.00      90.9594      7.60708
      3915.40      89.7874      7.36839
      3916.80      91.9229      7.31137
      3918.20      87.1496      7.16488
      3919.60      86.7867      7.30350
      3921.00      97.6455      7.63696
      3922.40      94.5013      7.46003
      3923.80      82.3521      6.83916
      3925.20      86.5926      6.83481
      3926.60      88.5767      7.16106
      3928.00      83.1459      6.71811
      3929.40      85.7054      6.71055
      3930.80      86.7944      6.59860
      3932.20      70.5890      6.20869
      3933.60      64.5295      5.94051
      3935.00      58.1801      5.64642
      3936.40      84.0198      6.46451
      3937.80      98.5897      7.08893
      3939.20      93.0739      6.92478
      3940.60      79.2953      6.32317
      3942.00      102.684      7.23634
      3943.40      89.0206      6.89503
      3944.80      88.9453      6.75229
      3946.20      87.8491      6.78751
      3947.60      90.8855      6.92398
      3949.00      96.5454      6.91883
      3950.40      87.3039      6.71976
      3951.80      89.0894      6.90364
      3953.20      79.9636      6.81337
      3954.60      86.8824      6.83925
      3956.00      82.6261      6.69033
      3957.40      83.7760      6.62066
      3958.80      85.2826      6.53784
      3960.20      75.0373      6.71240
      3961.60      78.5231      6.72964
      3963.00      54.1970      6.00704
      3964.40      61.7960      5.85680
      3965.80      58.7075      5.79419
      3967.20      56.6126      5.41739
      3968.60      43.8899      4.99804
      3970.00      30.9869      4.62601
      3971.40      45.8322      5.14615
      3972.80      57.8136      5.73552
      3974.20      68.5102      6.14475
      3975.60      71.8126      6.22793
      3977.00      68.8697      6.02763
      3978.40      72.1157      6.12280
      3979.80      89.0345      6.52042
      3981.20      73.8858      6.25856
      3982.60      81.2629      6.44632
      3984.00      84.2623      6.47493
      3985.40      88.0087      6.59778
      3986.80      94.6579      6.89871
      3988.20      89.3497      6.95754
      3989.60      85.1284      6.68710
      3991.00      92.0783      6.76560
      3992.40      93.5519      6.61323
      3993.80      86.6164      6.79803
      3995.20      92.6771      7.02274
      3996.60      94.9623      6.73880
      3998.00      92.3234      6.60914
      3999.40      86.1267      6.59431
      4000.80      80.4120      6.71496
      4002.20      92.8585      7.25967
      4003.60      102.436      7.15649
      4005.00      79.6914      6.55662
      4006.40      90.5415      6.79934
      4007.80      97.1349      7.20046
      4009.20      90.6712      7.43250
      4010.60      94.5741      7.55075
      4012.00      77.0057      7.11289
      4013.40      92.4336      7.09271
      4014.80      86.9456      7.12586
      4016.20      84.4842      7.31935
      4017.60      83.6973      7.36404
      4019.00      89.4703      7.05348
      4020.40      88.7470      6.72242
      4021.80      83.5506      6.62121
      4023.20      86.7445      6.72045
      4024.60      88.2551      6.66986
      4026.00      85.4953      6.28041
      4027.40      88.0361      6.38084
      4028.80      83.9034      6.30213
      4030.20      87.4126      6.31381
      4031.60      98.8302      6.74839
      4033.00      87.9549      7.04487
      4034.40      90.6881      6.69339
      4035.80      86.6886      6.22583
      4037.20      84.6031      6.29784
      4038.60      96.2777      6.89615
      4040.00      74.0092      6.60162
      4041.40      92.2238      6.75818
      4042.80      98.3706      6.63585
      4044.20      83.8154      6.28996
      4045.60      81.9700      6.19380
      4047.00      80.6325      6.67951
      4048.40      80.2643      7.12865
      4049.80      86.9406      7.05852
      4051.20      78.9024      6.62715
      4052.60      89.5112      6.53640
      4054.00      88.3956      6.18581
      4055.40      80.9441      6.08975
      4056.80      87.4715      6.31134
      4058.20      87.3884      6.37982
      4059.60      81.9454      6.07537
      4061.00      83.9164      5.98179
      4062.40      82.7303      6.17698
      4063.80      90.5241      6.64000
      4065.20      85.4703      6.51960
      4066.60      95.3611      6.48968
      4068.00      95.7747      6.32750
      4069.40      81.2333      5.95375
      4070.80      79.4647      5.92137
      4072.20      79.8298      5.87593
      4073.60      85.5900      5.93129
      4075.00      88.0607      6.10303
      4076.40      87.6588      6.07972
      4077.80      79.6958      5.81809
      4079.20      68.3994      5.76256
      4080.60      91.1617      6.30672
      4082.00      78.1650      5.91360
      4083.40      78.4094      5.80648
      4084.80      82.0625      5.93151
      4086.20      72.4981      5.60896
      4087.60      74.2106      5.59051
      4089.00      74.2425      5.76654
      4090.40      73.1089      5.59151
      4091.80      70.4697      5.64099
      4093.20      64.7724      5.35198
      4094.60      63.9327      5.35060
      4096.00      66.8056      5.35613
      4097.40      53.8141      5.03465
      4098.80      62.3862      5.26810
      4100.20      49.0940      4.77643
      4101.60      45.2295      4.66054
      4103.00      43.8584      4.50464
      4104.40      47.5906      4.64284
      4105.80      52.8079      4.99134
      4107.20      66.9640      5.60802
      4108.60      69.0105      5.68783
      4110.00      63.8000      5.30655
      4111.40      67.7133      5.36217
      4112.80      75.8764      5.71929
      4114.20      70.2746      5.39484
      4115.60      72.6414      5.56796
      4117.00      78.3347      5.99133
      4118.40      77.7902      5.93255
      4119.80      75.8632      5.70156
      4121.20      76.3462      5.55878
      4122.60      74.9984      5.54499
      4124.00      82.8381      5.69226
      4125.40      79.1894      5.79549
      4126.80      79.3557      6.00767
      4128.20      89.9211      5.87986
      4129.60      67.9762      5.31069
      4131.00      89.0300      5.78849
      4132.40      73.0824      5.37155
      4133.80      77.7403      5.53625
      4135.20      81.6197      5.71474
      4136.60      83.6649      5.91028
      4138.00      80.2355      5.87067
      4139.40      84.5221      5.88684
      4140.80      78.6913      5.85560
      4142.20      92.2782      5.96575
      4143.60      73.3463      5.42105
      4145.00      78.4344      5.44729
      4146.40      79.6383      5.39564
      4147.80      84.6226      5.76687
      4149.20      85.2440      5.81421
      4150.60      84.2242      5.72271
      4152.00      79.2510      5.54963
      4153.40      80.4715      5.50172
      4154.80      76.5132      5.44934
      4156.20      83.9377      5.60731
      4157.60      83.6875      5.64361
      4159.00      83.2852      5.55887
      4160.40      74.6835      5.49483
      4161.80      86.2673      5.68517
      4163.20      80.0868      5.71094
      4164.60      83.8449      5.87923
      4166.00      89.4531      5.95289
      4167.40      88.2409      5.88606
      4168.80      77.5228      5.63783
      4170.20      78.8094      5.62305
      4171.60      82.9834      5.79308
      4173.00      66.6731      5.44204
      4174.40      82.1317      5.67561
      4175.80      77.9069      5.71905
      4177.20      83.5567      5.62774
      4178.60      78.0433      5.48488
      4180.00      79.7315      5.33177
      4181.40      81.9758      5.48520
      4182.80      76.0472      5.31732
      4184.20      79.2561      5.43102
      4185.60      82.8914      5.56002
      4187.00      83.4808      5.62166
      4188.40      83.1766      5.60706
      4189.80      84.4932      5.61965
      4191.20      88.0999      5.73603
      4192.60      94.6291      6.20842
      4194.00      86.2518      6.72246
      4195.40      83.1597      5.45231
      4196.80      77.0675      5.28577
      4198.20      84.8268      5.43947
      4199.60      77.7626      5.40354
      4201.00      88.9462      5.58482
      4202.40      79.6665      5.31925
      4203.80      80.8588      5.34663
      4205.20      82.7873      5.40842
      4206.60      84.5073      5.63618
      4208.00      85.0626      5.50062
      4209.40      77.2446      5.49861
      4210.80      83.4104      5.44462
      4212.20      75.2414      5.28749
      4213.60      83.1546      5.36687
      4215.00      76.0764      5.23856
      4216.40      83.0469      5.50146
      4217.80      81.5424      5.65321
      4219.20      87.4787      5.66393
      4220.60      76.5633      5.55021
      4222.00      79.1645      5.48630
      4223.40      78.2001      5.37696
      4224.80      91.2178      5.50537
      4226.20      74.5429      5.13091
      4227.60      77.8903      5.06620
      4229.00      71.9991      4.97689
      4230.40      78.9278      5.23090
      4231.80      77.7924      5.26229
      4233.20      80.8561      5.27852
      4234.60      79.2097      5.26439
      4236.00      76.1530      5.14353
      4237.40      81.0623      5.22626
      4238.80      90.1437      5.48560
      4240.20      93.8136      5.62934
      4241.60      90.5357      5.54026
      4243.00      85.7129      5.39452
      4244.40      74.9887      5.16142
      4245.80      80.3866      5.33970
      4247.20      71.3980      5.09730
      4248.60      78.5915      5.24747
      4250.00      78.4621      5.35034
      4251.40      82.2540      5.42507
      4252.80      76.2935      5.30454
      4254.20      73.6978      5.38189
      4255.60      73.3810      5.46502
      4257.00      67.9805      5.31384
      4258.40      82.7383      5.33614
      4259.80      82.4775      5.36514
      4261.20      82.6390      5.24105
      4262.60      76.9128      5.14899
      4264.00      75.6251      5.21811
      4265.40      86.6859      5.47854
      4266.80      80.3719      5.55462
      4268.20      85.2356      5.56707
      4269.60      79.5479      5.28442
      4271.00      86.5991      5.23535
      4272.40      72.0147      4.92839
      4273.80      75.1118      4.96854
      4275.20      80.3210      5.13547
      4276.60      83.1403      5.22241
      4278.00      78.8484      5.10391
      4279.40      76.9604      5.17735
      4280.80      79.4790      5.12973
      4282.20      80.7021      5.13334
      4283.60      74.4369      5.00081
      4285.00      81.4936      5.17437
      4286.40      77.4320      5.11759
      4287.80      80.1437      5.25633
      4289.20      82.2988      5.54300
      4290.60      74.0609      5.20884
      4292.00      78.7830      5.00158
      4293.40      82.2543      5.17563
      4294.80      71.9286      4.98260
      4296.20      74.6290      5.17899
      4297.60      82.2326      5.44634
      4299.00      78.9953      5.20061
      4300.40      70.0711      4.87083
      4301.80      78.1955      4.98609
      4303.20      74.2769      4.97789
      4304.60      75.4370      5.23912
      4306.00      81.5438      5.36114
      4307.40      76.6742      5.04941
      4308.80      67.6980      4.65814
      4310.20      79.9040      4.97557
      4311.60      91.1254      5.23699
      4313.00      73.7331      5.24292
      4314.40      69.3883      5.03112
      4315.80      66.8935      4.75167
      4317.20      72.0592      4.95000
      4318.60      77.0886      5.31063
      4320.00      79.2831      5.41812
      4321.40      67.6252      5.05219
      4322.80      74.0120      5.02205
      4324.20      78.5146      4.97904
      4325.60      68.9351      4.71152
      4327.00      69.0832      4.84817
      4328.40      71.5135      5.08261
      4329.80      75.3817      5.23815
      4331.20      72.1626      4.87406
      4332.60      69.0230      4.82782
      4334.00      70.1335      4.82198
      4335.40      63.9882      4.65062
      4336.80      59.9268      4.51158
      4338.20      55.2203      4.27136
      4339.60      41.5661      3.90233
      4341.00      31.9624      3.57287
      4342.40      37.3186      3.70272
      4343.80      49.1640      4.09561
      4345.20      58.5058      4.47018
      4346.60      63.5341      4.77807
      4348.00      67.8790      4.99148
      4349.40      69.7144      4.75385
      4350.80      68.4736      4.77817
      4352.20      69.2426      4.71781
      4353.60      68.6081      4.62692
      4355.00      60.9546      4.59444
      4356.40      79.1318      5.05005
      4357.80      71.2754      5.52416
      4359.20      67.6954      6.40573
      4360.60      78.8640      6.43811
      4362.00      74.6577      5.33050
      4363.40      70.2365      4.90965
      4364.80      82.4719      5.14652
      4366.20      84.6466      5.37512
      4367.60      78.5121      5.41963
      4369.00      72.7010      4.77406
      4370.40      77.5325      4.97436
      4371.80      73.6788      4.94696
      4373.20      74.0213      5.07002
      4374.60      71.5004      4.99532
      4376.00      73.9876      4.87518
      4377.40      74.7011      4.82017
      4378.80      73.3701      4.80211
      4380.20      71.9930      4.87096
      4381.60      79.8743      5.35328
      4383.00      76.8367      5.11814
      4384.40      74.3722      4.83739
      4385.80      70.0475      4.62886
      4387.20      77.3740      4.86919
      4388.60      73.2047      4.73404
      4390.00      76.0259      4.80210
      4391.40      73.6493      4.75884
      4392.80      72.8618      4.61712
      4394.20      69.6429      4.79270
      4395.60      68.3267      4.59080
      4397.00      70.9967      4.66157
      4398.40      70.4974      4.78849
      4399.80      98.1697      5.29272
      4401.20      74.0351      4.86321
      4402.60      73.7064      4.94244
      4404.00      78.3304      5.08253
      4405.40      69.9706      4.86270
      4406.80      71.5884      4.80816
      4408.20      80.5560      5.05686
      4409.60      77.8926      4.86867
      4411.00      71.1002      4.68100
      4412.40      73.1594      4.80838
      4413.80      68.9878      4.59103
      4415.20      77.6041      4.84840
      4416.60      73.5383      4.70437
      4418.00      70.6752      4.65222
      4419.40      78.4958      4.91460
      4420.80      80.6267      5.04835
      4422.20      76.4618      4.86693
      4423.60      73.2977      4.70911
      4425.00      71.7281      4.66195
      4426.40      70.3327      4.67526
      4427.80      73.9670      4.75221
      4429.20      83.9765      4.98872
      4430.60      79.0149      4.87067
      4432.00      75.3830      4.75071
      4433.40      70.4388      4.60565
      4434.80      78.9737      4.84089
      4436.20      81.0063      4.81468
      4437.60      72.6293      4.66522
      4439.00      73.1995      4.61338
      4440.40      74.5393      4.78725
      4441.80      81.1676      4.83872
      4443.20      78.0569      4.86155
      4444.60      65.8815      4.72531
      4446.00      71.6196      5.08077
      4447.40      71.3496      5.01449
      4448.80      74.3201      4.77270
      4450.20      71.1015      4.58064
      4451.60      78.6716      4.73004
      4453.00      71.9069      4.68375
      4454.40      87.4684      4.99824
      4455.80      70.5281      4.53072
      4457.20      71.8767      4.67461
      4458.60      79.3255      4.99609
      4460.00      66.3450      4.66029
      4461.40      77.9221      4.77014
      4462.80      77.1895      4.68290
      4464.20      74.0518      4.59834
      4465.60      73.5171      4.62489
      4467.00      75.0103      4.64367
      4468.40      66.8559      4.57108
      4469.80      74.6012      4.60346
      4471.20      73.2162      4.58267
      4472.60      75.6819      4.63820
      4474.00      73.7651      4.68597
      4475.40      69.9656      4.83914
      4476.80      74.9559      4.83814
      4478.20      76.5969      4.73159
      4479.60      74.2332      4.67194
      4481.00      69.8510      4.70682
      4482.40      73.2316      4.86752
      4483.80      72.4939      4.88775
      4485.20      73.8069      4.91962
      4486.60      77.0121      5.05117
      4488.00      67.5607      4.67630
      4489.40      77.4306      4.63346
      4490.80      75.0886      4.62915
      4492.20      77.6977      4.68818
      4493.60      74.0269      4.63559
      4495.00      71.3369      4.55758
      4496.40      67.3245      4.68025
      4497.80      74.0425      4.77256
      4499.20      74.4853      4.78600
      4500.60      70.4950      4.71061
      4502.00      78.2275      4.60313
      4503.40      63.7189      4.36189
      4504.80      67.9932      4.43033
      4506.20      67.7614      4.45718
      4507.60      68.2831      4.56725
      4509.00      67.2161      4.42079
      4510.40      72.3544      4.54123
      4511.80      70.9605      4.46986
      4513.20      73.9947      4.67021
      4514.60      74.5229      4.55755
      4516.00      70.1601      4.49558
      4517.40      72.3661      4.51255
      4518.80      68.0286      4.44243
      4520.20      70.7368      4.47632
      4521.60      74.3384      4.61756
      4523.00      79.5818      4.70696
      4524.40      75.3763      4.58221
      4525.80      71.5685      4.45793
      4527.20      69.2375      4.46755
      4528.60      76.1984      4.76294
      4530.00      66.0059      4.63349
      4531.40      73.8748      4.64967
      4532.80      68.5531      4.43549
      4534.20      71.5148      4.42707
      4535.60      65.4346      4.25398
      4537.00      70.1088      4.38762
      4538.40      73.4752      4.56713
      4539.80      77.0105      4.62180
      4541.20      69.9056      4.43300
      4542.60      72.9725      4.47063
      4544.00      70.8331      4.64982
      4545.40      71.1288      4.82485
      4546.80      72.7199      4.87224
      4548.20      75.1874      4.69859
      4549.60      68.8703      4.28020
      4551.00      62.0824      4.21833
      4552.40      68.4809      4.30482
      4553.80      72.9491      4.43252
      4555.20      69.1901      4.40440
      4556.60      70.1493      4.26021
      4558.00      71.1357      4.69088
      4559.40      68.9011      4.73135
      4560.80      69.0735      4.59384
      4562.20      67.8626      4.57059
      4563.60      69.1677      4.35264
      4565.00      71.7151      4.42561
      4566.40      67.6528      4.31095
      4567.80      75.4934      4.43793
      4569.20      71.9839      4.55583
      4570.60      72.8624      4.57011
      4572.00      71.8545      4.43574
      4573.40      72.3111      4.43502
      4574.80      70.6783      4.40292
      4576.20      67.9785      4.55099
      4577.60      62.1169      4.53396
      4579.00      65.5671      4.59280
      4580.40      72.2461      4.45734
      4581.80      71.1051      4.40383
      4583.20      68.9102      4.37132
      4584.60      76.5303      4.60286
      4586.00      74.2064      4.68952
      4587.40      70.8311      4.37492
      4588.80      74.0413      4.45022
      4590.20      75.3356      4.50907
      4591.60      71.4672      4.39294
      4593.00      70.0658      4.31273
      4594.40      70.0585      4.31791
      4595.80      70.7301      4.38426
      4597.20      73.5473      4.39082
      4598.60      65.3898      4.26803
      4600.00      82.3871      4.54644
      4601.40      69.7308      4.30368
      4602.80      73.3344      4.39125
      4604.20      69.7531      4.36007
      4605.60      74.3383      4.39605
      4607.00      67.5869      4.26098
      4608.40      65.5481      4.24060
      4609.80      73.3658      4.43015
      4611.20      73.4682      4.54347
      4612.60      71.3702      4.72887
      4614.00      69.4418      4.67842
      4615.40      80.8606      4.64986
      4616.80      74.5123      4.44125
      4618.20      69.2625      4.31982
      4619.60      74.9324      4.53995
      4621.00      70.3627      4.64390
      4622.40      71.5494      4.62520
      4623.80      67.3462      4.32782
      4625.20      74.7554      4.42397
      4626.60      74.6920      4.51013
      4628.00      74.9732      4.69369
      4629.40      74.0934      4.42621
      4630.80      63.7485      4.13895
      4632.20      75.3995      4.41547
      4633.60      72.8834      4.40167
      4635.00      73.2440      4.41133
      4636.40      73.2496      4.36955
      4637.80      72.0441      5.56456
      4639.20      75.0276      5.72018
      4640.60      69.3160      5.67156
      4642.00      71.1361      5.75920
      4643.40      73.6781      5.68749
      4644.80      74.5420      5.63268
      4646.20      77.0648      4.97909
      4647.60      70.1201      4.35696
      4649.00      66.1290      4.24807
      4650.40      63.2385      4.05896
      4651.80      76.9731      4.37855
      4653.20      64.8581      4.20308
      4654.60      72.9505      4.38758
      4656.00      71.0833      4.37229
      4657.40      69.0701      4.38286
      4658.80      65.9277      4.35978
      4660.20      68.8741      4.23748
      4661.60      66.9804      4.20980
      4663.00      68.9720      4.34012
      4664.40      69.1415      4.78480
      4665.80      72.4193      4.75225
      4667.20      68.2269      4.20798
      4668.60      69.4438      4.20423
      4670.00      69.1852      4.24217
      4671.40      70.4512      4.27885
      4672.80      70.1250      4.43754
      4674.20      74.9524      4.45974
      4675.60      69.5913      4.28868
      4677.00      64.4870      4.28449
      4678.40      76.5845      4.53500
      4679.80      64.5998      4.21816
      4681.20      70.5671      4.24376
      4682.60      70.2176      4.18556
      4684.00      68.1590      4.24150
      4685.40      73.1644      4.30601
      4686.80      68.6048      4.23441
      4688.20      65.7390      4.11766
      4689.60      65.7243      4.16330
      4691.00      69.2630      4.26362
      4692.40      65.3603      4.11882
      4693.80      69.8175      4.19258
      4695.20      65.9260      4.16080
      4696.60      70.7750      4.27496
      4698.00      71.1198      4.24422
      4699.40      62.2628      4.02677
      4700.80      67.1193      4.12414
      4702.20      74.5525      4.29298
      4703.60      64.2860      4.04306
      4705.00      69.6078      4.17515
      4706.40      68.6499      4.14882
      4707.80      64.8958      4.05416
      4709.20      64.2658      4.04919
      4710.60      68.2834      4.14673
      4712.00      67.9594      4.18996
      4713.40      70.8764      4.20960
      4714.80      69.1930      4.19032
      4716.20      65.1482      4.02782
      4717.60      68.4943      4.16200
      4719.00      65.1957      4.10303
      4720.40      71.2003      4.20414
      4721.80      72.4820      4.28394
      4723.20      68.1943      4.15022
      4724.60      67.7872      4.12577
      4726.00      70.4255      4.22360
      4727.40      65.2142      4.24250
      4728.80      68.7025      4.06484
      4730.20      71.9798      4.27732
      4731.60      71.9422      4.25655
      4733.00      65.9013      4.31825
      4734.40      64.9395      4.23895
      4735.80      69.5974      4.11173
      4737.20      72.8963      4.25385
      4738.60      69.7846      4.16534
      4740.00      67.0629      4.09866
      4741.40      70.7495      4.16878
      4742.80      68.2270      4.24865
      4744.20      74.8416      4.46393
      4745.60      70.5914      4.35885
      4747.00      65.7418      4.25876
      4748.40      65.4934      4.00961
      4749.80      64.7328      4.03245
      4751.20      68.6098      4.09735
      4752.60      65.0529      4.05955
      4754.00      63.9716      3.94879
      4755.40      66.3586      4.06929
      4756.80      65.4529      4.02041
      4758.20      67.5928      4.03525
      4759.60      65.9222      4.00562
      4761.00      66.9970      4.06041
      4762.40      69.7368      4.11681
      4763.80      74.7229      4.21794
      4765.20      70.1157      4.06578
      4766.60      66.1174      4.01145
      4768.00      66.1364      4.02497
      4769.40      68.8652      4.06061
      4770.80      68.1532      4.06691
      4772.20      63.8462      3.97425
      4773.60      61.2001      4.03980
      4775.00      71.5438      4.13740
      4776.40      60.0403      3.93556
      4777.80      74.2353      4.22799
      4779.20      71.4105      4.15285
      4780.60      68.4479      4.08002
      4782.00      65.0167      4.01162
      4783.40      70.9699      4.10852
      4784.80      63.5399      3.99518
      4786.20      68.9711      4.03217
      4787.60      61.7985      3.92300
      4789.00      62.8850      3.88426
      4790.40      66.0679      3.99461
      4791.80      67.0025      3.98279
      4793.20      66.6361      4.04690
      4794.60      67.8286      4.00389
      4796.00      61.3374      3.92750
      4797.40      69.1183      4.09089
      4798.80      66.3918      4.03093
      4800.20      66.8878      4.29518
      4801.60      66.7205      4.56270
      4803.00      66.2367      4.56328
      4804.40      70.4968      4.42977
      4805.80      68.7824      4.36521
      4807.20      64.9253      4.13567
      4808.60      62.3432      4.03866
      4810.00      67.7363      4.10869
      4811.40      70.1183      4.12222
      4812.80      62.3547      3.88194
      4814.20      65.7248      3.99543
      4815.60      60.0447      4.05769
      4817.00      66.9980      4.06825
      4818.40      63.3262      3.90618
      4819.80      62.8883      3.96772
      4821.20      65.0858      4.23127
      4822.60      62.6401      4.33690
      4824.00      60.8358      4.01044
      4825.40      61.2307      3.83902
      4826.80      65.7400      3.95672
      4828.20      62.5564      3.93425
      4829.60      70.5359      4.19910
      4831.00      61.5704      4.19082
      4832.40      64.5287      4.13780
      4833.80      62.4678      3.97917
      4835.20      66.1739      4.04840
      4836.60      63.6745      4.15537
      4838.00      64.2879      4.10462
      4839.40      62.8786      4.19543
      4840.80      64.6043      3.91553
      4842.20      65.3436      3.91033
      4843.60      61.5236      3.82988
      4845.00      62.6616      4.09578
      4846.40      64.5298      4.05833
      4847.80      62.1337      3.93070
      4849.20      60.0960      3.80042
      4850.60      58.0912      3.87720
      4852.00      56.2667      3.62433
      4853.40      55.3987      3.66101
      4854.80      53.1482      3.54097
      4856.20      52.2708      3.55423
      4857.60      53.9466      3.46979
      4859.00      47.1820      3.35441
      4860.40      37.2742      3.04919
      4861.80      32.7045      2.85023
      4863.20      28.0844      2.80599
      4864.60      48.2000      3.43460
      4866.00      44.1190      3.45490
      4867.40      52.8573      3.46209
      4868.80      56.2148      3.60614
      4870.20      56.1099      3.61697
      4871.60      54.7136      3.54981
      4873.00      58.0387      3.61512
      4874.40      58.3383      3.67608
      4875.80      59.0407      3.71123
      4877.20      54.4630      3.56870
      4878.60      59.6230      3.78550
      4880.00      63.3809      3.82740
      4881.40      61.4144      3.82274
      4882.80      64.9506      3.87977
      4884.20      65.9160      3.87279
      4885.60      63.2398      3.87222
      4887.00      57.3003      3.68792
      4888.40      68.6044      3.96978
      4889.80      58.7531      3.82074
      4891.20      62.9080      3.84056
      4892.60      62.6279      3.76048
      4894.00      58.9919      3.73420
      4895.40      63.6627      3.85567
      4896.80      61.2229      3.91925
      4898.20      66.2395      4.03232
      4899.60      68.0164      4.04701
      4901.00      62.8265      3.87544
      4902.40      58.1640      3.83407
      4903.80      63.9609      3.96322
      4905.20      64.2151      3.89873
      4906.60      64.3731      3.86661
      4908.00      62.7567      3.91620
      4909.40      64.7398      3.90989
      4910.80      68.9146      4.00552
      4912.20      66.6095      3.94804
      4913.60      66.4816      4.00018
      4915.00      62.8650      4.00091
      4916.40      63.1005      4.12220
      4917.80      65.2344      4.27006
      4919.20      64.5003      4.09058
      4920.60      59.4042      3.82222
      4922.00      61.9691      3.78582
      4923.40      59.5430      3.83906
      4924.80      61.2614      3.97151
      4926.20      62.3089      4.02508
      4927.60      61.5912      4.07638
      4929.00      65.9237      3.99353
      4930.40      63.5711      3.91131
      4931.80      61.0029      3.86323
      4933.20      66.9690      3.95859
      4934.60      64.5758      3.99199
      4936.00      60.7205      3.94733
      4937.40      65.1143      4.07534
      4938.80      67.4862      3.93524
      4940.20      73.4601      4.38003
      4941.60      71.4582      5.10729
      4943.00      66.6590      4.15874
      4944.40      66.9759      4.03428
      4945.80      64.3094      3.87854
      4947.20      56.3344      3.66700
      4948.60      60.1198      3.72179
      4950.00      60.3525      3.79171
      4951.40      61.8186      3.74194
      4952.80      56.4754      3.67576
      4954.20      63.8930      3.87516
      4955.60      63.0284      3.83280
      4957.00      64.0475      3.99758
      4958.40      61.5287      3.76354
      4959.80      57.0520      3.59333
      4961.20      61.1026      3.77846
      4962.60      60.6418      3.66938
      4964.00      58.7232      3.69777
      4965.40      62.7640      3.83413
      4966.80      68.6302      4.10647
      4968.20      63.8170      4.08790
      4969.60      59.6764      3.94020
      4971.00      65.0540      3.83987
      4972.40      54.3192      3.65272
      4973.80      65.3224      3.85025
      4975.20      61.6415      3.84870
      4976.60      65.1555      3.79635
      4978.00      62.3230      3.88329
      4979.40      55.2962      3.59741
      4980.80      60.1232      3.78178
      4982.20      64.1180      4.00744
      4983.60      60.8299      4.14962
      4985.00      61.9100      3.97971
      4986.40      61.3561      3.90792
      4987.80      61.8465      3.83417
      4989.20      56.7219      3.79632
      4990.60      57.7372      3.84759
      4992.00      63.0555      3.86401
      4993.40      61.1712      3.71576
      4994.80      60.0261      3.79953
      4996.20      58.6080      3.87591
      4997.60      61.4308      3.80205
      4999.00      59.9445      3.58377
