      3900.00      142.250      10.6743
      3901.40      158.940      11.0961
      3902.80      120.830      10.0863
      3904.20      143.992      10.2060
      3905.60      109.882      9.49151
      3907.00      149.362      10.5367
      3908.40      145.727      10.3789
      3909.80      158.265      11.0275
      3911.20      130.722      10.7511
      3912.60      143.765      10.9834
      3914.00      146.070      10.9043
      3915.40      170.198      10.9220
      3916.80      154.579      10.6795
      3918.20      151.797      10.5240
      3919.60      135.608      10.1370
      3921.00      157.648      10.7377
      3922.40      142.438      9.84605
      3923.80      170.437      10.7039
      3925.20      154.933      10.4816
      3926.60      152.824      10.3878
      3928.00      162.005      10.5037
      3929.40      152.128      9.87196
      3930.80      127.249      9.02746
      3932.20      87.0215      7.77076
      3933.60      114.588      8.62144
      3935.00      128.469      9.33826
      3936.40      153.159      9.91033
      3937.80      161.696      10.1445
      3939.20      170.648      10.4562
      3940.60      153.594      10.1577
      3942.00      164.109      10.2207
      3943.40      143.952      9.78421
      3944.80      151.540      9.77549
      3946.20      146.173      9.44089
      3947.60      150.431      9.31585
      3949.00      160.877      9.62671
      3950.40      133.988      8.95317
      3951.80      130.940      8.68950
      3953.20      138.458      8.97136
      3954.60      126.196      8.39116
      3956.00      131.349      8.76604
      3957.40      123.049      8.65632
      3958.80      130.623      8.56011
      3960.20      108.831      7.99735
      3961.60      119.729      8.08145
      3963.00      102.017      7.70519
      3964.40      95.4530      7.61532
      3965.80      81.4763      7.25708
      3967.20      55.3260      6.22448
      3968.60      40.6169      5.37111
      3970.00      63.3259      6.10356
      3971.40      80.2966      6.70499
      3972.80      92.5693      7.28167
      3974.20      95.4592      7.55964
      3975.60      122.311      8.29684
      3977.00      116.695      8.30820
      3978.40      133.543      8.93414
      3979.80      132.264      9.56172
      3981.20      138.394      9.10240
      3982.60      124.214      9.04924
      3984.00      147.676      9.78167
      3985.40      137.178      9.78403
      3986.80      138.460      10.1719
      3988.20      151.580      10.3978
      3989.60      141.455      10.0868
      3991.00      140.670      10.0418
      3992.40      137.392      9.52444
      3993.80      144.409      9.26858
      3995.20      153.420      9.55077
      3996.60      146.452      9.15372
      3998.00      155.895      9.75981
      3999.40      150.739      9.03990
      4000.80      152.300      9.01720
      4002.20      151.920      8.99100
      4003.60      144.835      8.86858
      4005.00      159.480      8.85150
      4006.40      149.140      8.80294
      4007.80      155.599      8.95687
      4009.20      159.371      9.08681
      4010.60      144.879      8.55843
      4012.00      136.145      8.34744
      4013.40      157.108      8.87108
      4014.80      141.156      8.48263
      4016.20      157.703      8.75273
      4017.60      140.761      8.68465
      4019.00      145.669      8.88542
      4020.40      147.460      8.85283
      4021.80      156.231      8.73366
      4023.20      149.027      8.37404
      4024.60      160.143      8.91192
      4026.00      145.838      8.49511
      4027.40      148.887      8.39282
      4028.80      152.003      8.47822
      4030.20      159.320      8.62513
      4031.60      153.159      8.48849
      4033.00      143.624      8.32160
      4034.40      155.242      9.76232
      4035.80      155.719      8.70780
      4037.20      143.688      8.43895
      4038.60      152.832      8.52705
      4040.00      145.094      8.44743
      4041.40      156.739      9.02381
      4042.80      163.319      8.92776
      4044.20      157.795      8.96388
      4045.60      151.961      8.70583
      4047.00      146.206      8.53692
      4048.40      158.286          Inf
      4049.80      170.365          Inf
      4051.20      182.444      9.46910
      4052.60      143.913      8.14279
      4054.00      145.067      8.23907
      4055.40      160.423      8.56298
      4056.80      140.868      8.17677
      4058.20      145.166      8.16287
      4059.60      145.521      8.44895
      4061.00      141.718      8.61774
      4062.40      131.041      8.10403
      4063.80      152.210      8.23951
      4065.20      125.847      7.91379
      4066.60      151.962      8.78096
      4068.00      139.283      8.63376
      4069.40      139.864      8.46623
      4070.80      127.835      8.35235
      4072.20      134.408      8.33822
      4073.60      145.999      8.61751
      4075.00      137.727      8.42233
      4076.40      137.125      8.51735
      4077.80      138.783      8.73108
      4079.20      138.220      8.46164
      4080.60      137.766      8.27896
      4082.00      135.183      8.22130
      4083.40      132.246      8.04887
      4084.80      128.022      7.83445
      4086.20      127.757      7.85287
      4087.60      126.101      7.65621
      4089.00      115.948      7.48496
      4090.40      114.095      7.45832
      4091.80      114.749      7.41175
      4093.20      113.422      7.42116
      4094.60      94.4906      6.72933
      4096.00      108.346      6.65238
      4097.40      79.7014      6.03234
      4098.80      75.2366      5.70588
      4100.20      51.8403      5.16354
      4101.60      60.8313      5.51881
      4103.00      85.1686      5.83310
      4104.40      87.7780      6.07474
      4105.80      112.250      6.89855
      4107.20      95.8046      6.77103
      4108.60      133.773      7.44551
      4110.00      113.004      6.94230
      4111.40      131.371      7.34137
      4112.80      132.451      7.32480
      4114.20      127.218      7.31487
      4115.60      135.011      7.36342
      4117.00      128.082      7.22882
      4118.40      130.826      7.30043
      4119.80      128.753      7.31493
      4121.20      134.662      7.43142
      4122.60      135.504      7.56261
      4124.00      139.558      7.60098
      4125.40      144.124      7.68406
      4126.80      145.940      7.72346
      4128.20      134.566      7.52225
      4129.60      139.202      7.66026
      4131.00      140.777      7.75176
      4132.40      144.904      7.79464
      4133.80      142.927      7.49385
      4135.20      136.939      7.79472
      4136.60      152.065      8.32914
      4138.00      127.485      7.89755
      4139.40      131.832      7.74394
      4140.80      156.884      8.05226
      4142.20      144.014      7.64646
      4143.60      138.796      7.47550
      4145.00      136.565      7.48056
      4146.40      151.378      7.95497
      4147.80      139.725      7.81390
      4149.20      144.024      8.04383
      4150.60      144.347      8.09768
      4152.00      155.247      8.05989
      4153.40      133.256      7.39910
      4154.80      137.789      7.45099
      4156.20      141.001      7.51514
      4157.60      144.994      7.75266
      4159.00      141.986      7.68977
      4160.40      150.093      7.87454
      4161.80      152.762      7.77063
      4163.20      137.059      7.35923
      4164.60      146.360      7.51897
      4166.00      133.222      7.15218
      4167.40      136.963      7.31491
      4168.80      142.017      7.42385
      4170.20      136.604      7.40370
      4171.60      148.367      7.56822
      4173.00      138.123      7.42828
      4174.40      139.586      7.42835
      4175.80      143.089      7.57008
      4177.20      150.194      7.73276
      4178.60      129.612      7.37031
      4180.00      142.307      7.51451
      4181.40      137.634      7.19352
      4182.80      146.449      7.37022
      4184.20      132.248      6.94100
      4185.60      144.835      7.23098
      4187.00      132.648      6.93722
      4188.40      137.079      7.05325
      4189.80      149.556      7.37873
      4191.20      145.513      7.33270
      4192.60      145.215      7.39540
      4194.00      138.521      7.17873
      4195.40      138.499      7.14796
      4196.80      139.271      7.05682
      4198.20      130.984      6.85098
      4199.60      135.996      6.92003
      4201.00      146.241      7.17591
      4202.40      144.269      7.20808
      4203.80      141.106      7.05138
      4205.20      135.372      6.87101
      4206.60      141.484      7.07103
      4208.00      146.091      7.22742
      4209.40      145.144      7.22460
      4210.80      132.664      6.99070
      4212.20      136.577      6.93931
      4213.60      138.296      7.00097
      4215.00      135.551      6.93311
      4216.40      153.149      7.33591
      4217.80      133.245      6.95522
      4219.20      139.772      7.01035
      4220.60      143.775      7.17753
      4222.00      145.891      7.18052
      4223.40      136.534      7.08477
      4224.80      139.400      7.21989
      4226.20      141.570      8.31994
      4227.60      138.284      7.20477
      4229.00      147.169      7.29982
      4230.40      139.750      7.08160
      4231.80      131.253      6.79965
      4233.20      137.360      6.84866
      4234.60      133.445      6.89260
      4236.00      147.228      7.18317
      4237.40      138.123      6.95496
      4238.80      126.834      6.67661
      4240.20      143.686      7.17947
      4241.60      142.760      7.21710
      4243.00      133.371      6.94731
      4244.40      143.857      7.19041
      4245.80      144.478      7.28838
      4247.20      145.732      7.35791
      4248.60      136.403      7.13769
      4250.00      135.066      6.87456
      4251.40      132.006      6.63728
      4252.80      139.797      7.10950
      4254.20      143.022      6.96237
      4255.60      141.077      6.98811
      4257.00      137.861      6.88966
      4258.40      134.065      6.68699
      4259.80      137.639      6.84474
      4261.20      129.159      6.70958
      4262.60      151.474      7.16395
      4264.00      144.397      7.02037
      4265.40      141.985      6.86096
      4266.80      134.891      6.77109
      4268.20      137.542      6.76765
      4269.60      133.718      6.61976
      4271.00      134.120      6.69142
      4272.40      146.951      7.00874
      4273.80      134.164      6.78491
      4275.20      139.896      6.90665
      4276.60      138.729      6.93354
      4278.00      137.882      7.03444
      4279.40      133.442      7.03173
      4280.80      138.739      6.94418
      4282.20      134.827      6.71427
      4283.60      135.832      6.63263
      4285.00      139.902      7.02323
      4286.40      134.403      6.80687
      4287.80      129.936      6.66629
      4289.20      136.839      6.59374
      4290.60      139.398      6.84198
      4292.00      130.713      6.60669
      4293.40      134.370      6.68084
      4294.80      135.242      6.71533
      4296.20      133.555      6.71545
      4297.60      143.873      6.93351
      4299.00      126.284      6.35025
      4300.40      128.136      6.43497
      4301.80      137.585      6.77547
      4303.20      132.543      6.47401
      4304.60      139.051      6.86927
      4306.00      126.765      6.53770
      4307.40      131.946      6.48029
      4308.80      131.077      6.56226
      4310.20      134.094      6.58772
      4311.60      122.948      6.39809
      4313.00      124.179      6.39156
      4314.40      133.144      6.52790
      4315.80      126.503      6.47103
      4317.20      132.982      6.45480
      4318.60      124.647      6.39040
      4320.00      120.855      6.42427
      4321.40      123.445      6.27258
      4322.80      114.314      5.99001
      4324.20      111.822      5.83259
      4325.60      111.319      5.88191
      4327.00      118.403      6.09596
      4328.40      113.732      5.87700
      4329.80      108.206      5.65838
      4331.20      101.968      5.47032
      4332.60      98.6925      5.35696
      4334.00      88.6548      5.15928
      4335.40      89.6717      5.06996
      4336.80      69.5127      4.41752
      4338.20      45.2238      3.80633
      4339.60      48.7116      3.91095
      4341.00      63.1634      4.44970
      4342.40      86.8182      5.16052
      4343.80      100.509      5.46285
      4345.20      105.427      5.79581
      4346.60      109.875      5.96721
      4348.00      117.013      6.16282
      4349.40      114.863      5.94360
      4350.80      111.322      5.82059
      4352.20      121.117      6.24676
      4353.60      123.944      6.43970
      4355.00      124.166      6.22369
      4356.40      118.073      6.11153
      4357.80      132.567      6.75179
      4359.20      126.442      6.81066
      4360.60      126.214      6.74390
      4362.00      126.604      6.53321
      4363.40      126.516      6.39023
      4364.80      118.968      6.12481
      4366.20      129.702      6.35005
      4367.60      128.210      6.30323
      4369.00      117.418      5.97338
      4370.40      125.191      6.20975
      4371.80      132.843      6.44496
      4373.20      134.439      6.45398
      4374.60      124.321      6.23268
      4376.00      128.813      6.24286
      4377.40      128.760      6.21841
      4378.80      134.348      6.41792
      4380.20      130.106      6.28572
      4381.60      127.586      6.22700
      4383.00      128.672      6.09811
      4384.40      126.786      6.17976
      4385.80      131.942      6.23689
      4387.20      126.654      6.14412
      4388.60      130.582      6.14956
      4390.00      135.434      6.43814
      4391.40      136.143      6.40161
      4392.80      125.402      6.18214
      4394.20      127.271      6.24664
      4395.60      130.542      6.47601
      4397.00      138.475      6.56356
      4398.40      130.269      6.21921
      4399.80      122.560      6.10135
      4401.20      146.650      6.66783
      4402.60      127.479      6.42195
      4404.00      133.003      6.41605
      4405.40      129.829      6.31048
      4406.80      132.956      6.28631
      4408.20      132.478      6.54166
      4409.60      134.555      6.36921
      4411.00      126.034      6.22132
      4412.40      130.038      6.20933
      4413.80      126.735      6.36176
      4415.20      132.974      6.34780
      4416.60      135.997      6.46636
      4418.00      124.588      6.05148
      4419.40      132.281      6.32984
      4420.80      135.495      6.50478
      4422.20      125.374      6.21115
      4423.60      127.118      6.24443
      4425.00      121.164      6.02908
      4426.40      130.994      6.19038
      4427.80      121.969      5.99273
      4429.20      134.718      6.26650
      4430.60      136.714      6.24506
      4432.00      114.973      5.77198
      4433.40      126.820      6.03221
      4434.80      130.731      6.13697
      4436.20      127.254      6.06161
      4437.60      126.835      6.04515
      4439.00      130.922      6.34854
      4440.40      124.486      6.18749
      4441.80      124.232      6.00014
      4443.20      126.463      6.02672
      4444.60      123.164      5.95477
      4446.00      128.327      6.12376
      4447.40      129.515      6.20598
      4448.80      131.189      6.10464
      4450.20      128.680      6.05814
      4451.60      127.531      5.99501
      4453.00      129.478      6.05490
      4454.40      125.816      6.08762
      4455.80      131.722      6.20758
      4457.20      125.521      6.05965
      4458.60      121.594      5.86566
      4460.00      127.901      5.98101
      4461.40      129.209      5.98775
      4462.80      121.710      5.78959
      4464.20      127.009      6.01444
      4465.60      124.277      6.02285
      4467.00      122.741      5.87568
      4468.40      115.192      5.59791
      4469.80      127.915      5.95317
      4471.20      128.557      5.99857
      4472.60      120.895      5.80530
      4474.00      126.428      5.97658
      4475.40      128.082      5.93459
      4476.80      124.858      5.82520
      4478.20      124.910      6.03051
      4479.60      124.892      5.91630
      4481.00      125.537      6.08803
      4482.40      126.664      5.99700
      4483.80      132.549      6.11631
      4485.20      122.845      5.84916
      4486.60      121.803      5.77109
      4488.00      126.917      5.86335
      4489.40      119.185      5.78620
      4490.80      131.173      6.01177
      4492.20      140.514      6.28226
      4493.60      123.764      5.87337
      4495.00      138.526      6.25766
      4496.40      116.657      5.87888
      4497.80      126.438      5.92309
      4499.20      126.085      5.85232
      4500.60      118.292      5.80000
      4502.00      130.522      6.14335
      4503.40      118.609      6.07953
      4504.80      129.543      6.30582
      4506.20      122.735      5.88619
      4507.60      117.733      5.68755
      4509.00      122.496      5.70480
      4510.40      127.943      5.92780
      4511.80      122.643      5.78585
      4513.20      120.830      5.78732
      4514.60      123.402      5.93395
      4516.00      129.836      5.97480
      4517.40      125.145      5.80919
      4518.80      121.349      5.69049
      4520.20      127.400      5.79706
      4521.60      124.165      5.77233
      4523.00      124.934      5.78217
      4524.40      127.452      5.91853
      4525.80      121.635      5.75935
      4527.20      126.991      5.78859
      4528.60      123.529      5.71964
      4530.00      121.535      5.65597
      4531.40      123.371      5.74413
      4532.80      123.808      5.76327
      4534.20      123.296      5.76387
      4535.60      118.863      5.56933
      4537.00      120.473      5.71916
      4538.40      123.490      5.75662
      4539.80      119.715      5.66133
      4541.20      120.953      5.64430
      4542.60      119.215      5.54408
      4544.00      132.295      6.04292
      4545.40      129.738      5.92521
      4546.80      122.768      5.66921
      4548.20      110.326      5.44312
      4549.60      123.703      5.72770
      4551.00      119.553      5.66938
      4552.40      125.827      5.76036
      4553.80      115.303      5.54508
      4555.20      128.031      5.85277
      4556.60      121.756      5.74252
      4558.00      120.604      5.64373
      4559.40      121.064      5.62413
      4560.80      117.650      5.60472
      4562.20      123.902      5.91888
      4563.60      120.145      5.61135
      4565.00      122.984      5.67411
      4566.40      126.390      5.75288
      4567.80      122.551      5.68492
      4569.20      124.546      5.74761
      4570.60      126.080      5.72293
      4572.00      116.667      5.55140
      4573.40      123.482      5.69086
      4574.80      127.050      5.86922
      4576.20      120.324      5.69306
      4577.60      127.165      5.83606
      4579.00      124.009      5.75989
      4580.40      119.645      5.62855
      4581.80      125.612      5.86698
      4583.20      121.894      5.79997
      4584.60      118.069      5.55438
      4586.00      121.446      5.63439
      4587.40      124.941      5.60639
      4588.80      116.797      5.43412
      4590.20      120.596      5.59208
      4591.60      123.020      5.48935
      4593.00      121.791      5.68938
      4594.40      123.153      5.65585
      4595.80      121.343      5.43944
      4597.20      114.319      5.33328
      4598.60      122.377      5.46962
      4600.00      123.565      5.57220
      4601.40      119.862      5.44869
      4602.80      123.488      5.82678
      4604.20      124.255      5.58568
      4605.60      122.105      5.56894
      4607.00      116.467      5.47495
      4608.40      123.189      5.59674
      4609.80      133.469      6.55751
      4611.20      126.196      5.71472
      4612.60      118.558      5.47486
      4614.00      120.707      5.46550
      4615.40      119.122      5.42894
      4616.80      120.212      5.46325
      4618.20      122.656      5.62431
      4619.60      122.142      5.36657
      4621.00      125.012      5.66414
      4622.40      114.093      5.24934
      4623.80      120.139      5.55965
      4625.20      123.665      5.36165
      4626.60      116.757      5.43122
      4628.00      119.269      5.35742
      4629.40      123.191      5.47887
      4630.80      124.234      5.60708
      4632.20      118.081      5.29157
      4633.60      121.313      5.47086
      4635.00      121.009      5.46649
      4636.40      123.449      5.53302
      4637.80      125.679      5.63890
      4639.20      123.950      5.53311
      4640.60      120.951      5.42711
      4642.00      119.905      5.48426
      4643.40      123.081      5.47176
      4644.80      117.885      5.36239
      4646.20      114.553      5.26235
      4647.60      118.066      5.31765
      4649.00      118.857      5.43244
      4650.40      120.065      5.43808
      4651.80      125.000      5.66525
      4653.20      125.459      5.57843
      4654.60      119.699      5.67856
      4656.00      113.679      5.36097
      4657.40      122.165      5.63759
      4658.80      122.212      5.59218
      4660.20      116.568      5.34386
      4661.60      120.694      5.43497
      4663.00      118.071      5.39211
      4664.40      122.634      5.46241
      4665.80      126.118      5.70762
      4667.20      118.443      5.56504
      4668.60      117.449      5.48840
      4670.00      119.142      5.27360
      4671.40      108.777      5.21955
      4672.80      115.558      5.27218
      4674.20      118.846      5.46724
      4675.60      124.271      5.50324
      4677.00      119.033      5.52444
      4678.40      119.957      5.36294
      4679.80      122.395      5.49866
      4681.20      124.351      5.54988
      4682.60      123.358      5.54198
      4684.00      116.703      5.37530
      4685.40      114.837      5.24928
      4686.80      117.582      5.26402
      4688.20      115.288      5.31867
      4689.60      116.815      5.36287
      4691.00      116.310      5.37283
      4692.40      116.678      5.33365
      4693.80      116.886      5.39788
      4695.20      119.167      5.32067
      4696.60      125.209      5.60129
      4698.00      122.227      5.48240
      4699.40      116.138      5.17586
      4700.80      107.754      5.05056
      4702.20      124.436      5.41847
      4703.60      115.758      5.28544
      4705.00      123.658      5.40998
      4706.40      116.333      5.31570
      4707.80      118.014      5.34355
      4709.20      118.102      5.31583
      4710.60      121.370      5.30132
      4712.00      111.785      5.20960
      4713.40      119.464      5.31800
      4714.80      115.676      5.28728
      4716.20      114.792      5.27640
      4717.60      123.532      5.45407
      4719.00      126.067      5.57467
      4720.40      116.608      5.24576
      4721.80      124.037      5.42436
      4723.20      119.401      5.36430
      4724.60      117.957      5.30985
      4726.00      115.879      5.22932
      4727.40      115.361      5.23682
      4728.80      119.100      5.40284
      4730.20      123.567      5.64105
      4731.60      113.910      5.41218
      4733.00      119.386      5.35315
      4734.40      121.547      5.40252
      4735.80      118.081      5.32286
      4737.20      115.957      5.34072
      4738.60      119.138      5.60138
      4740.00      120.469      5.62216
      4741.40      110.229      5.31154
      4742.80      111.736      5.21875
      4744.20      112.444      5.13137
      4745.60      118.596      5.34161
      4747.00      122.189      5.40809
      4748.40      113.687      5.14910
      4749.80      112.766      5.29036
      4751.20      112.187      5.28754
      4752.60      121.281      5.57520
      4754.00      124.087      5.46369
      4755.40      113.926      5.15434
      4756.80      117.509      5.28376
      4758.20      114.320      5.16573
      4759.60      113.604      5.15457
      4761.00      114.082      5.10379
      4762.40      114.637      5.13265
      4763.80      112.168      5.06123
      4765.20      109.452      5.02302
      4766.60      118.490      5.28511
      4768.00      112.457      4.99228
      4769.40      109.530      5.01953
      4770.80      111.050      5.05114
      4772.20      122.268      5.26165
      4773.60      116.439      5.12826
      4775.00      110.497      4.89874
      4776.40      113.010      4.99998
      4777.80      112.950      4.97578
      4779.20      107.172      4.91380
      4780.60      115.087      5.11527
      4782.00      119.201      5.22120
      4783.40      115.485      5.09892
      4784.80      109.672      4.94442
      4786.20      112.700      5.01347
      4787.60      116.027      5.16713
      4789.00      117.839      5.19404
      4790.40      110.471      5.01271
      4791.80      109.832      4.92584
      4793.20      114.218      5.03298
      4794.60      114.978      4.99517
      4796.00      114.394      5.01004
      4797.40      109.443      4.87886
      4798.80      109.555      4.91721
      4800.20      113.404      5.07360
      4801.60      114.214      5.08193
      4803.00      113.789      5.08274
      4804.40      112.464      5.06415
      4805.80      110.495      4.93662
      4807.20      107.364      4.90722
      4808.60      109.797      4.93221
      4810.00      108.213      4.94567
      4811.40      111.956      5.00992
      4812.80      111.619      5.05486
      4814.20      107.973      4.91458
      4815.60      109.886      4.92585
      4817.00      111.427      4.91193
      4818.40      111.371      4.94308
      4819.80      109.740      4.84113
      4821.20      106.200      4.85486
      4822.60      108.727      4.95197
      4824.00      111.791      5.01044
      4825.40      110.662      4.93751
      4826.80      114.567      4.97332
      4828.20      109.757      4.88895
      4829.60      111.309      4.93202
      4831.00      113.902      4.87293
      4832.40      104.660      4.93218
      4833.80      106.459      4.60949
      4835.20      106.890      4.79838
      4836.60      102.636      4.71002
      4838.00      103.898      4.55625
      4839.40      108.127      4.92489
      4840.80      109.467      4.79125
      4842.20      105.640      4.80880
      4843.60      102.235      4.55158
      4845.00      95.8455      4.49501
      4846.40      100.198      4.49574
      4847.80      97.2142      4.41955
      4849.20      88.7013      4.30708
      4850.60      103.145      4.67067
      4852.00      97.7068      4.59893
      4853.40      87.2292      4.24171
      4854.80      81.4575      4.00320
      4856.20      81.0883      3.87251
      4857.60      64.8904      3.41814
      4859.00      49.3191      2.98192
      4860.40      46.8288      2.95118
      4861.80      58.4740      3.24561
      4863.20      72.8892      3.76899
      4864.60      81.8299      4.05772
      4866.00      89.6928      4.34558
      4867.40      91.3809      4.35876
      4868.80      91.7876      4.34924
      4870.20      93.9907      4.36506
      4871.60      97.3335      4.44121
      4873.00      97.7247      4.47552
      4874.40      92.0383      4.40099
      4875.80      101.755      4.73156
      4877.20      105.357      4.83157
      4878.60      107.446      4.93601
      4880.00      100.060      4.68262
      4881.40      103.556      4.68621
      4882.80      100.502      4.64991
      4884.20      104.367      4.79958
      4885.60      107.567      4.84543
      4887.00      107.026      4.81385
      4888.40      110.703      4.86439
      4889.80      107.624      4.86804
      4891.20      107.061      4.83326
      4892.60      109.089      5.00237
      4894.00      109.834      4.88767
      4895.40      108.174      4.89103
      4896.80      102.864      4.67667
      4898.20      100.853      4.74485
      4899.60      105.579      4.70815
      4901.00      106.402      4.77914
      4902.40      106.235      4.82846
      4903.80      111.238      4.86804
      4905.20      103.970      4.65797
      4906.60      109.182      4.79316
      4908.00      106.565      4.73846
      4909.40      105.983      4.73644
      4910.80      113.174      5.21815
      4912.20      104.864      4.70499
      4913.60      109.818      4.87514
      4915.00      119.239      5.29178
      4916.40      106.082      4.87844
      4917.80      110.677      4.86203
      4919.20      111.784      4.83241
      4920.60      107.375      4.71991
      4922.00      102.294      4.61228
      4923.40      103.551      4.73522
      4924.80      111.901      4.83157
      4926.20      107.609      4.74967
      4927.60      106.043      4.69537
      4929.00      112.488      4.88602
      4930.40      108.448      4.88367
      4931.80      107.817      4.84580
      4933.20      108.077      4.82392
      4934.60      109.507      4.77699
      4936.00      102.709      4.59106
      4937.40      109.665      4.69675
      4938.80      104.800      4.72427
      4940.20      110.386      4.78166
      4941.60      110.365      4.90204
      4943.00      108.997      4.80688
      4944.40      111.267      4.78242
      4945.80      108.487      4.74370
      4947.20      104.491      4.56251
      4948.60      105.120      4.64235
      4950.00      105.112      4.66993
      4951.40      104.642      4.64797
      4952.80      100.372      4.59071
      4954.20      104.462      4.67174
      4955.60      111.560      4.78893
      4957.00      98.3256      4.50079
      4958.40      106.572      4.62461
      4959.80      107.902      4.66653
      4961.20      107.680      4.82630
      4962.60      107.240      4.78602
      4964.00      105.653      4.81401
      4965.40      105.885      4.76059
      4966.80      109.236      4.82639
      4968.20      111.209      4.75711
      4969.60      109.256      4.75436
      4971.00      105.236      4.64857
      4972.40      104.378      4.76855
      4973.80      112.029      4.74154
      4975.20      105.879      4.67990
      4976.60      104.530      4.59239
      4978.00      104.912      4.65946
      4979.40      103.068      4.71019
      4980.80      103.026      4.78352
      4982.20      104.610      4.58349
      4983.60      103.692      4.67689
      4985.00      103.227          Inf
      4986.40      102.761          Inf
      4987.80      102.295          Inf
      4989.20      101.830          Inf
      4990.60      101.364          Inf
      4992.00      100.898          Inf
      4993.40      100.433          Inf
      4994.80      99.9670      4.52288
      4996.20      104.663      4.70008
      4997.60      107.573      4.80542
      4999.00      102.795      4.67392
