      3900.00      133.237      8.50112
      3901.40      130.947      8.73113
      3902.80      133.713      8.50833
      3904.20      137.827      8.53540
      3905.60      146.534      9.03955
      3907.00      148.087      9.19512
      3908.40      155.603      9.37459
      3909.80      151.640      9.45487
      3911.20      147.925      9.07976
      3912.60      145.710      9.25446
      3914.00      154.705      9.32642
      3915.40      157.112      9.62470
      3916.80      158.738      9.54727
      3918.20      151.977      9.57099
      3919.60      159.918      9.68867
      3921.00      155.104      9.70953
      3922.40      160.191      9.44884
      3923.80      156.453      9.11811
      3925.20      157.438      9.08280
      3926.60      167.084      9.34472
      3928.00      162.103      9.27400
      3929.40      160.148      9.03303
      3930.80      151.210      8.85194
      3932.20      138.959      8.47498
      3933.60      106.123      6.95156
      3935.00      102.859      6.61788
      3936.40      134.413      7.72046
      3937.80      159.877      8.37723
      3939.20      153.298      8.25299
      3940.60      160.802      8.56977
      3942.00      148.752      8.75452
      3943.40      163.089      8.78684
      3944.80      142.973      8.31099
      3946.20      159.415      8.68944
      3947.60      161.341      8.69414
      3949.00      149.775      8.34144
      3950.40      147.215      8.40882
      3951.80      149.151      8.42765
      3953.20      140.059      8.43534
      3954.60      146.304      8.53950
      3956.00      144.749      8.03637
      3957.40      139.909      7.94622
      3958.80      138.675      8.37630
      3960.20      138.634      8.40318
      3961.60      123.178      7.90850
      3963.00      121.871      7.54782
      3964.40      115.456      7.05341
      3965.80      108.514      6.76938
      3967.20      93.1403      6.27901
      3968.60      56.8446      5.29793
      3970.00      40.7117      4.82660
      3971.40      51.8280      5.25095
      3972.80      76.5441      5.79170
      3974.20      97.0302      7.04170
      3975.60      108.163      7.42964
      3977.00      107.972      7.75057
      3978.40      126.912      8.32340
      3979.80      117.959      8.20287
      3981.20      138.802      8.57565
      3982.60      137.108      9.12242
      3984.00      139.521      9.04157
      3985.40      145.641      9.00983
      3986.80      151.483      9.04626
      3988.20      155.416      9.15370
      3989.60      154.151      8.83093
      3991.00      156.879      8.76226
      3992.40      155.502      8.94615
      3993.80      163.020      8.75251
      3995.20      160.377      8.07060
      3996.60      154.270      8.17356
      3998.00      162.328      8.79142
      3999.40      157.921      8.46230
      4000.80      160.826      8.68731
      4002.20      158.729      8.56871
      4003.60      158.082      8.23888
      4005.00      164.711      8.60865
      4006.40      145.571      7.70397
      4007.80      165.333      7.93883
      4009.20      153.914      7.78518
      4010.60      161.420      8.49954
      4012.00      162.533      8.13088
      4013.40      157.875      8.49145
      4014.80      164.978      8.45623
      4016.20      154.686      8.38743
      4017.60      164.035      8.40958
      4019.00      160.600      8.20002
      4020.40      174.013      8.33540
      4021.80      168.592      8.34216
      4023.20      156.508      8.11967
      4024.60      161.718      8.32011
      4026.00      162.083      8.51510
      4027.40      164.658      8.25037
      4028.80      164.239      8.29296
      4030.20      163.694      8.17763
      4031.60      164.844      11.3130
      4033.00      159.734      9.02149
      4034.40      158.945      7.89083
      4035.80      161.714      8.27303
      4037.20      161.450      8.45905
      4038.60      165.715      8.39361
      4040.00      157.736      7.89736
      4041.40      160.277      8.31771
      4042.80      157.990      8.26522
      4044.20      164.629      8.36824
      4045.60      153.276      7.91485
      4047.00      150.777      7.88403
      4048.40      158.520      8.21551
      4049.80      152.228      7.98223
      4051.20      157.237      7.87458
      4052.60      166.674      8.44051
      4054.00      156.071      8.35268
      4055.40      156.759      8.12992
      4056.80      159.932      8.17326
      4058.20      156.589      8.02833
      4059.60      159.461      7.99724
      4061.00      160.602      8.32196
      4062.40      160.317      8.20405
      4063.80      154.817      8.08156
      4065.20      155.703      7.94371
      4066.60      164.103      8.24991
      4068.00      153.408      8.03347
      4069.40      154.773      8.41391
      4070.80      152.187      8.18292
      4072.20      154.865      8.29405
      4073.60      157.785      8.19349
      4075.00      153.334      8.19267
      4076.40      147.207      8.02559
      4077.80      149.958      8.19556
      4079.20      150.270      8.31297
      4080.60      152.079      7.96576
      4082.00      150.485      8.00397
      4083.40      151.213      7.85748
      4084.80      149.757      8.00400
      4086.20      145.669      8.12361
      4087.60      146.734      7.74942
      4089.00      136.981      7.15080
      4090.40      136.038      7.27710
      4091.80      130.719      6.94682
      4093.20      134.144      7.18170
      4094.60      125.740      6.97389
      4096.00      118.041      6.51635
      4097.40      109.674      6.43087
      4098.80      99.1790      5.88107
      4100.20      86.6239      5.46146
      4101.60      65.6217      4.89759
      4103.00      61.7844      4.92852
      4104.40      78.3891      5.25126
      4105.80      95.9736      5.80485
      4107.20      107.290      6.37453
      4108.60      109.437      6.20133
      4110.00      119.119      6.46112
      4111.40      126.619      6.85926
      4112.80      135.222      7.18163
      4114.20      138.755      7.21429
      4115.60      140.675      7.21968
      4117.00      139.160      7.11779
      4118.40      141.046      7.05476
      4119.80      142.111      7.29612
      4121.20      143.259      7.31018
      4122.60      146.323      7.37713
      4124.00      142.847      7.31893
      4125.40      149.742      7.48673
      4126.80      149.640      7.49398
      4128.20      150.276      7.35243
      4129.60      153.570      7.38433
      4131.00      150.013      7.42377
      4132.40      151.670      7.45672
      4133.80      148.452      7.56996
      4135.20      151.273      7.55437
      4136.60      153.675      7.55126
      4138.00      150.910      7.65438
      4139.40      160.369      7.56090
      4140.80      157.955      7.75511
      4142.20      151.989      7.29057
      4143.60      153.898      7.46323
      4145.00      154.182      7.28567
      4146.40      151.199      7.49443
      4147.80      161.344      7.65786
      4149.20      154.951      7.50469
      4150.60      152.897      7.46623
      4152.00      157.344      7.56929
      4153.40      159.971      7.66396
      4154.80      156.339      7.84038
      4156.20      159.240      7.36929
      4157.60      154.063      7.36976
      4159.00      154.786      7.29731
      4160.40      155.071      7.46883
      4161.80      159.325      7.13937
      4163.20      153.508      7.39966
      4164.60      159.960      7.24892
      4166.00      152.215      7.05413
      4167.40      156.497      7.68407
      4168.80      156.533      7.29262
      4170.20      152.527      7.09570
      4171.60      157.011      7.28079
      4173.00      153.538      7.17227
      4174.40      150.637      7.26997
      4175.80      151.546      7.48757
      4177.20      152.845      7.46446
      4178.60      151.727      7.19534
      4180.00      154.276      7.31133
      4181.40      151.943      7.17083
      4182.80      155.867      7.03588
      4184.20      152.250      7.24858
      4185.60      155.760      7.09586
      4187.00      157.412      7.40715
      4188.40      155.470      7.30191
      4189.80      157.410      7.31506
      4191.20      157.828      7.59539
      4192.60      154.480      7.14135
      4194.00      156.102      7.38083
      4195.40      156.602      7.24211
      4196.80      155.628      7.29163
      4198.20      147.999      7.00548
      4199.60      155.726      7.15064
      4201.00      158.052      7.23573
      4202.40      152.706      7.11180
      4203.80      151.447      7.04862
      4205.20      152.450      7.12866
      4206.60      153.421      7.16673
      4208.00      154.679      7.29395
      4209.40      151.599      7.12015
      4210.80      152.213      7.10260
      4212.20      155.584      7.18380
      4213.60      150.766      7.25896
      4215.00      153.079      7.05746
      4216.40      148.004      7.09412
      4217.80      157.303      7.35095
      4219.20      158.050      7.70414
      4220.60      153.722      7.24251
      4222.00      158.635      7.16934
      4223.40      152.083      7.23075
      4224.80      152.067      7.07940
      4226.20      148.890      6.86178
      4227.60      143.469      6.69161
      4229.00      149.243      7.05400
      4230.40      158.795      7.14078
      4231.80      151.046      7.28924
      4233.20      151.845      7.38580
      4234.60      155.523      7.16798
      4236.00      147.246      6.79954
      4237.40      157.050      7.04257
      4238.80      151.191      7.07869
      4240.20      153.763      7.51514
      4241.60      162.900      7.33522
      4243.00      156.798      7.19323
      4244.40      155.835      7.04013
      4245.80      148.947      6.80960
      4247.20      149.007      7.25003
      4248.60      145.191      6.99595
      4250.00      152.784      7.23391
      4251.40      147.979      6.90944
      4252.80      152.419      6.98275
      4254.20      152.166      7.02715
      4255.60      156.114      7.17908
      4257.00      154.302      7.02937
      4258.40      153.653      7.00959
      4259.80      152.442      7.09957
      4261.20      150.396      6.87011
      4262.60      154.613      7.19797
      4264.00      156.575      6.97178
      4265.40      151.957      7.20354
      4266.80      154.279      6.92831
      4268.20      156.967      7.11535
      4269.60      155.093      7.04622
      4271.00      148.492      6.91521
      4272.40      146.040      6.65710
      4273.80      149.876      6.92581
      4275.20      152.820      7.16849
      4276.60      155.612      6.99775
      4278.00      157.710      7.19836
      4279.40      159.954      7.09337
      4280.80      155.577      6.78988
      4282.20      154.203      6.97140
      4283.60      155.184      6.96580
      4285.00      151.108      6.78728
      4286.40      154.113      7.27373
      4287.80      151.560      7.12076
      4289.20      149.155      6.91055
      4290.60      150.423      6.97931
      4292.00      152.183      6.96675
      4293.40      149.678      6.84345
      4294.80      148.976      6.82351
      4296.20      154.659      7.11926
      4297.60      150.748      6.77295
      4299.00      147.618      6.88442
      4300.40      148.188      6.90467
      4301.80      145.076      6.48797
      4303.20      144.053      6.55213
      4304.60      151.110      6.96183
      4306.00      150.694      6.82205
      4307.40      145.965      6.61693
      4308.80      142.394      6.46584
      4310.20      151.201      6.98247
      4311.60      150.805      6.72209
      4313.00      148.794      6.62576
      4314.40      144.495      6.50158
      4315.80      141.617      6.62595
      4317.20      141.761      6.49268
      4318.60      142.344      6.68967
      4320.00      143.770      6.52428
      4321.40      141.958      6.51728
      4322.80      145.020      6.83894
      4324.20      145.541      6.55091
      4325.60      134.003      6.22339
      4327.00      134.072      6.28897
      4328.40      131.354      6.17275
      4329.80      135.851      6.31948
      4331.20      125.773      6.13539
      4332.60      122.644      5.84484
      4334.00      117.272      5.80599
      4335.40      108.206      5.50732
      4336.80      103.755      5.31596
      4338.20      95.1960      5.02387
      4339.60      75.8941      4.79116
      4341.00      59.9083      4.25489
      4342.40      66.5204      4.43006
      4343.80      87.6251      5.02169
      4345.20      97.9966      5.21991
      4346.60      107.250      5.45869
      4348.00      118.045      5.97597
      4349.40      119.939      5.98942
      4350.80      124.137      6.03228
      4352.20      124.403      6.10170
      4353.60      128.299      6.04992
      4355.00      131.863      6.20267
      4356.40      139.380      6.35243
      4357.80      136.982      6.44938
      4359.20      142.988      6.89876
      4360.60      140.387      6.72273
      4362.00      146.027      6.75062
      4363.40      146.658      6.99375
      4364.80      141.940      6.69857
      4366.20      148.537      6.75356
      4367.60      148.812      6.71635
      4369.00      149.818      6.47776
      4370.40      149.476      6.72527
      4371.80      148.868      6.61798
      4373.20      148.270      6.59360
      4374.60      149.524      6.67565
      4376.00      142.067      6.47188
      4377.40      146.580      6.47760
      4378.80      143.339      6.53132
      4380.20      150.625      6.46025
      4381.60      150.245      6.64209
      4383.00      147.424      6.78285
      4384.40      141.770      6.35816
      4385.80      141.649      6.45705
      4387.20      146.972      6.50602
      4388.60      147.925      6.67413
      4390.00      148.190      6.70155
      4391.40      148.286      6.81882
      4392.80      148.659      6.73467
      4394.20      144.256      6.42859
      4395.60      143.132      6.57506
      4397.00      142.986      6.59254
      4398.40      148.869      6.55436
      4399.80      147.055      6.60550
      4401.20      145.207      6.54768
      4402.60      147.577      6.69610
      4404.00      150.415      6.88994
      4405.40      142.621      6.54627
      4406.80      149.009      6.73198
      4408.20      153.891      6.80389
      4409.60      147.632      6.73057
      4411.00      145.736      6.49548
      4412.40      150.628      6.71996
      4413.80      150.379      6.79538
      4415.20      146.948      6.60015
      4416.60      144.442      6.51331
      4418.00      146.907      6.74509
      4419.40      144.645      6.35271
      4420.80      144.735      6.51813
      4422.20      149.396      6.85815
      4423.60      150.904      6.49745
      4425.00      146.540      6.52751
      4426.40      142.530      6.41858
      4427.80      145.137      6.67565
      4429.20      151.144      6.81664
      4430.60      148.837      6.47793
      4432.00      149.321      6.57654
      4433.40      144.451      6.30839
      4434.80      151.069      6.48286
      4436.20      145.669      6.58209
      4437.60      147.487      6.60203
      4439.00      146.125      6.39255
      4440.40      144.346      6.39383
      4441.80      146.785      6.46883
      4443.20      144.672      6.50308
      4444.60      145.400      6.38901
      4446.00      142.354      6.31353
      4447.40      146.591      6.41554
      4448.80      146.294      6.55635
      4450.20      142.301      6.41472
      4451.60      143.289      6.36307
      4453.00      145.380      6.35201
      4454.40      145.015      6.12660
      4455.80      141.337      6.20414
      4457.20      142.599      6.41587
      4458.60      145.889      6.38388
      4460.00      147.768      7.06599
      4461.40      150.034      6.91256
      4462.80      146.589      6.35835
      4464.20      144.778      6.37268
      4465.60      146.961      6.10945
      4467.00      143.574      6.46806
      4468.40      138.677      6.28334
      4469.80      143.674      6.35503
      4471.20      143.782      6.38886
      4472.60      147.335      6.47616
      4474.00      144.856      6.59267
      4475.40      147.149      6.55643
      4476.80      143.270      6.36732
      4478.20      144.114      6.33146
      4479.60      143.038      6.21724
      4481.00      141.201      6.19678
      4482.40      137.550      6.19951
      4483.80      143.124      6.13157
      4485.20      143.770      6.26976
      4486.60      140.815      6.08958
      4488.00      147.615      6.50126
      4489.40      140.526      6.13555
      4490.80      141.510      6.15731
      4492.20      146.267      6.27187
      4493.60      141.764      6.32861
      4495.00      144.557      6.37095
      4496.40      141.425      6.21452
      4497.80      146.447      6.42615
      4499.20      143.229      6.28673
      4500.60      138.200      6.11703
      4502.00      139.909      6.14240
      4503.40      138.028      6.19711
      4504.80      142.774      6.06243
      4506.20      140.999      6.11621
      4507.60      145.664      6.22103
      4509.00      141.254      6.32735
      4510.40      138.642      6.08493
      4511.80      144.593      6.11425
      4513.20      140.967      6.22539
      4514.60      138.389      6.04026
      4516.00      137.541      6.27149
      4517.40      142.564      6.23146
      4518.80      140.777      6.33012
      4520.20      141.836      6.13614
      4521.60      139.529      6.19827
      4523.00      140.552      6.05777
      4524.40      140.681      6.24909
      4525.80      142.893      6.25464
      4527.20      144.944      6.29413
      4528.60      138.420      6.15218
      4530.00      138.315      6.01320
      4531.40      141.847      6.13350
      4532.80      140.553      5.95694
      4534.20      136.366      6.11443
      4535.60      137.679      6.27237
      4537.00      140.286      6.07969
      4538.40      141.290      6.16622
      4539.80      141.587      6.21171
      4541.20      137.896      6.02576
      4542.60      141.341      6.03025
      4544.00      142.127      6.09594
      4545.40      139.769      6.19827
      4546.80      144.165      6.42079
      4548.20      137.711      6.14541
      4549.60      131.259      5.99836
      4551.00      136.291      6.09445
      4552.40      140.787      6.14552
      4553.80      140.427      6.20341
      4555.20      139.946      6.10009
      4556.60      139.808      6.18856
      4558.00      140.539      6.26641
      4559.40      140.582      6.21632
      4560.80      141.781      6.24919
      4562.20      140.751      6.31014
      4563.60      135.616      6.04602
      4565.00      141.398      6.18161
      4566.40      145.653      6.20897
      4567.80      141.382      6.35942
      4569.20      144.382      6.23103
      4570.60      142.032      6.08438
      4572.00      141.596      6.15996
      4573.40      136.756      5.96506
      4574.80      140.455      6.20475
      4576.20      138.732      6.03763
      4577.60      144.533      6.03716
      4579.00      142.549      6.19206
      4580.40      139.311      6.31774
      4581.80      140.374      6.16269
      4583.20      140.051      6.00666
      4584.60      138.902      5.92709
      4586.00      143.518      6.13947
      4587.40      140.256      6.18993
      4588.80      136.950      5.87333
      4590.20      138.086      6.02233
      4591.60      139.366      5.89342
      4593.00      140.486      6.11650
      4594.40      145.708      6.23131
      4595.80      136.825      5.85370
      4597.20      142.054      6.11166
      4598.60      137.519      6.00339
      4600.00      138.714      6.01408
      4601.40      138.204      6.07421
      4602.80      141.568      5.99036
      4604.20      137.822      6.01008
      4605.60      141.656      5.97406
      4607.00      137.785      5.89152
      4608.40      141.651      5.90271
      4609.80      138.071      6.01408
      4611.20      140.393      5.98246
      4612.60      136.978      5.85493
      4614.00      140.702      6.02293
      4615.40      140.425      6.02454
      4616.80      135.038      6.02639
      4618.20      140.338      6.05085
      4619.60      141.180      5.86401
      4621.00      137.775      5.94923
      4622.40      141.602      5.93500
      4623.80      140.160      6.08675
      4625.20      137.557      5.91701
      4626.60      140.404      6.14539
      4628.00      135.829      5.88885
      4629.40      139.016      5.90341
      4630.80      132.325      5.50654
      4632.20      140.909      5.99791
      4633.60      137.392      5.92032
      4635.00      138.692      5.99835
      4636.40      134.812      5.85689
      4637.80      137.938      5.76875
      4639.20      137.679      6.05881
      4640.60      139.679      5.81598
      4642.00      137.606      5.85051
      4643.40      138.801      6.22314
      4644.80      140.092      6.01565
      4646.20      140.126      6.01007
      4647.60      137.853      5.92703
      4649.00      139.732      5.86549
      4650.40      137.767      5.92901
      4651.80      137.418      5.82384
      4653.20      137.264      5.97595
      4654.60      136.767      5.85762
      4656.00      139.909      6.09035
      4657.40      138.497      5.91969
      4658.80      134.687      5.84677
      4660.20      136.352      5.86682
      4661.60      139.836      5.90012
      4663.00      140.666      6.03297
      4664.40      138.935      5.98423
      4665.80      137.970      5.95399
      4667.20      138.664      6.00105
      4668.60      136.140      5.81920
      4670.00      135.608      6.08499
      4671.40      137.660      6.19541
      4672.80      136.103      5.83164
      4674.20      136.252      5.90976
      4675.60      137.925      5.77359
      4677.00      136.561      5.76662
      4678.40      135.790      5.92235
      4679.80      140.463      5.79654
      4681.20      136.821      5.84127
      4682.60      136.582      5.72707
      4684.00      134.640      5.85709
      4685.40      138.868      6.10828
      4686.80      138.386      5.89763
      4688.20      137.904      5.80345
      4689.60      137.899      5.83028
      4691.00      139.330      5.90317
      4692.40      134.182      5.82597
      4693.80      140.235      6.00064
      4695.20      135.139      5.93365
      4696.60      138.016      5.84295
      4698.00      133.091      5.77452
      4699.40      139.937      5.97763
      4700.80      136.099      5.87120
      4702.20      135.640      5.67240
      4703.60      132.463      5.55013
      4705.00      135.057      5.80642
      4706.40      138.235      6.06682
      4707.80      138.551      6.00787
      4709.20      140.661      6.04802
      4710.60      135.253      5.78285
      4712.00      140.103      6.00508
      4713.40      136.931      6.07781
      4714.80      138.124      5.99707
      4716.20      133.357      6.02509
      4717.60      135.503      5.97490
      4719.00      138.928      5.88466
      4720.40      137.841      5.80667
      4721.80      134.864      5.93265
      4723.20      140.019      5.93309
      4724.60      141.063      6.07808
      4726.00      138.514      5.99388
      4727.40      136.302      5.77651
      4728.80      136.802      5.91144
      4730.20      138.701      5.83273
      4731.60      143.122      5.99356
      4733.00      140.890      6.03203
      4734.40      137.156      6.09904
      4735.80      137.195      6.02631
      4737.20      133.499      5.99788
      4738.60      136.258      5.95103
      4740.00      136.152      6.11333
      4741.40      136.898      5.90783
      4742.80      135.636      5.75643
      4744.20      135.314      5.96322
      4745.60      137.073      5.99822
      4747.00      138.918      5.94136
      4748.40      138.095      5.98244
      4749.80      138.377      5.95772
      4751.20      134.623      5.85193
      4752.60      137.908      5.85204
      4754.00      136.490      5.71437
      4755.40      133.307      5.90191
      4756.80      133.108      5.64849
      4758.20      131.218      5.54186
      4759.60      135.643      5.94054
      4761.00      137.586      5.90569
      4762.40      129.945      5.87610
      4763.80      133.805      5.78993
      4765.20      134.385      5.62825
      4766.60      133.064      5.68768
      4768.00      132.475      5.67401
      4769.40      132.670      5.60470
      4770.80      131.634      5.54297
      4772.20      135.714      5.75165
      4773.60      134.905      5.76030
      4775.00      133.199      5.61031
      4776.40      135.532      5.74474
      4777.80      135.012      5.59749
      4779.20      133.222      5.86307
      4780.60      132.197      5.63779
      4782.00      133.072      5.64204
      4783.40      130.374      5.49438
      4784.80      134.580      5.67731
      4786.20      128.611      5.57588
      4787.60      138.789      7.11781
      4789.00      130.332      5.68695
      4790.40      130.407      5.53123
      4791.80      134.316      5.58001
      4793.20      130.052      5.51383
      4794.60      131.063      5.56696
      4796.00      132.907      5.53348
      4797.40      131.434      5.50045
      4798.80      131.697      5.46963
      4800.20      131.310      5.42173
      4801.60      132.601      5.55564
      4803.00      133.700      5.52891
      4804.40      133.055      5.74848
      4805.80      132.664      5.65751
      4807.20      131.305      5.64872
      4808.60      130.380      5.49834
      4810.00      130.390      5.42707
      4811.40      131.034      5.56139
      4812.80      129.935      5.64363
      4814.20      127.753      5.50591
      4815.60      129.649      5.50260
      4817.00      129.587      5.50631
      4818.40      130.778      5.57968
      4819.80      130.369      5.59952
      4821.20      126.183      5.31570
      4822.60      131.096      5.79926
      4824.00      134.685      6.18591
      4825.40      126.061      5.54344
      4826.80      129.086      5.58376
      4828.20      125.547      5.52733
      4829.60      129.662      5.50029
      4831.00      123.560      5.45347
      4832.40      129.160      5.47466
      4833.80      124.734      5.33688
      4835.20      124.233      5.33367
      4836.60      125.754      5.45298
      4838.00      123.442      5.44324
      4839.40      124.565      5.32140
      4840.80      126.621      5.36031
      4842.20      125.114      5.25060
      4843.60      120.588      5.15344
      4845.00      117.316      5.12473
      4846.40      120.834      5.27532
      4847.80      115.509      5.14750
      4849.20      114.292      5.20356
      4850.60      109.229      5.06928
      4852.00      112.718      4.93019
      4853.40      111.502      5.02600
      4854.80      103.349      4.82212
      4856.20      102.500      4.65290
      4857.60      95.6879      4.44496
      4859.00      89.9709      4.56054
      4860.40      73.2763      4.11477
      4861.80      56.8154      3.49758
      4863.20      56.7271      3.29177
      4864.60      74.3705      3.92562
      4866.00      91.9963      4.28959
      4867.40      97.6850      4.48936
      4868.80      100.342      4.88835
      4870.20      104.206      4.83281
      4871.60      105.325      4.91130
      4873.00      111.640      5.08197
      4874.40      114.519      5.12389
      4875.80      114.557      5.16666
      4877.20      119.306      5.21416
      4878.60      115.616      5.01716
      4880.00      118.703      5.14856
      4881.40      120.326      5.31781
      4882.80      122.296      5.46145
      4884.20      124.787      5.44953
      4885.60      122.618      5.50265
      4887.00      127.287      5.53770
      4888.40      125.950      5.40699
      4889.80      124.182      5.43251
      4891.20      124.340      5.34685
      4892.60      122.053      5.26795
      4894.00      121.882      5.28807
      4895.40      124.211      5.39412
      4896.80      126.794      5.42171
      4898.20      121.514      5.23684
      4899.60      126.171      5.41292
      4901.00      124.327      5.49825
      4902.40      125.255      5.54538
      4903.80      127.569      5.47390
      4905.20      127.370      5.32843
      4906.60      125.326      5.23464
      4908.00      126.839      5.32048
      4909.40      128.409      5.43660
      4910.80      127.056      5.35773
      4912.20      126.722      5.44481
      4913.60      125.505      5.40865
      4915.00      125.026      5.40475
      4916.40      125.837      5.33098
      4917.80      123.576      5.27532
      4919.20      124.278      5.19896
      4920.60      123.228      5.12785
      4922.00      124.845      5.14320
      4923.40      119.594      5.16830
      4924.80      122.004      5.11127
      4926.20      121.705      5.25954
      4927.60      124.711      5.32888
      4929.00      124.002      5.18673
      4930.40      126.032      5.34351
      4931.80      127.912      5.37812
      4933.20      124.248      5.12149
      4934.60      123.244      5.34518
      4936.00      124.781      5.32176
      4937.40      125.022      5.07626
      4938.80      126.724      5.16458
      4940.20      123.823      5.37518
      4941.60      123.443      5.20423
      4943.00      124.344      5.25053
      4944.40      126.330      5.23272
      4945.80      122.559      5.09616
      4947.20      127.329      5.13380
      4948.60      125.440      5.15064
      4950.00      125.122      5.26009
      4951.40      122.506      5.23655
      4952.80      123.156      5.18614
      4954.20      125.989      5.27801
      4955.60      124.663      5.16890
      4957.00      121.287      5.29001
      4958.40      120.772      5.14082
      4959.80      122.805      5.01990
      4961.20      123.453      5.23882
      4962.60      119.757      5.47806
      4964.00      123.179      5.23882
      4965.40      123.663      5.36518
      4966.80      123.647      5.27695
      4968.20      123.762      5.16655
      4969.60      122.807      5.19515
      4971.00      122.306      5.24780
      4972.40      124.578      5.29477
      4973.80      122.038      5.20757
      4975.20      120.477      5.16511
      4976.60      124.921      5.34056
      4978.00      123.913      5.20540
      4979.40      124.603      5.30018
      4980.80      122.929      5.19008
      4982.20      122.452      5.21272
      4983.60      119.107      5.05340
      4985.00      123.794      5.29625
      4986.40      122.471      5.11962
      4987.80      123.568      5.15087
      4989.20      124.303      5.16700
      4990.60      123.560      5.19765
      4992.00      124.335      5.02382
      4993.40      122.961      5.10810
      4994.80      120.489      5.09051
      4996.20      122.705      5.07552
      4997.60      120.513      5.05202
      4999.00      120.675      5.08308
