      3900.00      44.0262      4.97919
      3901.40      52.6924      5.59863
      3902.80      47.1260      5.59386
      3904.20      50.8751      5.88835
      3905.60      52.3262      5.72276
      3907.00      59.2683      5.57855
      3908.40      51.8917      5.24723
      3909.80      58.2076      5.36949
      3911.20      58.4802      5.46177
      3912.60      59.0040      5.64312
      3914.00      66.8540      5.70965
      3915.40      57.5294      5.21203
      3916.80      56.7343      5.24259
      3918.20      62.3804      5.49302
      3919.60      60.7532      5.55560
      3921.00      57.9280      5.37050
      3922.40      61.7205      5.26373
      3923.80      58.0840      5.19424
      3925.20      61.8147      5.28233
      3926.60      58.0612      4.94525
      3928.00      60.4123      5.03513
      3929.40      61.1428      4.78995
      3930.80      58.1952      4.90139
      3932.20      56.3893      5.04601
      3933.60      53.4177      4.66758
      3935.00      34.0197      3.83414
      3936.40      26.4271      3.43276
      3937.80      38.1712      3.62197
      3939.20      54.4156      4.56460
      3940.60      57.1807      4.60756
      3942.00      59.1699      4.76444
      3943.40      59.9562      5.15799
      3944.80      58.0443      4.76537
      3946.20      55.2645      4.78929
      3947.60      63.6704      4.78822
      3949.00      56.9028      4.80284
      3950.40      58.2735      4.69955
      3951.80      53.3218      4.95356
      3953.20      57.8253      5.04880
      3954.60      56.9060      5.16056
      3956.00      59.5532      5.12264
      3957.40      57.8718      4.73106
      3958.80      52.8923      4.51292
      3960.20      52.9988      4.69948
      3961.60      49.4669      4.67155
      3963.00      52.0153      4.78998
      3964.40      48.7116      4.77961
      3965.80      46.2566      4.58295
      3967.20      43.3997      4.44821
      3968.60      39.5609      4.45784
      3970.00      24.5209      3.82790
      3971.40      15.9211      3.55623
      3972.80      14.8922      3.47748
      3974.20      21.8374      4.20482
      3975.60      32.3565      4.34212
      3977.00      38.7704      4.71299
      3978.40      41.4217      4.49220
      3979.80      45.4490      4.48318
      3981.20      44.0348      4.39375
      3982.60      45.1927      4.41778
      3984.00      49.2528      4.45787
      3985.40      55.4448      4.71274
      3986.80      52.0909      4.41341
      3988.20      59.2902      4.51882
      3989.60      55.0111      4.41872
      3991.00      54.0178      4.33463
      3992.40      60.3222      4.71604
      3993.80      62.0439      4.80542
      3995.20      60.0227      4.52106
      3996.60      56.7601      4.34333
      3998.00      58.9975      4.37984
      3999.40      55.8324      4.32012
      4000.80      60.1082      4.40568
      4002.20      57.8112      4.32905
      4003.60      58.7364      4.51839
      4005.00      61.5735      4.71544
      4006.40      59.6924      4.69462
      4007.80      58.3220      4.83914
      4009.20      54.3846      4.27573
      4010.60      61.5137      4.34450
      4012.00      59.5333      4.41925
      4013.40      60.6834      4.33064
      4014.80      57.8398      4.22851
      4016.20      57.3479      4.14844
      4017.60      61.5635      4.34995
      4019.00      62.1889      4.75513
      4020.40      62.2768      4.97995
      4021.80      59.1420      4.51294
      4023.20      63.4511      4.42611
      4024.60      59.8666      4.30468
      4026.00      60.5547      4.26812
      4027.40      56.8683      4.25119
      4028.80      59.7978      4.19078
      4030.20      56.4345      4.10781
      4031.60      59.9706      4.14714
      4033.00      62.3974      4.39550
      4034.40      62.1242      4.33906
      4035.80      60.6577      4.48461
      4037.20      57.3694      4.23860
      4038.60      59.3018      4.27698
      4040.00      59.7145      4.34342
      4041.40      63.9596      4.58378
      4042.80      60.1366      4.84203
      4044.20      58.1038      4.93505
      4045.60      59.8605      5.06347
      4047.00      57.9332      4.98616
      4048.40      54.5710      4.43753
      4049.80      60.0543      4.20633
      4051.20      62.1352      4.49952
      4052.60      61.7596      4.44931
      4054.00      60.1720      4.30614
      4055.40      60.5057      4.24057
      4056.80      63.4705      4.71627
      4058.20      61.1718      4.48635
      4059.60      58.1168      4.45274
      4061.00      57.6293      4.46812
      4062.40      57.7584      4.35965
      4063.80      59.8634      4.39744
      4065.20      56.3497      4.26081
      4066.60      55.5420      4.24691
      4068.00      57.9428      4.47970
      4069.40      59.8601      4.34895
      4070.80      57.2163      4.60327
      4072.20      53.5697      4.55931
      4073.60      56.6080      4.42399
      4075.00      55.2720      4.06507
      4076.40      58.6361      4.36204
      4077.80      55.5139      4.38415
      4079.20      57.0338      4.26558
      4080.60      51.3594      3.95431
      4082.00      55.7513      4.03144
      4083.40      58.6769      4.15761
      4084.80      53.6481      3.94411
      4086.20      55.0678      3.87127
      4087.60      54.2986      3.94899
      4089.00      52.4476      3.99242
      4090.40      51.7570      4.00174
      4091.80      52.7333      4.05360
      4093.20      52.9568      3.87671
      4094.60      46.1376      3.66147
      4096.00      48.0813      3.92379
      4097.40      44.2519      3.91658
      4098.80      42.4841      3.85311
      4100.20      40.5435      3.43746
      4101.60      28.8492      3.03817
      4103.00      26.7725      2.91523
      4104.40      18.2154      2.75854
      4105.80      24.5492      2.72126
      4107.20      32.0140      3.06160
      4108.60      38.1681      3.26382
      4110.00      43.8069      3.45733
      4111.40      40.5819      3.36188
      4112.80      46.6201      3.59722
      4114.20      49.1451      3.58614
      4115.60      48.0221      3.58135
      4117.00      49.0848      3.63087
      4118.40      53.7674      3.67377
      4119.80      53.5231      3.72231
      4121.20      54.0474      3.71402
      4122.60      56.9099      3.96399
      4124.00      52.5439      3.92287
      4125.40      51.5665      3.89757
      4126.80      55.4425      3.91832
      4128.20      51.7956      3.65258
      4129.60      53.7867      3.85687
      4131.00      50.8909      3.92130
      4132.40      52.7790      3.75157
      4133.80      55.1788      3.82932
      4135.20      53.1458      3.75179
      4136.60      56.6468      3.89647
      4138.00      59.4220      3.99888
      4139.40      51.9740      3.87109
      4140.80      57.7027      4.25555
      4142.20      59.7326      4.10683
      4143.60      59.2383      4.00266
      4145.00      54.9902      3.97892
      4146.40      53.6787      4.04165
      4147.80      58.2502      4.11936
      4149.20      58.5067      3.91529
      4150.60      56.7586      3.73815
      4152.00      55.1229      3.69270
      4153.40      56.6172      3.76416
      4154.80      56.0778      3.59323
      4156.20      57.9300      3.78994
      4157.60      58.4399      3.75318
      4159.00      55.5706      3.98772
      4160.40      55.7171      4.13740
      4161.80      56.0474      3.86076
      4163.20      59.4861      3.76866
      4164.60      59.6655      3.82715
      4166.00      58.2483      3.83911
      4167.40      55.7770      3.81474
      4168.80      58.0840      3.74387
      4170.20      57.1756      3.76164
      4171.60      57.9296      3.84329
      4173.00      57.0263      3.82008
      4174.40      55.7058      3.59865
      4175.80      55.7055      3.40794
      4177.20      52.6702      3.50821
      4178.60      57.9105      3.69451
      4180.00      55.0350      3.72398
      4181.40      55.7419      3.54881
      4182.80      53.8676      3.54565
      4184.20      58.0633      3.61825
      4185.60      55.6634      3.58776
      4187.00      58.1976      3.85784
      4188.40      54.2500      3.57052
      4189.80      55.6075      3.49988
      4191.20      54.0764      3.52028
      4192.60      58.2088      3.63367
      4194.00      54.6533      3.71697
      4195.40      55.8622      3.71735
      4196.80      58.3510      3.93646
      4198.20      55.6202      3.85538
      4199.60      54.9577      3.76143
      4201.00      55.4295      3.67677
      4202.40      56.3124      3.67933
      4203.80      55.5859      3.50548
      4205.20      57.6491      3.60018
      4206.60      56.4350      3.84350
      4208.00      60.2340      3.77518
      4209.40      58.0646      3.87704
      4210.80      60.1013      3.96741
      4212.20      57.5438      3.88549
      4213.60      58.4451      3.78304
      4215.00      56.6799      3.72015
      4216.40      58.1873      3.62576
      4217.80      55.2546      3.56060
      4219.20      55.1513      3.36767
      4220.60      55.1579      3.76750
      4222.00      58.8774      3.62255
      4223.40      56.1380      3.60642
      4224.80      57.3033      3.46054
      4226.20      55.0479      3.52313
      4227.60      55.0103      3.57970
      4229.00      54.4933      3.52233
      4230.40      53.5235      3.43965
      4231.80      57.8078      3.57660
      4233.20      55.7624      3.56241
      4234.60      58.5149      3.60493
      4236.00      54.7090      3.85810
      4237.40      53.2396      3.94745
      4238.80      50.8233      3.64949
      4240.20      56.8055      3.41684
      4241.60      55.5025      3.59458
      4243.00      56.8491      3.60572
      4244.40      55.6942      3.59113
      4245.80      55.2064      3.82802
      4247.20      59.9334      3.93960
      4248.60      55.4230      3.60440
      4250.00      50.4916      3.34760
      4251.40      56.9992      3.59020
      4252.80      54.7943      3.74325
      4254.20      54.4602      3.75474
      4255.60      57.2471      3.61276
      4257.00      56.7754      3.75142
      4258.40      55.2826      3.73352
      4259.80      57.4040      3.70632
      4261.20      55.5324      3.62797
      4262.60      56.5608      3.66040
      4264.00      50.8342      3.37916
      4265.40      54.8368      3.49773
      4266.80      57.4786      3.51490
      4268.20      54.7522      3.43136
      4269.60      55.2004      3.57904
      4271.00      58.0722      3.43523
      4272.40      54.7968      3.39290
      4273.80      50.3358      3.33975
      4275.20      53.6661      3.58791
      4276.60      55.7745      3.45452
      4278.00      57.7716      3.44994
      4279.40      55.1338      3.41448
      4280.80      55.5353      3.70768
      4282.20      57.3223      3.66025
      4283.60      56.4224      3.62340
      4285.00      55.4238      3.53789
      4286.40      55.2514      3.30784
      4287.80      57.8635      3.43419
      4289.20      56.6933      3.45038
      4290.60      55.2111      3.25232
      4292.00      55.9743      3.32886
      4293.40      51.0890      3.23938
      4294.80      55.6537      3.30580
      4296.20      56.6699      3.44406
      4297.60      53.8152      3.43032
      4299.00      56.4143      3.73849
      4300.40      54.6799      3.59993
      4301.80      51.6678      3.42598
      4303.20      50.2775      3.48036
      4304.60      49.3095      3.26193
      4306.00      52.4365      3.31065
      4307.40      55.2483      3.40040
      4308.80      54.4689      3.34509
      4310.20      50.5452      3.18189
      4311.60      50.5731      3.22123
      4313.00      53.1954      3.42419
      4314.40      54.3199      3.60795
      4315.80      51.6398      3.38297
      4317.20      47.2711      3.04817
      4318.60      49.4187      3.17641
      4320.00      52.3767      3.33851
      4321.40      55.0772      3.46606
      4322.80      51.3750      3.33587
      4324.20      50.1507      3.29516
      4325.60      51.0302      3.32768
      4327.00      49.6147      3.38379
      4328.40      48.3431      3.26844
      4329.80      50.3952      3.26185
      4331.20      46.6463      3.38596
      4332.60      46.7403      3.18018
      4334.00      49.7841      3.25705
      4335.40      48.3665          Inf
      4336.80      46.9489      3.97434
      4338.20      41.1942      3.06103
      4339.60      34.0842      2.68648
      4341.00      30.2619      2.55869
      4342.40      23.8595      2.46292
      4343.80      21.7558      2.46674
      4345.20      25.3652      2.32388
      4346.60      29.4845      2.53822
      4348.00      36.4373      2.68007
      4349.40      40.6938      2.79664
      4350.80      41.0583      2.80259
      4352.20      45.9821      2.99353
      4353.60      45.1314      3.20438
      4355.00      44.0921      3.26127
      4356.40      49.3157      3.31297
      4357.80      50.5068          Inf
      4359.20      51.6978          Inf
      4360.60      52.8888      3.47873
      4362.00      48.1993      3.19860
      4363.40      52.6207      3.14369
      4364.80      51.2332      3.26101
      4366.20      52.3672      3.29043
      4367.60      52.4614      3.22365
      4369.00      51.2055      3.21834
      4370.40      49.3779      3.33456
      4371.80      52.7090      3.33640
      4373.20      56.4631      3.34410
      4374.60      55.4629      3.46154
      4376.00      54.5489      3.49171
      4377.40      52.0772      3.51421
      4378.80      52.0680      3.31377
      4380.20      52.8571      3.11467
      4381.60      54.6879      3.41485
      4383.00      54.5919      3.31341
      4384.40      54.5388      3.27659
      4385.80      50.4637      3.06977
      4387.20      49.1516      3.17032
      4388.60      52.5173      3.23670
      4390.00      53.2261      3.23007
      4391.40      52.1154      3.21692
      4392.80      54.0641      3.19560
      4394.20      51.4134      3.27688
      4395.60      53.0080      3.29109
      4397.00      51.3213      3.22111
      4398.40      50.2150      3.18769
      4399.80      51.4305      3.24964
      4401.20      56.5795      3.51471
      4402.60      51.5440      3.29955
      4404.00      50.5601      3.20012
      4405.40      53.3834      3.13556
      4406.80      51.5898      3.14524
      4408.20      53.8061      3.25857
      4409.60      51.8454      3.26969
      4411.00      55.1920      3.41051
      4412.40      53.0537      3.24952
      4413.80      53.5192      3.20266
      4415.20      53.0537      3.18024
      4416.60      55.2041      3.09308
      4418.00      49.8507      3.06460
      4419.40      48.6465      3.01988
      4420.80      47.9300      2.95239
      4422.20      53.0144      3.38370
      4423.60      51.1851      3.25579
      4425.00      51.1388      3.20300
      4426.40      55.0084      3.30725
      4427.80      51.7243      3.22756
      4429.20      54.1036      3.43535
      4430.60      51.9140      3.36114
      4432.00      52.8203      3.36449
      4433.40      54.0697      3.20026
      4434.80      51.0778      3.11884
      4436.20      52.8419      3.21448
      4437.60      52.5304      3.17610
      4439.00      53.1662      3.17351
      4440.40      52.1270      3.06895
      4441.80      53.3535      3.25899
      4443.20      50.8229      3.09060
      4444.60      48.5375      2.93221
      4446.00      50.0089      2.91478
      4447.40      50.6729      3.03101
      4448.80      52.1730      3.24130
      4450.20      53.1816      3.20561
      4451.60      54.6596      3.15322
      4453.00      53.2332      3.08614
      4454.40      51.1803      2.94113
      4455.80      51.6633      3.03906
      4457.20      49.8682      2.95437
      4458.60      52.3925      2.96781
      4460.00      49.9130      3.19390
      4461.40      51.5612      3.25432
      4462.80      50.7433      3.06796
      4464.20      52.2630      3.02600
      4465.60      52.5636      3.01612
      4467.00      48.5136      3.02440
      4468.40      50.8369      2.99483
      4469.80      52.6068      2.96781
      4471.20      48.8836      2.99010
      4472.60      48.6402      3.10021
      4474.00      52.0211      3.30510
      4475.40      51.6593      2.94507
      4476.80      53.4595      3.03663
      4478.20      52.8723      3.10438
      4479.60      50.6313      2.89330
      4481.00      53.8299      3.05874
      4482.40      52.3287      2.98426
      4483.80      46.1498      2.91358
      4485.20      49.1302      2.93388
      4486.60      51.4002      2.98268
      4488.00      51.5979      3.08729
      4489.40      51.0381      3.10229
      4490.80      50.2286      3.05072
      4492.20      49.8082      2.96939
      4493.60      51.9361      2.95414
      4495.00      49.4236      2.90556
      4496.40      50.9230      3.00068
      4497.80      51.6845      3.22340
      4499.20      50.6682      2.97991
      4500.60      52.9992      2.94473
      4502.00      53.0362      2.98438
      4503.40      48.4321      2.96163
      4504.80      46.5100      2.83899
      4506.20      50.1949      2.85878
      4507.60      50.6346      2.94725
      4509.00      49.9281      2.85275
      4510.40      47.4660      2.79584
      4511.80      50.2742      2.90202
      4513.20      51.9113      2.95128
      4514.60      49.9595      2.94255
      4516.00      52.3678      2.96550
      4517.40      49.6624      2.86675
      4518.80      48.2555      2.71691
      4520.20      51.7939      2.97721
      4521.60      52.1008      2.97270
      4523.00      52.1047      2.94238
      4524.40      47.1750      2.83604
      4525.80      50.2975      2.85293
      4527.20      49.7624      2.93964
      4528.60      51.0525      2.93890
      4530.00      51.2723      2.98353
      4531.40      48.7688      2.86186
      4532.80      49.3412      3.04995
      4534.20      48.8863      3.04987
      4535.60      51.8224      2.94662
      4537.00      51.3786      2.99904
      4538.40      49.8571      3.20991
      4539.80      51.8862      3.20047
      4541.20      50.6591      2.92476
      4542.60      50.4311      2.90704
      4544.00      52.6854      3.05209
      4545.40      50.0786      2.95729
      4546.80      52.1544      2.91809
      4548.20      50.5137      2.89263
      4549.60      51.3423      3.08188
      4551.00      52.5772      3.18491
      4552.40      47.0517      2.80269
      4553.80      47.5727      2.86438
      4555.20      48.8410      2.86753
      4556.60      49.7787      2.89796
      4558.00      48.5382      3.03736
      4559.40      50.0274      3.12971
      4560.80      48.2939      3.02533
      4562.20      49.8068      3.02298
      4563.60      50.7547      3.02545
      4565.00      51.3630      2.96485
      4566.40      52.4506      2.96512
      4567.80      49.2976      2.86865
      4569.20      51.0004      2.81509
      4570.60      50.2796      2.83896
      4572.00      49.9849      2.87551
      4573.40      49.3259      2.92056
      4574.80      48.2532      2.72804
      4576.20      48.1171      2.84741
      4577.60      49.1170      2.74994
      4579.00      52.4672      2.96346
      4580.40      52.3759      2.82697
      4581.80      49.4010      2.85735
      4583.20      49.1642      2.88749
      4584.60      50.3276      2.91478
      4586.00      48.6398      2.80694
      4587.40      48.4978      2.82673
      4588.80      48.8763      2.75101
      4590.20      50.1895      2.74443
      4591.60      48.6765      2.96526
      4593.00      49.7762      2.80635
      4594.40      48.3816      2.83739
      4595.80      48.3430      2.85128
      4597.20      49.8813      2.90250
      4598.60      50.8391      3.14386
      4600.00      51.9059      3.00795
      4601.40      48.7598      2.90267
      4602.80      49.1590      2.99826
      4604.20      50.6952      2.92556
      4605.60      49.5371      2.98542
      4607.00      49.9462      2.88088
      4608.40      49.2180      2.88184
      4609.80      49.3311      2.85773
      4611.20      49.0025      2.87729
      4612.60      48.8355      2.83974
      4614.00      50.1828      3.01828
      4615.40      50.2115      2.92365
      4616.80      47.7896      2.83608
      4618.20      48.6060      2.85000
      4619.60      49.1572      2.82085
      4621.00      47.9312      2.81630
      4622.40      48.5294      2.68518
      4623.80      49.0358      2.84804
      4625.20      47.7888      2.76029
      4626.60      48.2137      2.79187
      4628.00      49.5008      2.74641
      4629.40      48.4095      2.71777
      4630.80      48.5870      2.70599
      4632.20      48.2823      2.84845
      4633.60      50.1573      2.95082
      4635.00      49.1309      2.94333
      4636.40      49.6175      2.81977
      4637.80      47.7916      2.81192
      4639.20      49.3131      2.89756
      4640.60      50.6659      2.85010
      4642.00      51.2355      2.81961
      4643.40      50.6840      2.77142
      4644.80      50.2901      2.70659
      4646.20      48.1965      2.76674
      4647.60      49.2316      2.72151
      4649.00      48.1169      2.67837
      4650.40      48.1508      2.75326
      4651.80      50.6222      2.76592
      4653.20      49.4155      2.76668
      4654.60      50.6636      2.68808
      4656.00      44.7802      2.56245
      4657.40      49.2512      2.77763
      4658.80      44.9622      2.67687
      4660.20      48.8470      2.90106
      4661.60      46.3423      2.81811
      4663.00      48.2082      2.87270
      4664.40      48.7294      2.68563
      4665.80      47.7052      2.72555
      4667.20      52.4390      2.91859
      4668.60      48.0488      2.82581
      4670.00      46.0358      2.77678
      4671.40      48.4365      2.74922
      4672.80      47.1014      2.66293
      4674.20      46.1513      2.74005
      4675.60      57.1651      3.11639
      4677.00      46.1779      2.67317
      4678.40      48.4079      2.69681
      4679.80      48.1621      2.69473
      4681.20      48.4526      2.79487
      4682.60      48.1377      2.81025
      4684.00      50.1103      2.78336
      4685.40      48.6135      2.73046
      4686.80      48.4601      2.70212
      4688.20      45.9698      2.64380
      4689.60      47.8994      2.67950
      4691.00      46.8928      2.72966
      4692.40      50.0308      2.69215
      4693.80      48.6501      2.66510
      4695.20      47.4473      2.77822
      4696.60      48.5994      2.83424
      4698.00      48.5889      2.83828
      4699.40      47.5412      2.79554
      4700.80      48.0857      2.64975
      4702.20      47.6200      2.74932
      4703.60      49.4421      2.81460
      4705.00      49.7252      2.97914
      4706.40      47.3581      2.81636
      4707.80      49.1935      2.90950
      4709.20      49.7024      2.88556
      4710.60      49.2271      2.88553
      4712.00      47.6049      2.90175
      4713.40      46.4276      2.82976
      4714.80      47.4270      2.82186
      4716.20      47.9791      2.74898
      4717.60      48.7226      2.65915
      4719.00      46.7414      2.76101
      4720.40      47.4047      2.78769
      4721.80      48.6131      2.79123
      4723.20      46.6573      2.69206
      4724.60      47.2042      2.87887
      4726.00      49.7144      3.00544
      4727.40      49.2404      2.86206
      4728.80      48.4688      2.65691
      4730.20      45.1204      2.67969
      4731.60      49.0204      2.78784
      4733.00      48.1305      2.65516
      4734.40      49.4894      2.76122
      4735.80      47.8969      2.89115
      4737.20      47.4446      3.03569
      4738.60      49.1846      2.92696
      4740.00      48.6353      2.71812
      4741.40      45.6050      2.64143
      4742.80      45.9895      2.72487
      4744.20      47.8637      2.78030
      4745.60      47.6085      2.61681
      4747.00      49.0247      2.57994
      4748.40      46.8236      2.59530
      4749.80      47.2327      2.49666
      4751.20      47.4605      2.67277
      4752.60      45.9881      2.67296
      4754.00      46.2176      2.60451
      4755.40      45.7884      2.58332
      4756.80      46.5831      2.57143
      4758.20      46.2854      2.52594
      4759.60      45.3557      2.46333
      4761.00      47.4126      2.62438
      4762.40      48.4500      2.60737
      4763.80      45.5600      2.51665
      4765.20      44.5654      2.42933
      4766.60      46.0278      2.55012
      4768.00      45.2592      2.50637
      4769.40      46.8555      2.54879
      4770.80      46.7170      2.58111
      4772.20      45.1326      2.61062
      4773.60      45.2715      2.47730
      4775.00      43.4497      2.42626
      4776.40      44.6310      2.53928
      4777.80      49.7552      2.71269
      4779.20      46.5436      2.70027
      4780.60      44.2368      2.67216
      4782.00      44.8443      2.72518
      4783.40      44.5184      2.73912
      4784.80      43.8019      2.72018
      4786.20      47.9377      2.60215
      4787.60      44.6364      2.43483
      4789.00      44.3284      2.44976
      4790.40      46.2592      2.60489
      4791.80      46.3985      2.52141
      4793.20      46.4425      2.56238
      4794.60      46.3031      2.57980
      4796.00      45.2234      2.58301
      4797.40      45.5580      2.60525
      4798.80      45.1153      2.70763
      4800.20      45.3049      2.67708
      4801.60      46.3939      2.59348
      4803.00      44.2949      2.68969
      4804.40      46.1795      2.66735
      4805.80      45.9400      2.61083
      4807.20      43.0126      2.50647
      4808.60      45.2576      2.53085
      4810.00      44.6733      2.89161
      4811.40      50.2254      2.96332
      4812.80      45.3354      2.57310
      4814.20      45.7940      2.50851
      4815.60      43.1980      2.48230
      4817.00      46.9486      2.62152
      4818.40      47.0078      2.56621
      4819.80      43.6666      2.46447
      4821.20      45.6897      2.50811
      4822.60      46.2824      2.56945
      4824.00      47.2021      2.48498
      4825.40      45.4173      2.45757
      4826.80      46.0682      2.49363
      4828.20      47.9659      2.55548
      4829.60      46.6245      2.56700
      4831.00      44.3211      2.41087
      4832.40      44.5377      2.44154
      4833.80      44.8626      2.48568
      4835.20      43.1270      2.39570
      4836.60      45.5108      2.53608
      4838.00      44.0158      2.47809
      4839.40      46.3911      2.56064
      4840.80      45.0032      2.55488
      4842.20      45.0593      2.50632
      4843.60      41.8782      2.39117
      4845.00      43.8882      2.46738
      4846.40      41.4617      2.52949
      4847.80      42.8993      2.58521
      4849.20      41.7053      2.55954
      4850.60      41.6185      2.50200
      4852.00      40.6809      2.47301
      4853.40      41.2001      2.48618
      4854.80      40.8525      2.33221
      4856.20      38.7082      2.38441
      4857.60      36.6210      2.31364
      4859.00      34.3500      2.26448
      4860.40      31.5684      2.16274
      4861.80      28.4520      2.01364
      4863.20      23.7132      1.92614
      4864.60      18.8944      1.75578
      4866.00      21.8784      1.77891
      4867.40      27.3066      2.00146
      4868.80      33.9324      2.32342
      4870.20      34.1384      2.30320
      4871.60      36.6483      2.23911
      4873.00      35.6532      2.20877
      4874.40      36.0216      2.31043
      4875.80      36.2849      2.32766
      4877.20      37.9057      2.32740
      4878.60      38.7183      2.35425
      4880.00      40.1416      2.34624
      4881.40      41.4478      2.44179
      4882.80      41.6747      2.44071
      4884.20      42.2783      2.41600
      4885.60      41.8673      2.33664
      4887.00      40.8773      2.33651
      4888.40      43.6146      2.45834
      4889.80      44.5338      2.90873
      4891.20      43.0721      3.02930
      4892.60      42.9924      2.43227
      4894.00      39.9491      2.38802
      4895.40      41.9369      2.36900
      4896.80      40.1032      2.37580
      4898.20      42.2362      2.35858
      4899.60      42.7568      2.38997
      4901.00      42.8923      2.43607
      4902.40      44.2060      2.48326
      4903.80      42.2957      2.43251
      4905.20      43.7943      2.41135
      4906.60      44.9668      2.67155
      4908.00      41.7205      2.99660
      4909.40      43.7761      2.41723
      4910.80      45.2598      2.57293
      4912.20      42.7762      2.61410
      4913.60      42.3079      2.72477
      4915.00      45.1620      2.53599
      4916.40      41.4855      2.40518
      4917.80      44.6824      2.44161
      4919.20      44.4227      3.29733
      4920.60      45.7275      2.90197
      4922.00      43.5687      2.39031
      4923.40      42.0376      2.42089
      4924.80      43.3211      2.34312
      4926.20      43.0207      2.32284
      4927.60      41.3123      2.34196
      4929.00      42.7742      2.34420
      4930.40      44.7860      2.40196
      4931.80      43.3260      2.38271
      4933.20      43.9144      2.37571
      4934.60      42.9523      2.40209
      4936.00      43.4847      2.55658
      4937.40      42.1730      2.54934
      4938.80      43.8777      2.45762
      4940.20      42.3298      2.35969
      4941.60      41.9053      2.36831
      4943.00      44.2039      2.39902
      4944.40      43.4200      2.41634
      4945.80      43.6117      2.33698
      4947.20      44.2069      2.42137
      4948.60      42.9213      2.46650
      4950.00      43.4768      2.58970
      4951.40      45.7563      2.52355
      4952.80      44.6816      2.46480
      4954.20      42.7196      2.32431
      4955.60      41.7672      2.36831
      4957.00      42.1137      2.34021
      4958.40      44.0910      2.37173
      4959.80      41.5003      2.43152
      4961.20      39.7826      2.41037
      4962.60      42.7140      2.40995
      4964.00      44.0839      2.38639
      4965.40      43.6688      2.38178
      4966.80      42.7786      2.29815
      4968.20      42.9978      2.32611
      4969.60      44.0486      2.34383
      4971.00      42.7175      2.46408
      4972.40      42.6122          Inf
      4973.80      42.5069          Inf
      4975.20      42.4016          Inf
      4976.60      42.2963          Inf
      4978.00      42.1910          Inf
      4979.40      42.0857      2.34987
      4980.80      42.8169      2.36627
      4982.20      41.9452      2.39415
      4983.60      42.0036      2.32202
      4985.00      42.3423      2.36978
      4986.40      42.3789      2.34485
      4987.80      43.3138      2.48649
      4989.20      43.8414      2.36158
      4990.60      43.2124      2.48775
      4992.00      43.1363      2.65571
      4993.40      41.7127      2.44392
      4994.80      42.5144      2.35318
      4996.20      42.4966      2.32037
      4997.60      41.4885      2.36521
      4999.00      42.3062      2.38355
