      3900.00      542.484      23.7861
      3901.40      578.663      24.7313
      3902.80      557.803      24.1543
      3904.20      548.622      23.9176
      3905.60      590.014      25.4893
      3907.00      608.297      26.1087
      3908.40      613.693      26.3459
      3909.80      615.613      26.1968
      3911.20      601.307      25.5389
      3912.60      588.702      26.0622
      3914.00      629.271      26.6840
      3915.40      616.151      26.0126
      3916.80      632.859      26.2205
      3918.20      650.809      26.4219
      3919.60      633.499      26.1084
      3921.00      633.249      25.7683
      3922.40      630.222      25.6948
      3923.80      636.881      25.7207
      3925.20      608.482      25.1616
      3926.60      596.933      24.3983
      3928.00      540.062      22.4587
      3929.40      434.916      19.0717
      3930.80      244.365      13.5904
      3932.20      265.478      13.9104
      3933.60      416.328      18.4076
      3935.00      554.372      22.4585
      3936.40      604.039      24.7726
      3937.80      623.719      24.4911
      3939.20      653.348      25.6254
      3940.60      617.141      25.0675
      3942.00      586.312      23.8646
      3943.40      626.088      25.1317
      3944.80      608.062      24.2192
      3946.20      605.360      24.1937
      3947.60      593.545      23.9984
      3949.00      585.256      23.8188
      3950.40      602.724      24.3811
      3951.80      604.425      24.0481
      3953.20      595.103      23.9963
      3954.60      577.527      23.4321
      3956.00      553.555      22.6908
      3957.40      550.206      22.6591
      3958.80      543.682      22.4504
      3960.20      475.305      20.3886
      3961.60      474.552      20.4505
      3963.00      429.584      18.2557
      3964.40      327.491      15.2691
      3965.80      202.596      11.7373
      3967.20      152.305      10.2911
      3968.60      236.249      12.8524
      3970.00      334.485      16.3413
      3971.40      409.221      18.5022
      3972.80      441.229      19.9338
      3974.20      511.077      21.9023
      3975.60      483.172      21.7991
      3977.00      554.640      23.8617
      3978.40      575.359      24.1972
      3979.80      556.709      23.8949
      3981.20      568.850      24.1757
      3982.60      583.766      24.1496
      3984.00      564.141      23.8198
      3985.40      610.607      24.9114
      3986.80      593.198      24.2519
      3988.20      631.571      25.1993
      3989.60      633.588      25.0335
      3991.00      641.250      25.1969
      3992.40      634.642      25.0078
      3993.80      600.056      23.9118
      3995.20      614.846      24.3850
      3996.60      651.749      25.2784
      3998.00      647.713      25.0515
      3999.40      650.150      25.1523
      4000.80      631.157      24.5998
      4002.20      639.512      24.4043
      4003.60      598.996      23.8083
      4005.00      712.120      26.5374
      4006.40      789.472      29.0801
      4007.80      627.608      24.5564
      4009.20      684.034      25.2202
      4010.60      631.370      24.5115
      4012.00      673.217      25.4404
      4013.40      650.549      24.8178
      4014.80      652.417      25.2857
      4016.20      675.178      25.1549
      4017.60      651.252      24.9495
      4019.00      660.917      25.0797
      4020.40      629.405      24.5122
      4021.80      680.930      25.3549
      4023.20      648.452      24.8181
      4024.60      652.053      24.9574
      4026.00      646.318      24.7904
      4027.40      631.814      24.1474
      4028.80      620.324      23.9190
      4030.20      637.665      24.3702
      4031.60      642.621      24.4897
      4033.00      660.481      24.7898
      4034.40      665.530      25.1960
      4035.80      662.020      25.0968
      4037.20      649.641      24.8252
      4038.60      654.518      24.9267
      4040.00      627.056      24.3176
      4041.40      647.151      24.6319
      4042.80      617.923      23.7787
      4044.20      635.558      24.1479
      4045.60      635.583      24.3841
      4047.00      633.522      24.3790
      4048.40      645.699      24.6554
      4049.80      646.095      24.5642
      4051.20      626.653      24.2155
      4052.60      653.077      24.7638
      4054.00      646.962      24.8597
      4055.40      616.235      23.9320
      4056.80      635.199      24.2080
      4058.20      638.724      24.5776
      4059.60      627.318      24.0388
      4061.00      590.667      22.8905
      4062.40      604.206      23.7787
      4063.80      625.825      24.0285
      4065.20      628.036      24.6429
      4066.60      638.468      24.2556
      4068.00      629.286      24.3335
      4069.40      609.169      23.8741
      4070.80      618.766      24.1015
      4072.20      636.581      24.5128
      4073.60      617.757      23.9424
      4075.00      598.930      23.4166
      4076.40      582.239      22.9806
      4077.80      623.561      23.7813
      4079.20      600.686      23.4952
      4080.60      600.769      23.4414
      4082.00      608.669      23.3649
      4083.40      568.370      22.4364
      4084.80      581.446      22.3206
      4086.20      565.817      21.8291
      4087.60      573.836      22.1237
      4089.00      522.603      20.8887
      4090.40      515.244      20.4189
      4091.80      505.744      19.9571
      4093.20      479.761      19.3862
      4094.60      448.505      18.0707
      4096.00      401.862      16.7728
      4097.40      359.231      15.3036
      4098.80      263.036      12.7876
      4100.20      266.280      12.5958
      4101.60      367.507      15.4673
      4103.00      416.688      17.0833
      4104.40      465.038      18.4459
      4105.80      478.249      18.9649
      4107.20      481.742      19.1425
      4108.60      514.981      20.1101
      4110.00      557.225      21.4827
      4111.40      537.520      21.0577
      4112.80      587.004      22.0084
      4114.20      564.626      21.6839
      4115.60      585.247      22.1400
      4117.00      581.049      22.2142
      4118.40      589.311      22.4100
      4119.80      589.399      22.4192
      4121.20      613.240      22.9271
      4122.60      593.161      22.6164
      4124.00      597.341      22.3144
      4125.40      567.117      21.8339
      4126.80      592.543      22.4726
      4128.20      585.030      22.2183
      4129.60      589.158      22.1457
      4131.00      596.302      22.7915
      4132.40      602.449      22.6513
      4133.80      615.348      23.0774
      4135.20      619.783      23.2489
      4136.60      650.569      23.9029
      4138.00      618.165      23.2547
      4139.40      611.671      23.0404
      4140.80      611.769      22.8930
      4142.20      586.129      22.4011
      4143.60      606.966      22.6218
      4145.00      622.382      23.3324
      4146.40      615.666      23.2161
      4147.80      611.757      23.0850
      4149.20      609.629      22.7483
      4150.60      599.907      22.3630
      4152.00      589.327      22.1449
      4153.40      628.050      23.1555
      4154.80      601.891      22.3933
      4156.20      585.157      22.1288
      4157.60      599.531      22.2569
      4159.00      599.649      22.3296
      4160.40      593.636      22.2317
      4161.80      616.001      22.8367
      4163.20      632.093      23.2185
      4164.60      623.267      22.9799
      4166.00      611.658      22.6335
      4167.40      587.342      21.9797
      4168.80      586.821      21.7376
      4170.20      560.675      21.2121
      4171.60      571.864      21.3286
      4173.00      597.686      21.9995
      4174.40      565.895      21.3485
      4175.80      579.816      21.4495
      4177.20      582.899      21.5684
      4178.60      604.401      22.2211
      4180.00      608.783      22.4456
      4181.40      609.669      22.1895
      4182.80      605.396      22.3178
      4184.20      578.431      21.4023
      4185.60      572.255      21.3769
      4187.00      599.176      21.8044
      4188.40      594.758      21.9762
      4189.80      611.211      22.4342
      4191.20      628.981      22.7940
      4192.60      598.202      22.1498
      4194.00      611.715      22.5815
      4195.40      578.410      21.1887
      4196.80      575.288      21.2495
      4198.20      569.238      21.1279
      4199.60      576.405      21.0852
      4201.00      598.138      21.8709
      4202.40      590.321      21.7155
      4203.80      603.315      22.0071
      4205.20      600.515      21.9125
      4206.60      590.052      21.6852
      4208.00      611.428      22.2901
      4209.40      629.127      22.7052
      4210.80      598.417      21.9710
      4212.20      586.550      21.4777
      4213.60      567.652      21.1735
      4215.00      588.162      21.4906
      4216.40      586.380      21.6603
      4217.80      626.376      22.3537
      4219.20      582.925      21.7894
      4220.60      621.156      22.5319
      4222.00      565.511      20.9962
      4223.40      557.283      20.5769
      4224.80      544.168      20.1465
      4226.20      589.412      21.7317
      4227.60      611.822      22.1052
      4229.00      592.049      21.5758
      4230.40      551.449      20.4909
      4231.80      563.272      20.7500
      4233.20      599.154      21.7042
      4234.60      584.506      21.3978
      4236.00      584.964      21.4544
      4237.40      598.934      21.8114
      4238.80      595.833      21.7114
      4240.20      605.046      21.9399
      4241.60      609.212      21.9912
      4243.00      590.915      21.5079
      4244.40      575.814      21.1165
      4245.80      577.356      21.0632
      4247.20      573.311      20.9158
      4248.60      574.195      21.0457
      4250.00      580.162      20.9973
      4251.40      568.704      20.7806
      4252.80      581.539      21.2284
      4254.20      589.563      21.4602
      4255.60      604.271      21.8036
      4257.00      570.725      20.5777
      4258.40      559.557      20.5941
      4259.80      581.665      21.0142
      4261.20      585.382      21.3405
      4262.60      595.387      21.3553
      4264.00      601.878      21.7776
      4265.40      597.016      21.6088
      4266.80      592.247      21.3853
      4268.20      557.972      20.3731
      4269.60      539.425      20.0852
      4271.00      598.193      21.6372
      4272.40      578.929      21.0880
      4273.80      571.172      20.7732
      4275.20      583.276      21.4472
      4276.60      600.734      21.5087
      4278.00      608.018      21.8917
      4279.40      564.760      20.5023
      4280.80      559.050      20.6505
      4282.20      599.936      21.4951
      4283.60      591.115      21.4740
      4285.00      589.073      21.3639
      4286.40      545.525      20.0094
      4287.80      531.420      19.6292
      4289.20      575.599      21.0122
      4290.60      570.403      20.6108
      4292.00      541.753      20.0427
      4293.40      570.141      20.6518
      4294.80      586.471      21.2451
      4296.20      552.017      20.1173
      4297.60      530.361      19.4189
      4299.00      520.781      19.2324
      4300.40      534.325      19.5770
      4301.80      559.889      20.2788
      4303.20      557.277      20.2393
      4304.60      552.220      19.9167
      4306.00      509.928      19.0869
      4307.40      547.510      19.7444
      4308.80      542.948      19.7842
      4310.20      558.529      19.9328
      4311.60      512.430      18.9784
      4313.00      521.891      18.9616
      4314.40      544.162      19.7810
      4315.80      544.603      19.8349
      4317.20      528.818      19.0871
      4318.60      531.756      19.4822
      4320.00      533.176      19.2646
      4321.40      497.688      18.3915
      4322.80      495.852      18.1226
      4324.20      483.153      18.0819
      4325.60      519.203      18.8399
      4327.00      514.170      18.7263
      4328.40      479.711      17.8802
      4329.80      472.347      17.6134
      4331.20      470.493      17.4114
      4332.60      425.239      16.0357
      4334.00      382.932      14.8127
      4335.40      344.267      13.4186
      4336.80      269.290      11.4714
      4338.20      223.798      9.96171
      4339.60      292.493      11.7964
      4341.00      349.954      13.5403
      4342.40      411.016      15.6507
      4343.80      440.565      16.5069
      4345.20      475.445      17.4350
      4346.60      462.821      17.2840
      4348.00      489.025      17.7693
      4349.40      469.803      17.5978
      4350.80      500.592      18.3505
      4352.20      503.404      18.4250
      4353.60      526.771      19.0139
      4355.00      534.955      19.4584
      4356.40      539.584      19.4736
      4357.80      531.827      19.5017
      4359.20      549.825      19.8514
      4360.60      553.307      20.4320
      4362.00      552.591      19.6647
      4363.40      555.573      20.0988
      4364.80      557.878      20.0684
      4366.20      552.916      20.0683
      4367.60      553.309      19.8862
      4369.00      561.371      20.0757
      4370.40      546.826      19.7769
      4371.80      546.581      19.6008
      4373.20      524.255      19.1773
      4374.60      552.109      19.8445
      4376.00      570.928      20.3666
      4377.40      556.371      20.0345
      4378.80      553.332      19.7307
      4380.20      537.114      19.6603
      4381.60      518.447      18.8502
      4383.00      525.376      19.1854
      4384.40      551.221      19.5272
      4385.80      562.532      20.3154
      4387.20      569.147      20.2955
      4388.60      557.675      20.0546
      4390.00      558.953      19.9978
      4391.40      526.950      19.2312
      4392.80      530.549      19.2100
      4394.20      554.260      20.0066
      4395.60      556.440      19.8984
      4397.00      531.240      19.5200
      4398.40      538.698      19.4486
      4399.80      557.540      19.9018
      4401.20      551.214      19.8874
      4402.60      559.241      20.0450
      4404.00      555.120      20.1530
      4405.40      567.784      20.1368
      4406.80      564.271      20.3651
      4408.20      571.604      20.4137
      4409.60      552.460      19.7740
      4411.00      551.159      19.8719
      4412.40      541.350      19.4131
      4413.80      521.127      18.9997
      4415.20      527.820      18.8683
      4416.60      554.898      19.8578
      4418.00      555.635      19.8587
      4419.40      546.510      19.6037
      4420.80      565.403      20.2903
      4422.20      543.310      19.4749
      4423.60      541.234      19.3497
      4425.00      550.086      19.7061
      4426.40      548.844      19.3552
      4427.80      538.979      19.5393
      4429.20      546.265      19.5418
      4430.60      554.349      19.6632
      4432.00      531.301      19.1328
      4433.40      549.702      19.5046
      4434.80      550.155      19.7739
      4436.20      569.076      20.1689
      4437.60      547.383      19.6236
      4439.00      537.999      19.2535
      4440.40      514.090      18.3686
      4441.80      519.385      18.9113
      4443.20      541.655      19.2713
      4444.60      551.826      19.5452
      4446.00      550.751      19.5931
      4447.40      552.109      19.6837
      4448.80      532.200      19.1146
      4450.20      553.495      19.6166
      4451.60      540.067      19.2448
      4453.00      534.166      19.0266
      4454.40      538.155      19.1470
      4455.80      527.700      18.8967
      4457.20      540.295      19.1930
      4458.60      549.649      19.5188
      4460.00      543.141      19.4134
      4461.40      555.785      19.6636
      4462.80      547.814      19.6518
      4464.20      536.884      19.0276
      4465.60      509.796      18.4669
      4467.00      528.844      18.8477
      4468.40      535.131      19.1248
      4469.80      530.458      18.9846
      4471.20      543.489      19.2795
      4472.60      548.650      19.5586
      4474.00      531.864      19.0849
      4475.40      541.449      19.1468
      4476.80      514.828      18.5634
      4478.20      509.362      18.2423
      4479.60      527.340      18.8044
      4481.00      529.385      18.9190
      4482.40      533.620      18.9577
      4483.80      579.149      21.6676
      4485.20      574.106      20.0648
      4486.60      523.009      18.9247
      4488.00      530.513      18.8882
      4489.40      532.739      19.0216
      4490.80      535.568      19.0471
      4492.20      531.666      18.7975
      4493.60      524.555      18.8861
      4495.00      543.562      19.2797
      4496.40      529.179      18.8699
      4497.80      516.691      18.6312
      4499.20      518.586      18.3750
      4500.60      535.498      19.1976
      4502.00      526.639      18.8716
      4503.40      554.993      19.4665
      4504.80      528.773      19.1235
      4506.20      519.338      18.3199
      4507.60      546.332      19.2801
      4509.00      540.290      19.1928
      4510.40      537.408      19.0661
      4511.80      517.748      18.6587
      4513.20      542.077      18.9708
      4514.60      523.927      18.7158
      4516.00      541.064      19.0686
      4517.40      530.464      18.9016
      4518.80      522.645      18.5723
      4520.20      522.908      18.5281
      4521.60      524.508      18.7468
      4523.00      545.854      19.0154
      4524.40      512.726      18.3918
      4525.80      513.637      18.2727
      4527.20      513.358      18.3498
      4528.60      532.016      18.6928
      4530.00      514.901      18.3381
      4531.40      498.054      17.9091
      4532.80      502.288      17.9730
      4534.20      524.114      18.5759
      4535.60      540.103      18.9822
      4537.00      532.630      18.8561
      4538.40      540.817      19.0959
      4539.80      537.007      19.1045
      4541.20      547.342      19.1503
      4542.60      524.168      18.7096
      4544.00      542.104      19.1049
      4545.40      534.283      18.6948
      4546.80      485.493      17.6687
      4548.20      520.238      18.5355
      4549.60      532.646      18.8232
      4551.00      518.503      18.4318
      4552.40      495.334      17.8799
      4553.80      493.771      17.8555
      4555.20      510.146      18.2308
      4556.60      538.380      18.9945
      4558.00      544.178      19.2179
      4559.40      530.334      18.8056
      4560.80      519.061      18.5107
      4562.20      511.685      18.3502
      4563.60      535.095      18.8255
      4565.00      534.312      18.9398
      4566.40      539.106      19.0089
      4567.80      508.516      18.1268
      4569.20      504.408      18.1529
      4570.60      528.849      18.6530
      4572.00      532.298      18.8303
      4573.40      545.260      19.1883
      4574.80      535.429      18.8696
      4576.20      537.427      19.2584
      4577.60      526.218      18.5028
      4579.00      517.719      18.3054
      4580.40      498.170      17.7389
      4581.80      501.303      17.7181
      4583.20      526.285      18.6405
      4584.60      514.807      18.2564
      4586.00      528.098      18.6920
      4587.40      528.109      18.6911
      4588.80      512.186      18.1645
      4590.20      539.148      18.8315
      4591.60      521.995      18.2238
      4593.00      510.617      18.4055
      4594.40      527.416      18.4546
      4595.80      522.323      18.4712
      4597.20      531.318      18.5978
      4598.60      526.462      18.5353
      4600.00      522.779      18.3931
      4601.40      514.748      18.2356
      4602.80      526.878      18.4661
      4604.20      530.071      18.6585
      4605.60      522.130      18.2049
      4607.00      524.844      18.4809
      4608.40      523.638      18.4252
      4609.80      526.917      18.4519
      4611.20      526.064      18.5734
      4612.60      525.266      18.4557
      4614.00      516.540      18.1791
      4615.40      507.509      17.9634
      4616.80      518.645      18.1652
      4618.20      522.631      18.3798
      4619.60      511.652      17.9897
      4621.00      507.035      17.9852
      4622.40      514.611      17.8780
      4623.80      523.328      18.4504
      4625.20      506.004      17.8721
      4626.60      505.196      17.8009
      4628.00      520.399      18.3796
      4629.40      527.249      18.4330
      4630.80      525.739      18.4325
      4632.20      514.426      18.1733
      4633.60      504.229      17.5798
      4635.00      513.091      18.1549
      4636.40      517.539      18.1289
      4637.80      513.762      18.0024
      4639.20      521.887      18.5574
      4640.60      516.758      17.9409
      4642.00      511.525      18.0725
      4643.40      522.997      18.3632
      4644.80      519.388      18.0333
      4646.20      505.946      17.9655
      4647.60      510.406      17.9534
      4649.00      511.157      18.0087
      4650.40      513.352      18.0470
      4651.80      506.081      17.7787
      4653.20      504.483      17.8111
      4654.60      515.254      18.0385
      4656.00      515.218      18.2710
      4657.40      518.561      17.9932
      4658.80      509.506      18.0031
      4660.20      508.862      17.9093
      4661.60      508.546      17.8852
      4663.00      499.472      17.6068
      4664.40      488.120      17.2944
      4665.80      514.555      18.0167
      4667.20      525.453      18.3723
      4668.60      529.978      19.4524
      4670.00      538.777      18.8144
      4671.40      514.002      18.1087
      4672.80      519.377      18.1824
      4674.20      520.872      18.2280
      4675.60      505.275      17.7712
      4677.00      525.739      18.2428
      4678.40      490.498      17.5559
      4679.80      510.712      17.7640
      4681.20      501.511      17.6548
      4682.60      501.292      17.6384
      4684.00      527.183      18.2705
      4685.40      518.196      18.0956
      4686.80      504.829      17.8126
      4688.20      520.524      18.1369
      4689.60      511.229      17.9979
      4691.00      502.584      17.7226
      4692.40      514.668      17.9206
      4693.80      510.821      17.8952
      4695.20      521.526      18.2448
      4696.60      508.518      17.9916
      4698.00      513.573      17.8286
      4699.40      480.603      17.0609
      4700.80      496.390      17.2720
      4702.20      497.889      17.6679
      4703.60      505.498      17.7169
      4705.00      503.539      17.7139
      4706.40      491.279      17.3532
      4707.80      501.971      17.6237
      4709.20      513.542      17.9148
      4710.60      495.012      17.5743
      4712.00      490.368      17.2159
      4713.40      490.646      17.5024
      4714.80      510.063      17.7890
      4716.20      517.830      18.5515
      4717.60      511.551      18.1995
      4719.00      514.311          Inf
      4720.40      517.071          Inf
      4721.80      519.831      18.1917
      4723.20      513.273      18.3592
      4724.60      516.961      17.8238
      4726.00      503.290      17.9398
      4727.40      511.227      17.9458
      4728.80      506.349      17.8673
      4730.20      503.677      17.8415
      4731.60      514.001      18.0423
      4733.00      505.671      17.7938
      4734.40      497.240      17.7349
      4735.80      509.458      17.7670
      4737.20      490.870      17.4142
      4738.60      508.776      17.8639
      4740.00      512.371      18.1227
      4741.40      524.795      18.3145
      4742.80      500.255      17.7214
      4744.20      508.563      17.8630
      4745.60      498.240      17.6151
      4747.00      508.336      17.7835
      4748.40      511.996      17.9405
      4749.80      507.207      17.6951
      4751.20      496.173      17.5499
      4752.60      497.595      17.3496
      4754.00      487.522      17.1751
      4755.40      497.478      17.3210
      4756.80      494.338      17.4135
      4758.20      504.379      17.4238
      4759.60      496.631      17.4395
      4761.00      509.738      17.7910
      4762.40      486.168      16.7880
      4763.80      489.340      17.2490
      4765.20      495.618      17.2256
      4766.60      493.546      17.1762
      4768.00      487.447      17.2041
      4769.40      497.166      17.1153
      4770.80      499.418      17.4777
      4772.20      492.949      17.2869
      4773.60      494.397      17.0619
      4775.00      490.020      17.3191
      4776.40      485.771      16.8863
      4777.80      479.139      16.8847
      4779.20      497.226      17.2624
      4780.60      486.722      17.0329
      4782.00      480.683      16.8326
      4783.40      485.389      16.9914
      4784.80      498.698      17.3269
      4786.20      489.998      17.1138
      4787.60      477.292      16.7342
      4789.00      481.918      16.8844
      4790.40      503.116      17.3410
      4791.80      491.241      17.2346
      4793.20      500.247      17.3879
      4794.60      494.326      17.2335
      4796.00      487.185      16.9732
      4797.40      485.785      17.0209
      4798.80      495.259      17.2108
      4800.20      487.378      16.9992
      4801.60      475.159      16.7160
      4803.00      475.882      16.6805
      4804.40      485.953      16.9287
      4805.80      477.699      16.6619
      4807.20      467.637      16.4254
      4808.60      479.056      16.6933
      4810.00      490.401      17.0377
      4811.40      490.571      17.1002
      4812.80      488.012      16.9246
      4814.20      481.974      16.8830
      4815.60      475.234      16.5919
      4817.00      471.718      16.6050
      4818.40      489.701      16.9536
      4819.80      479.949      16.7579
      4821.20      467.187      16.3838
      4822.60      455.197      16.0720
      4824.00      474.365      16.4841
      4825.40      473.256      16.6171
      4826.80      481.486      16.7991
      4828.20      465.823      16.2843
      4829.60      464.464      16.3435
      4831.00      464.286      16.3942
      4832.40      462.961      16.3362
      4833.80      458.380      16.1914
      4835.20      450.191      15.8375
      4836.60      455.772      16.0549
      4838.00      466.701      16.3097
      4839.40      455.512      16.0373
      4840.80      443.662      15.5884
      4842.20      448.676      15.7826
      4843.60      439.866      15.4584
      4845.00      427.227      15.2685
      4846.40      433.277      15.2841
      4847.80      426.519      15.1845
      4849.20      417.572      14.8605
      4850.60      412.575      14.6299
      4852.00      388.294      14.0971
      4853.40      374.505      13.6045
      4854.80      343.488      12.6956
      4856.20      314.522      11.5278
      4857.60      235.843      9.51933
      4859.00      217.292      8.92841
      4860.40      272.152      10.6239
      4861.80      324.988      11.9262
      4863.20      366.353      13.4243
      4864.60      384.156      13.8773
      4866.00      395.708      14.2158
      4867.40      390.943      14.1199
      4868.80      389.493      14.0508
      4870.20      417.697      14.8422
      4871.60      430.351      15.3493
      4873.00      428.526      15.0935
      4874.40      432.206      15.5368
      4875.80      427.896      15.2614
      4877.20      446.633      15.8130
      4878.60      456.067      15.9646
      4880.00      435.031      15.5525
      4881.40      457.906      15.9982
      4882.80      443.514      15.9182
      4884.20      462.287      16.0992
      4885.60      465.188      16.3367
      4887.00      451.608      15.8944
      4888.40      437.298      16.7662
      4889.80      448.942      15.7549
      4891.20      465.962      16.2833
      4892.60      454.276      15.8297
      4894.00      448.374      15.9955
      4895.40      460.779      15.9813
      4896.80      455.399      16.0260
      4898.20      457.643      16.0194
      4899.60      461.035      16.0995
      4901.00      455.525      15.9394
      4902.40      474.456      16.4844
      4903.80      471.748      16.4125
      4905.20      456.444      16.0382
      4906.60      461.458      16.0362
      4908.00      451.936      15.8307
      4909.40      460.150      16.0103
      4910.80      462.549      16.1774
      4912.20      468.681      16.2537
      4913.60      464.826      16.2643
      4915.00      459.400      15.8532
      4916.40      440.094      15.5812
      4917.80      431.042      15.1314
      4919.20      452.502      15.7219
      4920.60      445.513      15.4607
      4922.00      443.530      15.6014
      4923.40      464.044      16.0354
      4924.80      456.175      15.9410
      4926.20      461.306      16.0000
      4927.60      459.624      15.9884
      4929.00      459.044      15.9320
      4930.40      436.306      15.3760
      4931.80      450.544      15.5554
      4933.20      446.484      15.6835
      4934.60      454.467      15.7569
      4936.00      455.086      16.0392
      4937.40      452.225      15.5836
      4938.80      461.597      16.1085
      4940.20      467.323      16.0911
      4941.60      464.831      16.2522
      4943.00      459.574      15.7940
      4944.40      463.790      16.1564
      4945.80      446.242      15.6216
      4947.20      454.085      15.7664
      4948.60      459.678      15.9227
      4950.00      455.777      15.8148
      4951.40      454.896      15.8409
      4952.80      445.741      15.4388
      4954.20      421.607      14.9183
      4955.60      430.057      15.1030
      4957.00      441.858      15.2348
      4958.40      443.519      15.6124
      4959.80      453.675      15.6973
      4961.20      454.501      15.7634
      4962.60      444.884      15.5583
      4964.00      453.780      15.7484
      4965.40      450.779      15.6893
      4966.80      449.653      15.6243
      4968.20      453.083      15.7993
      4969.60      463.073      15.9313
      4971.00      440.363      15.3949
      4972.40      458.283      15.9234
      4973.80      448.266      15.6567
      4975.20      449.933      15.6341
      4976.60      460.855      15.9445
      4978.00      458.132      15.8329
      4979.40      445.714      15.5715
      4980.80      436.501      15.2290
      4982.20      443.079      15.3866
      4983.60      438.291      15.4222
      4985.00      453.072      15.7605
      4986.40      448.420      15.7314
      4987.80      445.802      15.5508
      4989.20      450.403      15.6172
      4990.60      448.086      15.6057
      4992.00      451.827      15.7001
      4993.40      449.864      15.7112
      4994.80      444.974      15.5155
      4996.20      446.091      15.4911
      4997.60      442.062      15.3538
      4999.00      436.361      15.2417
