3900.9469228322205 592.108642578125 24.33328260999993
3902.3472627532374 650.606689453125 25.50699295199505
3903.747602674253 632.2112426757812 25.143811220174662
3905.1479425952703 624.1861572265625 24.9837178423581
3906.548282516287 581.06689453125 24.105329172845785
3907.948622437304 593.2993774414062 24.35773752714743
3909.3489623583205 677.289306640625 26.024782547422465
3910.7493022793374 693.783203125 26.339764674821982
3912.1496422003534 727.3546142578125 26.96951268113335
3913.54998212137 691.8275146484375 26.302614217002034
3914.950322042387 659.6359252929688 25.683378385503897
3916.350661963404 649.158203125 25.478583224445586
3917.751001884421 624.3562622070312 24.987121927245468
3919.151341805437 618.709228515625 24.87386637649292
3920.551681726454 623.1299438476562 24.962570858139916
3921.9520216474707 637.4157104492188 25.247093108895108
3923.352361568487 661.7118530273438 25.72376047601407
3924.7527014895036 658.5883178710938 25.66297562386509
3926.1530414105214 616.0300903320312 24.819953471592797
3927.553381331537 571.0032958984375 23.895675255125926
3928.953721252554 490.8019104003906 22.154049525998417
3930.3540611735707 376.8630065917969 19.412959758671445
3931.7544010945867 255.31085205078125 15.978449613488202
3933.154741015604 162.8709259033203 12.762089401948268
3934.555080936621 140.83201599121094 11.867266576226006
3935.955420857637 213.1190948486328 14.598599071439452
3937.3557607786543 348.5736389160156 18.670126912156103
3938.756100699671 489.9277038574219 22.134310557535372
3940.156440620687 573.930908203125 23.956855140087253
3941.556780541704 604.0388793945312 24.577202432224283
3942.957120462721 610.3981323242188 24.706236709062324
3944.357460383738 588.885009765625 24.2669530383529
3945.7578003047533 619.916748046875 24.89812740040654
3947.1581402257702 611.5379028320312 24.729292404596443
3948.5584801467876 590.8275756835938 24.30694500926831
3949.958820067804 630.4207153320312 25.10818024732241
3951.359159988821 668.6715698242188 25.858684611252343
3952.759499909837 637.0118408203125 25.23909350234894
3954.1598398308547 677.3701171875 26.026335070222622
3955.5601797518707 656.322265625 25.61878735664512
3956.960519672888 581.8574829101562 24.121722221063656
3958.360859593905 595.357421875 24.39994716951248
3959.7611995149214 658.3558349609375 25.658445684821547
3961.1615394359383 614.1901245117188 24.782859490214577
3962.561879356954 538.9293212890625 23.214851308786418
3963.962219277971 494.2892456054688 22.232616706214966
3965.362559198988 414.29052734375 20.354128017278214
3966.762899120005 277.13375854492193 16.64733487813956
3968.163239041021 187.4329833984375 13.690616618634731
3969.563578962038 163.6513214111328 12.7926276194976
3970.9639188830547 233.02191162109372 15.265055244613224
3972.364258804071 348.3194580078125 18.663318515414467
3973.764598725088 427.4125671386719 20.673958671204502
3975.164938646105 476.5302734375 21.8295733681971
3976.5652785671214 560.2330322265625 23.669242324725193
3977.965618488138 590.8720703125 24.307860257795213
3979.3659584091547 616.3019409179688 24.825429319912452
3980.7662983301707 636.9817504882812 25.238497389668055
3982.1666382511876 636.0615844726562 25.220261387873368
3983.5669781722054 633.2289428710938 25.164040670589724
3984.967318093221 634.9393310546875 25.198002521126302
3986.3676580142383 653.5953979492188 25.56551188513969
3987.767997935255 674.0848999023438 25.963145031030884
3989.168337856272 692.9500732421875 26.323944864746004
3990.568677777288 711.046142578125 26.66544847884852
3991.969017698305 723.3724975585938 26.895585094185883
3993.3693576193214 728.4002685546875 26.98889157699307
3994.7696975403373 696.2044677734375 26.38568679745588
3996.170037461355 639.973876953125 25.29770497403124
3997.570377382372 609.6076049804688 24.690232987569573
3998.9707173033894 646.7080688476562 25.430455537556856
4000.371057224405 708.537841796875 26.618374138870223
4001.771397145422 675.2348022460938 25.985280491964943
4003.1717370664387 678.4177856445312 26.046454377602554
4004.5720769874547 649.0877075195312 25.477199758205987
4005.9724169084725 609.0431518554688 24.67879964373204
4007.372756829489 656.11962890625 25.61483220531124
4008.7730967505054 709.188720703125 26.63059745298864
4010.1734366715223 720.1965942382812 26.836478797306498
4011.5737765925383 704.109375 26.535059355501733
4012.974116513555 691.721435546875 26.300597627180927
4014.374456434572 684.5942993164062 26.164752995516817
4015.774796355589 686.145751953125 26.19438397735524
4017.1751362766054 714.2092895507812 26.724694377125836
4018.5754761976223 703.0682373046875 26.515433945245693
4019.9758161186387 728.022705078125 26.981895876274613
4021.376156039655 732.2018432617188 27.059228430643007
4022.776495960672 678.2937622070312 26.0440734564897
4024.176835881689 661.3580322265625 25.716882241565802
4025.577175802706 690.048828125 26.26878048416028
4026.9775157237214 732.6726684570312 27.067926933125694
4028.3778556447387 719.1460571289062 26.816898723172788
4029.778195565756 663.8616943359375 25.76551366334344
4031.178535486772 625.1696166992188 25.003392103857003
4032.5788754077885 617.7202758789062 24.853979075369526
4033.979215328805 641.6876831054688 25.331555086600364
4035.3795552498223 678.2347412109375 26.042940333436576
4036.779895170839 714.5088500976562 26.730298354071103
4038.180235091856 746.0501098632812 27.313917878314
4039.580575012873 740.5640869140625 27.21330716605504
4040.9809149338894 687.1793212890625 26.21410538792164
4042.381254854906 705.5902099609375 26.56294806607387
4043.781594775922 688.509521484375 26.239464961854214
4045.181934696939 625.0357666015625 25.000715321797543
4046.582274617956 627.0758666992188 25.04148291733576
4047.982614538973 699.4376831054688 26.446884185201643
4049.382954459989 704.2764892578125 26.538208101863482
4050.783294381006 708.1936645507812 26.61190832223013
4052.1836343020227 692.1521606445312 26.30878485685972
4053.583974223039 651.7979125976562 25.530333186185725
4054.9843141440556 632.7628784179688 25.154778441043142
4056.3846540650734 640.7634887695312 25.31330655543703
4057.7849939860894 623.6259155273438 24.97250318905463
4059.185333907106 646.1021728515625 25.4185399433477
4060.5856738281227 697.1260986328125 26.40314562003574
4061.98601374914 677.04248046875 26.020039978231203
4063.386353670156 610.817626953125 24.71472490142516
4064.786693591173 633.2994995117188 25.165442565385547
4066.187033512189 645.79296875 25.412456960120956
4067.5873734332067 633.998046875 25.179317839746968
4068.987713354223 666.175537109375 25.810376539472937
4070.38805327524 683.822265625 26.149995518642065
4071.788393196256 638.4129028320312 25.266834048452356
4073.188733117273 649.1400146484375 25.478226285368404
4074.58907303829 629.1549682617188 25.082961712320152
4075.9894129593054 588.2028198242188 24.252893019683626
4077.3897528803227 561.7705078125 23.701698416200053
4078.7900928013396 570.1290283203125 23.877374820534868
4080.1904327223574 612.3209838867188 24.745120405581353
4081.590772643373 646.5315551757812 25.426984783410344
4082.99111256439 634.189453125 25.18311841541869
4084.3914524854067 612.4927978515625 24.748591835730018
4085.7917924064227 626.9857177734375 25.039682860879797
4087.19213232744 646.4324951171875 25.4250367771059
4088.592472248457 634.4708251953125 25.188704317517256
4089.9928121694734 671.22705078125 25.90804992239381
4091.3931520904903 666.9208984375 25.824811682517648
4092.7934920115063 640.8648071289062 25.315307762871583
4094.193831932523 620.2655639648438 24.905131277807868
4095.59417185354 590.5830688476562 24.301914921414244
4096.9945117745565 566.0255126953125 23.791290689983857
4098.394851695573 525.6041259765625 22.926057794059634
4099.79519161659 457.75299072265625 21.395162787944763
4101.195531537607 373.5415954589844 19.327224204706283
4102.595871458623 356.6803894042969 18.885983940591945
4103.99621137964 445.2443237304688 21.10081334286593
4105.396551300657 511.4761047363281 22.615837475900115
4106.796891221674 546.8934936523439 23.385754074913724
4108.19723114269 556.3594360351561 23.587272755347453
4109.597571063708 565.046875 23.77071465059475
4110.9979109847245 591.1923217773438 24.314446770949647
4112.398250905741 616.6040649414062 24.831513545118554
4113.798590826757 621.82470703125 24.93641327519357
4115.1989307477725 643.4702758789062 25.366715906457152
4116.599270668789 662.29736328125 25.735138687818452
4117.999610589807 631.8665771484375 25.136956401848604
4119.399950510824 584.2180786132812 24.170603604653344
4120.80029043184 596.7958374023438 24.429405179053045
4122.200630352857 609.8844604492188 24.69583892985251
4123.600970273874 618.0578002929688 24.860768296514266
4125.001310194891 623.3091430664062 24.96615995835976
4126.401650115907 614.6054077148438 24.791236510405117
4127.801990036924 597.2881469726562 24.439479269670542
4129.202329957941 598.8541259765625 24.471496194073676
4130.6026698789565 606.020751953125 24.61748874180965
4132.003009799973 581.2447509765625 24.109018042561637
4133.40334972099 562.3603515625 23.71413822095376
4134.803689642007 598.4287719726562 24.46280384528021
4136.204029563024 651.26220703125 25.51983947894755
4137.604369484041 654.6610717773438 25.58634541659562
4139.004709405057 662.6112670898438 25.741236704747575
4140.405049326074 677.6473999023438 26.031661489469776
4141.805389247091 660.0333251953125 25.691113739877306
4143.205729168108 613.6766967773438 24.77249879962342
4144.6060690891245 596.9241943359375 24.432032136847265
4146.006409010141 628.7723388671875 25.075333275296412
4147.406748931157 650.4453735351562 25.50383056592002
4148.807088852174 632.2320556640625 25.14422509571656
4150.207428773191 613.9995727539062 24.779014765601683
4151.607768694207 623.2352294921875 24.964679639286132
4153.008108615224 611.2390747070312 24.723249679340928
4154.408448536241 587.9879150390625 24.248462116989245
4155.808788457259 592.5982055664062 24.34334006594835
4157.209128378274 603.0130004882812 24.556323024595542
4158.609468299291 605.8927001953125 24.614887775395452
4160.0098082203085 627.4441528320312 25.04883535879525
4161.410148141325 625.972412109375 25.01944068338409
4162.8104880623405 622.1128540039062 24.942190240712748
4164.210827983357 640.4905395507812 25.30791456344796
4165.611167904373 660.916015625 25.708286905684712
4167.011507825391 652.9150390625 25.55220223508142
4168.411847746408 629.1382446289062 25.082628343714426
4169.812187667425 616.6913452148438 24.833270932658948
4171.212527588441 572.9653930664062 23.93669553356115
4172.612867509458 523.7192993164061 22.884914230042597
4174.013207430475 510.6919250488281 22.59849386682281
4175.413547351492 523.9513549804689 22.889983726085713
4176.813887272508 543.8999633789061 23.321662963410354
4178.2142271935245 538.1445922851561 23.197943708121116
4179.614567114541 558.3662109375 23.62977382324046
4181.014907035558 591.556396484375 24.321932416738086
4182.415246956574 588.3535766601562 24.256000838146345
4183.815586877591 571.1778564453125 23.899327531236366
4185.215926798608 575.8804321289062 23.997508873399887
4186.616266719625 558.0038452148439 23.62210501235747
4188.016606640642 547.582275390625 23.400475965044492
4189.416946561658 569.1714477539062 23.857314344953128
4190.817286482675 590.6015014648438 24.302294160528213
4192.217626403692 598.5615234375 24.465517027798533
4193.6179663247085 621.7498168945312 24.93491160791494
4195.018306245725 613.0869750976562 24.760593189535186
4196.4186461667405 584.5643920898438 24.177766482655997
4197.818986087758 550.883544921875 23.470908480965857
4199.219326008775 511.5501708984375 22.617474901023712
4200.619665929792 532.6721801757811 23.07969194282673
4202.020005850808 539.9755249023439 23.23737345102376
4203.420345771825 537.4274291992189 23.182481083767087
4204.820685692842 544.8710327148439 23.342472720661878
4206.22102561386 565.8733520507812 23.78809265264412
4207.621365534875 598.665283203125 24.46763746672582
4209.021705455892 592.77392578125 24.3469490035456
4210.422045376909 596.4067993164062 24.42144138490614
4211.8223852979245 606.5790405273438 24.62882539885619
4213.222725218942 599.268310546875 24.479957323224134
4214.623065139958 571.4968872070312 23.906001071007907
4216.023405060975 531.6419067382811 23.057361226694635
4217.423744981992 551.634521484375 23.48690106174876
4218.824084903009 570.4938354492188 23.885012778920984
4220.224424824025 583.1858520507812 24.149241231367522
4221.624764745042 593.5830688476562 24.36356026625945
4223.025104666059 562.9583740234375 23.726743856320393
4224.425444587076 544.1035766601561 23.3260278800347
4225.825784508093 485.9210815429688 22.04361770542596
4227.2261244291085 472.21490478515625 21.73050631681545
4228.626464350125 523.56005859375 22.881434801903268
4230.026804271142 571.0169677734375 23.895961327668687
4231.427144192159 594.1641235351562 24.375482016468027
4232.827484113175 539.383544921875 23.224632288195114
4234.227824034192 506.1461791992188 22.497692752796205
4235.628163955209 522.1290283203125 22.850142851201444
4237.028503876226 538.7416381835939 23.21080864992846
4238.428843797243 535.8510131835939 23.148455956793185
4239.82918371826 531.763671875 23.060001558434465
4241.2295236392765 539.2198486328125 23.221107825269932
4242.629863560293 552.096435546875 23.496732444041555
4244.030203481309 555.861328125 23.576711563002164
4245.4305434023245 541.7786254882811 23.276138543329758
4246.830883323342 518.8338012695311 22.77792355043653
4248.231223244359 509.6550598144531 22.575541185416867
4249.631563165376 503.1891174316406 22.431877260533515
4251.031903086392 519.0059814453125 22.78170277756499
4252.432243007409 547.108642578125 23.390353622340236
4253.832582928426 549.8334350585939 23.448527353729357
4255.232922849443 539.505126953125 23.227249663985724
4256.6332627704605 543.5906982421875 23.315031594278132
4258.033602691476 532.1434936523439 23.06823559902976
4259.433942612493 510.0713195800781 22.584758568115756
4260.8342825335085 503.58282470703125 22.440651164951326
4262.234622454525 519.179931640625 22.78552021878423
4263.634962375543 561.007568359375 23.685598332306807
4265.035302296559 573.8821411132812 23.955837307706055
4266.435642217576 557.6578369140625 23.614780052205916
4267.835982138593 534.1734619140625 23.11219292741523
4269.23632205961 514.8323364257811 22.6899170652028
4270.636661980626 503.2965698242188 22.434272215167105
4272.037001901643 480.509521484375 21.92052739977702
4273.43734182266 474.6569519042969 21.786623233174453
4274.8376817436765 486.17913818359375 22.049470247232556
4276.238021664693 509.1864013671875 22.565159014888142
4277.638361585709 536.285400390625 23.157836694964082
4279.038701506726 529.6419677734375 23.013951589708306
4280.439041427743 536.9765014648439 23.17275342864641
4281.83938134876 527.3331298828125 22.96373510304481
4283.239721269776 500.2291870117188 22.365803965243877
4284.640061190793 495.1818542480469 22.25268195629567
4286.040401111811 504.1465759277344 22.4532085887014
4287.440741032827 488.1455383300781 22.094015894130205
4288.841080953844 454.2120971679688 21.312252278160766
4290.2414208748605 431.5706481933594 20.774278524015205
4291.641760795877 452.1906127929688 21.264773988758236
4293.0421007168925 494.34478759765625 22.23386578167765
4294.44244063791 485.2548522949219 22.028500908934358
4295.842780558925 488.00885009765625 22.090922346014803
4297.243120479943 487.38287353515625 22.076749614360267
4298.64346040096 446.7189025878906 21.135725740742632
4300.043800321977 396.8664245605469 19.921506583603232
4301.444140242993 392.5852355957031 19.813763791761097
4302.84448016401 407.6606140136719 20.19060707392603
4304.244820085027 442.77728271484375 21.0422737059198
4305.645160006044 460.8804321289063 21.468125957542412
4307.045499927061 446.2113342285156 21.123714972241878
4308.4458398480765 429.932373046875 20.73481065857306
4309.846179769093 438.9891357421875 20.95206757678553
4311.24651969011 471.9689636230469 21.72484668813676
4312.646859611126 460.9054870605469 21.468709487543652
4314.047199532143 429.8529357910156 20.732895017122324
4315.44753945316 443.3621826171875 21.056167329720466
4316.847879374177 486.47900390625 22.056269038671296
4318.248219295194 497.504150390625 22.30480106144471
4319.648559216211 489.537353515625 22.125491034452207
4321.048899137227 473.2943420410156 21.75532904924712
4322.449239058244 473.2104187011719 21.75340016413921
4323.8495789792605 473.2151794433594 21.753509589106752
4325.249918900277 423.3038024902344 20.57434816683713
4326.6502588212925 412.7144470214844 20.31537464634813
4328.05059874231 448.01416015625 21.166344988123246
4329.450938663327 468.1892395019531 21.63768101026432
4330.851278584344 453.41314697265625 21.293500110894318
4332.251618505361 444.30694580078125 21.07858974886084
4333.651958426377 453.0200500488281 21.28426766531628
4335.052298347394 438.2851867675781 20.935261803177386
4336.452638268412 395.4844665527344 19.886791258338647
4337.8529781894285 340.9362487792969 18.464459070855472
4339.253318110444 282.4077453613281 16.80499167989464
4340.653658031461 242.08807373046875 15.55917972550188
4342.0539979524765 280.3594970703125 16.74393911450685
4343.454337873494 335.1858825683594 18.308082438321044
4344.85467779451 372.2515258789063 19.293820924817
4346.255017715527 408.7063293457031 20.21648657273818
4347.655357636544 444.8562316894531 21.091615198686256
4349.055697557561 445.1219787597656 21.097914085514844
4350.456037478578 420.60919189453125 20.508758906733757
4351.856377399594 398.6676025390625 19.9666622783845
4353.256717320611 417.3039855957031 20.42801962001464
4354.657057241628 459.53411865234375 21.43674692327042
4356.057397162645 468.3413391113281 21.641195417798162
4357.4577370836605 468.2945556640625 21.640114502101472
4358.858077004677 458.8406066894531 21.42056504132076
4360.258416925694 464.4648132324219 21.551445734159504
4361.658756846711 477.9513244628906 21.862097897111582
4363.059096767728 479.655517578125 21.901039189456856
4364.459436688744 491.8482971191406 22.177653102146326
4365.859776609761 484.1554565429688 22.003532819594422
4367.260116530778 462.0655212402344 21.49570936815611
4368.660456451795 447.4961242675781 21.154104194401096
4370.060796372812 446.5572814941406 21.131901984775073
4371.4611362938285 451.7185974121094 21.253672562926845
4372.861476214845 457.5380554199219 21.390139209923856
4374.261816135861 427.9093017578125 20.685968716930144
4375.662156056878 415.7808227539063 20.39070432216372
4377.062495977894 444.3917846679688 21.08060209453157
4378.462835898911 471.1515808105469 21.706026370815707
4379.863175819928 476.5802612304688 21.830718293965244
4381.263515740945 476.1262512207031 21.820317395049575
4382.663855661962 439.4852600097656 20.96390373975624
4384.064195582978 391.6963806152344 19.791320840591574
4385.464535503995 381.4187316894531 19.52994448761832
4386.8648754250125 405.6623840332031 20.141062137663027
4388.265215346029 426.05609130859375 20.641126212215113
4389.665555267045 437.8373718261719 20.924563838373594
4391.0658951880605 441.1717224121094 21.00408823091613
4392.466235109077 437.4436340332031 20.915153215628212
4393.866575030095 421.94281005859375 20.541246555615697
4395.266914951111 400.9744873046875 20.024347362765347
4396.667254872128 426.54486083984375 20.652962519693
4398.067594793145 448.080322265625 21.16790783865106
4399.467934714162 424.41064453125 20.601229199522294
4400.868274635179 394.8955993652344 19.87198025777085
4402.268614556195 408.53021240234375 20.21213032815551
4403.668954477212 428.31329345703125 20.695731285872245
4405.0692943982285 426.4730224609375 20.651223267906854
4406.469634319245 423.3264465332031 20.57489845742144
4407.869974240261 414.9231262207031 20.3696619073735
4409.270314161278 403.0977478027344 20.077294334713887
4410.670654082295 420.7198791503906 20.511457265401468
4412.070994003312 436.7594299316406 20.89879015473481
4413.471333924328 435.4713439941406 20.867950162728985
4414.871673845345 408.30865478515625 20.206648776706054
4416.272013766362 380.7438659667969 19.512659120857844
4417.672353687379 386.3850402832031 19.656679279145884
4419.072693608396 409.40423583984375 20.233740035886687
4420.4730335294125 437.5935974121094 20.918737949792988
4421.873373450429 428.5983276367188 20.702616444225566
4423.2737133714445 416.22357177734375 20.401558072297902
4424.674053292462 429.15185546875 20.71598067842191
4426.074393213479 424.4510803222656 20.602210568826482
4427.474733134495 419.5900573730469 20.48389751421948
4428.875073055512 421.5832214355469 20.53249184671814
4430.275412976529 417.9360046386719 20.4434831826348
4431.675752897546 410.8823547363281 20.270233218597365
4433.076092818562 409.86669921875 20.245164835553947
4434.476432739579 401.31292724609375 20.032796291234376
4435.876772660596 392.6396179199219 19.815136081286997
4437.277112581613 409.8626403808594 20.245064593151078
4438.6774525026285 438.1012573242188 20.930868527708515
4440.077792423645 435.8009338378906 20.875845703537152
4441.478132344662 396.6141052246094 19.915172739010057
4442.878472265678 363.4867248535156 19.0653278191988
4444.278812186696 357.39434814453125 18.904876305983365
4445.679152107712 388.3453979492188 19.706481115339155
4447.079492028729 419.3120422363281 20.47711020228021
4448.479831949746 413.0863037109375 20.324524685978208
4449.880171870763 400.82904052734375 20.020715285107666
4451.28051179178 402.5132751464844 20.062733491388563
4452.680851712796 405.8958435058594 20.14685691381808
4454.0811916338125 389.5708618164063 19.737549539302144
4455.481531554829 368.4837646484375 19.195930939874668
4456.881871475846 374.33233642578125 19.347670051605213
4458.282211396862 384.0780029296875 19.59790812637123
4459.682551317879 383.8437805175781 19.591931515743365
4461.082891238896 377.4900817871094 19.429103988272576
4462.483231159913 377.5407104492188 19.43040685238523
4463.883571080929 382.85089111328125 19.566575865830007
4465.283911001946 380.9907531738281 19.518984429878213
4466.684250922964 386.67669677734375 19.664096642799123
4468.08459084398 370.3810424804688 19.245286240543912
4469.4849307649965 356.39739990234375 18.878490403163696
4470.885270686013 371.6011657714844 19.27695945348966
4472.2856106070285 392.69140625 19.81644282534078
4473.685950528046 407.6019287109375 20.189153739345727
4475.086290449063 415.0035705566406 20.37163642314089
4476.48663037008 410.87725830078125 20.27010750590093
4477.886970291096 407.89788818359375 20.196482074450337
4479.287310212113 401.999267578125 20.049919390813645
4480.68765013313 365.4698486328125 19.117265720620523
4482.087990054147 340.74658203125 18.459322361106597
4483.488329975163 364.67559814453125 19.096481302704206
4484.88866989618 395.671875 19.891502582761312
4486.289009817197 403.618408203125 20.09025654896236
4487.6893497382125 400.5941162109375 20.014847394145615
4489.089689659229 369.5695190429688 19.224190985395687
4490.490029580246 359.55828857421875 18.962022270164614
4491.890369501263 375.9080810546875 19.388349105962774
4493.29070942228 386.7716369628906 19.666510543634594
4494.691049343297 380.5245666503906 19.507038900109638
4496.091389264313 380.31292724609375 19.501613452381157
4497.49172918533 391.7892761230469 19.79366757634994
4498.892069106347 402.3164367675781 20.057827319218255
4500.292409027364 382.5372314453125 19.55855903294802
4501.6927489483805 364.0168762207031 19.07922630036929
4503.0930888693965 389.86181640625 19.744918749041485
4504.493428790413 403.3124694824219 20.08264099869392
4505.893768711429 403.18255615234375 20.079406269916046
4507.294108632446 387.1369323730469 19.675795596952284
4508.694448553463 377.9210205078125 19.44019085574554
4510.09478847448 390.7197570800781 19.766632416273595
4511.495128395497 401.3323974609375 20.03328224382958
4512.895468316514 400.41937255859375 20.010481567383472
4514.29580823753 386.57421875 19.661490756043907
4515.696148158547 373.8009338378906 19.333932187682116
4517.096488079565 373.7181396484375 19.331790906391408
4518.496828000581 378.6916198730469 19.46000051061271
4519.897167921597 374.728759765625 19.35791207144058
4521.2975078426125 371.9781799316406 19.28673585476922
4522.697847763629 360.3589172363281 18.98312190437411
4524.098187684647 354.38525390625 18.825122945315655
4525.498527605664 360.9956970214844 18.999886763385838
4526.89886752668 353.7248229980469 18.807573554237315
4528.299207447697 340.45404052734375 18.451396709391506
4529.699547368714 333.68072509765625 18.266929821337143
4531.099887289731 343.123291015625 18.523587422948747
4532.500227210747 344.4371032714844 18.55901676467491
4533.900567131764 324.5977783203125 18.01659730138609
4535.3009070527805 330.9052429199219 18.190801052178045
4536.701246973797 357.1108093261719 18.897375725908926
4538.101586894813 379.5286865234375 19.48149600321899
4539.501926815829 378.0936279296875 19.444629796673617
4540.902266736847 361.8376770019531 19.022031358452576
4542.302606657864 358.55377197265625 18.93551615279225
4543.702946578881 362.7225341796875 19.04527590190511
4545.103286499898 357.0679931640625 18.896242831951078
4546.503626420914 355.82928466796875 18.863437774381655
4547.903966341931 344.5084228515625 18.560938091905875
4549.304306262948 313.6999816894531 17.71157761718174
4550.7046461839645 319.44671630859375 17.8730723802203
4552.104986104981 347.4614562988281 18.640318031053766
4553.5053260259965 338.4907531738281 18.398118196539237
4554.905665947014 311.8773193359375 17.660048678753338
4556.306005868031 319.84564208984375 17.884228864836295
4557.706345789047 348.0599060058594 18.656363686577816
4559.106685710064 348.40936279296875 18.665726955920274
4560.507025631081 358.81494140625 18.942411182482815
4561.907365552098 361.2578430175781 19.0067841313984
4563.307705473116 339.1220703125 18.415267315803483
4564.708045394131 324.59088134765625 18.016405894285803
4566.108385315148 339.6231994628906 18.428868643052688
4567.508725236165 350.7867126464844 18.729300911846238
4568.9090651571805 356.3443908691406 18.877086397777084
4570.309405078198 348.6313171386719 18.671671514320078
4571.709744999214 330.8953552246094 18.190529272800433
4573.11008492023 331.0566101074219 18.19496111860154
4574.510424841248 349.90228271484375 18.705675147260624
4575.910764762265 347.4036560058594 18.63876755598018
4577.311104683281 343.5331115722656 18.534646248910867
4578.711444604298 342.500244140625 18.50676211930723
4580.111784525315 329.8765869140625 18.16250497354543
4581.512124446332 322.7905578613281 17.966372974569133
4582.912464367348 303.2556457519531 17.41423686964069
4584.3128042883645 301.7828063964844 17.37189702929661
4585.713144209381 321.26068115234375 17.923746292344795
4587.113484130398 334.64337158203125 18.293260277545695
4588.513824051415 330.99945068359375 18.19339030207382
4589.914163972431 324.075439453125 18.002095418398522
4591.314503893448 315.9232482910156 17.77422989305066
4592.714843814465 313.8845520019531 17.716787293466982
4594.115183735482 320.4261779785156 17.900451893137102
4595.515523656499 327.5394287109375 18.098050411879658
4596.915863577516 328.6202392578125 18.127885680845754
4598.316203498533 328.4950256347656 18.12443173274036
4599.7165434195485 325.1354675292969 18.031513179134382
4601.116883340565 321.49029541015625 17.930150456986027
4602.5172232615805 322.4622497558594 17.957233911598394
4603.917563182598 323.2768249511719 17.9799005823495
4605.317903103615 314.77166748046875 17.74180564318268
4606.718243024632 321.72064208984375 17.936572752057284
4608.118582945648 330.1312255859375 18.16951363096815
4609.518922866665 329.99920654296875 18.165880285385807
4610.919262787682 327.5851745605469 18.09931420138749
4612.319602708699 322.0226135253906 17.944988535114494
4613.719942629717 319.5067138671875 17.87475073580573
4615.120282550732 316.9550476074219 17.803231381056133
4616.520622471749 315.88201904296875 17.77307005114673
4617.9209623927645 312.4706115722656 17.67683827985835
4619.321302313781 302.6217041015625 17.396025526009165
4620.721642234798 301.04302978515625 17.35059162637275
4622.121982155815 313.1865539550781 17.697077554078756
4623.522322076832 321.9404602050781 17.942699356704335
4624.922661997849 320.1462707519531 17.892631744714166
4626.323001918865 319.3713073730469 17.870962687360937
4627.723341839882 319.0614929199219 17.862292487805753
4629.123681760899 294.3085021972656 17.1554219475146
4630.524021681916 302.2564392089844 17.38552384051123
4631.924361602933 314.1727294921875 17.724918321171117
4633.3247015239485 303.8853759765625 17.432308394947654
4634.725041444965 303.0644836425781 17.40874733122915
4636.125381365982 305.6523742675781 17.482916640754716
4637.525721286999 299.44940185546875 17.30460637678502
4638.926061208016 302.54669189453125 17.393869376723835
4640.326401129032 306.73162841796875 17.513755405907915
4641.726741050049 301.43896484375 17.361997720416564
4643.127080971066 303.9578552246094 17.43438714795015
4644.527420892083 303.31951904296875 17.416070711930654
4645.927760813099 290.8776550292969 17.055135737639173
4647.328100734117 281.35406494140625 16.773612161410142
4648.728440655133 286.42694091796875 16.924152590838005
4650.128780576149 296.44622802734375 17.21761388890295
4651.5291204971645 298.355712890625 17.272976376138104
4652.929460418181 297.3524475097656 17.243910447162662
4654.329800339199 286.0759582519531 16.913780128994023
4655.730140260216 273.10427856445307 16.525866953490006
4657.130480181233 276.87997436523443 16.639710765672415
4658.530820102249 294.6413879394531 17.16512126200841
4659.931160023266 301.4156188964844 17.361325378452083
4661.331499944283 296.0431823730469 17.205905450543625
4662.731839865301 285.8384094238281 16.906756324730896
4664.1321797863175 279.32760620117193 16.713096846520454
4665.5325197073325 273.31451416015625 16.532226533657113
4666.932859628349 257.30059814453125 16.04059220055579
4668.333199549365 259.9605712890625 16.12329281781679
4669.733539470383 268.78323364257807 16.394609896016984
4671.133879391399 276.30181884765625 16.622328923699477
4672.534219312416 282.5823669433594 16.810186404182417
4673.934559233433 282.7117919921875 16.81403556533016
4675.33489915445 286.1082763671875 16.91473548026062
4676.735239075466 290.43017578125 17.042012081360873
4678.135578996483 280.69290161132807 16.75389213321275
4679.5359189175 271.2293701171875 16.469042780841498
4680.936258838517 276.91226196289057 16.640680934471717
4682.336598759533 275.40396118164057 16.595299370051766
4683.7369386805485 280.0160522460937 16.733680176401535
4685.137278601566 282.8680725097656 16.81868224653066
4686.537618522583 278.7735595703125 16.69651339562582
4687.9379584436 274.99136352539057 16.58286355022529
4689.338298364617 274.3995361328125 16.565009391268468
4690.738638285633 267.33212280273443 16.350294272664772
4692.13897820665 266.03652954101557 16.31062627678703
4693.539318127668 271.9705810546875 16.491530585566867
4694.939658048683 275.72640991210943 16.60501159024315
4696.3399979697 271.8818359375 16.488839738971933
4697.7403378907175 264.55355834960943 16.26510246969288
4699.1406778117325 261.00787353515625 16.15573809936136
4700.54101773275 260.5115966796875 16.140371640073457
4701.941357653766 251.85476684570312 15.869932792727987
4703.341697574782 243.03826904296875 15.589684699921571
4704.7420374958 250.74925231933597 15.835064013742917
4706.142377416817 255.5091552734375 15.984653742681994
4707.542717337834 245.038330078125 15.653700204045208
4708.94305725885 241.2319641113281 15.531643960358096
4710.343397179867 248.6920318603516 15.769972474939568
4711.743737100884 253.94363403320312 15.935608994738894
4713.1440770219015 254.6902618408203 15.959018197897398
4714.5444169429165 244.9678039550781 15.651447343778724
4715.944756863933 248.9430389404297 15.777928854587655
4717.34509678495 257.3978881835937 16.043624533863714
4718.745436705967 256.36825561523443 16.011503852394203
4720.145776626983 254.55502319335938 15.954780574904795
4721.546116548 254.6171722412109 15.956728118295771
4722.946456469017 253.33917236328125 15.916631941566068
4724.346796390034 254.7575836181641 15.961127266523631
4725.747136311051 250.8473358154297 15.838160745977724
4727.147476232068 240.6006774902344 15.511308052199672
4728.547816153084 239.06478881835938 15.461720111887919
4729.948156074101 236.05447387695312 15.364064367118264
4731.348495995117 233.8168487548828 15.291070883194637
4732.748835916134 236.87918090820312 15.390879796431493
4734.14917583715 240.44497680664062 15.506288298836722
4735.549515758167 237.24229431152344 15.402671661485336
4736.949855679184 233.3451232910156 15.275638228598359
4738.350195600201 240.2733154296875 15.500752092388533
4739.750535521217 241.17135620117188 15.529692727197531
4741.150875442234 239.4464874267578 15.47405853119206
4742.551215363251 242.2646789550781 15.564853965106069
4743.951555284269 238.61306762695312 15.447105477303932
4745.351895205284 236.04421997070312 15.36373066578242
4746.7522351263015 236.8689117431641 15.390546180794367
4748.1525750473165 238.5248870849609 15.444250939587873
4749.552914968333 237.80540466308597 15.420940459747776
4750.953254889351 234.35389709472656 15.308621658879893
4752.353594810367 230.1254425048828 15.169886041262234
4753.753934731384 223.5121307373047 14.95032209476788
4755.154274652401 219.978515625 14.831672718375362
4756.554614573418 222.0562744140625 14.901552751779343
4757.954954494435 227.58148193359372 15.0858039869804
4759.355294415451 231.13653564453125 15.203175182985008
4760.755634336468 224.09117126464844 14.969675055412807
4762.155974257485 213.13796997070312 14.59924552744775
4763.5563141785005 210.8418426513672 14.520394025348182
4764.956654099517 214.4264678955078 14.64330795604285
4766.356994020534 216.6806640625 14.720076904095984
4767.757333941551 221.6285552978516 14.8871943393593
4769.157673862568 222.3932342529297 14.912854664782651
4770.558013783584 218.30062866210938 14.775000123929251
4771.958353704601 214.21685791015625 14.636149012296789
4773.358693625618 215.34927368164062 14.674783599141781
4774.759033546635 220.80294799804688 14.859439693273998
4776.159373467652 222.5690155029297 14.91874711572422
4777.559713388669 219.9305725097656 14.83005638929824
4778.9600533096855 216.26361083984372 14.705903945009423
4780.360393230701 215.74609375 14.688297850670104
4781.760733151718 216.2537841796875 14.705569835259276
4783.161073072735 211.9332275390625 14.55792662225849
4784.561412993751 208.3168792724609 14.433186733097473
4785.961752914768 208.8625946044922 14.452079248485049
4787.362092835785 210.40084838867188 14.505200735897173
4788.762432756801 210.1188507080078 14.495476905159341
4790.162772677818 208.8328857421875 14.451051371515758
4791.563112598835 208.55010986328125 14.44126413660803
4792.963452519853 213.59783935546875 14.614986806544463
4794.3637924408695 215.9727935791016 14.696012846316568
4795.764132361885 213.5830993652344 14.614482521294908
4797.164472282901 208.8697052001953 14.45232525236667
4798.564812203917 202.45132446289062 14.228539083928842
4799.965152124935 202.9583740234375 14.246345988478502
4801.365492045952 208.25460815429688 14.431029351861802
4802.765831966968 205.3287506103516 14.329296933567662
4804.166171887985 200.87643432617188 14.17308838348833
4805.566511809002 204.1260223388672 14.287267840243885
4806.966851730019 199.50010681152344 14.124450672911971
4808.367191651035 200.2119140625 14.149625933659872
4809.767531572052 200.83004760742188 14.17145185248928
4811.167871493069 200.3134613037109 14.153213815374617
4812.568211414085 202.6466064453125 14.235399764155291
4813.9685513351005 205.1958465576172 14.324658689044469
4815.368891256118 205.0489501953125 14.319530376213896
4816.769231177135 203.6790313720703 14.271616284502267
4818.169571098152 202.12838745117188 14.217186340875324
4819.569911019169 200.54525756835938 14.161400268630196
4820.970250940185 196.88270568847656 14.031489788631731
4822.370590861202 190.5190887451172 13.802865236794757
4823.770930782219 190.0131378173828 13.7845253025769
4825.171270703236 194.71055603027344 13.953872438512308
4826.571610624253 195.9469451904297 13.99810505712933
4827.9719505452695 192.5699157714844 13.876956286285708
4829.3722904662845 191.3226623535156 13.831943549390143
4830.772630387302 192.4165802001953 13.871430358841705
4832.172970308319 193.8762969970703 13.923946890054928
4833.573310229334 191.7785186767578 13.84841213557561
4834.973650150352 189.034912109375 13.748996767378157
4836.373990071369 188.90663146972656 13.744330884758506
4837.774329992386 187.8252258300781 13.70493436066288
4839.174669913402 185.5507659912109 13.621702022552501
4840.575009834419 184.69122314453125 13.590114905494039
4841.975349755436 185.1688232421875 13.60767515934252
4843.3756896764535 184.29766845703125 13.575627737126238
4844.77602959747 180.94635009765625 13.451630016383005
4846.176369518485 177.16940307617188 13.310499730519957
4847.576709439502 175.21226501464844 13.236776987418367
4848.977049360519 174.22691345214844 13.1995042881219
4850.377389281536 173.16090393066406 13.159061666040785
4851.777729202553 168.39962768554688 12.976888212724454
4853.178069123569 159.07447814941406 12.612473117886676
4854.578409044586 155.1531982421875 12.456050667935944
4855.978748965603 149.80914306640625 12.239654532151071
4857.379088886621 134.67607116699222 11.605001989099021
4858.779428807636 114.06883239746094 10.680301137957718
4860.179768728653 104.80982971191406 10.23766720068171
4861.5801086496695 117.35596466064452 10.833095802246213
4862.980448570686 134.27288818359378 11.587617882187597
4864.380788491702 148.27542114257812 12.176839538344018
4865.781128412719 155.9443359375 12.487767452090866
4867.181468333736 157.9971466064453 12.569691587562732
4868.581808254753 157.6080322265625 12.554203767127667
4869.98214817577 153.15858459472656 12.375725618917324
4871.382488096786 153.93116760253906 12.406899999699323
4872.782828017803 160.021484375 12.649959856655672
4874.183167938821 164.10025024414062 12.81016199133097
4875.5835078598375 163.86965942382812 12.801158518814933
4876.9838477808535 164.9877166748047 12.844754441981546
4878.3841877018685 168.24554443359375 12.970950020472431
4879.784527622885 168.5359344482422 12.982139055188178
4881.184867543903 169.38417053222656 13.014767402156158
4882.585207464919 170.04002380371094 13.039939562885671
4883.985547385936 166.81936645507812 12.915857170744733
4885.385887306953 165.6121063232422 12.869036728646096
4886.786227227971 160.7987060546875 12.680642966927486
4888.186567148987 158.5442352294922 12.59143499484837
4889.586907070003 159.79627990722656 12.641055332021395
4890.987246991021 162.06298828125 12.73039623425956
4892.387586912037 166.87440490722656 12.91798764929068
4893.787926833054 170.74728393554688 13.067030417640684
4895.18826675407 170.86798095703125 13.071647981682771
4896.588606675086 167.89230346679688 12.95732624683028
4897.988946596103 166.34629821777344 12.897530702338857
4899.38928651712 166.2359619140625 12.893252573112127
4900.789626438137 162.7890625 12.758881710400798
4902.189966359153 164.40408325195312 12.822015569010713
4903.59030628017 168.21096801757812 12.969617111448516
4904.990646201187 166.27359008789062 12.89471171015043
4906.390986122204 161.40513610839844 12.704532108991595
4907.791326043221 159.8993377685547 12.645130990565288
4909.1916659642375 155.81967163085938 12.482774997205524
4910.5920058852535 156.62416076660156 12.514957481613813
4911.99234580627 160.64173889160156 12.674452212683654
4913.392685727287 163.0749969482422 12.770082104209127
4914.793025648303 161.40672302246094 12.704594563482178
4916.19336556932 155.3753662109375 12.464965551935453
4917.593705490337 149.5113525390625 12.227483491670005
4918.994045411354 148.1854248046875 12.173143587614808
4920.394385332371 144.6310577392578 12.026265327991805
4921.794725253387 142.8261260986328 11.950988498807654
4923.195065174405 149.43624877929688 12.224412001372372
4924.5954050954215 152.86648559570312 12.363918699008948
4925.995745016437 155.87498474121094 12.484990378098452
4927.396084937454 158.75286865234375 12.59971700683566
4928.79642485847 157.0499725341797 12.53195804869214
4930.196764779487 150.0912628173828 12.25117393629618
4931.597104700504 144.8055877685547 12.033519342592784
4932.99744462152 146.5299835205078 12.104956981357175
4934.397784542537 148.59567260742188 12.1899824695289
4935.798124463554 146.40028381347656 12.099598498027799
4937.198464384571 144.87159729003906 12.036261765599777
4938.598804305588 147.86805725097656 12.160101037860523
4939.999144226604 151.2574920654297 12.298678468251364
4941.399484147621 154.75721740722656 12.440145393331484
4942.7998240686375 152.91477966308594 12.365871569084241
4944.200163989654 151.39833068847656 12.304402898494367
4945.60050391067 154.04225158691406 12.411375894191346
4947.000843831687 154.9735870361328 12.448838782638838
4948.401183752704 151.8551788330078 12.32295333242027
4949.801523673721 151.26376342773438 12.298933426429073
4951.201863594737 151.2932891845703 12.30013370596313
