3900.5547951672706 2280.652099609375 47.7561734188301
3901.9549943245092 2391.90625 48.90711860251021
3903.355193481749 2404.894287109375 49.03972152357082
3904.755392638989 2414.554931640625 49.138120961638585
3906.1555917962282 2423.30908203125 49.22711734431796
3907.555790953468 2494.727294921875 49.94724511844347
3908.955990110707 2586.927490234375 50.86184709813806
3910.356189267947 2603.394775390625 51.02347278841989
3911.7563884251854 2577.245361328125 50.766577207136244
3913.1565875824263 2544.78369140625 50.445849099864006
3914.556786739665 2586.613525390625 50.85876055696428
3915.956985896905 2655.8125 51.53457577199991
3917.3571850541443 2667.294189453125 51.64585355527707
3918.7573842113843 2631.318115234375 51.2963752640903
3920.1575833686243 2614.83056640625 51.1354140142255
3921.557782525863 2596.143798828125 50.952367941324624
3922.957981683103 2542.961669921875 50.42778668474232
3924.3581808403424 2557.752685546875 50.574229460733015
3925.758379997582 2593.6083984375 50.9274817602196
3927.1585791548214 2527.937255859375 50.27859639905807
3928.5587783120613 2508.959716796875 50.08951703497325
3929.9589774693013 2415.596435546875 49.148717537153246
3931.35917662654 2298.094482421875 47.938444722601034
3932.7593757837794 1785.0068359375 42.24934124856268
3934.1595749410194 1328.5477294921875 36.449248682135924
3935.5597740982585 1856.89892578125 43.091750089561806
3936.959973255498 2429.6962890625 49.29194953602971
3938.3601724127375 2588.96484375 50.881871464697525
3939.760371569977 2571.7177734375 50.712106773802056
3941.160570727217 2601.16259765625 51.00159406975678
3942.560769884456 2597.70166015625 50.967653076792246
3943.960969041696 2520.810791015625 50.207676614394586
3945.361168198935 2580.98974609375 50.80344226618655
3946.761367356175 2552.858154296875 50.52581671083482
3948.1615665134136 2496.6533203125 49.96652199535705
3949.5617656706536 2524.328857421875 50.242699543534435
3950.961964827893 2542.623046875 50.4244290684089
3952.362163985133 2489.418212890625 49.89406991708158
3953.7623631423717 2524.033447265625 50.23975962587426
3955.1625622996116 2456.6884765625 49.5649924499389
3956.5627614568516 2383.93994140625 48.82560743509752
3957.962960614091 2377.60205078125 48.76066089360613
3959.3631597713306 2354.607421875 48.52429723215989
3960.7633589285706 2342.246337890625 48.396759580478374
3962.163558085809 2214.318603515625 47.056546871988225
3963.5637572430487 2159.556396484375 46.471027495466195
3964.9639564002887 2122.959716796875 46.07558699351399
3966.364155557528 1835.855224609375 42.84688115381766
3967.764354714768 1285.440673828125 35.85304274155995
3969.1645538720068 886.0931396484375 29.767316635001507
3970.5647530292467 1049.1456298828123 32.39051759207951
3971.9649521864862 1485.869384765625 38.546976337523866
3973.3651513437258 1819.830078125 42.65946645382476
3974.765350500965 1983.3280029296875 44.53457087398157
3976.165549658205 2077.169189453125 45.57597162379673
3977.565748815444 2154.634033203125 46.41803564567468
3978.965947972684 2200.853515625 46.91325522307102
3980.3661471299233 2293.509521484375 47.89059951059681
3981.7663462871633 2357.295654296875 48.551989189907296
3983.1665454444014 2336.85302734375 48.34100771957231
3984.566744601642 2366.631103515625 48.64803288433794
3985.9669437588814 2386.31982421875 48.84997261226203
3987.3671429161213 2407.381591796875 49.065075071754194
3988.76734207336 2439.57373046875 49.392041165239874
3990.1675412306 2490.69775390625 49.906890845916756
3991.56774038784 2510.057861328125 50.10047765568832
3992.96793954508 2435.65966796875 49.352402859118726
3994.368138702319 2458.120361328125 49.57943486293611
3995.768337859559 2493.715087890625 49.93711132905692
3997.168537016798 2475.889892578125 49.75831480846317
3998.568736174037 2459.007568359375 49.588381384749546
3999.968935331277 2467.361083984375 49.67253852969843
4001.369134488517 2451.615478515625 49.51379079120912
4002.7693336457564 2462.302734375 49.621595443667466
4004.1695328029964 2446.48583984375 49.46196356639867
4005.569731960235 2414.0302734375 49.132782064905506
4006.9699311174745 2432.788330078125 49.32330412774599
4008.3701302747136 2477.92236328125 49.77873404659112
4009.7703294319535 2441.0224609375 49.406704615239214
4011.170528589193 2389.580078125 48.88333129119782
4012.570727746433 2417.631591796875 49.16941724076944
4013.970926903672 2470.127685546875 49.70037912880419
4015.371126060912 2466.001220703125 49.65884836263448
4016.771325218151 2456.011962890625 49.558167469052215
4018.171524375391 2475.35009765625 49.752890344745296
4019.571723532629 2486.4658203125 49.86447453159915
4020.971922689869 2450.95068359375 49.507077106144635
4022.3721218471087 2417.08203125 49.163828484466094
4023.7723210043487 2437.276123046875 49.36877680322731
4025.172520161588 2459.6689453125 49.59504960490008
4026.572719318828 2449.05859375 49.48796413018018
4027.9729184760668 2437.5927734375 49.37198368951262
4029.3731176333063 2413.499267578125 49.127377983952336
4030.7733167905462 2400.12353515625 48.99105566484815
4032.173515947786 2428.306640625 49.277851420541865
4033.5737151050257 2416.462158203125 49.1575239226217
4034.973914262265 2442.768310546875 49.42436960191677
4036.374113419505 2456.464111328125 49.56272905448332
4037.774312576744 2448.118896484375 49.478469019204454
4039.1745117339838 2431.009765625 49.30527117484499
4040.5747108912233 2396.6865234375 48.95596514662437
4041.9749100484632 2431.549560546875 49.310744879254
4043.3751092057023 2412.634765625 49.11857861975446
4044.775308362942 2336.381591796875 48.33613132840562
4046.1755075201813 2287.01220703125 47.822716433001276
4047.5757066774213 2324.872802734375 48.216934812722954
4048.9759058346613 2405.60302734375 49.04694717659551
4050.3761049919 2366.437744140625 48.646045513902
4051.776304149139 2368.03955078125 48.66250662246294
4053.176503306379 2402.2177734375 49.01242468433387
4054.5767024636175 2402.6376953125 49.01670832800281
4055.9769016208584 2400.484375 48.99473823789653
4057.3771007780974 2390.616455078125 48.89393065686298
4058.777299935337 2362.043212890625 48.60085609215773
4060.177499092577 2358.09375 48.56020747484508
4061.5776982498164 2336.015380859375 48.33234301023875
4062.9778974070564 2289.97900390625 47.853725078683794
4064.378096564295 2302.73193359375 47.986789156951836
4065.778295721535 2351.681884765625 48.49414278823397
4067.178494878775 2348.373779296875 48.46002248551764
4068.578694036014 2361.477783203125 48.59503866860407
4069.978893193254 2343.627685546875 48.41102855287083
4071.379092350493 2238.079833984375 47.308348459699744
4072.779291507733 2195.983154296875 46.86131831582286
4074.179490664972 2268.593017578125 47.629749291573276
4075.579689822212 2257.769287109375 47.515989804584464
4076.9798889794515 2193.400390625 46.833752685696666
4078.3800881366906 2180.043212890625 46.690932876637035
4079.7802872939296 2219.16650390625 47.108030142495345
4081.1804864511696 2271.216796875 47.6572848248303
4082.5806856084087 2240.28369140625 47.33163520739855
4083.9808847656486 2218.740478515625 47.10350813384949
4085.381083922888 2209.78369140625 47.008336403304575
4086.781283080128 2185.878662109375 46.753381290655064
4088.181482237367 2174.588623046875 46.63248463299886
4089.581681394607 2138.181640625 46.24047621537866
4090.9818805518457 2091.6533203125 45.734596536019644
4092.3820797090857 2068.374755859375 45.479388252914916
4093.782278866325 2006.4278564453125 44.79316751967104
4095.182478023565 1905.70947265625 43.65443245142754
4096.582677180804 1857.4637451171875 43.098303274226325
4097.982876338044 1741.4749755859375 41.73098340065733
4099.383075495283 1528.7650146484375 39.09942473551801
4100.783274652523 1229.4405517578125 35.06337906930552
4102.183473809762 1124.28857421875 33.53041267593869
4103.583672967002 1377.0777587890625 37.108998353351744
4104.98387212424 1646.266845703125 40.574214049111596
4106.384071281481 1832.89599609375 42.81233462559301
4107.78427043872 1893.35595703125 43.512710292870175
4109.18446959596 1925.1304931640625 43.87630901937927
4110.5846687531985 1993.2603759765625 44.64594467559806
4111.984867910439 2047.67236328125 45.25121394262534
4113.385067067678 2089.372314453125 45.70965231166307
4114.785266224918 2142.72607421875 46.28958926388038
4116.185465382157 2152.82177734375 46.39851050781426
4117.585664539397 2146.78369140625 46.33339714942398
4118.9858636966355 2163.8994140625 46.51773225408242
4120.386062853877 2169.28271484375 46.575559200547985
4121.7862620111155 2181.55810546875 46.70715261572632
4123.186461168356 2188.4072265625 46.78041498920782
4124.586660325595 2166.163330078125 46.54205979625445
4125.986859482835 2164.098876953125 46.51987614937431
4127.3870586400735 2197.906005859375 46.88183023154466
4128.787257797314 2186.549072265625 46.760550384545574
4130.187456954553 2184.11962890625 46.73456567580627
4131.587656111793 2149.7919921875 46.365849417297426
4132.987855269033 2132.03662109375 46.17398207967069
4134.388054426272 2159.530517578125 46.47074905333596
4135.788253583512 2178.349853515625 46.67279564709644
4137.188452740751 2202.179931640625 46.92738999391107
4138.5886518979905 2214.517333984375 47.05865843800028
4139.988851055229 2183.788330078125 46.731021068216826
4141.3890502124705 2163.753662109375 46.5161655998146
4142.789249369709 2156.512451171875 46.438264945752174
4144.189448526949 2109.1025390625 45.924966402410135
4145.589647684188 2146.85693359375 46.33418752491242
4146.9898468414285 2165.922607421875 46.5394736478817
4148.390045998667 2158.666748046875 46.46145443318445
4149.790245155907 2164.384521484375 46.522946182334316
4151.190444313146 2183.293212890625 46.72572324630861
4152.590643470386 2189.301025390625 46.78996714457732
4153.990842627625 2134.6015625 46.201748478818416
4155.391041784865 2118.408447265625 46.026171329642715
4156.791240942104 2138.547119140625 46.24442797938607
4158.191440099344 2148.6298828125 46.35331576934384
4159.591639256583 2144.08447265625 46.30425976793334
4160.991838413824 2109.653564453125 45.93096520271619
4162.392037571062 2117.642333984375 46.01784799384229
4163.792236728302 2125.3837890625 46.10188487537684
4165.19243588554 2122.9521484375 46.075504863620324
4166.592635042781 2120.020751953125 46.0436830841444
4167.99283420002 2095.434814453125 45.77591959156173
4169.39303335726 2106.57275390625 45.89741554713348
4170.793232514499 2097.9951171875 45.80387666112444
4172.193431671739 2071.0634765625 45.50893842491275
4173.593630828978 2064.221435546875 45.4337037401407
4174.993829986218 2057.130126953125 45.35559642373943
4176.394029143457 2012.4287109375 44.86010154845283
4177.794228300697 2021.7476806640625 44.96384859711257
4179.1944274579355 2022.2620849609373 44.96956843200674
4180.594626615176 2033.0478515625 45.0893319041489
4181.994825772415 2066.329833984375 45.4569008400746
4183.395024929655 2058.064697265625 45.36589795502372
4184.7952240868935 2035.66162109375 45.11830693957554
4186.195423244134 2025.64892578125 45.00720970890386
4187.5956224013735 1998.4451904296875 44.70397287076047
4188.995821558613 1990.53369140625 44.61539747000188
4190.396020715853 2026.663818359375 45.01848307483689
4191.796219873092 2040.288330078125 45.16955091738377
4193.196419030332 2049.95751953125 45.276456569957524
4194.596618187572 2039.55517578125 45.161434607209394
4195.996817344811 2021.1231689453125 44.956903462597516
4197.397016502051 1998.86181640625 44.70863245958492
4198.7972156592905 1971.496337890625 44.40153531006135
4200.197414816529 1965.9193115234373 44.338688653628864
4201.5976139737695 1966.094970703125 44.3406694886661
4202.997813131009 1967.3382568359373 44.35468697709338
4204.3980122882485 1971.787353515625 44.40481227880178
4205.798211445488 1976.4208984375 44.45695556870151
4207.1984106027285 1984.4190673828125 44.54681882449983
4208.598609759967 2015.177978515625 44.8907337711874
4209.998808917207 1988.7257080078125 44.59513098991652
4211.399008074446 1974.7945556640625 44.438660597097915
4212.799207231686 1990.7288818359373 44.61758489470197
4214.199406388925 1960.957763671875 44.28270275933793
4215.599605546166 1898.78076171875 43.57500156877507
4216.999804703404 1904.3946533203125 43.63937045054973
4218.400003860644 1925.3818359375 43.879173145553914
4219.800203017883 1954.355712890625 44.20809555828689
4221.200402175124 1971.6162109375 44.40288516456447
4222.600601332362 1944.22412109375 44.09335688166359
4224.000800489602 1925.928955078125 43.88540708570589
4225.400999646841 1864.4793701171875 43.17961753092757
4226.801198804081 1814.3621826171875 42.59533052597652
4228.20139796132 1849.4139404296875 43.004812991451175
4229.60159711856 1919.4810791015625 43.81188285273257
4231.001796275799 1914.3585205078125 43.75338296072445
4232.401995433039 1876.33984375 43.31673860934131
4233.802194590277 1865.048095703125 43.18620260804514
4235.202393747518 1893.39013671875 43.51310304630951
4236.602592904757 1901.1370849609373 43.602030743543786
4238.002792061997 1871.101806640625 43.25623430952612
4239.402991219235 1882.761474609375 43.3907994234881
4240.803190376476 1893.4989013671875 43.51435282027285
4242.203389533715 1878.8692626953125 43.34592556048737
4243.603588690955 1880.174072265625 43.3609740696127
4245.003787848194 1886.0748291015625 43.42896302125533
4246.403987005434 1843.6153564453125 42.937342214502664
4247.8041861626725 1804.62890625 42.48092402773273
4249.204385319913 1812.9365234375 42.57859231394927
4250.6045844771525 1817.438232421875 42.63142306353232
4252.004783634392 1807.03173828125 42.50919592607287
4253.404982791632 1816.25439453125 42.61753623253285
4254.805181948871 1839.969482421875 42.89486545522523
4256.2053811061105 1849.97705078125 43.01135955513671
4257.60558026335 1849.2568359375 43.002986360687785
4259.0057794205895 1839.7890625 42.892762355670214
4260.405978577829 1815.8492431640625 42.61278262639114
4261.806177735069 1797.849365234375 42.40105382221502
4263.206376892308 1821.761474609375 42.68209782343617
4264.606576049548 1825.7188720703125 42.728431659380064
4266.006775206788 1825.2578125 42.72303608710411
4267.4069743640275 1830.478759765625 42.7840947054583
4268.807173521267 1815.2890625 42.60620920124202
4270.207372678506 1771.3935546875 42.08792647170326
4271.607571835746 1727.047119140625 41.55775642573387
4273.007770992986 1720.92431640625 41.48402483373871
4274.407970150225 1747.8758544921875 41.807605223119246
4275.8081693074655 1772.28173828125 42.09847667411791
4277.208368464704 1779.86376953125 42.18843170267473
4278.608567621944 1794.4105224609375 42.360483029126776
4280.008766779183 1801.578857421875 42.44500980588737
4281.408965936423 1772.012939453125 42.09528405241049
4282.809165093662 1750.535888671875 41.839405931153884
4284.209364250902 1757.9759521484375 41.928223813422356
4285.609563408141 1756.660888671875 41.91253856153162
4287.009762565381 1753.330078125 41.87278445631482
4288.40996172262 1712.147705078125 41.37810659126545
4289.810160879861 1700.900390625 41.24197365094207
4291.210360037099 1711.231689453125 41.367036266248576
4292.610559194339 1693.822509765625 41.1560750043736
4294.010758351577 1686.874755859375 41.07158087850254
4295.410957508818 1704.3311767578125 41.28354607779972
4296.811156666057 1705.9437255859375 41.30307162410488
4298.211355823297 1676.8465576171875 40.949316937125914
4299.611554980536 1634.98974609375 40.43500644359724
4301.011754137776 1615.5086669921875 40.19339083720342
4302.411953295015 1644.4732666015625 40.55210557543914
4303.812152452255 1669.6439208984375 40.861276545140356
4305.212351609494 1692.3128662109375 41.137730445552506
4306.612550766734 1676.908935546875 40.95007857803053
4308.0127499239725 1632.9273681640625 40.40949601472484
4309.412949081213 1640.33740234375 40.5010790269068
4310.813148238452 1662.7125244140625 40.77637213404427
4312.213347395692 1653.7506103515625 40.6663326395627
4313.6135465529305 1610.4349365234375 40.13022472555365
4315.013745710171 1585.0699462890625 39.812936921170014
4316.4139448674105 1613.1510009765625 40.16405110265351
4317.81414402465 1644.6363525390625 40.55411634518822
4319.2143431818895 1621.783203125 40.27136952134854
4320.614542339129 1598.9066162109375 39.98633036690086
4322.014741496369 1600.1610107421875 40.002012583646184
4323.414940653608 1585.1455078125 39.813885866773916
4324.8151398108475 1532.11474609375 39.14223736698951
4326.215338968087 1498.9788818359375 38.716648639002024
4327.6155381253275 1535.191162109375 39.18151556677428
4329.015737282566 1538.642333984375 39.225531659677664
4330.415936439806 1501.7091064453125 38.75189164989643
4331.816135597045 1494.3389892578125 38.65668104296866
4333.2163347542855 1483.721435546875 38.519104812376874
4334.616533911524 1421.4603271484375 37.7022589130736
4336.016733068764 1328.5274658203125 36.44897071002571
4337.416932226003 1211.5946044921875 34.807967543253476
4338.817131383243 1019.7120361328124 31.93293027789358
4340.217330540483 826.5389404296875 28.749590265422697
4341.617529697723 893.9122924804688 29.898366050345775
4343.017728854962 1111.62353515625 33.3410188080126
4344.4179280122025 1272.52685546875 35.67249438248957
4345.818127169441 1339.6497802734375 36.60122648591762
4347.218326326681 1385.296875 37.219576502158105
4348.61852548392 1428.134033203125 37.79066066110945
4350.018724641161 1448.24951171875 38.05587355085611
4351.418923798399 1441.367431640625 37.96534514054396
4352.819122955639 1461.9891357421875 38.235966520308956
4354.219322112878 1503.7530517578125 38.77825488283108
4355.619521270118 1518.477783203125 38.967650470654824
4357.019720427357 1534.558349609375 39.17343933852854
4358.419919584597 1554.9136962890625 39.43239399642206
4359.820118741836 1547.056640625 39.332640905804936
4361.220317899076 1527.8472900390625 39.08768719224844
4362.620517056314 1530.2437744140625 39.11833041444972
4364.020716213556 1544.64404296875 39.3019597853434
4365.420915370794 1548.3028564453125 39.34847972216096
4366.821114528034 1549.0313720703125 39.357735860568916
4368.221313685272 1534.52587890625 39.1730248883878
4369.621512842513 1519.2540283203125 38.97760932022784
4371.021711999752 1525.4622802734375 39.05716682343252
4372.421911156992 1522.87255859375 39.02399977698019
4373.822110314231 1498.1798095703125 38.70632777170049
4375.222309471471 1495.451416015625 38.67106691074898
4376.62250862871 1503.241943359375 38.77166418093728
4378.02270778595 1503.6068115234375 38.77636924111691
4379.422906943189 1513.2977294921875 38.90112761209098
4380.823106100429 1508.017578125 38.83320200710985
4382.223305257669 1462.8616943359375 38.24737499928508
4383.623504414908 1434.547119140625 37.87541576195072
4385.0237035721475 1450.202392578125 38.08152298133735
4386.423902729387 1477.6820068359375 38.44062963630978
4387.8241018866265 1491.5142822265625 38.62012794161307
4389.224301043866 1484.194091796875 38.52523967215357
4390.624500201106 1487.37451171875 38.56649467761816
4392.024699358345 1487.7471923828125 38.57132603868854
4393.424898515585 1461.60693359375 38.23096825341663
4394.825097672824 1428.1466064453125 37.7908270145721
4396.2252968300645 1423.6390380859375 37.73114148930479
4397.625495987303 1454.7978515625 38.14181237910044
4399.025695144543 1462.8563232421875 38.24730478402612
4400.425894301782 1455.9671630859375 38.15713777376308
4401.826093459023 1459.4549560546875 38.202813457318655
4403.226292616261 1438.35791015625 37.92568931682389
4404.626491773501 1405.0413818359375 37.48388162711991
4406.02669093074 1419.3243408203125 37.67392122968238
4407.42689008798 1457.7589111328125 38.180609098504604
4408.827089245219 1469.26416015625 38.33098172700838
4410.227288402459 1456.8428955078125 38.16861139087735
4411.627487559698 1452.302734375 38.109089917957895
4413.027686716938 1438.06591796875 37.92183959104239
4414.427885874178 1399.067626953125 37.404112433703396
4415.828085031418 1366.51416015625 36.966392306475484
4417.228284188657 1365.7291259765625 36.95577256636049
4418.628483345896 1380.8624267578125 37.15995730296003
4420.028682503136 1403.3212890625 37.460930168143186
4421.428881660376 1409.2083740234375 37.539424263345296
4422.829080817614 1397.173095703125 37.378778681266795
4424.229279974855 1381.6097412109375 37.17001131572248
4425.629479132094 1371.6875 37.036299761180246
4427.029678289334 1364.0166015625 36.932595380808266
4428.429877446573 1366.465087890625 36.965728558904736
4429.830076603813 1372.6015625 37.04863779547097
4431.230275761052 1365.6282958984375 36.954408341880374
4432.630474918292 1356.751953125 36.83411398588271
4434.030674075531 1366.859619140625 36.97106462005963
4435.430873232771 1368.3682861328125 36.991462341097204
4436.83107239001 1375.9488525390625 37.09378455400665
4438.23127154725 1377.5728759765625 37.11566887416368
4439.631470704489 1370.09814453125 37.014836816218036
4441.031669861729 1369.6732177734375 37.009096419305315
4442.4318690189675 1361.9642333984375 36.90479959840505
4443.832068176208 1315.7755126953125 36.273620066038525
4445.232267333447 1333.4478759765625 36.51640557306486
4446.632466490687 1369.183349609375 37.002477614470294
4448.032665647927 1365.0023193359375 36.94593779207584
4449.432864805166 1367.25 36.97634378896864
4450.8330639624055 1355.53857421875 36.817639443869155
4452.233263119645 1360.4849853515625 36.88475274895526
4453.6334622768845 1358.1146240234375 36.852606746652775
4455.033661434124 1342.4334716796875 36.639234048758276
4456.4338605913645 1345.6251220703125 36.682763282914124
4457.834059748603 1364.5838623046875 36.94027425865552
4459.234258905843 1338.5416259765625 36.58608514143817
4460.634458063082 1323.7696533203125 36.38364540999586
4462.0346572203225 1345.9400634765625 36.68705580278366
4463.434856377561 1360.5504150390625 36.885639685913844
4464.835055534801 1344.6668701171875 36.66969961858411
4466.23525469204 1339.4652099609375 36.598705031202094
4467.63545384928 1303.880126953125 36.10928034388286
4469.035653006519 1282.065185546875 35.805937853195175
4470.43585216376 1298.768310546875 36.03842824745379
4471.836051320998 1327.6829833984375 36.43738442037844
4473.236250478238 1348.085693359375 36.716286486508615
4474.636449635477 1342.66162109375 36.642347374230134
4476.036648792718 1335.5125732421875 36.544665455332705
4477.436847949956 1340.078857421875 36.60708752990157
4478.837047107196 1341.56884765625 36.62743299299379
4480.237246264434 1322.14208984375 36.361271840293895
4481.637445421675 1294.02783203125 35.97259834973351
4483.037644578914 1296.424072265625 36.00588941083979
4484.437843736154 1312.4639892578125 36.22794486660556
4485.838042893394 1319.8587646484375 36.32986050961987
4487.238242050633 1316.176513671875 36.279147091295776
4488.638441207873 1302.7918701171875 36.09420826278348
4490.038640365112 1292.733154296875 35.95459851391578
4491.438839522352 1304.8431396484375 36.122612580604375
4492.839038679591 1314.9228515625 36.26186497634257
4494.239237836831 1301.629150390625 36.078097931995046
4495.639436994071 1286.0516357421875 35.861562092889756
4497.03963615131 1295.711181640625 35.99598841038575
4498.43983530855 1294.2142333984375 35.97518913638172
4499.840034465789 1269.4039306640625 35.62869532643684
4501.240233623029 1245.3831787109375 35.28998694687967
4502.640432780268 1249.02587890625 35.34156022173116
4504.040631937508 1269.7532958984375 35.633597852285945
4505.4408310947465 1268.47998046875 35.61572658908912
4506.841030251987 1261.848388671875 35.522505382811545
4508.241229409226 1258.9700927734375 35.48196855831758
4509.641428566466 1257.0615234375 35.45506343863313
4511.041627723706 1261.3580322265625 35.5156026589239
4512.441826880945 1272.2725830078125 35.668930219559606
4513.8420260381845 1251.7025146484375 35.37940805961057
4515.242225195424 1245.2506103515625 35.28810862530836
4516.642424352664 1255.727783203125 35.43624956457899
4518.042623509903 1256.6334228515625 35.449025696788375
4519.4428226671425 1253.03857421875 35.39828490504519
4520.843021824382 1245.0 35.2845575287547
4522.243220981622 1231.6866455078125 35.095393508376745
4523.643420138861 1237.293212890625 35.17517893189209
4525.0436192961015 1248.517822265625 35.33437168347026
4526.44381845334 1236.888671875 35.169428085696815
4527.84401761058 1220.5048828125 34.93572502199575
4529.244216767819 1200.00244140625 34.64105139002351
4530.64441592506 1203.06884765625 34.68528286833264
4532.044615082298 1199.7945556640625 34.6380506908813
4533.444814239538 1165.7745361328125 34.14344060186103
4534.845013396777 1155.0833740234375 33.98651753303709
4536.245212554017 1206.21240234375 34.73056870170355
4537.645411711256 1222.7705078125 34.968135606756334
4539.045610868496 1209.3939208984375 34.776341396104876
4540.445810025735 1202.6890869140625 34.679808057630055
4541.846009182975 1203.916015625 34.697492929965414
4543.246208340214 1213.4754638671875 34.834974721781954
4544.646407497455 1209.8511962890625 34.78291529313008
4546.046606654693 1190.03173828125 34.49683664165818
4547.446805811933 1169.273681640625 34.194644049041145
4548.847004969171 1141.10888671875 33.780303236039046
4550.247204126412 1113.928955078125 33.37557422844025
4551.647403283651 1156.036865234375 34.00054213147748
4553.047602440891 1164.6446533203125 34.12689047247511
4554.447801598129 1154.0953369140625 33.97197870177806
4555.848000755371 1158.78662109375 34.040955055546696
4557.248199912609 1162.8128662109375 34.10004202652744
4558.648399069849 1162.4176025390625 34.09424588605917
4560.048598227089 1161.8154296875 34.08541373795395
4561.448797384328 1159.6890869140625 34.0542080647027
4562.848996541568 1141.8221435546875 33.79085887565878
4564.249195698807 1121.3558349609377 33.486651593746096
4565.6493948560465 1128.1033935546875 33.587250461368335
4567.049594013287 1146.8453369140625 33.86510500373596
4568.449793170526 1152.283203125 33.945297216624866
4569.849992327766 1138.09375 33.735645095358706
4571.2501914850045 1110.9931640625 33.33156408065034
4572.650390642245 1101.6480712890623 33.19108421382258
4574.050589799484 1132.5391845703125 33.65321952756248
4575.450788956724 1129.5462646484375 33.6087230440021
4576.850988113964 1118.968505859375 33.45098662011892
4578.251187271203 1121.87109375 33.4943442054028
4579.651386428442 1124.43896484375 33.532655201217665
4581.051585585682 1115.595458984375 33.400530818901295
4582.4517847429215 1099.755126953125 33.16255609800193
4583.851983900161 1079.3121337890623 32.85288623224849
4585.252183057401 1087.99658203125 32.9847931937014
4586.65238221464 1103.670654296875 33.2215390115641
4588.05258137188 1092.4605712890623 33.052391309692894
4589.452780529119 1085.3272705078123 32.94430558545456
4590.8529796863595 1085.7335205078123 32.95047071754533
4592.253178843598 1079.6864013671877 32.85858185264829
4593.653378000838 1083.9365234375 32.923191270554256
4595.053577158077 1093.1314697265623 33.06253876710865
4596.453776315317 1082.60693359375 32.902992775638964
4597.853975472556 1079.005859375 32.84822460004498
4599.254174629797 1070.3228759765623 32.715789398646066
4600.654373787035 1064.3880615234377 32.624960712979224
4602.054572944275 1062.83154296875 32.601097266330626
4603.454772101514 1061.4368896484377 32.579700576408584
4604.854971258755 1064.9697265625 32.633873912891495
4606.255170415993 1065.3642578125 32.639918164917326
4607.655369573233 1059.023681640625 32.54264404808904
4609.055568730471 1051.5333251953123 32.427354582131926
4610.455767887712 1049.54541015625 32.396688259083675
4611.855967044951 1054.5762939453123 32.47424046756617
4613.256166202191 1060.2801513671877 32.5619432983842
4614.65636535943 1044.8377685546877 32.32395038597058
4616.056564516671 1037.64208984375 32.212452403437865
4617.456763673909 1036.8277587890623 32.199809918523776
4618.856962831149 1030.92822265625 32.108070989336156
4620.257161988388 1038.8629150390623 32.23139641776419
4621.657361145628 1040.5235595703123 32.2571474183678
4623.0575603028665 1033.2984619140623 32.14496013240742
4624.457759460107 1024.449951171875 32.007029714921615
4625.857958617346 1024.5537109375 32.008650564144375
4627.258157774586 1028.8253173828123 32.075306972542165
4628.6583569318245 1015.0130004882812 31.85926867472449
4630.058556089065 1000.7590942382812 31.634776658580684
4631.458755246305 1006.6490478515624 31.727733102942643
4632.858954403544 1010.7047119140624 31.79158240657521
4634.259153560784 1000.384033203125 31.628848116918913
4635.659352718023 999.9089965820312 31.62133767856811
4637.059551875263 998.5780639648438 31.60028582093592
4638.459751032502 991.433837890625 31.487042380805235
4639.8599501897415 990.4883422851562 31.47202475668123
4641.260149346982 994.8919677734376 31.541908118778064
4642.6603485042215 991.6790161132812 31.490935459482326
4644.060547661461 986.5507202148438 31.409404964354923
4645.460746818701 983.4280395507812 31.35965624095362
4646.86094597594 984.888916015625 31.382939888028734
4648.2611451331795 979.8223266601562 31.302113773037057
4649.661344290419 968.33203125 31.118033859002082
4651.0615434476595 968.458251953125 31.12006188864548
4652.461742604898 972.03564453125 31.177486180435555
4653.8619417621385 964.3882446289062 31.05460102189217
4655.262140919377 954.9338989257812 30.9020047719526
4656.662340076617 951.5678100585938 30.847492767785745
4658.062539233856 948.6895751953124 30.800804781617515
4659.4627383910965 946.6375122070312 30.767474907880096
4660.862937548335 949.0347900390624 30.80640826255249
4662.263136705575 951.37646484375 30.8443911407528
4663.663335862814 946.0036010742188 30.75717153891461
4665.063535020054 934.01123046875 30.5615973154014
4666.463734177293 923.977294921875 30.396994833731096
4667.863933334533 918.8847045898438 30.3131111004767
4669.264132491772 912.9684448242188 30.215367693017054
4670.664331649012 917.9646606445312 30.297931623207074
4672.064530806251 928.218505859375 30.466678615487034
4673.464729963492 926.0557861328124 30.431164718636918
4674.86492912073 921.3239135742188 30.353317999425016
4676.265128277971 920.7291870117188 30.343519687269616
4677.665327435208 916.2127685546876 30.26900673221187
4679.065526592449 913.1101684570312 30.21771282637108
4680.465725749688 911.5420532226562 30.191754722484355
4681.865924906928 900.6341552734375 30.010567393393906
4683.266124064166 899.0282592773438 29.983799947260582
4684.666323221407 899.2310791015625 29.987181913303598
4686.066522378646 900.8837890625 30.014726203357245
4687.466721535886 899.7982177734375 29.996636774369183
4688.866920693125 890.1627807617188 29.835595867381613
4690.267119850365 882.8345336914062 29.712531593443973
4691.6673190076035 884.901123046875 29.7472876586568
4693.067518164844 883.1980590820312 29.718648338745677
4694.467717322083 877.624267578125 29.62472392408282
4695.867916479323 874.7084350585938 29.575470157862135
4697.268115636562 870.3432006835938 29.501579630311216
4698.668314793802 864.3809814453125 29.400356825135855
4700.0685139510415 868.4609985351562 29.469662341722824
4701.468713108281 861.95166015625 29.359013269458664
4702.868912265521 849.3573608398438 29.14373621963807
4704.26911142276 853.0598754882812 29.207188763869098
4705.669310580001 856.7869873046875 29.270923922976664
4707.069509737239 851.5198974609375 29.180813858782923
4708.46970889448 848.3067016601562 29.125705170178392
4709.869908051718 849.6593627929688 29.14891700892108
4711.2701072089585 848.739013671875 29.133125710638655
4712.670306366197 844.27880859375 29.056476190235973
4714.070505523438 840.6185302734375 28.993422189756032
4715.470704680677 837.176025390625 28.933994286835425
4716.870903837917 835.1129760742188 28.898321336614327
4718.271102995156 832.1061401367188 28.84625001861973
4719.6713021523965 825.4313354492188 28.730320837909535
4721.071501309635 818.2354125976562 28.604814500318934
4722.471700466875 811.7635498046875 28.491464507895824
4723.871899624114 813.046630859375 28.51397255486115
4725.272098781354 813.2041625976562 28.51673478148675
4726.672297938593 807.1021728515625 28.409543693124718
4728.072497095834 803.396240234375 28.344245275441274
4729.472696253072 800.3334350585938 28.29016498818262
4730.872895410312 799.3665161132812 28.273070510881574
4732.273094567551 802.2363891601562 28.32377780523206
4733.673293724792 799.9666137695312 28.283681050555128
4735.073492882029 792.802734375 28.156752908938202
4736.47369203927 795.3417358398438 28.201803769259932
4737.873891196508 787.3187255859375 28.05920037324545
4739.274090353749 786.6637573242188 28.047526759488417
4740.674289510988 787.364501953125 28.060016071861487
4742.074488668228 780.9279174804688 27.945087537534548
4743.474687825467 780.158447265625 27.931316604586062
4744.874886982707 778.57568359375 27.90296908204842
4746.275086139946 776.406982421875 27.864080505587744
4747.675285297186 769.2101440429688 27.7346379829081
4749.075484454425 759.260498046875 27.554681962361226
4750.475683611665 755.7557373046875 27.491011936716472
4751.8758827689035 760.077880859375 27.56950998584079
4753.276081926144 760.4089965820312 27.57551443911847
4754.676281083383 753.6581420898438 27.452834864360433
4756.076480240623 747.3842163085938 27.33832870364598
4757.4766793978615 743.77734375 27.272281601472216
4758.876878555102 739.9004516601562 27.201111221054116
4760.2770777123405 743.3363647460938 27.264195655586352
4761.677276869581 735.3794555664062 27.117880735160817
4763.077476026821 729.6387939453125 27.011826927205654
4764.47767518406 734.7969360351562 27.107138101156238
4765.8778743413 736.8184204101562 27.1443994299037
4767.278073498539 729.20751953125 27.00384268083433
4768.6782726557785 728.3435668945312 26.98784109362087
4770.078471813018 724.3569946289062 26.913881077037296
4771.4786709702585 721.499755859375 26.860747492565707
4772.878870127497 724.1327514648438 26.90971481574719
4774.279069284737 723.613525390625 26.90006552762697
4775.679268441976 718.9569702148438 26.81337297347806
4777.079467599216 711.0086059570312 26.664744625760648
4778.479666756455 710.2928466796875 26.651319792454697
4779.879865913696 714.246826171875 26.725396651347854
4781.280065070934 712.392578125 26.690683358149524
4782.6802642281755 706.9937744140625 26.5893545317306
4784.080463385413 706.6235961914062 26.582392597194975
4785.480662542654 706.8107299804688 26.58591224653517
4786.880861699892 699.8770141601562 26.455188794642087
4788.2810608571335 694.8328857421875 26.359682959819292
4789.681260014372 699.1654052734375 26.44173604878162
4791.081459171612 694.2974243164062 26.3495241762808
4792.481658328851 691.6336059570312 26.29892784805174
4793.881857486091 686.3469848632812 26.19822484183387
4795.282056643329 683.1028442382812 26.136236229386228
4796.68225580057 685.3165283203125 26.178550920941223
4798.082454957809 679.9899291992188 26.076616521305418
4799.482654115049 678.0697021484375 26.039771545626845
4800.882853272288 679.521484375 26.06763288783621
4802.283052429529 676.1611938476562 26.00309969691414
4803.683251586767 670.3045654296875 25.890240737190673
4805.083450744007 669.8662109375 25.88177372085422
4806.483649901245 669.3939208984375 25.872648123035987
4807.883849058486 665.1734619140625 25.790956979415526
4809.284048215725 663.8180541992188 25.764666778346246
4810.684247372965 662.8005981445312 25.74491402480364
4812.084446530203 659.7131958007812 25.684882631633364
4813.484645687444 659.20263671875 25.67494180555722
4814.884844844683 650.5819091796875 25.506507192865264
4816.285044001923 651.8919067382812 25.53217395245225
4817.685243159162 651.9763793945312 25.53382813826652
4819.085442316402 649.244873046875 25.4802840064014
4820.4856414736405 654.2772216796875 25.578843243580963
4821.885840630881 647.889892578125 25.453681316817907
4823.28603978812 642.9117431640625 25.35570435156678
4824.68623894536 640.1884765625 25.301946102276403
4826.0864381026 638.3187255859375 25.264970326242963
4827.486637259839 636.5184936523438 25.229318136888754
4828.8868364170785 633.7756958007812 25.17490210111613
4830.287035574318 634.8554077148438 25.196337188465385
4831.687234731558 629.4020385742188 25.087886291479773
4833.087433888797 626.7456665039062 25.034888985252287
4834.4876330460365 630.7507934570312 25.114752506386186
4835.887832203276 629.221435546875 25.084286626230273
4837.288031360516 620.1661987304688 24.9031363231716
4838.688230517755 612.8578491210938 24.755965929874233
4840.0884296749955 609.604248046875 24.690165006473226
4841.488628832234 605.65234375 24.610004952254684
4842.888827989474 599.7325439453125 24.489437395442806
4844.289027146713 595.0238037109375 24.393109758924496
4845.689226303954 590.4910278320312 24.300021148798024
4847.089425461192 589.5911254882812 24.28149759566492
4848.489624618432 584.4779663085938 24.17597911788877
4849.889823775671 574.5855102539062 23.970513349820155
4851.290022932911 564.9683837890625 23.769063586709983
4852.69022209015 551.8214111328125 23.49087931799941
4854.090421247391 540.4779663085939 23.248182000074628
4855.490620404629 525.8539428710939 22.93150546455888
4856.890819561871 493.97943115234375 22.2256480479725
4858.291018719108 430.3314208984375 20.744431081580366
4859.691217876349 353.4224548339844 18.79953336745315
4861.091417033588 336.5914611816406 18.346429112545053
4862.491616190829 396.1485595703125 19.903481091766647
4863.891815348067 460.860107421875 21.467652582941504
4865.292014505307 495.6002807617188 22.262081680779964
4866.692213662545 518.062744140625 22.760991721377717
4868.092412819786 526.2167358398439 22.93941446157342
4869.492611977025 539.5018310546875 23.227178714916874
4870.892811134265 543.8765258789061 23.321160474532697
4872.293010291504 543.8662109375 23.320939323652897
4873.693209448744 550.590087890625 23.4646561426036
4875.093408605983 555.6026000976561 23.571223983867622
4876.493607763223 553.4367065429689 23.52523552577038
4877.893806920462 547.2713012695311 23.3938304103781
4879.294006077702 548.2154541015625 23.41400124074402
4880.6942052349405 552.6932983398439 23.50942998755699
4882.094404392181 552.1936645507811 23.49880134285111
4883.49460354942 552.2052612304689 23.499048092007236
4884.89480270666 547.0806884765625 23.389756058509086
4886.2950018638985 547.661376953125 23.402166073958302
4887.695201021139 549.4708251953125 23.440794039351836
4889.095400178378 546.2730712890625 23.37248534685737
4890.495599335618 544.8485717773439 23.3419915983479
4891.895798492858 546.72119140625 23.382069870014718
4893.295997650097 550.7246704101561 23.467523738352885
4894.696196807337 552.0770874023439 23.49632072053716
4896.096395964576 548.9098510742189 23.428825217543856
4897.4965951218155 543.8248291015625 23.320052081879286
4898.896794279055 541.4615478515625 23.269326329989926
4900.296993436295 546.3463745117189 23.37405344632631
4901.697192593534 545.3403930664061 23.35252434034501
4903.097391750774 542.9623413085939 23.301552336885067
4904.497590908013 543.6927490234375 23.317220010615276
4905.8977900652535 540.1165161132811 23.24040696961396
4907.297989222492 538.3851928710939 23.203128945706737
4908.698188379732 537.3580932617189 23.180985597288974
4910.098387536971 533.57666015625 23.09927834708803
4911.498586694211 532.5768432617189 23.077626465079092
4912.89878585145 534.96630859375 23.129338697717884
4914.29898500869 531.1565551757811 23.04683395123463
4915.699184165929 530.7147216796875 23.03724639968257
4917.099383323169 528.5143432617189 22.98943982052888
4918.499582480407 522.43798828125 22.856902420959187
4919.899781637648 516.1861572265625 22.71973057117013
4921.299980794887 512.1422729492189 22.63056059732544
4922.700179952127 509.85247802734375 22.579913153671423
4924.100379109366 514.10791015625 22.673947829089006
4925.500578266607 518.244873046875 22.764992269861963
4926.900777423845 518.3828735351561 22.76802304845891
4928.300976581086 517.2401123046875 22.742913452429253
4929.701175738324 516.8231811523439 22.73374542727933
4931.101374895565 516.21875 22.720447838896135
4932.501574052802 509.8560791015625 22.5799928941876
4933.901773210044 509.5513916015625 22.57324503923976
4935.301972367282 512.7616577148439 22.644241160057536
4936.702171524523 508.0682678222656 22.54036973570455
4938.1023706817605 509.36114501953125 22.569030661938747
4939.502569839002 507.2456665039063 22.5221150539621
4940.90276899624 506.3092956542969 22.501317642624773
4942.302968153481 507.5318603515625 22.528467776383785
4943.70316731072 505.6284790039063 22.486184180600905
4945.10336646796 501.0842590332031 22.384911414459587
4946.503565625199 496.6580505371094 22.285826225139363
4947.903764782439 495.6160583496094 22.26243603808014
4949.3039639396775 496.0730285644531 22.27269693064702
4950.704163096918 497.4461364746094 22.303500543067436
